0 0.982421875 0.8216463414634146 0.017578125 0.04878048780487805
0 0.9423828125 0.9435975609756098 0.0224609375 0.051829268292682924
0 0.9013671875 0.9054878048780488 0.0205078125 0.04573170731707317
0 0.908203125 0.850609756097561 0.01953125 0.042682926829268296
0 0.919921875 0.7774390243902439 0.0234375 0.04420731707317073
0 0.845703125 0.9344512195121951 0.0244140625 0.04573170731707317
0 0.8017578125 0.9070121951219512 0.0205078125 0.039634146341463415
0 0.802734375 0.8109756097560976 0.021484375 0.039634146341463415
0 0.7958984375 0.7774390243902439 0.025390625 0.05030487804878049
0 0.884765625 0.7484756097560976 0.021484375 0.041158536585365856
0 0.763671875 0.8734756097560976 0.021484375 0.04878048780487805
0 0.7724609375 0.7164634146341463 0.0224609375 0.04725609756097561
0 0.7236328125 0.7957317073170732 0.025390625 0.04573170731707317
0 0.71875 0.8658536585365854 0.0185546875 0.039634146341463415
0 0.947265625 0.6097560975609756 0.0205078125 0.041158536585365856
0 0.9423828125 0.6554878048780488 0.0224609375 0.04725609756097561
0 0.8037109375 0.6661585365853658 0.0224609375 0.039634146341463415
0 0.89453125 0.5990853658536586 0.01953125 0.041158536585365856
0 0.7412109375 0.6021341463414634 0.02734375 0.06097560975609756
0 0.78515625 0.6051829268292683 0.0234375 0.042682926829268296
0 0.78515625 0.5533536585365854 0.0234375 0.04420731707317073
0 0.810546875 0.573170731707317 0.0224609375 0.038109756097560975
0 0.8740234375 0.5335365853658537 0.0205078125 0.051829268292682924
0 0.9306640625 0.4557926829268293 0.025390625 0.054878048780487805
0 0.904296875 0.4268292682926829 0.0244140625 0.053353658536585365
0 0.953125 0.3719512195121951 0.0234375 0.05030487804878049
0 0.98046875 0.3795731707317073 0.0244140625 0.051829268292682924
0 0.9521484375 0.3231707317073171 0.021484375 0.038109756097560975
0 0.9150390625 0.3155487804878049 0.0205078125 0.041158536585365856
0 0.859375 0.3277439024390244 0.0224609375 0.041158536585365856
0 0.8271484375 0.375 0.0224609375 0.051829268292682924
0 0.787109375 0.36585365853658536 0.0234375 0.05030487804878049
0 0.75390625 0.3780487804878049 0.021484375 0.04725609756097561
0 0.80078125 0.3094512195121951 0.0234375 0.053353658536585365
0 0.7763671875 0.45426829268292684 0.025390625 0.05030487804878049
0 0.802734375 0.48323170731707316 0.0244140625 0.04878048780487805
0 0.8515625 0.4573170731707317 0.0244140625 0.04420731707317073
0 0.9912109375 0.1600609756097561 0.017578125 0.053353658536585365
0 0.9755859375 0.24847560975609756 0.0234375 0.04878048780487805
0 0.91796875 0.18902439024390244 0.0263671875 0.051829268292682924
0 0.8984375 0.1448170731707317 0.021484375 0.04420731707317073
0 0.8740234375 0.21798780487804878 0.0234375 0.04878048780487805
0 0.83984375 0.18902439024390244 0.0224609375 0.038109756097560975
0 0.7841796875 0.2073170731707317 0.0185546875 0.03353658536585366
0 0.787109375 0.27134146341463417 0.021484375 0.039634146341463415
0 0.8251953125 0.125 0.025390625 0.0350609756097561
0 0.7578125 0.18902439024390244 0.017578125 0.03353658536585366
0 0.685546875 0.16310975609756098 0.0244140625 0.051829268292682924
0 0.708984375 0.11585365853658537 0.01953125 0.041158536585365856
0 0.7314453125 0.12042682926829268 0.0205078125 0.038109756097560975
0 0.7080078125 0.25 0.0205078125 0.042682926829268296
0 0.677734375 0.2545731707317073 0.0244140625 0.04725609756097561
0 0.689453125 0.3079268292682927 0.0244140625 0.04573170731707317
0 0.8779296875 0.042682926829268296 0.0283203125 0.041158536585365856
0 0.96875 0.08536585365853659 0.0234375 0.039634146341463415
0 0.9482421875 0.019817073170731708 0.0244140625 0.041158536585365856
0 0.646484375 0.12195121951219512 0.025390625 0.05030487804878049
0 0.626953125 0.20426829268292682 0.0244140625 0.04878048780487805
0 0.5703125 0.19207317073170732 0.0205078125 0.04420731707317073
0 0.54296875 0.23780487804878048 0.0234375 0.04878048780487805
0 0.6025390625 0.25152439024390244 0.0205078125 0.042682926829268296
0 0.517578125 0.3246951219512195 0.0244140625 0.042682926829268296
0 0.6298828125 0.28810975609756095 0.0224609375 0.04420731707317073
0 0.6220703125 0.07164634146341463 0.021484375 0.04420731707317073
0 0.560546875 0.10823170731707317 0.025390625 0.04725609756097561
0 0.5029296875 0.11585365853658537 0.0244140625 0.04420731707317073
0 0.7021484375 0.036585365853658534 0.0224609375 0.05030487804878049
0 0.76171875 0.013719512195121951 0.0205078125 0.028963414634146343
0 0.7265625 0.012195121951219513 0.0224609375 0.024390243902439025
0 0.984375 0.7027439024390244 0.0244140625 0.041158536585365856
0 0.880859375 0.6707317073170732 0.01953125 0.03048780487804878
0 0.705078125 0.5060975609756098 0.0244140625 0.053353658536585365
0 0.697265625 0.42073170731707316 0.0224609375 0.053353658536585365
0 0.6611328125 0.4253048780487805 0.021484375 0.04725609756097561
0 0.6357421875 0.4192073170731707 0.0205078125 0.042682926829268296
0 0.580078125 0.45121951219512196 0.0234375 0.042682926829268296
0 0.6201171875 0.538109756097561 0.0244140625 0.04420731707317073
0 0.5908203125 0.5426829268292683 0.0244140625 0.042682926829268296
0 0.5888671875 0.5060975609756098 0.0244140625 0.042682926829268296
0 0.6748046875 0.8399390243902439 0.0263671875 0.05945121951219512
0 0.673828125 0.7713414634146342 0.021484375 0.039634146341463415
0 0.7060546875 0.7012195121951219 0.025390625 0.04878048780487805
0 0.6796875 0.6707317073170732 0.0234375 0.051829268292682924
0 0.6103515625 0.7134146341463414 0.0224609375 0.051829268292682924
0 0.6240234375 0.7804878048780488 0.0224609375 0.04878048780487805
0 0.5849609375 0.7942073170731707 0.021484375 0.04725609756097561
0 0.6005859375 0.8826219512195121 0.0185546875 0.039634146341463415
0 0.5087890625 0.7469512195121951 0.0244140625 0.041158536585365856
0 0.416015625 0.8140243902439024 0.0205078125 0.038109756097560975
0 0.416015625 0.7210365853658537 0.0263671875 0.04878048780487805
0 0.4619140625 0.7073170731707317 0.0263671875 0.039634146341463415
0 0.39453125 0.6554878048780488 0.0224609375 0.041158536585365856
0 0.4169921875 0.6432926829268293 0.0205078125 0.03353658536585366
0 0.3720703125 0.600609756097561 0.0224609375 0.04420731707317073
0 0.4873046875 0.600609756097561 0.0234375 0.05030487804878049
0 0.587890625 0.6753048780487805 0.0244140625 0.04420731707317073
0 0.6865234375 0.5777439024390244 0.0185546875 0.03048780487804878
0 0.7216796875 0.5838414634146342 0.0166015625 0.036585365853658534
0 0.708984375 0.6219512195121951 0.0224609375 0.04573170731707317
0 0.5400390625 0.7057926829268293 0.021484375 0.039634146341463415
0 0.45703125 0.6463414634146342 0.025390625 0.039634146341463415
0 0.4609375 0.9070121951219512 0.0224609375 0.041158536585365856
0 0.546875 0.43140243902439024 0.021484375 0.05030487804878049
0 0.609375 0.37347560975609756 0.021484375 0.04725609756097561
0 0.5625 0.29878048780487804 0.0244140625 0.04420731707317073
0 0.466796875 0.31859756097560976 0.0224609375 0.04878048780487805
0 0.41015625 0.37652439024390244 0.0263671875 0.042682926829268296
0 0.4228515625 0.4298780487804878 0.0224609375 0.04725609756097561
0 0.431640625 0.48628048780487804 0.0224609375 0.039634146341463415
0 0.4833984375 0.4725609756097561 0.0234375 0.051829268292682924
0 0.5341796875 0.5015243902439024 0.0224609375 0.04878048780487805
0 0.505859375 0.38871951219512196 0.0224609375 0.04420731707317073
0 0.3505859375 0.38109756097560976 0.0224609375 0.04878048780487805
0 0.4267578125 0.2820121951219512 0.0224609375 0.04878048780487805
0 0.380859375 0.3353658536585366 0.021484375 0.04573170731707317
0 0.3916015625 0.25 0.0234375 0.04725609756097561
0 0.4677734375 0.22103658536585366 0.0244140625 0.042682926829268296
0 0.5009765625 0.22713414634146342 0.0205078125 0.041158536585365856
0 0.9853515625 0.4969512195121951 0.0224609375 0.04878048780487805
0 0.599609375 0.03201219512195122 0.0205078125 0.04420731707317073
0 0.55859375 0.022865853658536585 0.0234375 0.04420731707317073
0 0.5078125 0.021341463414634148 0.0244140625 0.041158536585365856
0 0.462890625 0.056402439024390245 0.0234375 0.042682926829268296
0 0.470703125 0.028963414634146343 0.021484375 0.04420731707317073
0 0.4404296875 0.024390243902439025 0.01953125 0.039634146341463415
0 0.40625 0.12957317073170732 0.021484375 0.04420731707317073
0 0.416015625 0.21341463414634146 0.0224609375 0.04725609756097561
0 0.30859375 0.05030487804878049 0.0234375 0.04420731707317073
0 0.2685546875 0.13414634146341464 0.021484375 0.04725609756097561
0 0.232421875 0.125 0.0234375 0.04573170731707317
0 0.2236328125 0.17835365853658536 0.0224609375 0.04878048780487805
0 0.3515625 0.2027439024390244 0.0224609375 0.04878048780487805
0 0.294921875 0.21951219512195122 0.0234375 0.04725609756097561
0 0.3408203125 0.2530487804878049 0.02734375 0.04878048780487805
0 0.3994140625 0.012195121951219513 0.0185546875 0.025914634146341462
0 0.330078125 0.010670731707317074 0.0166015625 0.021341463414634148
0 0.2392578125 0.07621951219512195 0.0205078125 0.04725609756097561
0 0.2646484375 0.25609756097560976 0.0224609375 0.04573170731707317
0 0.81640625 0.9832317073170732 0.0234375 0.03201219512195122
0 0.7783203125 0.9542682926829268 0.025390625 0.0350609756097561
0 0.72265625 0.9527439024390244 0.0205078125 0.036585365853658534
0 0.703125 0.9664634146341463 0.0234375 0.038109756097560975
0 0.4072265625 0.4817073170731707 0.025390625 0.053353658536585365
0 0.3583984375 0.47103658536585363 0.021484375 0.04420731707317073
0 0.3134765625 0.5167682926829268 0.0224609375 0.053353658536585365
0 0.30859375 0.44664634146341464 0.0244140625 0.051829268292682924
0 0.3349609375 0.6112804878048781 0.021484375 0.041158536585365856
0 0.30078125 0.6173780487804879 0.021484375 0.036585365853658534
0 0.279296875 0.4847560975609756 0.0244140625 0.054878048780487805
0 0.26171875 0.5365853658536586 0.0244140625 0.04878048780487805
0 0.322265625 0.725609756097561 0.0234375 0.051829268292682924
0 0.5732421875 0.9710365853658537 0.0185546875 0.039634146341463415
0 0.283203125 0.8795731707317073 0.0234375 0.03048780487804878
0 0.208984375 0.9115853658536586 0.021484375 0.042682926829268296
0 0.27734375 0.9207317073170732 0.015625 0.041158536585365856
0 0.2724609375 0.8246951219512195 0.0224609375 0.04878048780487805
0 0.234375 0.8460365853658537 0.0224609375 0.04420731707317073
0 0.0703125 0.8841463414634146 0.021484375 0.042682926829268296
0 0.1669921875 0.7530487804878049 0.0224609375 0.04878048780487805
0 0.0654296875 0.7804878048780488 0.0185546875 0.039634146341463415
0 0.1953125 0.9405487804878049 0.013671875 0.028963414634146343
0 0.1357421875 0.9039634146341463 0.0283203125 0.042682926829268296
0 0.2744140625 0.6600609756097561 0.0244140625 0.04573170731707317
0 0.2314453125 0.7027439024390244 0.0263671875 0.04725609756097561
0 0.1748046875 0.7149390243902439 0.0224609375 0.04878048780487805
0 0.1884765625 0.663109756097561 0.0244140625 0.042682926829268296
0 0.2333984375 0.5746951219512195 0.0224609375 0.051829268292682924
0 0.1689453125 0.5716463414634146 0.0224609375 0.04878048780487805
0 0.2255859375 0.5182926829268293 0.0263671875 0.03353658536585366
0 0.1533203125 0.4725609756097561 0.025390625 0.038109756097560975
0 0.0634765625 0.6509146341463414 0.0234375 0.042682926829268296
0 0.0888671875 0.6112804878048781 0.0244140625 0.039634146341463415
0 0.0849609375 0.5533536585365854 0.0224609375 0.036585365853658534
0 0.03125 0.5807926829268293 0.0234375 0.04725609756097561
0 0.009765625 0.8460365853658537 0.017578125 0.04420731707317073
0 0.03125 0.4054878048780488 0.021484375 0.04878048780487805
0 0.03515625 0.49390243902439024 0.0244140625 0.04420731707317073
0 0.06640625 0.4557926829268293 0.0205078125 0.042682926829268296
0 0.080078125 0.4192073170731707 0.021484375 0.038109756097560975
0 0.0703125 0.36585365853658536 0.017578125 0.036585365853658534
0 0.0419921875 0.3125 0.0224609375 0.036585365853658534
0 0.1171875 0.3445121951219512 0.0234375 0.04573170731707317
0 0.15234375 0.32621951219512196 0.0263671875 0.04725609756097561
0 0.1923828125 0.32926829268292684 0.0244140625 0.056402439024390245
0 0.171875 0.3948170731707317 0.0224609375 0.042682926829268296
0 0.115234375 0.4176829268292683 0.021484375 0.041158536585365856
0 0.1416015625 0.5045731707317073 0.021484375 0.036585365853658534
0 0.2216796875 0.4344512195121951 0.0244140625 0.04725609756097561
0 0.2548828125 0.375 0.0205078125 0.04420731707317073
0 0.3212890625 0.34146341463414637 0.021484375 0.0350609756097561
0 0.333984375 0.9466463414634146 0.0146484375 0.036585365853658534
0 0.109375 0.15701219512195122 0.025390625 0.053353658536585365
0 0.080078125 0.26371951219512196 0.021484375 0.04420731707317073
0 0.0869140625 0.21798780487804878 0.0244140625 0.042682926829268296
0 0.19140625 0.23628048780487804 0.025390625 0.04878048780487805
0 0.15625 0.2804878048780488 0.021484375 0.041158536585365856
0 0.185546875 0.041158536585365856 0.0205078125 0.038109756097560975
0 0.1201171875 0.10060975609756098 0.0263671875 0.057926829268292686
0 0.1484375 0.07469512195121951 0.0185546875 0.0350609756097561
0 0.31640625 0.16615853658536586 0.0205078125 0.036585365853658534
0 0.0302734375 0.23780487804878048 0.021484375 0.054878048780487805
0 0.0400390625 0.18597560975609756 0.0244140625 0.04573170731707317
0 0.0390625 0.12652439024390244 0.025390625 0.04878048780487805
0 0.033203125 0.007621951219512195 0.015625 0.01524390243902439
0 0.015625 0.010670731707317074 0.017578125 0.022865853658536585
0 0.0107421875 0.7347560975609756 0.01953125 0.053353658536585365
0 0.51953125 0.18597560975609756 0.0244140625 0.05030487804878049
0 0.3505859375 0.7347560975609756 0.017578125 0.03353658536585366
0 0.365234375 0.7210365853658537 0.0185546875 0.03201219512195122
0 0.0244140625 0.3673780487804878 0.0244140625 0.05030487804878049
0 0.3369140625 0.12347560975609756 0.0205078125 0.042682926829268296
0 0.40234375 0.864329268292683 0.0234375 0.042682926829268296
0 0.423828125 0.864329268292683 0.01953125 0.0350609756097561
0 0.9677734375 0.989329268292683 0.0234375 0.019817073170731708
0 0.9921875 0.8810975609756098 0.0146484375 0.041158536585365856