0 0.2568359375 0.7083333333333334 0.0078125 0.008680555555555556
0 0.453125 0.6840277777777778 0.0068359375 0.017361111111111112
0 0.49609375 0.7326388888888888 0.005859375 0.013888888888888888
0 0.515625 0.6805555555555556 0.0048828125 0.013888888888888888
0 0.53515625 0.6319444444444444 0.00390625 0.013888888888888888
0 0.6376953125 0.6475694444444444 0.0048828125 0.010416666666666666
0 0.6787109375 0.6371527777777778 0.0048828125 0.013888888888888888
0 0.6767578125 0.7395833333333334 0.0068359375 0.010416666666666666
0 0.7685546875 0.6232638888888888 0.005859375 0.012152777777777778
0 0.220703125 0.6180555555555556 0.0048828125 0.010416666666666666
0 0.2529296875 0.6215277777777778 0.005859375 0.008680555555555556
0 0.3779296875 0.6232638888888888 0.0048828125 0.010416666666666666
0 0.4619140625 0.6354166666666666 0.00390625 0.008680555555555556
0 0.4375 0.5729166666666666 0.005859375 0.012152777777777778
0 0.7841796875 0.6354166666666666 0.00390625 0.006944444444444444
0 0.974609375 0.6388888888888888 0.0048828125 0.010416666666666666
0 0.1015625 0.625 0.0029296875 0.008680555555555556
0 0.12109375 0.6302083333333334 0.0048828125 0.008680555555555556