0 0.9814453125 0.7760416666666666 0.0087890625 0.016927083333333332
0 0.8232421875 0.8033854166666666 0.009765625 0.01953125
0 0.640625 0.8216145833333334 0.01171875 0.018229166666666668
0 0.86328125 0.70703125 0.0087890625 0.020833333333333332
0 0.7724609375 0.7213541666666666 0.0078125 0.013020833333333334
0 0.7158203125 0.6549479166666666 0.0107421875 0.016927083333333332
0 0.6748046875 0.6783854166666666 0.0087890625 0.018229166666666668
0 0.5498046875 0.6705729166666666 0.0107421875 0.018229166666666668
0 0.5849609375 0.6341145833333334 0.009765625 0.020833333333333332
0 0.5732421875 0.6067708333333334 0.0078125 0.014322916666666666
0 0.9970703125 0.6419270833333334 0.005859375 0.022135416666666668
0 0.96875 0.62109375 0.0068359375 0.01953125
0 0.9970703125 0.6041666666666666 0.005859375 0.01953125
0 0.982421875 0.59765625 0.0087890625 0.022135416666666668
0 0.951171875 0.6041666666666666 0.0087890625 0.018229166666666668
0 0.9248046875 0.5885416666666666 0.009765625 0.014322916666666666
0 0.9345703125 0.5716145833333334 0.0078125 0.016927083333333332
0 0.9091796875 0.5729166666666666 0.0107421875 0.016927083333333332
0 0.8916015625 0.5625 0.0087890625 0.018229166666666668
0 0.8671875 0.5325520833333334 0.0087890625 0.014322916666666666
0 0.9091796875 0.5299479166666666 0.0087890625 0.016927083333333332
0 0.88671875 0.5364583333333334 0.009765625 0.020833333333333332
0 0.9228515625 0.5403645833333334 0.0068359375 0.018229166666666668
0 0.9443359375 0.5494791666666666 0.0087890625 0.018229166666666668
0 0.96875 0.5716145833333334 0.0146484375 0.018229166666666668
0 0.978515625 0.5403645833333334 0.009765625 0.018229166666666668
0 0.994140625 0.5299479166666666 0.0087890625 0.020833333333333332
0 0.9697265625 0.5169270833333334 0.0087890625 0.018229166666666668
0 0.9443359375 0.5182291666666666 0.009765625 0.01953125
0 0.9345703125 0.5143229166666666 0.0078125 0.015625
0 0.9296875 0.51171875 0.0068359375 0.014322916666666666
0 0.8994140625 0.5091145833333334 0.009765625 0.01953125
0 0.8486328125 0.515625 0.0078125 0.015625
0 0.861328125 0.4986979166666667 0.009765625 0.014322916666666666
0 0.8427734375 0.4908854166666667 0.0078125 0.016927083333333332
0 0.826171875 0.4973958333333333 0.0068359375 0.016927083333333332
0 0.8779296875 0.4778645833333333 0.009765625 0.014322916666666666
0 0.91015625 0.4921875 0.0107421875 0.020833333333333332
0 0.9541015625 0.48828125 0.009765625 0.016927083333333332
0 0.978515625 0.4596354166666667 0.009765625 0.013020833333333334
0 0.9443359375 0.4700520833333333 0.0087890625 0.014322916666666666
0 0.9296875 0.4700520833333333 0.009765625 0.018229166666666668
0 0.9541015625 0.4296875 0.0087890625 0.014322916666666666
0 0.9228515625 0.4361979166666667 0.009765625 0.01953125
0 0.9072265625 0.4231770833333333 0.009765625 0.01953125
0 0.8974609375 0.421875 0.0068359375 0.01171875
0 0.994140625 0.4114583333333333 0.0068359375 0.01953125
0 0.978515625 0.4010416666666667 0.0087890625 0.020833333333333332
0 0.982421875 0.3723958333333333 0.0068359375 0.013020833333333334
0 0.94140625 0.359375 0.0078125 0.014322916666666666
0 0.974609375 0.3580729166666667 0.00390625 0.010416666666666666
0 0.9814453125 0.3463541666666667 0.0068359375 0.014322916666666666
0 0.9560546875 0.3619791666666667 0.0087890625 0.016927083333333332
0 0.91015625 0.3880208333333333 0.0087890625 0.016927083333333332
0 0.9384765625 0.3997395833333333 0.0107421875 0.014322916666666666
0 0.810546875 0.3697916666666667 0.009765625 0.015625
0 0.873046875 0.4283854166666667 0.009765625 0.018229166666666668
0 0.8408203125 0.4544270833333333 0.0087890625 0.016927083333333332
0 0.8330078125 0.4322916666666667 0.0087890625 0.01171875
0 0.796875 0.3893229166666667 0.0068359375 0.014322916666666666
0 0.7958984375 0.4518229166666667 0.0068359375 0.015625
0 0.796875 0.4713541666666667 0.0087890625 0.015625
0 0.8154296875 0.4583333333333333 0.0087890625 0.018229166666666668
0 0.8154296875 0.4856770833333333 0.0078125 0.015625
0 0.9697265625 0.63671875 0.0087890625 0.016927083333333332
0 0.7255859375 0.4166666666666667 0.0068359375 0.010416666666666666
0 0.9716796875 0.2591145833333333 0.0078125 0.016927083333333332
0 0.9921875 0.2643229166666667 0.0078125 0.014322916666666666
0 0.9912109375 0.24088541666666666 0.0048828125 0.010416666666666666
0 0.9169921875 0.2643229166666667 0.009765625 0.014322916666666666
0 0.92578125 0.2526041666666667 0.005859375 0.01171875
0 0.9384765625 0.23177083333333334 0.0078125 0.014322916666666666
0 0.9482421875 0.21354166666666666 0.0078125 0.014322916666666666
0 0.9619140625 0.20572916666666666 0.0078125 0.01171875
0 0.9853515625 0.21223958333333334 0.005859375 0.01171875
0 0.9765625 0.19661458333333334 0.0087890625 0.015625
0 0.9462890625 0.26171875 0.0078125 0.015625
0 0.97265625 0.23828125 0.0078125 0.013020833333333334
0 0.9951171875 0.16536458333333334 0.005859375 0.013020833333333334
0 0.9794921875 0.14322916666666666 0.0078125 0.016927083333333332
0 0.9384765625 0.18229166666666666 0.0087890625 0.01171875
0 0.9521484375 0.17708333333333334 0.0048828125 0.010416666666666666
0 0.97265625 0.16666666666666666 0.0078125 0.014322916666666666
0 0.9521484375 0.13932291666666666 0.0078125 0.01171875
0 0.966796875 0.13802083333333334 0.0068359375 0.010416666666666666
0 0.978515625 0.10677083333333333 0.0068359375 0.010416666666666666
0 0.9423828125 0.13151041666666666 0.0068359375 0.01171875
0 0.953125 0.11979166666666667 0.0078125 0.009114583333333334
0 0.9345703125 0.08984375 0.005859375 0.009114583333333334
0 0.9560546875 0.08333333333333333 0.005859375 0.013020833333333334
0 0.947265625 0.08984375 0.005859375 0.010416666666666666
0 0.98046875 0.06640625 0.0107421875 0.01953125
0 0.9365234375 0.052083333333333336 0.0078125 0.010416666666666666
0 0.92578125 0.08723958333333333 0.0068359375 0.01171875
0 0.919921875 0.10416666666666667 0.0078125 0.014322916666666666
0 0.9267578125 0.12109375 0.0068359375 0.010416666666666666
0 0.8994140625 0.11848958333333333 0.0068359375 0.01171875
0 0.896484375 0.08333333333333333 0.005859375 0.01171875
0 0.8857421875 0.09505208333333333 0.005859375 0.009114583333333334
0 0.875 0.07942708333333333 0.0078125 0.013020833333333334
0 0.8779296875 0.16145833333333334 0.005859375 0.014322916666666666
0 0.8837890625 0.15364583333333334 0.0068359375 0.014322916666666666
0 0.8525390625 0.13411458333333334 0.0078125 0.01171875
0 0.841796875 0.12760416666666666 0.0048828125 0.01171875
0 0.849609375 0.09895833333333333 0.0048828125 0.01171875
0 0.8427734375 0.10286458333333333 0.0029296875 0.005208333333333333
0 0.8427734375 0.07682291666666667 0.0048828125 0.010416666666666666
0 0.806640625 0.10026041666666667 0.0078125 0.014322916666666666
0 0.9228515625 0.21223958333333334 0.0068359375 0.01171875
0 0.9326171875 0.19791666666666666 0.0068359375 0.010416666666666666
0 0.9150390625 0.1953125 0.0048828125 0.01171875
0 0.88671875 0.1875 0.0078125 0.01171875
0 0.8935546875 0.16796875 0.0048828125 0.010416666666666666
0 0.9248046875 0.14583333333333334 0.0078125 0.01171875
0 0.2763671875 0.9231770833333334 0.0107421875 0.018229166666666668
0 0.294921875 0.9635416666666666 0.0166015625 0.0234375
0 0.318359375 0.9778645833333334 0.0107421875 0.018229166666666668
0 0.2958984375 0.8645833333333334 0.0146484375 0.022135416666666668
0 0.240234375 0.8776041666666666 0.0126953125 0.01953125
0 0.24609375 0.8046875 0.01171875 0.020833333333333332
0 0.166015625 0.8658854166666666 0.009765625 0.016927083333333332
0 0.1572265625 0.8763020833333334 0.01171875 0.022135416666666668
0 0.1884765625 0.9283854166666666 0.0087890625 0.018229166666666668
0 0.16796875 0.8020833333333334 0.0068359375 0.016927083333333332
0 0.158203125 0.78125 0.0087890625 0.018229166666666668
0 0.158203125 0.7239583333333334 0.0048828125 0.010416666666666666
0 0.169921875 0.7682291666666666 0.0087890625 0.01953125
0 0.142578125 0.7604166666666666 0.009765625 0.018229166666666668
0 0.02734375 0.6940104166666666 0.0087890625 0.01953125
0 0.0146484375 0.6744791666666666 0.0068359375 0.013020833333333334
0 0.005859375 0.6015625 0.009765625 0.015625
0 0.0517578125 0.5807291666666666 0.0068359375 0.01171875
0 0.08984375 0.63671875 0.0068359375 0.016927083333333332
0 0.1240234375 0.6497395833333334 0.01171875 0.018229166666666668
0 0.1259765625 0.6901041666666666 0.009765625 0.013020833333333334
0 0.12890625 0.7239583333333334 0.009765625 0.01953125
0 0.1796875 0.6927083333333334 0.01171875 0.0234375
0 0.2001953125 0.7395833333333334 0.013671875 0.026041666666666668
0 0.1923828125 0.72265625 0.0126953125 0.018229166666666668
0 0.4931640625 0.9713541666666666 0.005859375 0.016927083333333332
0 0.453125 0.9622395833333334 0.0068359375 0.018229166666666668
0 0.533203125 0.9752604166666666 0.005859375 0.01953125
0 0.53125 0.9036458333333334 0.005859375 0.018229166666666668
0 0.4765625 0.8802083333333334 0.009765625 0.015625
0 0.41796875 0.91015625 0.009765625 0.014322916666666666
0 0.4091796875 0.9361979166666666 0.009765625 0.016927083333333332
0 0.3798828125 0.9231770833333334 0.009765625 0.022135416666666668
0 0.3818359375 0.8841145833333334 0.0087890625 0.018229166666666668
0 0.4677734375 0.8229166666666666 0.009765625 0.020833333333333332
0 0.4013671875 0.8203125 0.0087890625 0.024739583333333332
0 0.396484375 0.7760416666666666 0.0126953125 0.015625
0 0.345703125 0.80078125 0.01171875 0.01953125
0 0.3623046875 0.765625 0.015625 0.022135416666666668
0 0.349609375 0.7421875 0.013671875 0.020833333333333332
0 0.314453125 0.7447916666666666 0.009765625 0.018229166666666668
0 0.30078125 0.7265625 0.01171875 0.015625
0 0.39453125 0.7552083333333334 0.0126953125 0.018229166666666668
0 0.4150390625 0.7356770833333334 0.0087890625 0.01953125
0 0.3779296875 0.72265625 0.009765625 0.022135416666666668
0 0.3447265625 0.6901041666666666 0.0087890625 0.01171875
0 0.3427734375 0.6770833333333334 0.0078125 0.013020833333333334
0 0.326171875 0.66796875 0.0087890625 0.015625
0 0.3251953125 0.64453125 0.009765625 0.01953125
0 0.31640625 0.62109375 0.013671875 0.018229166666666668
0 0.296875 0.6458333333333334 0.01171875 0.018229166666666668
0 0.2021484375 0.6497395833333334 0.0126953125 0.020833333333333332
0 0.244140625 0.6484375 0.0068359375 0.01953125
0 0.2666015625 0.6393229166666666 0.013671875 0.022135416666666668
0 0.2421875 0.5611979166666666 0.01171875 0.015625
0 0.263671875 0.5598958333333334 0.0087890625 0.015625
0 0.234375 0.51953125 0.0068359375 0.014322916666666666
0 0.2138671875 0.5403645833333334 0.0087890625 0.013020833333333334
0 0.1865234375 0.5911458333333334 0.0087890625 0.018229166666666668
0 0.4111328125 0.6041666666666666 0.01171875 0.016927083333333332
0 0.3125 0.5950520833333334 0.0068359375 0.013020833333333334
0 0.30078125 0.5911458333333334 0.0087890625 0.018229166666666668
0 0.30859375 0.58203125 0.0068359375 0.01171875
0 0.3408203125 0.4895833333333333 0.0087890625 0.018229166666666668
0 0.4365234375 0.5442708333333334 0.009765625 0.015625
0 0.447265625 0.5234375 0.0107421875 0.013020833333333334
0 0.505859375 0.5807291666666666 0.009765625 0.01953125
0 0.5654296875 0.5442708333333334 0.0107421875 0.022135416666666668
0 0.513671875 0.4388020833333333 0.01171875 0.013020833333333334
0 0.4638671875 0.46484375 0.0087890625 0.015625
0 0.4375 0.46484375 0.0068359375 0.016927083333333332
0 0.5595703125 0.3815104166666667 0.0078125 0.013020833333333334
0 0.70703125 0.3502604166666667 0.009765625 0.01953125
0 0.6982421875 0.2864583333333333 0.0087890625 0.016927083333333332
0 0.6640625 0.30859375 0.009765625 0.015625
0 0.61328125 0.2864583333333333 0.0087890625 0.014322916666666666
0 0.5390625 0.3372395833333333 0.0078125 0.014322916666666666
0 0.298828125 0.3893229166666667 0.009765625 0.013020833333333334
0 0.3017578125 0.3567708333333333 0.0107421875 0.015625
0 0.455078125 0.3307291666666667 0.009765625 0.015625
0 0.435546875 0.3111979166666667 0.0087890625 0.015625
0 0.36328125 0.3229166666666667 0.0087890625 0.010416666666666666
0 0.337890625 0.3372395833333333 0.0107421875 0.013020833333333334
0 0.318359375 0.3098958333333333 0.0068359375 0.014322916666666666
0 0.2470703125 0.265625 0.005859375 0.015625
0 0.2900390625 0.2552083333333333 0.005859375 0.010416666666666666
0 0.2119140625 0.2734375 0.0068359375 0.01171875
0 0.224609375 0.24479166666666666 0.0087890625 0.013020833333333334
0 0.232421875 0.21223958333333334 0.0087890625 0.01171875
0 0.3427734375 0.2682291666666667 0.0087890625 0.014322916666666666
0 0.0810546875 0.35546875 0.009765625 0.010416666666666666
0 0.0654296875 0.3385416666666667 0.0048828125 0.010416666666666666
0 0.0224609375 0.3033854166666667 0.0078125 0.014322916666666666
0 0.033203125 0.36328125 0.00390625 0.010416666666666666
0 0.001953125 0.37890625 0.0048828125 0.014322916666666666
0 0.0048828125 0.3203125 0.0078125 0.010416666666666666
0 0.1005859375 0.296875 0.0048828125 0.01171875
0 0.0341796875 0.2890625 0.009765625 0.013020833333333334
0 0.013671875 0.2643229166666667 0.0068359375 0.013020833333333334
0 0.017578125 0.234375 0.0068359375 0.010416666666666666
0 0.0322265625 0.23307291666666666 0.005859375 0.01171875
0 0.005859375 0.21614583333333334 0.0087890625 0.013020833333333334
0 0.119140625 0.3307291666666667 0.005859375 0.010416666666666666
0 0.1337890625 0.3307291666666667 0.0078125 0.015625
0 0.0537109375 0.11848958333333333 0.0078125 0.013020833333333334
0 0.9013671875 0.2643229166666667 0.0107421875 0.015625
0 0.90625 0.23958333333333334 0.0078125 0.01171875
0 0.9072265625 0.21744791666666666 0.0087890625 0.016927083333333332
0 0.8759765625 0.22526041666666666 0.0078125 0.013020833333333334
0 0.8447265625 0.23697916666666666 0.0087890625 0.013020833333333334
0 0.830078125 0.22526041666666666 0.009765625 0.013020833333333334
0 0.83984375 0.21484375 0.0078125 0.015625
0 0.873046875 0.19270833333333334 0.0087890625 0.01171875
0 0.861328125 0.20833333333333334 0.009765625 0.015625
0 0.8095703125 0.21223958333333334 0.005859375 0.010416666666666666
0 0.806640625 0.2109375 0.01171875 0.018229166666666668
0 0.8037109375 0.19791666666666666 0.0068359375 0.010416666666666666
0 0.79296875 0.20182291666666666 0.0068359375 0.01171875
0 0.8203125 0.19921875 0.0048828125 0.009114583333333334
0 0.8203125 0.19140625 0.0048828125 0.009114583333333334
0 0.7802734375 0.18098958333333334 0.005859375 0.010416666666666666
0 0.783203125 0.18880208333333334 0.0068359375 0.014322916666666666
0 0.763671875 0.1875 0.0068359375 0.009114583333333334
0 0.763671875 0.203125 0.0068359375 0.014322916666666666
0 0.7763671875 0.19661458333333334 0.005859375 0.01171875
0 0.748046875 0.20182291666666666 0.0068359375 0.015625
0 0.734375 0.20182291666666666 0.005859375 0.01171875
0 0.7177734375 0.20963541666666666 0.005859375 0.014322916666666666
0 0.7861328125 0.15364583333333334 0.005859375 0.01171875
0 0.7998046875 0.15885416666666666 0.0087890625 0.014322916666666666
0 0.7939453125 0.11848958333333333 0.0048828125 0.01171875
0 0.7861328125 0.12630208333333334 0.0068359375 0.01171875
0 0.7822265625 0.11067708333333333 0.005859375 0.01171875
0 0.828125 0.13151041666666666 0.0048828125 0.01171875
0 0.830078125 0.11848958333333333 0.0087890625 0.013020833333333334
0 0.8212890625 0.11328125 0.005859375 0.01171875
0 0.830078125 0.140625 0.0048828125 0.009114583333333334
0 0.8525390625 0.1640625 0.0078125 0.014322916666666666
0 0.751953125 0.08463541666666667 0.0068359375 0.01171875
0 0.75 0.1796875 0.0068359375 0.01171875
0 0.73046875 0.15494791666666666 0.0068359375 0.010416666666666666
0 0.7216796875 0.15234375 0.005859375 0.009114583333333334
0 0.75390625 0.14192708333333334 0.0078125 0.01171875
0 0.7763671875 0.140625 0.0087890625 0.013020833333333334
0 0.7705078125 0.1328125 0.0068359375 0.013020833333333334
0 0.7705078125 0.11848958333333333 0.0068359375 0.01171875
0 0.7255859375 0.12760416666666666 0.0048828125 0.010416666666666666
0 0.6826171875 0.13932291666666666 0.0068359375 0.013020833333333334
0 0.703125 0.17838541666666666 0.009765625 0.016927083333333332
0 0.693359375 0.19140625 0.0068359375 0.014322916666666666
0 0.69921875 0.203125 0.005859375 0.01171875
0 0.677734375 0.21875 0.0087890625 0.01171875
0 0.6826171875 0.20052083333333334 0.0087890625 0.014322916666666666
0 0.673828125 0.20572916666666666 0.005859375 0.014322916666666666
0 0.671875 0.1953125 0.0068359375 0.015625
0 0.6494140625 0.21354166666666666 0.0087890625 0.014322916666666666
0 0.6357421875 0.20052083333333334 0.0048828125 0.01171875
0 0.6396484375 0.21354166666666666 0.0068359375 0.013020833333333334
0 0.6298828125 0.2265625 0.0068359375 0.015625
0 0.626953125 0.20963541666666666 0.009765625 0.016927083333333332
0 0.6865234375 0.17838541666666666 0.0068359375 0.01171875
0 0.6689453125 0.17057291666666666 0.0068359375 0.015625
0 0.671875 0.15755208333333334 0.005859375 0.01171875
0 0.705078125 0.1640625 0.0068359375 0.014322916666666666
0 0.69921875 0.140625 0.0078125 0.014322916666666666
0 0.7021484375 0.1015625 0.005859375 0.013020833333333334
0 0.7158203125 0.08463541666666667 0.0068359375 0.013020833333333334
0 0.7001953125 0.08723958333333333 0.0068359375 0.01171875
0 0.66796875 0.10807291666666667 0.0048828125 0.015625
0 0.677734375 0.10677083333333333 0.0068359375 0.016927083333333332
0 0.6748046875 0.08984375 0.005859375 0.010416666666666666
0 0.6767578125 0.07942708333333333 0.0048828125 0.009114583333333334
0 0.6806640625 0.08984375 0.00390625 0.01171875
0 0.669921875 0.061197916666666664 0.0048828125 0.010416666666666666
0 0.650390625 0.125 0.0048828125 0.01171875
0 0.6572265625 0.10026041666666667 0.0078125 0.013020833333333334
0 0.6650390625 0.09505208333333333 0.0048828125 0.010416666666666666
0 0.6494140625 0.09114583333333333 0.0048828125 0.009114583333333334
0 0.5390625 0.2721354166666667 0.0068359375 0.014322916666666666
0 0.55859375 0.25 0.0068359375 0.014322916666666666
0 0.568359375 0.21484375 0.0068359375 0.013020833333333334
0 0.560546875 0.22916666666666666 0.0087890625 0.013020833333333334
0 0.623046875 0.18359375 0.0048828125 0.013020833333333334
0 0.6240234375 0.16666666666666666 0.0068359375 0.01171875
0 0.6591796875 0.18359375 0.005859375 0.016927083333333332
0 0.60546875 0.16276041666666666 0.0087890625 0.015625
0 0.599609375 0.14973958333333334 0.0068359375 0.01171875
0 0.615234375 0.14583333333333334 0.0068359375 0.009114583333333334
0 0.6357421875 0.13932291666666666 0.0068359375 0.01171875
0 0.6435546875 0.13541666666666666 0.0048828125 0.01171875
0 0.583984375 0.20182291666666666 0.0068359375 0.014322916666666666
0 0.5986328125 0.19921875 0.0078125 0.01171875
0 0.6015625 0.18619791666666666 0.0048828125 0.014322916666666666
0 0.5859375 0.15885416666666666 0.0087890625 0.01171875
0 0.5869140625 0.11458333333333333 0.0078125 0.015625
0 0.595703125 0.1171875 0.0048828125 0.009114583333333334
0 0.587890625 0.10677083333333333 0.009765625 0.013020833333333334
0 0.5703125 0.1171875 0.005859375 0.01171875
0 0.5498046875 0.11458333333333333 0.0068359375 0.009114583333333334
0 0.5302734375 0.15234375 0.0068359375 0.013020833333333334
0 0.52734375 0.19270833333333334 0.0068359375 0.013020833333333334
0 0.537109375 0.19270833333333334 0.0068359375 0.014322916666666666
0 0.53125 0.25390625 0.005859375 0.01171875
0 0.5302734375 0.23177083333333334 0.0068359375 0.015625
0 0.53515625 0.23177083333333334 0.0068359375 0.009114583333333334
0 0.5283203125 0.20833333333333334 0.0068359375 0.014322916666666666
0 0.4873046875 0.2526041666666667 0.005859375 0.01171875
0 0.4990234375 0.2109375 0.005859375 0.01171875
0 0.4609375 0.20703125 0.005859375 0.01171875
0 0.451171875 0.20182291666666666 0.0068359375 0.014322916666666666
0 0.4580078125 0.2265625 0.005859375 0.013020833333333334
0 0.4814453125 0.20442708333333334 0.0078125 0.01171875
0 0.4765625 0.19661458333333334 0.005859375 0.015625
0 0.4609375 0.18489583333333334 0.0068359375 0.014322916666666666
0 0.4560546875 0.14583333333333334 0.005859375 0.013020833333333334
0 0.4365234375 0.1328125 0.0048828125 0.009114583333333334
0 0.44140625 0.16015625 0.0078125 0.014322916666666666
0 0.46484375 0.09505208333333333 0.005859375 0.010416666666666666
0 0.5078125 0.10677083333333333 0.00390625 0.009114583333333334
0 0.5263671875 0.13932291666666666 0.0078125 0.013020833333333334
0 0.5224609375 0.10807291666666667 0.0048828125 0.01171875
0 0.5224609375 0.09765625 0.0068359375 0.014322916666666666
0 0.5390625 0.11848958333333333 0.00390625 0.009114583333333334
0 0.4345703125 0.19791666666666666 0.005859375 0.01171875
0 0.396484375 0.1484375 0.0087890625 0.009114583333333334
0 0.3740234375 0.1484375 0.005859375 0.01171875
0 0.3583984375 0.13802083333333334 0.0048828125 0.010416666666666666
0 0.302734375 0.11067708333333333 0.0078125 0.014322916666666666
0 0.392578125 0.05078125 0.0048828125 0.0078125
0 0.3896484375 0.08072916666666667 0.005859375 0.014322916666666666
0 0.4609375 0.05078125 0.0078125 0.010416666666666666
0 0.474609375 0.049479166666666664 0.005859375 0.01171875
0 0.369140625 0.036458333333333336 0.0048828125 0.010416666666666666
0 0.330078125 0.06380208333333333 0.005859375 0.01171875
0 0.2841796875 0.08072916666666667 0.0048828125 0.009114583333333334
0 0.345703125 0.1015625 0.0048828125 0.010416666666666666
0 0.3525390625 0.08984375 0.005859375 0.01171875
0 0.37890625 0.17057291666666666 0.00390625 0.009114583333333334
0 0.359375 0.15234375 0.0078125 0.01171875
0 0.431640625 0.18229166666666666 0.00390625 0.0078125
0 0.4296875 0.16276041666666666 0.00390625 0.009114583333333334
0 0.427734375 0.15364583333333334 0.0048828125 0.010416666666666666
0 0.4365234375 0.061197916666666664 0.0048828125 0.009114583333333334
0 0.453125 0.057291666666666664 0.0048828125 0.009114583333333334
0 0.4306640625 0.015625 0.0048828125 0.009114583333333334
0 0.400390625 0.026041666666666668 0.005859375 0.010416666666666666
0 0.25390625 0.041666666666666664 0.005859375 0.0078125
0 0.216796875 0.037760416666666664 0.005859375 0.009114583333333334
0 0.3232421875 0.109375 0.0048828125 0.009114583333333334
0 0.3076171875 0.13151041666666666 0.0068359375 0.010416666666666666
0 0.2431640625 0.029947916666666668 0.005859375 0.013020833333333334
0 0.2802734375 0.016927083333333332 0.005859375 0.010416666666666666
0 0.259765625 0.10807291666666667 0.005859375 0.010416666666666666
0 0.259765625 0.234375 0.005859375 0.0078125
0 0.2900390625 0.0703125 0.005859375 0.010416666666666666
0 0.4208984375 0.07682291666666667 0.00390625 0.009114583333333334
0 0.421875 0.06640625 0.00390625 0.01171875
0 0.4306640625 0.049479166666666664 0.00390625 0.01171875
0 0.4638671875 0.12760416666666666 0.005859375 0.010416666666666666
0 0.3369140625 0.053385416666666664 0.00390625 0.009114583333333334
0 0.37109375 0.8111979166666666 0.009765625 0.016927083333333332
0 0.4541015625 0.9270833333333334 0.01171875 0.018229166666666668
0 0.2373046875 0.6940104166666666 0.0087890625 0.01171875
0 0.0634765625 0.6783854166666666 0.0087890625 0.014322916666666666
0 0.2783203125 0.5963541666666666 0.0068359375 0.016927083333333332
0 0.2607421875 0.5143229166666666 0.0068359375 0.015625
0 0.5068359375 0.18229166666666666 0.005859375 0.010416666666666666
0 0.4912109375 0.16666666666666666 0.005859375 0.006510416666666667
0 0.7978515625 0.1796875 0.005859375 0.010416666666666666
0 0.7939453125 0.13802083333333334 0.005859375 0.009114583333333334
0 0.890625 0.23177083333333334 0.005859375 0.015625
0 0.9970703125 0.4427083333333333 0.005859375 0.015625
0 0.8828125 0.515625 0.009765625 0.016927083333333332
0 0.9091796875 0.7916666666666666 0.0078125 0.013020833333333334
0 0.23046875 0.6653645833333334 0.009765625 0.020833333333333332
0 0.2919921875 0.3190104166666667 0.0068359375 0.009114583333333334
0 0.427734375 0.3450520833333333 0.0068359375 0.01171875
0 0.427734375 0.3671875 0.0048828125 0.01171875
0 0.470703125 0.16796875 0.0048828125 0.009114583333333334
0 0.576171875 0.13151041666666666 0.005859375 0.010416666666666666
0 0.494140625 0.08333333333333333 0.005859375 0.0078125
0 0.482421875 0.07942708333333333 0.0048828125 0.006510416666666667
0 0.375 0.045572916666666664 0.0029296875 0.006510416666666667