0 0.7578125 0.4064327485380117 0.0400390625 0.07602339181286549
0 0.8173828125 0.42251461988304095 0.021484375 0.05263157894736842
0 0.7099609375 0.4868421052631579 0.0439453125 0.07602339181286549
0 0.6015625 0.5555555555555556 0.037109375 0.07309941520467836
0 0.50390625 0.39473684210526316 0.0390625 0.06871345029239766
0 0.49609375 0.29385964912280704 0.044921875 0.07309941520467836
0 0.44921875 0.2134502923976608 0.02734375 0.06140350877192982
0 0.45703125 0.5292397660818714 0.04296875 0.07017543859649122
0 0.29296875 0.5467836257309941 0.0400390625 0.07163742690058479
0 0.28125 0.3260233918128655 0.0302734375 0.06871345029239766
0 0.201171875 0.42251461988304095 0.0302734375 0.06578947368421052
0 0.1982421875 0.5073099415204678 0.0283203125 0.07163742690058479
0 0.68359375 0.38742690058479534 0.033203125 0.07017543859649122
0 0.1025390625 0.5906432748538012 0.025390625 0.06578947368421052
0 0.03515625 0.6286549707602339 0.037109375 0.06286549707602339
0 0.0537109375 0.5877192982456141 0.025390625 0.05701754385964912
0 0.0234375 0.9707602339181286 0.0341796875 0.05847953216374269
0 0.595703125 0.38011695906432746 0.0322265625 0.054093567251461985