0 0.4580078125 0.703125 0.0068359375 0.013020833333333334
0 0.416015625 0.96484375 0.0087890625 0.016927083333333332
0 0.5234375 0.69921875 0.005859375 0.010416666666666666
0 0.572265625 0.6901041666666666 0.005859375 0.0078125
0 0.625 0.6770833333333334 0.009765625 0.014322916666666666
0 0.6689453125 0.6588541666666666 0.0068359375 0.009114583333333334
0 0.900390625 0.72265625 0.0087890625 0.01171875
0 0.7958984375 0.7682291666666666 0.0078125 0.01171875
0 0.9736328125 0.6940104166666666 0.0068359375 0.01171875
0 0.9873046875 0.5703125 0.005859375 0.010416666666666666
0 0.3466796875 0.9348958333333334 0.0107421875 0.014322916666666666
0 0.3125 0.8971354166666666 0.0126953125 0.013020833333333334
0 0.2548828125 0.9205729166666666 0.0107421875 0.016927083333333332
0 0.3115234375 0.9309895833333334 0.009765625 0.014322916666666666
0 0.2451171875 0.9036458333333334 0.0078125 0.013020833333333334
0 0.1181640625 0.94140625 0.0126953125 0.020833333333333332
0 0.1787109375 0.9296875 0.01171875 0.016927083333333332
0 0.1875 0.96875 0.0078125 0.018229166666666668
0 0.1875 0.8294270833333334 0.0087890625 0.014322916666666666
0 0.076171875 0.80078125 0.0107421875 0.01953125
0 0.123046875 0.7669270833333334 0.009765625 0.015625
0 0.232421875 0.8880208333333334 0.0087890625 0.01953125
0 0.0537109375 0.7395833333333334 0.009765625 0.013020833333333334
0 0.1015625 0.7369791666666666 0.0126953125 0.014322916666666666
0 0.0517578125 0.703125 0.0078125 0.013020833333333334
0 0.0048828125 0.71484375 0.0068359375 0.01953125
0 0.0107421875 0.73046875 0.0087890625 0.01171875
0 0.0888671875 0.7044270833333334 0.0078125 0.01171875
0 0.1083984375 0.7044270833333334 0.0068359375 0.010416666666666666
0 0.1142578125 0.7174479166666666 0.0048828125 0.009114583333333334
0 0.13671875 0.7369791666666666 0.0107421875 0.015625
0 0.14453125 0.7552083333333334 0.0087890625 0.01171875
0 0.1572265625 0.7864583333333334 0.0087890625 0.010416666666666666
0 0.21875 0.8190104166666666 0.0068359375 0.016927083333333332
0 0.240234375 0.78515625 0.0078125 0.014322916666666666
0 0.2236328125 0.7760416666666666 0.0068359375 0.014322916666666666
0 0.2001953125 0.7838541666666666 0.0068359375 0.013020833333333334
0 0.2138671875 0.7578125 0.0068359375 0.014322916666666666
0 0.2021484375 0.75 0.0068359375 0.01171875
0 0.169921875 0.7408854166666666 0.0078125 0.014322916666666666
0 0.2529296875 0.8020833333333334 0.0068359375 0.009114583333333334
0 0.2568359375 0.7721354166666666 0.0068359375 0.010416666666666666
0 0.2490234375 0.7565104166666666 0.0068359375 0.01171875
0 0.2421875 0.7513020833333334 0.0068359375 0.009114583333333334
0 0.2216796875 0.7265625 0.005859375 0.01171875
0 0.0986328125 0.68359375 0.0078125 0.009114583333333334
0 0.044921875 0.65625 0.0068359375 0.013020833333333334
0 0.1240234375 0.68359375 0.005859375 0.009114583333333334
0 0.11328125 0.6705729166666666 0.0048828125 0.010416666666666666
0 0.0888671875 0.6770833333333334 0.0078125 0.010416666666666666
0 0.0078125 0.6458333333333334 0.0068359375 0.01171875
0 0.0029296875 0.62890625 0.0048828125 0.009114583333333334
0 0.046875 0.671875 0.005859375 0.0078125
0 0.01953125 0.6575520833333334 0.0048828125 0.0078125
0 0.015625 0.65234375 0.0048828125 0.006510416666666667
0 0.1943359375 0.6979166666666666 0.005859375 0.01171875
0 0.134765625 0.6940104166666666 0.0068359375 0.0078125
0 0.08203125 0.6315104166666666 0.0068359375 0.0078125
0 0.7109375 0.6380208333333334 0.0078125 0.010416666666666666
0 0.74609375 0.6341145833333334 0.005859375 0.006510416666666667
0 0.7783203125 0.6236979166666666 0.0048828125 0.0078125
0 0.81640625 0.61328125 0.0048828125 0.006510416666666667
0 0.865234375 0.5989583333333334 0.0068359375 0.010416666666666666
0 0.9033203125 0.5885416666666666 0.0048828125 0.005208333333333333
0 0.9345703125 0.5833333333333334 0.005859375 0.0078125
0 0.458984375 0.6484375 0.0078125 0.010416666666666666
0 0.5078125 0.6484375 0.0078125 0.01171875
0 0.5556640625 0.6380208333333334 0.0068359375 0.009114583333333334
0 0.59765625 0.6171875 0.0068359375 0.010416666666666666
0 0.6357421875 0.6041666666666666 0.0068359375 0.013020833333333334
0 0.6669921875 0.5885416666666666 0.0087890625 0.009114583333333334
0 0.697265625 0.5755208333333334 0.0078125 0.009114583333333334
0 0.7333984375 0.56640625 0.0078125 0.009114583333333334
0 0.7734375 0.55859375 0.0048828125 0.0078125
0 0.8095703125 0.5416666666666666 0.005859375 0.009114583333333334
0 0.8466796875 0.5338541666666666 0.0068359375 0.009114583333333334
0 0.953125 0.5143229166666666 0.005859375 0.006510416666666667
0 0.9404296875 0.5065104166666666 0.0068359375 0.009114583333333334
0 0.92578125 0.5013020833333334 0.00390625 0.0078125
0 0.9130859375 0.49609375 0.0048828125 0.006510416666666667
0 0.8984375 0.4934895833333333 0.0048828125 0.0078125
0 0.9501953125 0.4895833333333333 0.0068359375 0.009114583333333334
0 0.9619140625 0.5052083333333334 0.0048828125 0.0078125
0 0.9345703125 0.4830729166666667 0.0048828125 0.009114583333333334
0 0.9140625 0.4778645833333333 0.0029296875 0.0078125
0 0.904296875 0.47265625 0.00390625 0.006510416666666667
0 0.9365234375 0.47265625 0.0048828125 0.0078125
0 0.966796875 0.46484375 0.0048828125 0.0078125
0 0.98046875 0.46875 0.0048828125 0.009114583333333334
0 0.953125 0.45703125 0.0068359375 0.0078125
0 0.9130859375 0.4596354166666667 0.0048828125 0.0078125
0 0.97265625 0.48828125 0.0029296875 0.005208333333333333
0 0.9833984375 0.5104166666666666 0.005859375 0.009114583333333334
0 0.8671875 0.4375 0.00390625 0.006510416666666667
0 0.78125 0.5026041666666666 0.005859375 0.009114583333333334
0 0.77734375 0.4166666666666667 0.0048828125 0.009114583333333334
0 0.859375 0.4192708333333333 0.005859375 0.0078125
0 0.8505859375 0.4166666666666667 0.0048828125 0.006510416666666667
0 0.8583984375 0.4401041666666667 0.0048828125 0.009114583333333334
0 0.978515625 0.4153645833333333 0.0029296875 0.006510416666666667
0 0.9609375 0.4479166666666667 0.0048828125 0.0078125
0 0.9970703125 0.4348958333333333 0.005859375 0.009114583333333334
0 0.3994140625 0.61328125 0.005859375 0.006510416666666667
0 0.4453125 0.5924479166666666 0.0068359375 0.0078125
0 0.4873046875 0.5885416666666666 0.005859375 0.0078125
0 0.5302734375 0.5677083333333334 0.0068359375 0.0078125
0 0.5693359375 0.5572916666666666 0.00390625 0.006510416666666667
0 0.6005859375 0.5546875 0.0068359375 0.006510416666666667
0 0.6416015625 0.5442708333333334 0.0068359375 0.009114583333333334
0 0.34765625 0.5755208333333334 0.005859375 0.0078125
0 0.3955078125 0.5638020833333334 0.005859375 0.0078125
0 0.4423828125 0.5598958333333334 0.005859375 0.0078125
0 0.484375 0.55078125 0.0048828125 0.0078125
0 0.5234375 0.5286458333333334 0.005859375 0.0078125
0 0.6796875 0.5390625 0.00390625 0.0078125
0 0.7529296875 0.5182291666666666 0.005859375 0.0078125
0 0.55078125 0.5221354166666666 0.0068359375 0.010416666666666666
0 0.58203125 0.5208333333333334 0.00390625 0.006510416666666667
0 0.615234375 0.5052083333333334 0.005859375 0.006510416666666667
0 0.6552734375 0.4934895833333333 0.005859375 0.009114583333333334
0 0.6884765625 0.4908854166666667 0.0048828125 0.006510416666666667
0 0.66796875 0.4557291666666667 0.00390625 0.006510416666666667
0 0.6357421875 0.4674479166666667 0.00390625 0.006510416666666667
0 0.603515625 0.4700520833333333 0.0068359375 0.009114583333333334
0 0.56640625 0.4869791666666667 0.0048828125 0.0078125
0 0.5048828125 0.49609375 0.0048828125 0.0078125
0 0.47265625 0.5 0.005859375 0.009114583333333334
0 0.435546875 0.5130208333333334 0.0068359375 0.0078125
0 0.3974609375 0.5208333333333334 0.0068359375 0.0078125
0 0.681640625 0.4036458333333333 0.00390625 0.0078125
0 0.798828125 0.4466145833333333 0.00390625 0.006510416666666667
0 0.7900390625 0.44140625 0.005859375 0.009114583333333334
0 0.7705078125 0.4166666666666667 0.005859375 0.009114583333333334
0 0.7548828125 0.4166666666666667 0.0048828125 0.006510416666666667
0 0.736328125 0.4010416666666667 0.00390625 0.0078125
0 0.736328125 0.3854166666666667 0.00390625 0.006510416666666667
0 0.744140625 0.3893229166666667 0.0029296875 0.0078125
0 0.755859375 0.3932291666666667 0.0048828125 0.006510416666666667
0 0.6982421875 0.3919270833333333 0.0048828125 0.006510416666666667
0 0.72265625 0.3841145833333333 0.005859375 0.0078125
0 0.087890625 0.8854166666666666 0.0087890625 0.015625
0 0.923828125 0.43359375 0.0068359375 0.009114583333333334
0 0.7158203125 0.37890625 0.0068359375 0.009114583333333334