0 0.0673828125 0.08879781420765027 0.0185546875 0.025956284153005466
0 0.0458984375 0.01639344262295082 0.0166015625 0.028688524590163935
0 0.095703125 0.040983606557377046 0.015625 0.030054644808743168
0 0.1484375 0.03551912568306011 0.0166015625 0.028688524590163935
0 0.1220703125 0.05191256830601093 0.0146484375 0.023224043715846996
0 0.2060546875 0.03551912568306011 0.0185546875 0.0273224043715847
0 0.166015625 0.08469945355191257 0.013671875 0.025956284153005466
0 0.1025390625 0.09016393442622951 0.0146484375 0.03551912568306011
0 0.0146484375 0.12978142076502733 0.0126953125 0.028688524590163935
0 0.0654296875 0.17349726775956284 0.0166015625 0.031420765027322405
0 0.05078125 0.2336065573770492 0.013671875 0.028688524590163935
0 0.0322265625 0.3592896174863388 0.029296875 0.04234972677595628
0 0.1240234375 0.34289617486338797 0.0234375 0.03825136612021858
0 0.2158203125 0.3442622950819672 0.0205078125 0.036885245901639344
0 0.3125 0.37158469945355194 0.0244140625 0.03551912568306011
0 0.408203125 0.30601092896174864 0.029296875 0.04918032786885246
0 0.263671875 0.20901639344262296 0.0185546875 0.031420765027322405
0 0.28515625 0.21994535519125682 0.017578125 0.025956284153005466
0 0.3525390625 0.23497267759562843 0.0166015625 0.03278688524590164
0 0.23828125 0.06284153005464481 0.01171875 0.025956284153005466
0 0.2548828125 0.050546448087431695 0.01953125 0.025956284153005466
0 0.2666015625 0.09016393442622951 0.013671875 0.025956284153005466
0 0.35546875 0.12295081967213115 0.013671875 0.028688524590163935
0 0.4873046875 0.16939890710382513 0.01953125 0.031420765027322405
0 0.5400390625 0.18442622950819673 0.0166015625 0.03551912568306011
0 0.5087890625 0.11475409836065574 0.017578125 0.028688524590163935
0 0.5390625 0.11885245901639344 0.0166015625 0.03415300546448088
0 0.5400390625 0.07923497267759563 0.0166015625 0.02459016393442623
0 0.55859375 0.11065573770491803 0.0205078125 0.03961748633879782
0 0.462890625 0.11202185792349727 0.017578125 0.03551912568306011
0 0.5 0.06420765027322405 0.017578125 0.0273224043715847
0 0.58984375 0.08469945355191257 0.0166015625 0.02459016393442623
0 0.5673828125 0.20355191256830601 0.0146484375 0.030054644808743168
0 0.5478515625 0.2390710382513661 0.0126953125 0.028688524590163935
0 0.4990234375 0.36885245901639346 0.0283203125 0.03825136612021858
0 0.580078125 0.34562841530054644 0.0263671875 0.03825136612021858
0 0.7099609375 0.2568306010928962 0.0390625 0.05874316939890711
0 0.6474609375 0.20765027322404372 0.017578125 0.03278688524590164
0 0.5283203125 0.015027322404371584 0.015625 0.023224043715846996
0 0.58984375 0.040983606557377046 0.0166015625 0.025956284153005466
0 0.6748046875 0.0778688524590164 0.0146484375 0.0273224043715847
0 0.65625 0.06830601092896176 0.013671875 0.02459016393442623
0 0.6513671875 0.02185792349726776 0.013671875 0.028688524590163935
0 0.73828125 0.028688524590163935 0.017578125 0.031420765027322405
0 0.783203125 0.03825136612021858 0.0146484375 0.0273224043715847
0 0.802734375 0.03825136612021858 0.0166015625 0.03415300546448088
0 0.83984375 0.06967213114754098 0.01953125 0.031420765027322405
0 0.7958984375 0.09699453551912568 0.0166015625 0.03415300546448088
0 0.73046875 0.09016393442622951 0.017578125 0.03278688524590164
0 0.822265625 0.1762295081967213 0.0205078125 0.031420765027322405
0 0.8544921875 0.16393442622950818 0.015625 0.03278688524590164
0 0.794921875 0.3292349726775956 0.0322265625 0.05191256830601093
0 0.86328125 0.34289617486338797 0.0283203125 0.04234972677595628
0 0.8974609375 0.32103825136612024 0.015625 0.030054644808743168
0 0.9775390625 0.2103825136612022 0.01953125 0.030054644808743168
0 0.9267578125 0.13524590163934427 0.0166015625 0.028688524590163935
0 0.90625 0.05327868852459016 0.021484375 0.03825136612021858
0 0.984375 0.04781420765027322 0.0166015625 0.0273224043715847
0 0.91796875 0.09699453551912568 0.0166015625 0.03278688524590164
0 0.748046875 0.06284153005464481 0.0146484375 0.031420765027322405
0 0.7490234375 0.1912568306010929 0.0166015625 0.03415300546448088
0 0.3466796875 0.04234972677595628 0.0166015625 0.025956284153005466
0 0.0322265625 0.07240437158469945 0.0146484375 0.030054644808743168
0 0.0537109375 0.04781420765027322 0.015625 0.030054644808743168
0 0.3310546875 0.31693989071038253 0.021484375 0.03278688524590164