0 0.166015625 0.5314787701317716 0.017578125 0.027818448023426062
0 0.236328125 0.5226939970717424 0.0185546875 0.032210834553440704
0 0.31640625 0.5212298682284041 0.0166015625 0.027818448023426062
0 0.193359375 0.43484626647144947 0.013671875 0.029282576866764276
0 0.2353515625 0.4743777452415813 0.0146484375 0.032210834553440704
0 0.3017578125 0.45973645680819913 0.0146484375 0.027818448023426062
0 0.349609375 0.4978038067349927 0.0146484375 0.029282576866764276
0 0.359375 0.404099560761347 0.0126953125 0.024890190336749635
0 0.3173828125 0.37481698389458273 0.013671875 0.02342606149341142
0 0.2626953125 0.3923865300146413 0.0146484375 0.029282576866764276
0 0.212890625 0.3616398243045388 0.0146484375 0.02635431918008785
0 0.216796875 0.3074670571010249 0.01171875 0.020497803806734993
0 0.263671875 0.30161054172767204 0.0126953125 0.02342606149341142
0 0.283203125 0.32650073206442165 0.0126953125 0.02635431918008785
0 0.2236328125 0.2547584187408492 0.0107421875 0.02342606149341142
0 0.2685546875 0.2445095168374817 0.0126953125 0.021961932650073207
0 0.3408203125 0.23865300146412885 0.0126953125 0.024890190336749635
0 0.3837890625 0.26500732064421667 0.0126953125 0.020497803806734993
0 0.33203125 0.3074670571010249 0.0126953125 0.02342606149341142
0 0.3701171875 0.33382137628111275 0.013671875 0.02342606149341142
0 0.4208984375 0.3235724743777452 0.01171875 0.020497803806734993
0 0.4189453125 0.2225475841874085 0.0126953125 0.02342606149341142
0 0.4091796875 0.37774524158125916 0.0126953125 0.021961932650073207
0 0.5009765625 0.5329428989751098 0.0166015625 0.03074670571010249
0 0.3984375 0.5563689604685212 0.015625 0.032210834553440704
0 0.4501953125 0.4904831625183016 0.0146484375 0.024890190336749635
0 0.4033203125 0.44363103953147875 0.0146484375 0.03074670571010249
0 0.453125 0.4128843338213763 0.0126953125 0.02635431918008785
0 0.50390625 0.44363103953147875 0.015625 0.03074670571010249
0 0.5556640625 0.4904831625183016 0.0146484375 0.02635431918008785
0 0.5498046875 0.424597364568082 0.0146484375 0.029282576866764276
0 0.6005859375 0.45095168374816985 0.013671875 0.02635431918008785
0 0.455078125 0.34699853587115664 0.0126953125 0.02342606149341142
0 0.4990234375 0.363103953147877 0.0126953125 0.024890190336749635
0 0.544921875 0.34260614934114203 0.0126953125 0.02342606149341142
0 0.4599609375 0.29282576866764276 0.009765625 0.020497803806734993
0 0.498046875 0.28989751098096633 0.01171875 0.021961932650073207
0 0.5029296875 0.2342606149341142 0.01171875 0.02342606149341142
0 0.5400390625 0.2781844802342606 0.0126953125 0.02342606149341142
0 0.5654296875 0.2430453879941435 0.01171875 0.021961932650073207
0 0.5830078125 0.2869692532942899 0.0107421875 0.021961932650073207
0 0.6162109375 0.27379209370424595 0.0126953125 0.020497803806734993
0 0.646484375 0.2430453879941435 0.0107421875 0.02342606149341142
0 0.59375 0.36603221083455345 0.013671875 0.02635431918008785
0 0.6328125 0.3513909224011713 0.0126953125 0.024890190336749635
0 0.6455078125 0.40995607613469986 0.0126953125 0.02342606149341142
0 0.6650390625 0.3001464128843338 0.0126953125 0.021961932650073207
0 0.7001953125 0.2884333821376281 0.0126953125 0.021961932650073207
0 0.7119140625 0.24597364568081992 0.0107421875 0.021961932650073207
0 0.763671875 0.25768667642752563 0.0107421875 0.021961932650073207
0 0.806640625 0.2664714494875549 0.01171875 0.021961932650073207
0 0.81640625 0.2986822840409956 0.0126953125 0.024890190336749635
0 0.7626953125 0.36749633967789164 0.013671875 0.02635431918008785
0 0.7177734375 0.33382137628111275 0.013671875 0.02342606149341142
0 0.7412109375 0.2986822840409956 0.0126953125 0.020497803806734993
0 0.6796875 0.37481698389458273 0.0146484375 0.024890190336749635
0 0.7373046875 0.4084919472913616 0.0146484375 0.027818448023426062
0 0.8408203125 0.36603221083455345 0.0126953125 0.024890190336749635
0 0.7236328125 0.5183016105417276 0.017578125 0.036603221083455345
0 0.771484375 0.49633967789165445 0.015625 0.027818448023426062
0 0.828125 0.5168374816983895 0.0185546875 0.032210834553440704
0 0.8017578125 0.4568081991215227 0.013671875 0.02635431918008785
0 0.705078125 0.4494875549048316 0.015625 0.029282576866764276
0 0.66015625 0.4978038067349927 0.0146484375 0.02635431918008785
0 0.6123046875 0.527086383601757 0.0146484375 0.027818448023426062
0 0.9111328125 0.5124450951683748 0.0166015625 0.032210834553440704
0 0.8662109375 0.4480234260614934 0.015625 0.02635431918008785