0 0.078125 0.3726346433770015 0.01953125 0.03202328966521106
0 0.0361328125 0.33915574963609896 0.0185546875 0.026200873362445413
0 0.53125 0.6229985443959243 0.03125 0.055312954876273655
0 0.375 0.5269286754002911 0.0283203125 0.048034934497816595
0 0.279296875 0.4585152838427948 0.029296875 0.042212518195050945
0 0.9169921875 0.5589519650655022 0.0302734375 0.056768558951965066
0 0.9375 0.4294032023289665 0.02734375 0.039301310043668124
0 0.8125 0.4017467248908297 0.0244140625 0.036390101892285295
0 0.6923828125 0.3537117903930131 0.0205078125 0.036390101892285295
0 0.6025390625 0.33770014556040756 0.017578125 0.026200873362445413
0 0.521484375 0.3289665211062591 0.01953125 0.027656477438136828
0 0.451171875 0.29694323144104806 0.01953125 0.03056768558951965
0 0.3759765625 0.2765647743813683 0.015625 0.023289665211062592
0 0.310546875 0.26055312954876275 0.0126953125 0.020378457059679767
0 0.2421875 0.23435225618631733 0.01171875 0.020378457059679767
0 0.2021484375 0.22125181950509462 0.01171875 0.021834061135371178
0 0.15625 0.24017467248908297 0.0107421875 0.01601164483260553
0 0.0859375 0.2314410480349345 0.009765625 0.017467248908296942
0 0.287109375 0.21688500727802038 0.0107421875 0.017467248908296942
0 0.3701171875 0.2183406113537118 0.01171875 0.018922852983988356
0 0.681640625 0.21397379912663755 0.0107421875 0.018922852983988356
0 0.5908203125 0.21542940320232898 0.01171875 0.01455604075691412
0 0.5400390625 0.2328966521106259 0.01171875 0.018922852983988356
0 0.4462890625 0.2197962154294032 0.0107421875 0.01601164483260553
0 0.9931640625 0.20378457059679767 0.01171875 0.020378457059679767
0 0.8564453125 0.19941775836972345 0.01171875 0.017467248908296942
0 0.7353515625 0.21688500727802038 0.01171875 0.017467248908296942