0 0.826171875 0.8587848932676518 0.0078125 0.014778325123152709
0 0.91015625 0.8571428571428571 0.0107421875 0.022988505747126436
0 0.7431640625 0.9737274220032841 0.015625 0.027914614121510674
0 0.7529296875 0.8045977011494253 0.0087890625 0.022988505747126436
0 0.6767578125 0.812807881773399 0.0078125 0.0180623973727422
0 0.62109375 0.7848932676518884 0.0068359375 0.016420361247947456
0 0.6865234375 0.7422003284072249 0.0068359375 0.013136288998357963
0 0.638671875 0.7257799671592775 0.0078125 0.014778325123152709
0 0.7431640625 0.7471264367816092 0.005859375 0.013136288998357963
0 0.796875 0.7569786535303776 0.0068359375 0.0180623973727422
0 0.837890625 0.7487684729064039 0.0068359375 0.011494252873563218
0 0.87890625 0.7405582922824302 0.0078125 0.0180623973727422
0 0.91015625 0.7257799671592775 0.0087890625 0.016420361247947456
0 0.94140625 0.7241379310344828 0.0068359375 0.013136288998357963
0 0.97265625 0.7323481116584565 0.005859375 0.011494252873563218
0 0.896484375 0.6765188834154351 0.0048828125 0.011494252873563218
0 0.8359375 0.6715927750410509 0.0048828125 0.011494252873563218
0 0.779296875 0.6666666666666666 0.00390625 0.011494252873563218
0 0.7275390625 0.6551724137931034 0.00390625 0.009852216748768473
0 0.70703125 0.6600985221674877 0.00390625 0.011494252873563218
0 0.6572265625 0.6551724137931034 0.00390625 0.009852216748768473
0 0.6259765625 0.6584564860426929 0.0048828125 0.009852216748768473
0 0.6279296875 0.6157635467980296 0.00390625 0.008210180623973728
0 0.65625 0.6174055829228243 0.0029296875 0.008210180623973728
0 0.6865234375 0.6206896551724138 0.0029296875 0.009852216748768473
0 0.689453125 0.6338259441707718 0.0029296875 0.009852216748768473
0 0.712890625 0.6305418719211823 0.00390625 0.006568144499178982
0 0.8359375 0.6502463054187192 0.0048828125 0.009852216748768473
0 0.9423828125 0.6518883415435139 0.0048828125 0.006568144499178982
0 0.9677734375 0.6535303776683087 0.0048828125 0.009852216748768473
0 0.9638671875 0.6896551724137931 0.0048828125 0.009852216748768473
0 0.8291015625 0.5977011494252874 0.0048828125 0.009852216748768473
0 0.591796875 0.645320197044335 0.0048828125 0.009852216748768473
0 0.6064453125 0.6174055829228243 0.00390625 0.008210180623973728
0 0.564453125 0.7684729064039408 0.0078125 0.016420361247947456
0 0.5078125 0.7520525451559934 0.0078125 0.014778325123152709
0 0.453125 0.722495894909688 0.0068359375 0.0180623973727422
0 0.4169921875 0.715927750410509 0.0068359375 0.013136288998357963
0 0.37109375 0.6863711001642037 0.005859375 0.014778325123152709
0 0.34765625 0.7142857142857143 0.0068359375 0.016420361247947456
0 0.349609375 0.6600985221674877 0.005859375 0.013136288998357963
0 0.435546875 0.638752052545156 0.0048828125 0.011494252873563218
0 0.5029296875 0.6551724137931034 0.005859375 0.013136288998357963
0 0.5224609375 0.7077175697865353 0.0048828125 0.013136288998357963
0 0.5546875 0.7044334975369458 0.0048828125 0.016420361247947456
0 0.5859375 0.715927750410509 0.0068359375 0.013136288998357963
0 0.525390625 0.6305418719211823 0.00390625 0.009852216748768473
0 0.55859375 0.6420361247947455 0.0048828125 0.009852216748768473
0 0.548828125 0.6124794745484401 0.0029296875 0.009852216748768473
0 0.501953125 0.6075533661740559 0.0048828125 0.009852216748768473
0 0.46875 0.6305418719211823 0.00390625 0.008210180623973728
0 0.443359375 0.6223316912972086 0.00390625 0.009852216748768473
0 0.419921875 0.6190476190476191 0.00390625 0.006568144499178982
0 0.009765625 0.7389162561576355 0.0068359375 0.014778325123152709
0 0.123046875 0.5566502463054187 0.00390625 0.009852216748768473
0 0.17578125 0.7914614121510674 0.0068359375 0.019704433497536946
0 0.1611328125 0.6929392446633826 0.0078125 0.014778325123152709
0 0.578125 0.6141215106732348 0.00390625 0.009852216748768473