0 0.0361328125 0.1038961038961039 0.017578125 0.03116883116883117
0 0.04296875 0.16493506493506493 0.0185546875 0.03766233766233766
0 0.10546875 0.17142857142857143 0.0478515625 0.06753246753246753
0 0.1396484375 0.17922077922077922 0.0302734375 0.046753246753246755
0 0.21875 0.2896103896103896 0.0615234375 0.07922077922077922
0 0.3828125 0.19350649350649352 0.03515625 0.048051948051948054
0 0.337890625 0.17142857142857143 0.0185546875 0.04025974025974026
0 0.490234375 0.15714285714285714 0.0322265625 0.04285714285714286
0 0.5400390625 0.13636363636363635 0.0283203125 0.03766233766233766
0 0.6337890625 0.14675324675324675 0.041015625 0.05064935064935065
0 0.685546875 0.2623376623376623 0.0673828125 0.09610389610389611
0 0.7607421875 0.17272727272727273 0.0166015625 0.024675324675324677
0 0.8125 0.18441558441558442 0.0478515625 0.06623376623376623
0 0.7890625 0.16363636363636364 0.01953125 0.04025974025974026
0 0.84765625 0.21558441558441557 0.0400390625 0.05714285714285714
0 0.92578125 0.2038961038961039 0.03515625 0.05064935064935065
0 0.9638671875 0.15714285714285714 0.0283203125 0.046753246753246755
0 0.259765625 0.21168831168831168 0.0380859375 0.05974025974025974