0 0.0400390625 0.2808219178082192 0.0146484375 0.030821917808219176
0 0.1279296875 0.2465753424657534 0.0126953125 0.030821917808219176
0 0.1455078125 0.2465753424657534 0.013671875 0.03595890410958904
0 0.21484375 0.2568493150684932 0.015625 0.03424657534246575
0 0.1826171875 0.3458904109589041 0.013671875 0.03424657534246575
0 0.14453125 0.3441780821917808 0.0146484375 0.02910958904109589
0 0.0634765625 0.3544520547945205 0.0166015625 0.03424657534246575
0 0.1484375 0.4486301369863014 0.0166015625 0.03595890410958904
0 0.1181640625 0.4486301369863014 0.0166015625 0.032534246575342464
0 0.0732421875 0.4383561643835616 0.017578125 0.032534246575342464
0 0.0322265625 0.4297945205479452 0.0146484375 0.0273972602739726
0 0.02734375 0.5924657534246576 0.0166015625 0.03767123287671233
0 0.052734375 0.5941780821917808 0.015625 0.03595890410958904
0 0.080078125 0.5993150684931506 0.015625 0.039383561643835614
0 0.107421875 0.5958904109589042 0.015625 0.02910958904109589
0 0.162109375 0.559931506849315 0.0146484375 0.039383561643835614
0 0.1923828125 0.5565068493150684 0.0185546875 0.04452054794520548
0 0.271484375 0.5804794520547946 0.0166015625 0.03767123287671233
0 0.2890625 0.6335616438356164 0.0166015625 0.04280821917808219
0 0.2451171875 0.3664383561643836 0.013671875 0.02910958904109589
0 0.3037109375 0.3424657534246575 0.0146484375 0.030821917808219176
0 0.27734375 0.4674657534246575 0.0166015625 0.03595890410958904
0 0.2490234375 0.4726027397260274 0.0146484375 0.030821917808219176
0 0.23046875 0.2517123287671233 0.0126953125 0.032534246575342464
0 0.3046875 0.2345890410958904 0.015625 0.03424657534246575
0 0.3447265625 0.3253424657534247 0.017578125 0.032534246575342464
0 0.3798828125 0.2328767123287671 0.0146484375 0.032534246575342464
0 0.4658203125 0.24486301369863014 0.0126953125 0.0273972602739726
0 0.4892578125 0.24143835616438356 0.0107421875 0.02910958904109589
0 0.5615234375 0.24315068493150685 0.015625 0.0273972602739726
0 0.5712890625 0.3270547945205479 0.0166015625 0.032534246575342464
0 0.4716796875 0.3270547945205479 0.0166015625 0.030821917808219176
0 0.515625 0.4434931506849315 0.015625 0.032534246575342464
0 0.6630859375 0.23116438356164384 0.0146484375 0.02910958904109589
0 0.61328125 0.24315068493150685 0.0126953125 0.0273972602739726
0 0.671875 0.2962328767123288 0.013671875 0.032534246575342464
0 0.7783203125 0.2089041095890411 0.0146484375 0.02910958904109589
0 0.75390625 0.2208904109589041 0.0146484375 0.030821917808219176
0 0.7568359375 0.2945205479452055 0.0166015625 0.03424657534246575
0 0.72265625 0.3013698630136986 0.0166015625 0.030821917808219176
0 0.962890625 0.3219178082191781 0.0146484375 0.03595890410958904
0 0.8486328125 0.2996575342465753 0.015625 0.03424657534246575
0 0.8681640625 0.3424657534246575 0.013671875 0.03595890410958904
0 0.841796875 0.3373287671232877 0.0146484375 0.03767123287671233
0 0.9228515625 0.363013698630137 0.015625 0.0273972602739726
0 0.9228515625 0.4315068493150685 0.017578125 0.03767123287671233
0 0.880859375 0.4537671232876712 0.015625 0.03424657534246575
0 0.8427734375 0.4349315068493151 0.0146484375 0.03424657534246575
0 0.806640625 0.4537671232876712 0.017578125 0.03767123287671233
0 0.8896484375 0.535958904109589 0.0185546875 0.05136986301369863
0 0.6279296875 0.4366438356164384 0.0126953125 0.030821917808219176
0 0.5908203125 0.4537671232876712 0.015625 0.02910958904109589
0 0.53515625 0.4537671232876712 0.0166015625 0.030821917808219176
0 0.5361328125 0.565068493150685 0.015625 0.039383561643835614
0 0.34765625 0.4606164383561644 0.013671875 0.030821917808219176
0 0.3798828125 0.5222602739726028 0.0166015625 0.04452054794520548
0 0.3525390625 0.5684931506849316 0.0166015625 0.0410958904109589
0 0.4267578125 0.5445205479452054 0.015625 0.04452054794520548
0 0.4443359375 0.4469178082191781 0.0146484375 0.032534246575342464
0 0.7197265625 0.4452054794520548 0.0146484375 0.0410958904109589
0 0.7666015625 0.4400684931506849 0.0146484375 0.03767123287671233
0 0.7685546875 0.5565068493150684 0.0185546875 0.04452054794520548
0 0.697265625 0.5804794520547946 0.015625 0.0410958904109589
0 0.7236328125 0.5856164383561644 0.015625 0.04280821917808219
0 0.64453125 0.5924657534246576 0.015625 0.0410958904109589
0 0.828125 0.571917808219178 0.015625 0.03767123287671233
0 0.599609375 0.5821917808219178 0.0146484375 0.03767123287671233
0 0.5546875 0.5958904109589042 0.015625 0.039383561643835614
0 0.494140625 0.636986301369863 0.015625 0.04452054794520548
0 0.4375 0.3270547945205479 0.0146484375 0.030821917808219176
0 0.0029296875 0.5616438356164384 0.005859375 0.0410958904109589
0 0.0029296875 0.3441780821917808 0.0068359375 0.03424657534246575
0 0.9921875 0.4486301369863014 0.013671875 0.030821917808219176