0 0.443359375 0.6419753086419753 0.0126953125 0.021604938271604937
0 0.3310546875 0.6558641975308642 0.0107421875 0.021604938271604937
0 0.298828125 0.6466049382716049 0.013671875 0.024691358024691357
0 0.2685546875 0.6280864197530864 0.0126953125 0.023148148148148147
0 0.2451171875 0.6172839506172839 0.01171875 0.021604938271604937
0 0.21484375 0.6049382716049383 0.0126953125 0.021604938271604937
0 0.193359375 0.595679012345679 0.01171875 0.020061728395061727
0 0.1689453125 0.5895061728395061 0.01171875 0.021604938271604937
0 0.14453125 0.5740740740740741 0.0107421875 0.021604938271604937
0 0.1201171875 0.566358024691358 0.009765625 0.018518518518518517
0 0.1025390625 0.5570987654320988 0.0107421875 0.018518518518518517
0 0.087890625 0.5432098765432098 0.009765625 0.018518518518518517
0 0.0712890625 0.5401234567901234 0.0107421875 0.018518518518518517
0 0.326171875 0.6219135802469136 0.01171875 0.021604938271604937
0 0.2919921875 0.6064814814814815 0.0126953125 0.024691358024691357
0 0.259765625 0.5972222222222222 0.0107421875 0.018518518518518517
0 0.23828125 0.5910493827160493 0.0107421875 0.020061728395061727
0 0.3134765625 0.5925925925925926 0.0107421875 0.020061728395061727
0 0.3447265625 0.6003086419753086 0.009765625 0.016975308641975308
0 0.89453125 0.6867283950617284 0.015625 0.029320987654320986
0 0.908203125 0.6296296296296297 0.013671875 0.024691358024691357
0 0.841796875 0.5848765432098766 0.01171875 0.020061728395061727
0 0.8974609375 0.5802469135802469 0.0107421875 0.021604938271604937
0 0.798828125 0.5987654320987654 0.0107421875 0.021604938271604937
0 0.7529296875 0.6018518518518519 0.0126953125 0.021604938271604937
0 0.70703125 0.6080246913580247 0.0107421875 0.023148148148148147
0 0.8779296875 0.5493827160493827 0.0068359375 0.013888888888888888
0 0.8125 0.5617283950617284 0.0107421875 0.016975308641975308
0 0.7763671875 0.5509259259259259 0.0107421875 0.020061728395061727
0 0.765625 0.5694444444444444 0.0078125 0.021604938271604937
0 0.720703125 0.5756172839506173 0.0087890625 0.018518518518518517
0 0.849609375 0.5802469135802469 0.0068359375 0.016975308641975308
0 0.7294921875 0.558641975308642 0.0078125 0.018518518518518517
0 0.74609375 0.529320987654321 0.005859375 0.006172839506172839
0 0.765625 0.529320987654321 0.0048828125 0.010802469135802469
0 0.7001953125 0.5370370370370371 0.009765625 0.020061728395061727
0 0.65234375 0.6095679012345679 0.0126953125 0.024691358024691357
0 0.6640625 0.595679012345679 0.009765625 0.024691358024691357
0 0.67578125 0.5802469135802469 0.01171875 0.020061728395061727
0 0.68359375 0.5632716049382716 0.0087890625 0.018518518518518517
0 0.611328125 0.5987654320987654 0.01171875 0.023148148148148147
0 0.6240234375 0.5879629629629629 0.009765625 0.020061728395061727
0 0.5234375 0.6820987654320988 0.013671875 0.027777777777777776
0 0.4951171875 0.6342592592592593 0.01171875 0.024691358024691357
0 0.51171875 0.6172839506172839 0.01171875 0.023148148148148147
0 0.52734375 0.6003086419753086 0.01171875 0.021604938271604937
0 0.5498046875 0.6219135802469136 0.01171875 0.021604938271604937
0 0.5634765625 0.6111111111111112 0.01171875 0.021604938271604937
0 0.4580078125 0.6188271604938271 0.01171875 0.021604938271604937
0 0.4755859375 0.6049382716049383 0.01171875 0.020061728395061727
0 0.4912109375 0.5895061728395061 0.0107421875 0.018518518518518517
0 0.59765625 0.6188271604938271 0.0126953125 0.023148148148148147
0 0.3515625 0.6342592592592593 0.0126953125 0.024691358024691357
0 0.38671875 0.6481481481481481 0.0126953125 0.024691358024691357
0 0.408203125 0.6265432098765432 0.0126953125 0.023148148148148147
0 0.42578125 0.6126543209876543 0.01171875 0.021604938271604937
0 0.4423828125 0.595679012345679 0.009765625 0.021604938271604937
0 0.3955078125 0.5987654320987654 0.01171875 0.020061728395061727
0 0.41015625 0.5848765432098766 0.0107421875 0.018518518518518517
0 0.306640625 0.5694444444444444 0.0087890625 0.015432098765432098
0 0.2587890625 0.5756172839506173 0.009765625 0.015432098765432098
0 0.2802734375 0.558641975308642 0.0078125 0.013888888888888888
0 0.28515625 0.5864197530864198 0.01171875 0.015432098765432098
0 0.6337890625 0.5694444444444444 0.0087890625 0.021604938271604937
0 0.64453125 0.5540123456790124 0.009765625 0.020061728395061727
0 0.654296875 0.5401234567901234 0.0087890625 0.016975308641975308
0 0.6689453125 0.529320987654321 0.009765625 0.018518518518518517
0 0.6376953125 0.5200617283950617 0.0078125 0.016975308641975308
0 0.6220703125 0.5324074074074074 0.0087890625 0.018518518518518517
0 0.611328125 0.5478395061728395 0.0107421875 0.016975308641975308
0 0.609375 0.5108024691358025 0.0087890625 0.013888888888888888
0 0.5849609375 0.5756172839506173 0.0087890625 0.016975308641975308
0 0.5751953125 0.5925925925925926 0.009765625 0.016975308641975308
0 0.537109375 0.5802469135802469 0.0107421875 0.021604938271604937
0 0.548828125 0.566358024691358 0.0107421875 0.020061728395061727
0 0.5615234375 0.5509259259259259 0.009765625 0.020061728395061727
0 0.578125 0.5370370370370371 0.0107421875 0.015432098765432098
0 0.5927734375 0.5246913580246914 0.009765625 0.015432098765432098
0 0.578125 0.5030864197530864 0.0087890625 0.018518518518518517
0 0.564453125 0.5138888888888888 0.0078125 0.013888888888888888
0 0.55078125 0.5277777777777778 0.0078125 0.015432098765432098
0 0.533203125 0.5447530864197531 0.009765625 0.018518518518518517
0 0.515625 0.5601851851851852 0.0087890625 0.016975308641975308
0 0.50390625 0.5740740740740741 0.009765625 0.016975308641975308
0 0.55078125 0.49691358024691357 0.0087890625 0.013888888888888888
0 0.5341796875 0.5123456790123457 0.0087890625 0.015432098765432098
0 0.5224609375 0.5216049382716049 0.0078125 0.012345679012345678
0 0.505859375 0.5354938271604939 0.009765625 0.013888888888888888
0 0.45703125 0.5787037037037037 0.009765625 0.016975308641975308
0 0.4765625 0.5617283950617284 0.009765625 0.016975308641975308
0 0.4873046875 0.5509259259259259 0.0078125 0.016975308641975308
0 0.375 0.6157407407407407 0.0126953125 0.018518518518518517
0 0.361328125 0.5895061728395061 0.0107421875 0.021604938271604937
0 0.3837890625 0.5740740740740741 0.0087890625 0.016975308641975308
0 0.400390625 0.558641975308642 0.009765625 0.016975308641975308
0 0.4296875 0.5694444444444444 0.009765625 0.018518518518518517
0 0.4423828125 0.5524691358024691 0.009765625 0.016975308641975308
0 0.4580078125 0.5385802469135802 0.0078125 0.015432098765432098
0 0.416015625 0.5447530864197531 0.009765625 0.020061728395061727
0 0.4306640625 0.5277777777777778 0.009765625 0.016975308641975308
0 0.4765625 0.5246913580246914 0.0107421875 0.016975308641975308
0 0.49609375 0.5138888888888888 0.0087890625 0.016975308641975308
0 0.51171875 0.5015432098765432 0.0078125 0.013888888888888888
0 0.525390625 0.49074074074074076 0.0087890625 0.012345679012345678
0 0.4833984375 0.49228395061728397 0.0078125 0.012345679012345678
0 0.470703125 0.5015432098765432 0.0078125 0.012345679012345678
0 0.4482421875 0.49691358024691357 0.009765625 0.012345679012345678
0 0.3349609375 0.5802469135802469 0.0107421875 0.016975308641975308
0 0.3544921875 0.5617283950617284 0.0107421875 0.016975308641975308
0 0.375 0.5493827160493827 0.009765625 0.016975308641975308
0 0.3896484375 0.5354938271604939 0.009765625 0.015432098765432098
0 0.4091796875 0.5246913580246914 0.009765625 0.013888888888888888
0 0.400390625 0.5061728395061729 0.0087890625 0.015432098765432098
0 0.384765625 0.5138888888888888 0.0078125 0.013888888888888888
0 0.36328125 0.5262345679012346 0.0078125 0.016975308641975308
0 0.34765625 0.5385802469135802 0.009765625 0.015432098765432098
0 0.330078125 0.5524691358024691 0.009765625 0.016975308641975308
0 0.3232421875 0.5277777777777778 0.009765625 0.016975308641975308
0 0.3408203125 0.5154320987654321 0.009765625 0.013888888888888888
0 0.359375 0.5077160493827161 0.0107421875 0.013888888888888888
0 0.3173828125 0.5092592592592593 0.0087890625 0.013888888888888888
0 0.1123046875 0.5324074074074074 0.0107421875 0.018518518518518517
0 0.1279296875 0.5416666666666666 0.0087890625 0.016975308641975308
0 0.15234375 0.5509259259259259 0.0087890625 0.016975308641975308
0 0.2353515625 0.5648148148148148 0.009765625 0.016975308641975308
0 0.2138671875 0.5570987654320988 0.0107421875 0.015432098765432098
0 0.158203125 0.5277777777777778 0.0078125 0.015432098765432098
0 0.1767578125 0.5385802469135802 0.0087890625 0.013888888888888888
0 0.1943359375 0.5447530864197531 0.0078125 0.013888888888888888
0 0.2001953125 0.5216049382716049 0.0078125 0.018518518518518517
0 0.279296875 0.5169753086419753 0.009765625 0.016975308641975308
0 0.3037109375 0.5246913580246914 0.009765625 0.013888888888888888
0 0.3046875 0.5447530864197531 0.0107421875 0.012345679012345678
0 0.2568359375 0.5478395061728395 0.0087890625 0.013888888888888888
0 0.2392578125 0.5354938271604939 0.0078125 0.013888888888888888
0 0.2197265625 0.5339506172839507 0.0078125 0.012345679012345678
0 0.2626953125 0.5262345679012346 0.0068359375 0.012345679012345678
0 0.9755859375 0.5015432098765432 0.0087890625 0.016975308641975308
0 0.9892578125 0.4861111111111111 0.0068359375 0.013888888888888888
0 0.9794921875 0.4861111111111111 0.005859375 0.012345679012345678
0 0.8701171875 0.49228395061728397 0.005859375 0.010802469135802469
0 0.876953125 0.49537037037037035 0.005859375 0.010802469135802469
0 0.8994140625 0.4845679012345679 0.0048828125 0.009259259259259259
0 0.888671875 0.4691358024691358 0.005859375 0.010802469135802469
0 0.8759765625 0.470679012345679 0.0068359375 0.012345679012345678
0 0.865234375 0.46296296296296297 0.0048828125 0.009259259259259259
0 0.8466796875 0.470679012345679 0.0068359375 0.012345679012345678
0 0.8564453125 0.4722222222222222 0.0048828125 0.010802469135802469
0 0.8251953125 0.470679012345679 0.0048828125 0.009259259259259259
0 0.8173828125 0.48919753086419754 0.0068359375 0.010802469135802469
0 0.828125 0.4984567901234568 0.0048828125 0.007716049382716049
0 0.845703125 0.4876543209876543 0.005859375 0.012345679012345678
0 0.8408203125 0.4984567901234568 0.0048828125 0.007716049382716049
0 0.9619140625 0.4506172839506173 0.0068359375 0.013888888888888888
0 0.9853515625 0.4537037037037037 0.0078125 0.012345679012345678
0 0.951171875 0.4382716049382716 0.0078125 0.010802469135802469
0 0.92578125 0.4567901234567901 0.005859375 0.007716049382716049
0 0.931640625 0.4691358024691358 0.0048828125 0.013888888888888888
0 0.8076171875 0.4799382716049383 0.005859375 0.010802469135802469
0 0.9814453125 0.3950617283950617 0.00390625 0.009259259259259259
0 0.9912109375 0.38425925925925924 0.00390625 0.009259259259259259
0 0.9892578125 0.41203703703703703 0.0048828125 0.010802469135802469
0 0.9658203125 0.4074074074074074 0.00390625 0.009259259259259259
0 0.919921875 0.4058641975308642 0.005859375 0.007716049382716049
0 0.9306640625 0.39969135802469136 0.0048828125 0.010802469135802469
0 0.9267578125 0.39197530864197533 0.00390625 0.009259259259259259
0 0.9375 0.3904320987654321 0.00390625 0.009259259259259259
0 0.857421875 0.44753086419753085 0.0029296875 0.009259259259259259
0 0.8466796875 0.4567901234567901 0.0068359375 0.010802469135802469
0 0.775390625 0.4799382716049383 0.0078125 0.009259259259259259
0 0.7880859375 0.47685185185185186 0.0068359375 0.010802469135802469
0 0.7626953125 0.4722222222222222 0.005859375 0.013888888888888888
0 0.8759765625 0.4212962962962963 0.005859375 0.012345679012345678
0 0.8740234375 0.4398148148148148 0.0048828125 0.010802469135802469
0 0.9326171875 0.41975308641975306 0.0048828125 0.009259259259259259
0 0.7705078125 0.45524691358024694 0.0068359375 0.012345679012345678
0 0.7578125 0.4521604938271605 0.0078125 0.010802469135802469
0 0.7822265625 0.4444444444444444 0.0048828125 0.006172839506172839
0 0.7939453125 0.4521604938271605 0.005859375 0.009259259259259259
0 0.9130859375 0.4876543209876543 0.005859375 0.012345679012345678
0 0.98046875 0.41358024691358025 0.0078125 0.015432098765432098
0 0.71484375 0.46296296296296297 0.005859375 0.010802469135802469
0 0.7353515625 0.4645061728395062 0.005859375 0.010802469135802469
0 0.6982421875 0.4521604938271605 0.0068359375 0.010802469135802469
0 0.779296875 0.43209876543209874 0.0048828125 0.009259259259259259
0 0.8125 0.4089506172839506 0.00390625 0.009259259259259259
0 0.8154296875 0.3966049382716049 0.0048828125 0.007716049382716049
0 0.818359375 0.37808641975308643 0.00390625 0.007716049382716049
0 0.8359375 0.42746913580246915 0.0048828125 0.007716049382716049
0 0.8818359375 0.4012345679012346 0.0048828125 0.009259259259259259
0 0.8388671875 0.35030864197530864 0.0048828125 0.009259259259259259
0 0.673828125 0.41975308641975306 0.0048828125 0.012345679012345678
0 0.6826171875 0.41358024691358025 0.0048828125 0.010802469135802469
0 0.693359375 0.4228395061728395 0.005859375 0.009259259259259259
0 0.6923828125 0.4382716049382716 0.005859375 0.012345679012345678
0 0.7392578125 0.4012345679012346 0.0048828125 0.009259259259259259
0 0.7783203125 0.3611111111111111 0.00390625 0.010802469135802469
0 0.853515625 0.3904320987654321 0.005859375 0.016975308641975308
0 0.666015625 0.43364197530864196 0.0048828125 0.012345679012345678
0 0.658203125 0.4398148148148148 0.0048828125 0.010802469135802469
0 0.8046875 0.39351851851851855 0.0048828125 0.010802469135802469
0 0.79296875 0.3966049382716049 0.00390625 0.009259259259259259
0 0.736328125 0.4212962962962963 0.00390625 0.009259259259259259
0 0.8291015625 0.41203703703703703 0.005859375 0.015432098765432098
0 0.943359375 0.35185185185185186 0.0048828125 0.007716049382716049
0 0.8486328125 0.375 0.005859375 0.009259259259259259
0 0.9873046875 0.35030864197530864 0.00390625 0.010802469135802469
0 0.994140625 0.3333333333333333 0.0048828125 0.010802469135802469
0 0.84765625 0.3395061728395062 0.0048828125 0.009259259259259259
0 0.8017578125 0.3611111111111111 0.00390625 0.010802469135802469
0 0.7685546875 0.4166666666666667 0.0048828125 0.012345679012345678
0 0.765625 0.3734567901234568 0.0048828125 0.010802469135802469
0 0.939453125 0.46141975308641975 0.005859375 0.010802469135802469
0 0.7275390625 0.39197530864197533 0.0048828125 0.010802469135802469
0 0.6806640625 0.36419753086419754 0.0048828125 0.009259259259259259
0 0.7197265625 0.3734567901234568 0.00390625 0.009259259259259259
0 0.748046875 0.36419753086419754 0.00390625 0.007716049382716049
0 0.765625 0.3533950617283951 0.0048828125 0.009259259259259259
0 0.716796875 0.4367283950617284 0.005859375 0.012345679012345678
0 0.841796875 0.3950617283950617 0.0048828125 0.010802469135802469