0 0.162109375 0.4846715328467153 0.0224609375 0.024817518248175182
0 0.2470703125 0.4759124087591241 0.0244140625 0.040875912408759124
0 0.3388671875 0.4394160583941606 0.0244140625 0.030656934306569343
0 0.4111328125 0.2948905109489051 0.01953125 0.024817518248175182
0 0.419921875 0.4583941605839416 0.0205078125 0.0364963503649635
0 0.501953125 0.4408759124087591 0.021484375 0.026277372262773723
0 0.453125 0.5518248175182482 0.0283203125 0.040875912408759124
0 0.375 0.5445255474452555 0.0205078125 0.033576642335766425
0 0.2802734375 0.581021897810219 0.0244140625 0.027737226277372264
0 0.5693359375 0.5445255474452555 0.0244140625 0.0364963503649635
0 0.58203125 0.43503649635036495 0.0205078125 0.024817518248175182
0 0.583984375 0.24671532846715327 0.017578125 0.021897810218978103
0 0.65625 0.46277372262773725 0.0166015625 0.02335766423357664
0 0.6728515625 0.545985401459854 0.021484375 0.0364963503649635
0 0.7314453125 0.46131386861313867 0.0205078125 0.029197080291970802
0 0.8134765625 0.42773722627737226 0.01953125 0.026277372262773723
0 0.5029296875 0.06715328467153285 0.0234375 0.042335766423357665