0 0.125 0.872992700729927 0.01953125 0.043795620437956206
0 0.04296875 0.8481751824817518 0.0166015625 0.03941605839416058
0 0.2314453125 0.8379562043795621 0.0107421875 0.02335766423357664
0 0.16796875 0.8700729927007299 0.013671875 0.033576642335766425
0 0.1904296875 0.910948905109489 0.015625 0.0364963503649635
0 0.2333984375 0.8102189781021898 0.01171875 0.024817518248175182
0 0.2421875 0.7211678832116788 0.009765625 0.024817518248175182
0 0.1826171875 0.7226277372262774 0.009765625 0.02335766423357664
0 0.158203125 0.7518248175182481 0.0126953125 0.026277372262773723
0 0.1279296875 0.7313868613138687 0.009765625 0.024817518248175182
0 0.146484375 0.7854014598540145 0.01171875 0.024817518248175182
0 0.1220703125 0.8029197080291971 0.0107421875 0.02335766423357664
0 0.1015625 0.7795620437956204 0.0087890625 0.02335766423357664
0 0.0908203125 0.7299270072992701 0.009765625 0.024817518248175182
0 0.0556640625 0.710948905109489 0.009765625 0.026277372262773723
0 0.3564453125 0.8686131386861314 0.017578125 0.042335766423357665
0 0.298828125 0.8686131386861314 0.0205078125 0.051094890510948905
0 0.265625 0.8656934306569343 0.01953125 0.042335766423357665
0 0.3642578125 0.8145985401459854 0.01171875 0.026277372262773723
0 0.3369140625 0.8131386861313868 0.0107421875 0.024817518248175182
0 0.30859375 0.8175182481751825 0.01171875 0.026277372262773723
0 0.392578125 0.8233576642335766 0.009765625 0.020437956204379562
0 0.3828125 0.7547445255474453 0.01171875 0.024817518248175182
0 0.2607421875 0.8175182481751825 0.0107421875 0.02335766423357664
0 0.3232421875 0.7897810218978102 0.0107421875 0.021897810218978103
0 0.3828125 0.7868613138686131 0.0087890625 0.01897810218978102
0 0.2861328125 0.8131386861313868 0.0126953125 0.02335766423357664
0 0.2978515625 0.7927007299270074 0.009765625 0.020437956204379562
0 0.2802734375 0.8452554744525548 0.01171875 0.020437956204379562
0 0.4169921875 0.745985401459854 0.009765625 0.01897810218978102
0 0.4326171875 0.7401459854014598 0.01171875 0.021897810218978103
0 0.474609375 0.743065693430657 0.0107421875 0.020437956204379562
0 0.50390625 0.7416058394160584 0.013671875 0.021897810218978103
0 0.49609375 0.7211678832116788 0.013671875 0.026277372262773723
0 0.5126953125 0.710948905109489 0.0107421875 0.016058394160583942
0 0.4951171875 0.7708029197080292 0.0107421875 0.020437956204379562
0 0.5673828125 0.7416058394160584 0.01171875 0.026277372262773723
0 0.5712890625 0.7868613138686131 0.0107421875 0.024817518248175182
0 0.5654296875 0.7927007299270074 0.0087890625 0.024817518248175182
0 0.58984375 0.8364963503649635 0.009765625 0.021897810218978103
0 0.4873046875 0.8160583941605839 0.01171875 0.024817518248175182
0 0.5302734375 0.7839416058394161 0.0107421875 0.024817518248175182
0 0.4638671875 0.8467153284671532 0.01171875 0.029197080291970802
0 0.5048828125 0.8890510948905109 0.021484375 0.04817518248175182
0 0.423828125 0.8744525547445255 0.01953125 0.04525547445255475
0 0.41015625 0.8744525547445255 0.0205078125 0.042335766423357665
0 0.57421875 0.8773722627737226 0.017578125 0.033576642335766425
0 0.58984375 0.9167883211678832 0.01953125 0.03941605839416058
0 0.4619140625 0.7678832116788321 0.0107421875 0.024817518248175182
0 0.5068359375 0.7912408759124088 0.009765625 0.020437956204379562
0 0.515625 0.7751824817518248 0.009765625 0.024817518248175182
0 0.5625 0.8394160583941606 0.009765625 0.021897810218978103
0 0.4111328125 0.8131386861313868 0.0107421875 0.021897810218978103
0 0.435546875 0.7970802919708029 0.0087890625 0.017518248175182483
0 0.591796875 0.6496350364963503 0.01171875 0.020437956204379562
0 0.6220703125 0.6452554744525547 0.009765625 0.024817518248175182
0 0.634765625 0.6583941605839416 0.01171875 0.020437956204379562
0 0.6318359375 0.6788321167883211 0.01171875 0.021897810218978103
0 0.6826171875 0.6510948905109489 0.0107421875 0.021897810218978103
0 0.703125 0.6948905109489051 0.0107421875 0.02335766423357664
0 0.5888671875 0.710948905109489 0.009765625 0.02335766423357664
0 0.650390625 0.7576642335766424 0.0107421875 0.024817518248175182
0 0.7060546875 0.7562043795620438 0.0126953125 0.027737226277372264
0 0.673828125 0.8058394160583942 0.0146484375 0.030656934306569343
0 0.609375 0.8262773722627738 0.0146484375 0.027737226277372264
0 0.59375 0.8058394160583942 0.013671875 0.029197080291970802
0 0.6904296875 0.8029197080291971 0.01171875 0.027737226277372264
0 0.6669921875 0.7854014598540145 0.0107421875 0.02335766423357664
0 0.6123046875 0.7182481751824817 0.0126953125 0.024817518248175182
0 0.66015625 0.724087591240876 0.009765625 0.021897810218978103
0 0.60546875 0.762043795620438 0.0126953125 0.021897810218978103
0 0.6787109375 0.743065693430657 0.0107421875 0.027737226277372264
0 0.71484375 0.8394160583941606 0.021484375 0.042335766423357665
0 0.634765625 0.8627737226277372 0.0244140625 0.049635036496350364
0 0.7529296875 0.7751824817518248 0.0146484375 0.026277372262773723
0 0.8125 0.7605839416058394 0.013671875 0.024817518248175182
0 0.7861328125 0.7927007299270074 0.01171875 0.021897810218978103
0 0.7265625 0.762043795620438 0.0126953125 0.024817518248175182
0 0.7353515625 0.8043795620437956 0.01171875 0.026277372262773723
0 0.8388671875 0.656934306569343 0.01171875 0.026277372262773723
0 0.8291015625 0.6437956204379562 0.009765625 0.020437956204379562
0 0.8076171875 0.6510948905109489 0.01171875 0.024817518248175182
0 0.826171875 0.602919708029197 0.009765625 0.021897810218978103
0 0.7734375 0.6262773722627737 0.0068359375 0.020437956204379562
0 0.73828125 0.6262773722627737 0.0107421875 0.026277372262773723
0 0.794921875 0.7357664233576642 0.0126953125 0.024817518248175182
0 0.7666015625 0.7416058394160584 0.0126953125 0.024817518248175182
0 0.763671875 0.7138686131386861 0.0107421875 0.024817518248175182
0 0.7587890625 0.691970802919708 0.01171875 0.027737226277372264
0 0.82421875 0.6832116788321168 0.009765625 0.027737226277372264
0 0.8359375 0.7547445255474453 0.009765625 0.024817518248175182
0 0.73046875 0.7328467153284671 0.0087890625 0.024817518248175182
0 0.7373046875 0.7401459854014598 0.0087890625 0.021897810218978103
0 0.74609375 0.7591240875912408 0.0107421875 0.024817518248175182
0 0.806640625 0.6131386861313869 0.0107421875 0.02335766423357664
0 0.8388671875 0.6072992700729927 0.0107421875 0.021897810218978103
0 0.7314453125 0.6364963503649635 0.009765625 0.02335766423357664
0 0.7841796875 0.727007299270073 0.0078125 0.021897810218978103
0 0.703125 0.6145985401459854 0.01171875 0.020437956204379562
0 0.748046875 0.6759124087591241 0.009765625 0.021897810218978103
0 0.810546875 0.708029197080292 0.0107421875 0.021897810218978103
0 0.6787109375 0.6175182481751825 0.0078125 0.016058394160583942
0 0.6787109375 0.637956204379562 0.009765625 0.02335766423357664
0 0.9404296875 0.7649635036496351 0.0146484375 0.024817518248175182
0 0.865234375 0.7824817518248175 0.0126953125 0.027737226277372264
0 0.853515625 0.7956204379562044 0.0107421875 0.02335766423357664
0 0.9091796875 0.781021897810219 0.013671875 0.027737226277372264
0 0.9443359375 0.7299270072992701 0.0126953125 0.024817518248175182
0 0.9140625 0.7051094890510949 0.01171875 0.026277372262773723
0 0.947265625 0.7065693430656934 0.0126953125 0.017518248175182483
0 0.8759765625 0.7532846715328467 0.015625 0.026277372262773723
0 0.8779296875 0.6875912408759124 0.0126953125 0.026277372262773723
0 0.890625 0.6802919708029197 0.0107421875 0.026277372262773723
0 0.8564453125 0.6861313868613139 0.0126953125 0.02335766423357664
0 0.84765625 0.7167883211678832 0.009765625 0.02335766423357664
0 0.8681640625 0.8686131386861314 0.0234375 0.04671532846715328
0 0.93359375 0.7489051094890511 0.01171875 0.02335766423357664
0 0.9150390625 0.8656934306569343 0.017578125 0.030656934306569343
0 0.62109375 0.8029197080291971 0.0126953125 0.021897810218978103
0 0.9716796875 0.6437956204379562 0.0126953125 0.02335766423357664
0 0.962890625 0.6160583941605839 0.013671875 0.026277372262773723
0 0.9921875 0.618978102189781 0.0107421875 0.02335766423357664
0 0.9208984375 0.6364963503649635 0.01171875 0.02335766423357664
0 0.931640625 0.6145985401459854 0.0126953125 0.026277372262773723
0 0.9765625 0.5722627737226277 0.0107421875 0.026277372262773723
0 0.8837890625 0.6496350364963503 0.01171875 0.020437956204379562
0 0.9072265625 0.6233576642335766 0.01171875 0.029197080291970802
0 0.8896484375 0.6262773722627737 0.0107421875 0.021897810218978103
0 0.8642578125 0.6233576642335766 0.0107421875 0.024817518248175182
0 0.9072265625 0.5970802919708029 0.0107421875 0.020437956204379562
0 0.9462890625 0.5751824817518248 0.009765625 0.020437956204379562
0 0.9912109375 0.5299270072992701 0.0107421875 0.02335766423357664
0 0.974609375 0.5313868613138686 0.0126953125 0.024817518248175182
0 0.921875 0.5781021897810219 0.0126953125 0.024817518248175182
0 0.9189453125 0.5518248175182482 0.01171875 0.021897810218978103
0 0.9052734375 0.5751824817518248 0.009765625 0.020437956204379562
0 0.9111328125 0.5284671532846715 0.01171875 0.02335766423357664
0 0.8935546875 0.5343065693430656 0.01171875 0.021897810218978103
0 0.861328125 0.5372262773722628 0.01171875 0.021897810218978103
0 0.85546875 0.5781021897810219 0.0126953125 0.013138686131386862
0 0.7666015625 0.564963503649635 0.009765625 0.02335766423357664
0 0.8017578125 0.5386861313868613 0.0126953125 0.024817518248175182
0 0.794921875 0.5737226277372263 0.0107421875 0.02335766423357664
0 0.8095703125 0.5868613138686132 0.0107421875 0.02335766423357664
0 0.828125 0.564963503649635 0.0087890625 0.021897810218978103
0 0.9755859375 0.5094890510948905 0.009765625 0.017518248175182483
0 0.9892578125 0.43795620437956206 0.0107421875 0.020437956204379562
0 0.9404296875 0.45985401459854014 0.0107421875 0.02335766423357664
0 0.962890625 0.4905109489051095 0.009765625 0.021897810218978103
0 0.99609375 0.4802919708029197 0.0078125 0.020437956204379562
0 0.94921875 0.5051094890510949 0.0107421875 0.020437956204379562
0 0.9462890625 0.5386861313868613 0.013671875 0.02335766423357664
0 0.9375 0.491970802919708 0.009765625 0.01897810218978102
0 0.9501953125 0.291970802919708 0.0087890625 0.01897810218978102
0 0.978515625 0.2832116788321168 0.009765625 0.014598540145985401
0 0.9443359375 0.32262773722627736 0.009765625 0.014598540145985401
0 0.91796875 0.362043795620438 0.009765625 0.017518248175182483
0 0.8896484375 0.37664233576642336 0.0107421875 0.01897810218978102
0 0.8779296875 0.3970802919708029 0.01171875 0.021897810218978103
0 0.8623046875 0.3357664233576642 0.009765625 0.020437956204379562
0 0.9111328125 0.3167883211678832 0.0107421875 0.021897810218978103
0 0.8994140625 0.29781021897810217 0.009765625 0.017518248175182483
0 0.8896484375 0.2832116788321168 0.009765625 0.01897810218978102
0 0.9296875 0.29781021897810217 0.0078125 0.013138686131386862
0 0.8212890625 0.32262773722627736 0.009765625 0.021897810218978103
0 0.857421875 0.29635036496350364 0.01171875 0.020437956204379562
0 0.87890625 0.33138686131386863 0.0087890625 0.01897810218978102
0 0.796875 0.3372262773722628 0.009765625 0.01897810218978102
0 0.794921875 0.41605839416058393 0.009765625 0.021897810218978103
0 0.8037109375 0.37518248175182484 0.0087890625 0.01897810218978102
0 0.849609375 0.35912408759124087 0.0087890625 0.017518248175182483
0 0.8349609375 0.4145985401459854 0.0087890625 0.01897810218978102
0 0.8193359375 0.29635036496350364 0.0078125 0.017518248175182483
0 0.7666015625 0.35912408759124087 0.0078125 0.016058394160583942
0 0.76953125 0.41021897810218977 0.009765625 0.021897810218978103
0 0.724609375 0.4510948905109489 0.009765625 0.020437956204379562
0 0.8095703125 0.4554744525547445 0.0107421875 0.021897810218978103
0 0.78125 0.45985401459854014 0.009765625 0.021897810218978103
0 0.7568359375 0.45255474452554745 0.009765625 0.02335766423357664
0 0.7353515625 0.3445255474452555 0.009765625 0.01897810218978102
0 0.7568359375 0.3372262773722628 0.0087890625 0.016058394160583942
0 0.6767578125 0.32116788321167883 0.0107421875 0.017518248175182483
0 0.7021484375 0.3445255474452555 0.0087890625 0.020437956204379562
0 0.7294921875 0.3722627737226277 0.0087890625 0.020437956204379562
0 0.7236328125 0.4058394160583942 0.0107421875 0.01897810218978102
0 0.7431640625 0.4043795620437956 0.01171875 0.02335766423357664
0 0.6865234375 0.3897810218978102 0.0107421875 0.01897810218978102
0 0.6884765625 0.4145985401459854 0.0087890625 0.021897810218978103
0 0.6474609375 0.4948905109489051 0.0087890625 0.01897810218978102
0 0.7275390625 0.48759124087591244 0.0078125 0.01897810218978102
0 0.6962890625 0.4583941605839416 0.0107421875 0.020437956204379562
0 0.6240234375 0.3854014598540146 0.0087890625 0.01897810218978102
0 0.6611328125 0.3854014598540146 0.0087890625 0.020437956204379562
0 0.67578125 0.345985401459854 0.0078125 0.017518248175182483
0 0.5888671875 0.362043795620438 0.0078125 0.017518248175182483
0 0.61328125 0.3532846715328467 0.0087890625 0.020437956204379562
0 0.634765625 0.362043795620438 0.0078125 0.01897810218978102
0 0.6005859375 0.4043795620437956 0.009765625 0.020437956204379562
0 0.578125 0.3970802919708029 0.009765625 0.01897810218978102
0 0.630859375 0.5372262773722628 0.0107421875 0.020437956204379562
0 0.6376953125 0.4642335766423358 0.0107421875 0.017518248175182483
0 0.412109375 0.527007299270073 0.0107421875 0.01897810218978102
0 0.3583984375 0.5430656934306569 0.0087890625 0.020437956204379562
0 0.1337890625 0.6832116788321168 0.0107421875 0.021897810218978103
0 0.224609375 0.672992700729927 0.01171875 0.02335766423357664
0 0.1845703125 0.689051094890511 0.009765625 0.021897810218978103
0 0.2822265625 0.689051094890511 0.0087890625 0.021897810218978103
0 0.3349609375 0.6394160583941606 0.0107421875 0.021897810218978103
0 0.28515625 0.6481751824817519 0.01171875 0.021897810218978103
0 0.3388671875 0.6759124087591241 0.009765625 0.024817518248175182
0 0.43359375 0.6394160583941606 0.0126953125 0.021897810218978103
0 0.384765625 0.6364963503649635 0.01171875 0.02335766423357664
0 0.931640625 0.11532846715328467 0.0087890625 0.01897810218978102
0 0.939453125 0.14306569343065692 0.0078125 0.016058394160583942
0 0.9130859375 0.11678832116788321 0.0087890625 0.020437956204379562
0 0.9052734375 0.14306569343065692 0.009765625 0.020437956204379562
0 0.869140625 0.12408759124087591 0.0078125 0.016058394160583942
0 0.8876953125 0.11386861313868613 0.0078125 0.017518248175182483
0 0.8984375 0.10510948905109489 0.0078125 0.017518248175182483
0 0.9189453125 0.10364963503649635 0.0087890625 0.017518248175182483
0 0.91796875 0.1854014598540146 0.0087890625 0.01897810218978102
0 0.833984375 0.16058394160583941 0.009765625 0.01897810218978102
0 0.8349609375 0.20583941605839415 0.0087890625 0.01897810218978102
0 0.87890625 0.15036496350364964 0.0078125 0.017518248175182483
0 0.8642578125 0.17518248175182483 0.009765625 0.01897810218978102
0 0.88671875 0.19854014598540146 0.0087890625 0.017518248175182483
0 0.86328125 0.10802919708029197 0.0087890625 0.016058394160583942
0 0.830078125 0.12554744525547445 0.0078125 0.020437956204379562
0 0.7646484375 0.17372262773722627 0.0087890625 0.017518248175182483
0 0.8681640625 0.06861313868613139 0.0087890625 0.016058394160583942
0 0.9248046875 0.035036496350364967 0.0087890625 0.014598540145985401
0 0.90625 0.03795620437956204 0.0087890625 0.016058394160583942
0 0.8876953125 0.061313868613138686 0.0087890625 0.017518248175182483
0 0.8779296875 0.03795620437956204 0.0068359375 0.017518248175182483
0 0.8955078125 0.030656934306569343 0.0078125 0.016058394160583942
0 0.921875 0.00583941605839416 0.009765625 0.01167883211678832
0 0.90234375 0.017518248175182483 0.0068359375 0.014598540145985401
0 0.87890625 0.008759124087591242 0.0078125 0.014598540145985401
0 0.8662109375 0.010218978102189781 0.0087890625 0.017518248175182483
0 0.859375 0.013138686131386862 0.0078125 0.013138686131386862
0 0.81640625 0.049635036496350364 0.0068359375 0.016058394160583942
0 0.84765625 0.09343065693430656 0.0087890625 0.016058394160583942
0 0.845703125 0.07445255474452554 0.0087890625 0.013138686131386862
0 0.859375 0.06715328467153285 0.0068359375 0.014598540145985401
0 0.85546875 0.04671532846715328 0.0078125 0.014598540145985401
0 0.8271484375 0.032116788321167884 0.0078125 0.016058394160583942
0 0.791015625 0.06277372262773723 0.0087890625 0.016058394160583942
0 0.7685546875 0.013138686131386862 0.0078125 0.016058394160583942
0 0.7861328125 0.010218978102189781 0.009765625 0.014598540145985401
0 0.814453125 0.020437956204379562 0.0078125 0.014598540145985401
0 0.802734375 0.11824817518248175 0.0078125 0.016058394160583942
0 0.82421875 0.07737226277372262 0.0087890625 0.016058394160583942
0 0.8369140625 0.061313868613138686 0.0068359375 0.014598540145985401
0 0.8115234375 0.17518248175182483 0.009765625 0.017518248175182483
0 0.7890625 0.17664233576642335 0.0087890625 0.01897810218978102
0 0.7802734375 0.1562043795620438 0.009765625 0.017518248175182483
0 0.7958984375 0.16058394160583941 0.009765625 0.01897810218978102
0 0.7841796875 0.1386861313868613 0.0078125 0.016058394160583942
0 0.7685546875 0.10656934306569343 0.0078125 0.016058394160583942
0 0.7763671875 0.027737226277372264 0.0087890625 0.017518248175182483
0 0.81640625 0.13138686131386862 0.0087890625 0.016058394160583942
0 0.857421875 0.16058394160583941 0.0087890625 0.017518248175182483
0 0.84375 0.18832116788321168 0.0068359375 0.017518248175182483
0 0.9287109375 0.07445255474452554 0.0068359375 0.017518248175182483
0 0.982421875 0.14306569343065692 0.0087890625 0.020437956204379562
0 0.9677734375 0.1854014598540146 0.009765625 0.01897810218978102
0 0.9873046875 0.17956204379562044 0.0078125 0.01897810218978102
0 0.947265625 0.17518248175182483 0.01171875 0.021897810218978103
0 0.96484375 0.15182481751824817 0.009765625 0.020437956204379562
0 0.9794921875 0.10218978102189781 0.009765625 0.020437956204379562
0 0.953125 0.10948905109489052 0.0087890625 0.016058394160583942
0 0.9951171875 0.07737226277372262 0.0087890625 0.020437956204379562
0 0.9775390625 0.06423357664233577 0.009765625 0.021897810218978103
0 0.9912109375 0.02335766423357664 0.0078125 0.017518248175182483
0 0.966796875 0.021897810218978103 0.009765625 0.01897810218978102
0 0.95703125 0.03795620437956204 0.0087890625 0.01897810218978102
0 0.9482421875 0.08175182481751825 0.0068359375 0.016058394160583942
0 0.9365234375 0.08029197080291971 0.0087890625 0.017518248175182483
0 0.93359375 0.017518248175182483 0.0078125 0.014598540145985401
0 0.748046875 0.043795620437956206 0.0078125 0.017518248175182483
0 0.73828125 0.10364963503649635 0.009765625 0.017518248175182483
0 0.7197265625 0.08613138686131387 0.0078125 0.016058394160583942
0 0.6982421875 0.08613138686131387 0.0087890625 0.017518248175182483
0 0.677734375 0.0905109489051095 0.0078125 0.016058394160583942
0 0.7587890625 0.07737226277372262 0.0087890625 0.01897810218978102
0 0.7587890625 0.14744525547445256 0.0087890625 0.01897810218978102
0 0.7451171875 0.17518248175182483 0.0078125 0.016058394160583942
0 0.73046875 0.16204379562043797 0.0078125 0.017518248175182483
0 0.75390625 0.1386861313868613 0.0078125 0.016058394160583942
0 0.6796875 0.19562043795620437 0.01171875 0.020437956204379562
0 0.6455078125 0.17956204379562044 0.0087890625 0.016058394160583942
0 0.693359375 0.16642335766423358 0.0078125 0.017518248175182483
0 0.67578125 0.12116788321167883 0.0078125 0.016058394160583942
0 0.6591796875 0.13284671532846715 0.0087890625 0.01897810218978102
0 0.6904296875 0.07007299270072993 0.0078125 0.016058394160583942
0 0.69921875 0.058394160583941604 0.0087890625 0.01897810218978102
0 0.7119140625 0.03795620437956204 0.0087890625 0.017518248175182483
0 0.7314453125 0.029197080291970802 0.0087890625 0.017518248175182483
0 0.74609375 0.014598540145985401 0.0078125 0.016058394160583942
0 0.6650390625 0.061313868613138686 0.0078125 0.016058394160583942
0 0.6728515625 0.02335766423357664 0.0078125 0.017518248175182483
0 0.68359375 0.040875912408759124 0.0078125 0.014598540145985401
0 0.68359375 0.06423357664233577 0.0068359375 0.014598540145985401
0 0.6572265625 0.04525547445255475 0.0087890625 0.017518248175182483
0 0.6259765625 0.14452554744525548 0.0087890625 0.016058394160583942
0 0.619140625 0.17664233576642335 0.0087890625 0.017518248175182483
0 0.6533203125 0.16058394160583941 0.0087890625 0.017518248175182483
0 0.6318359375 0.1678832116788321 0.0087890625 0.01897810218978102
0 0.6220703125 0.08029197080291971 0.0087890625 0.017518248175182483
0 0.642578125 0.10510948905109489 0.0087890625 0.014598540145985401
0 0.626953125 0.04525547445255475 0.0078125 0.013138686131386862
0 0.6318359375 0.020437956204379562 0.0068359375 0.016058394160583942
0 0.619140625 0.014598540145985401 0.0078125 0.017518248175182483
0 0.638671875 0.08029197080291971 0.0068359375 0.01897810218978102
0 0.6396484375 0.12846715328467154 0.0087890625 0.01897810218978102
0 0.720703125 0.10948905109489052 0.0087890625 0.020437956204379562
0 0.689453125 0.2145985401459854 0.0087890625 0.014598540145985401
0 0.673828125 0.14890510948905109 0.009765625 0.017518248175182483
0 0.6640625 0.2145985401459854 0.0087890625 0.017518248175182483
0 0.65234375 0.22043795620437956 0.009765625 0.01897810218978102
0 0.6484375 0.20583941605839415 0.009765625 0.017518248175182483
0 0.58984375 0.18686131386861313 0.0087890625 0.01897810218978102
0 0.5849609375 0.2116788321167883 0.0078125 0.016058394160583942
0 0.5693359375 0.1854014598540146 0.0087890625 0.017518248175182483
0 0.5859375 0.16496350364963502 0.0107421875 0.020437956204379562
0 0.564453125 0.22335766423357664 0.009765625 0.020437956204379562
0 0.5810546875 0.24087591240875914 0.009765625 0.01897810218978102
0 0.6298828125 0.26423357664233577 0.009765625 0.020437956204379562
0 0.591796875 0.26423357664233577 0.009765625 0.020437956204379562
0 0.5927734375 0.24087591240875914 0.0087890625 0.016058394160583942
0 0.552734375 0.2846715328467153 0.0087890625 0.01897810218978102
0 0.556640625 0.2686131386861314 0.0087890625 0.017518248175182483
0 0.55859375 0.2569343065693431 0.0087890625 0.020437956204379562
0 0.572265625 0.1708029197080292 0.0087890625 0.01897810218978102
0 0.580078125 0.20145985401459854 0.0078125 0.020437956204379562
0 0.5986328125 0.1897810218978102 0.0078125 0.017518248175182483
0 0.6162109375 0.23941605839416058 0.0078125 0.014598540145985401
0 0.6279296875 0.24087591240875914 0.0087890625 0.016058394160583942
0 0.595703125 0.14306569343065692 0.0078125 0.013138686131386862
0 0.556640625 0.15474452554744525 0.0078125 0.017518248175182483
0 0.880859375 0.5197080291970803 0.0107421875 0.02335766423357664
0 0.8544921875 0.5197080291970803 0.0087890625 0.017518248175182483
0 0.83984375 0.5357664233576642 0.01171875 0.021897810218978103
0 0.744140625 0.31386861313868614 0.0107421875 0.01897810218978102
0 0.7216796875 0.31386861313868614 0.009765625 0.017518248175182483
0 0.6962890625 0.31532846715328466 0.0107421875 0.017518248175182483
0 0.625 0.31386861313868614 0.0087890625 0.020437956204379562
0 0.66015625 0.3562043795620438 0.009765625 0.020437956204379562
0 0.6494140625 0.3182481751824818 0.0107421875 0.01897810218978102
0 0.7705078125 0.3051094890510949 0.0087890625 0.016058394160583942
0 0.7841796875 0.310948905109489 0.0087890625 0.013138686131386862
0 0.1220703125 0.049635036496350364 0.0068359375 0.013138686131386862
0 0.0390625 0.07591240875912408 0.0078125 0.014598540145985401
0 0.0927734375 0.10656934306569343 0.0078125 0.014598540145985401
0 0.12890625 0.09197080291970802 0.0087890625 0.017518248175182483
0 0.0703125 0.035036496350364967 0.0068359375 0.014598540145985401
0 0.0830078125 0.035036496350364967 0.005859375 0.016058394160583942
0 0.0810546875 0.08029197080291971 0.0078125 0.013138686131386862
0 0.064453125 0.10802919708029197 0.0078125 0.016058394160583942
0 0.0498046875 0.12262773722627737 0.0078125 0.014598540145985401
0 0.0283203125 0.13722627737226278 0.0087890625 0.016058394160583942
0 0.1181640625 0.12992700729927006 0.0078125 0.016058394160583942
0 0.1357421875 0.12992700729927006 0.0087890625 0.017518248175182483
0 0.138671875 0.09635036496350365 0.0087890625 0.01897810218978102
0 0.0732421875 0.07153284671532846 0.0078125 0.016058394160583942
0 0.0595703125 0.08321167883211679 0.0087890625 0.014598540145985401
0 0.095703125 0.13722627737226278 0.0068359375 0.014598540145985401
0 0.1044921875 0.10072992700729927 0.0068359375 0.013138686131386862
0 0.1005859375 0.09635036496350365 0.0078125 0.017518248175182483
0 0.021484375 0.09927007299270073 0.005859375 0.014598540145985401
0 0.0185546875 0.061313868613138686 0.0068359375 0.013138686131386862
0 0.130859375 0.05693430656934306 0.0078125 0.016058394160583942
0 0.0703125 0.12262773722627737 0.0068359375 0.013138686131386862
0 0.01171875 0.12554744525547445 0.0068359375 0.016058394160583942
0 0.1142578125 0.027737226277372264 0.0078125 0.013138686131386862
0 0.029296875 0.07445255474452554 0.0078125 0.014598540145985401
0 0.046875 0.07153284671532846 0.005859375 0.016058394160583942
0 0.0791015625 0.145985401459854 0.0068359375 0.013138686131386862
0 0.0947265625 0.020437956204379562 0.0068359375 0.016058394160583942
0 0.0478515625 0.043795620437956206 0.0078125 0.014598540145985401
0 0.1572265625 0.032116788321167884 0.0068359375 0.013138686131386862
0 0.2041015625 0.032116788321167884 0.0078125 0.014598540145985401
0 0.2216796875 0.12262773722627737 0.0068359375 0.016058394160583942
0 0.22265625 0.11094890510948906 0.0078125 0.014598540145985401
0 0.208984375 0.11094890510948906 0.0078125 0.014598540145985401
0 0.1494140625 0.4802919708029197 0.009765625 0.017518248175182483
0 0.16015625 0.48759124087591244 0.0087890625 0.016058394160583942
0 0.150390625 0.5051094890510949 0.0087890625 0.016058394160583942
0 0.1416015625 0.5094890510948905 0.009765625 0.017518248175182483
0 0.1748046875 0.48759124087591244 0.0087890625 0.014598540145985401
0 0.1201171875 0.5328467153284672 0.0078125 0.017518248175182483
0 0.095703125 0.5430656934306569 0.01171875 0.021897810218978103
0 0.083984375 0.5605839416058395 0.0087890625 0.01897810218978102
0 0.0634765625 0.5605839416058395 0.009765625 0.01897810218978102
0 0.16796875 0.4408759124087591 0.0087890625 0.017518248175182483
0 0.1865234375 0.42627737226277373 0.009765625 0.020437956204379562
0 0.1484375 0.42773722627737226 0.009765625 0.01897810218978102
0 0.0986328125 0.41021897810218977 0.0078125 0.016058394160583942
0 0.1533203125 0.46715328467153283 0.0078125 0.016058394160583942
0 0.091796875 0.4978102189781022 0.009765625 0.020437956204379562
0 0.0771484375 0.5372262773722628 0.0087890625 0.01897810218978102
0 0.041015625 0.5532846715328467 0.009765625 0.01897810218978102
0 0.0302734375 0.5605839416058395 0.0087890625 0.020437956204379562
0 0.1728515625 0.5080291970802919 0.0087890625 0.016058394160583942
0 0.076171875 0.5124087591240876 0.0087890625 0.016058394160583942
0 0.04296875 0.5255474452554745 0.0107421875 0.01897810218978102
0 0.0244140625 0.4686131386861314 0.0107421875 0.01897810218978102
0 0.01953125 0.4978102189781022 0.009765625 0.01897810218978102
0 0.0693359375 0.4759124087591241 0.009765625 0.01897810218978102
0 0.068359375 0.46277372262773725 0.0107421875 0.017518248175182483
0 0.1318359375 0.46277372262773725 0.0087890625 0.016058394160583942
0 0.1259765625 0.4408759124087591 0.009765625 0.016058394160583942
0 0.125 0.5007299270072992 0.0087890625 0.016058394160583942
0 0.1083984375 0.49343065693430654 0.0087890625 0.016058394160583942
0 0.109375 0.46131386861313867 0.0087890625 0.017518248175182483
0 0.095703125 0.4408759124087591 0.0087890625 0.016058394160583942
0 0.083984375 0.4481751824817518 0.0087890625 0.017518248175182483
0 0.064453125 0.4291970802919708 0.009765625 0.01897810218978102
0 0.09765625 0.46277372262773725 0.0087890625 0.014598540145985401
0 0.0537109375 0.44963503649635034 0.0078125 0.017518248175182483
0 0.0458984375 0.4408759124087591 0.009765625 0.016058394160583942
0 0.0341796875 0.4510948905109489 0.009765625 0.017518248175182483
0 0.0576171875 0.527007299270073 0.009765625 0.01897810218978102
0 0.1328125 0.42043795620437957 0.009765625 0.017518248175182483
0 0.130859375 0.3970802919708029 0.0087890625 0.017518248175182483
0 0.16796875 0.41897810218978104 0.0087890625 0.017518248175182483
0 0.1767578125 0.3854014598540146 0.009765625 0.017518248175182483
0 0.150390625 0.3854014598540146 0.009765625 0.017518248175182483
0 0.0986328125 0.3854014598540146 0.009765625 0.01897810218978102
0 0.0703125 0.41021897810218977 0.0087890625 0.017518248175182483
0 0.0703125 0.39416058394160586 0.0078125 0.013138686131386862
0 0.0576171875 0.3927007299270073 0.0078125 0.016058394160583942
0 0.0751953125 0.381021897810219 0.0078125 0.016058394160583942
0 0.048828125 0.4131386861313869 0.0087890625 0.01897810218978102
0 0.0341796875 0.3897810218978102 0.0087890625 0.017518248175182483
0 0.0224609375 0.381021897810219 0.0087890625 0.016058394160583942
0 0.0888671875 0.38248175182481753 0.0078125 0.014598540145985401
0 0.1181640625 0.3854014598540146 0.009765625 0.017518248175182483
0 0.125 0.48613138686131385 0.0087890625 0.017518248175182483
0 0.0517578125 0.472992700729927 0.0087890625 0.016058394160583942
0 0.0390625 0.4905109489051095 0.0087890625 0.013138686131386862
0 0.0224609375 0.5313868613138686 0.0078125 0.017518248175182483
0 0.0341796875 0.5182481751824818 0.0087890625 0.017518248175182483
0 0.0439453125 0.5094890510948905 0.0087890625 0.01897810218978102
0 0.0634765625 0.5094890510948905 0.0087890625 0.016058394160583942
0 0.142578125 0.4802919708029197 0.0078125 0.017518248175182483
0 0.0263671875 0.5430656934306569 0.0087890625 0.016058394160583942
0 0.0205078125 0.4058394160583942 0.005859375 0.016058394160583942
0 0.0244140625 0.4467153284671533 0.0087890625 0.014598540145985401
0 0.2744140625 0.4905109489051095 0.0087890625 0.017518248175182483
0 0.3046875 0.44379562043795623 0.0107421875 0.020437956204379562
0 0.3056640625 0.41021897810218977 0.0107421875 0.020437956204379562
0 0.265625 0.42627737226277373 0.0087890625 0.016058394160583942
0 0.2607421875 0.4583941605839416 0.0078125 0.016058394160583942
0 0.2763671875 0.4583941605839416 0.0087890625 0.016058394160583942
0 0.251953125 0.48175182481751827 0.0107421875 0.020437956204379562
0 0.2529296875 0.4583941605839416 0.0078125 0.016058394160583942
0 0.2421875 0.4291970802919708 0.009765625 0.01897810218978102
0 0.251953125 0.42773722627737226 0.009765625 0.01897810218978102
0 0.2646484375 0.40145985401459855 0.0087890625 0.01897810218978102
0 0.283203125 0.3927007299270073 0.009765625 0.017518248175182483
0 0.3115234375 0.3678832116788321 0.009765625 0.021897810218978103
0 0.2802734375 0.3635036496350365 0.0107421875 0.017518248175182483
0 0.20703125 0.472992700729927 0.0107421875 0.020437956204379562
0 0.22265625 0.46277372262773725 0.0107421875 0.020437956204379562
0 0.216796875 0.47153284671532847 0.0087890625 0.017518248175182483
0 0.2099609375 0.4306569343065693 0.0107421875 0.020437956204379562
0 0.2333984375 0.4248175182481752 0.0087890625 0.016058394160583942
0 0.2412109375 0.4029197080291971 0.009765625 0.01897810218978102
0 0.22265625 0.4072992700729927 0.009765625 0.020437956204379562
0 0.205078125 0.39854014598540144 0.009765625 0.017518248175182483
0 0.2431640625 0.381021897810219 0.0087890625 0.020437956204379562
0 0.2138671875 0.38394160583941606 0.009765625 0.017518248175182483
0 0.216796875 0.36642335766423356 0.0087890625 0.016058394160583942
0 0.2451171875 0.35912408759124087 0.009765625 0.016058394160583942
0 0.2021484375 0.3678832116788321 0.009765625 0.016058394160583942
0 0.185546875 0.36934306569343067 0.0087890625 0.016058394160583942
0 0.1904296875 0.4642335766423358 0.0087890625 0.016058394160583942
0 0.1669921875 0.3605839416058394 0.009765625 0.016058394160583942
0 0.3232421875 0.4467153284671533 0.0087890625 0.020437956204379562
0 0.3486328125 0.41897810218978104 0.0087890625 0.01897810218978102
0 0.568359375 0.43503649635036495 0.0078125 0.01897810218978102
0 0.529296875 0.3927007299270073 0.0107421875 0.01897810218978102
0 0.5537109375 0.39416058394160586 0.0107421875 0.01897810218978102
0 0.4296875 0.36642335766423356 0.0107421875 0.01897810218978102
0 0.5322265625 0.345985401459854 0.009765625 0.020437956204379562
0 0.5166015625 0.3445255474452555 0.009765625 0.01897810218978102
0 0.4951171875 0.35036496350364965 0.009765625 0.01897810218978102
0 0.4990234375 0.39854014598540144 0.009765625 0.01897810218978102
0 0.3896484375 0.4 0.009765625 0.01897810218978102
0 0.4072265625 0.3708029197080292 0.009765625 0.017518248175182483
0 0.380859375 0.3854014598540146 0.0087890625 0.01897810218978102
0 0.361328125 0.3956204379562044 0.0107421875 0.020437956204379562
0 0.357421875 0.37664233576642336 0.0087890625 0.01897810218978102
0 0.33203125 0.4116788321167883 0.0107421875 0.021897810218978103
0 0.3193359375 0.3970802919708029 0.009765625 0.017518248175182483
0 0.552734375 0.35766423357664234 0.01171875 0.021897810218978103
0 0.421875 0.3532846715328467 0.0107421875 0.020437956204379562
0 0.4765625 0.3605839416058394 0.0087890625 0.01897810218978102
0 0.4443359375 0.4364963503649635 0.0107421875 0.020437956204379562
0 0.509765625 0.4394160583941606 0.009765625 0.020437956204379562
0 0.54296875 0.4233576642335766 0.0107421875 0.020437956204379562
0 0.47265625 0.43503649635036495 0.009765625 0.01897810218978102
0 0.4833984375 0.45255474452554745 0.0107421875 0.020437956204379562
0 0.4130859375 0.44525547445255476 0.0107421875 0.020437956204379562
0 0.3876953125 0.3708029197080292 0.0078125 0.014598540145985401
0 0.337890625 0.3562043795620438 0.009765625 0.01897810218978102
0 0.365234375 0.35474452554744523 0.0087890625 0.020437956204379562
0 0.3583984375 0.34890510948905107 0.0087890625 0.017518248175182483
0 0.4755859375 0.34306569343065696 0.009765625 0.017518248175182483
0 0.4453125 0.3357664233576642 0.0087890625 0.014598540145985401
0 0.4072265625 0.3343065693430657 0.009765625 0.01897810218978102
0 0.294921875 0.3386861313868613 0.0078125 0.017518248175182483
0 0.3095703125 0.35036496350364965 0.0087890625 0.016058394160583942
0 0.3203125 0.3343065693430657 0.009765625 0.016058394160583942
0 0.328125 0.33138686131386863 0.0078125 0.014598540145985401
0 0.33984375 0.3372262773722628 0.009765625 0.016058394160583942
0 0.4267578125 0.4802919708029197 0.009765625 0.01897810218978102
0 0.1591796875 0.07445255474452554 0.005859375 0.013138686131386862
0 0.17578125 0.07007299270072993 0.0078125 0.013138686131386862
0 0.197265625 0.15328467153284672 0.0087890625 0.014598540145985401
0 0.1689453125 0.15474452554744525 0.0078125 0.013138686131386862
0 0.1728515625 0.14306569343065692 0.0068359375 0.014598540145985401
0 0.2001953125 0.12262773722627737 0.0078125 0.014598540145985401
0 0.140625 0.15328467153284672 0.0087890625 0.016058394160583942
0 0.154296875 0.145985401459854 0.0078125 0.016058394160583942
0 0.15234375 0.12992700729927006 0.0087890625 0.016058394160583942
0 0.181640625 0.04525547445255475 0.005859375 0.014598540145985401
0 0.1962890625 0.18394160583941604 0.0078125 0.014598540145985401
0 0.201171875 0.16934306569343066 0.0087890625 0.016058394160583942
0 0.166015625 0.17956204379562044 0.0078125 0.017518248175182483
0 0.1513671875 0.2291970802919708 0.0087890625 0.017518248175182483
0 0.1767578125 0.2145985401459854 0.0087890625 0.016058394160583942
0 0.18359375 0.25255474452554744 0.0087890625 0.01897810218978102
0 0.10546875 0.16642335766423358 0.0068359375 0.013138686131386862
0 0.0830078125 0.1708029197080292 0.0078125 0.017518248175182483
0 0.2080078125 0.07591240875912408 0.005859375 0.013138686131386862
0 0.1884765625 0.0948905109489051 0.0078125 0.016058394160583942
0 0.052734375 0.17226277372262774 0.0078125 0.014598540145985401
0 0.115234375 0.17664233576642335 0.0078125 0.013138686131386862
0 0.171875 0.12116788321167883 0.0078125 0.014598540145985401
0 0.1962890625 0.2145985401459854 0.0078125 0.014598540145985401
0 0.1982421875 0.2029197080291971 0.0087890625 0.016058394160583942
0 0.1240234375 0.18832116788321168 0.0087890625 0.016058394160583942
0 0.1298828125 0.22043795620437956 0.009765625 0.016058394160583942
0 0.1298828125 0.23941605839416058 0.009765625 0.017518248175182483
0 0.1044921875 0.2072992700729927 0.0078125 0.016058394160583942
0 0.0625 0.21605839416058395 0.0078125 0.014598540145985401
0 0.0517578125 0.22335766423357664 0.0078125 0.017518248175182483
0 0.134765625 0.1854014598540146 0.0068359375 0.014598540145985401
0 0.162109375 0.2072992700729927 0.0078125 0.016058394160583942
0 0.0771484375 0.18686131386861313 0.0078125 0.017518248175182483
0 0.0419921875 0.181021897810219 0.0078125 0.014598540145985401
0 0.0751953125 0.24817518248175183 0.0087890625 0.017518248175182483
0 0.015625 0.1854014598540146 0.0068359375 0.016058394160583942
0 0.009765625 0.14890510948905109 0.005859375 0.016058394160583942
0 0.064453125 0.1635036496350365 0.0068359375 0.016058394160583942
0 0.125 0.16642335766423358 0.0068359375 0.016058394160583942
0 0.146484375 0.25401459854014596 0.0078125 0.016058394160583942
0 0.0498046875 0.24817518248175183 0.009765625 0.016058394160583942
0 0.1171875 0.2321167883211679 0.0078125 0.016058394160583942
0 0.1494140625 0.19124087591240876 0.0068359375 0.014598540145985401
0 0.10546875 0.22335766423357664 0.0087890625 0.014598540145985401
0 0.0849609375 0.2321167883211679 0.0087890625 0.016058394160583942
0 0.0361328125 0.23357664233576642 0.0068359375 0.017518248175182483
0 0.03125 0.25401459854014596 0.0087890625 0.014598540145985401
0 0.1904296875 0.06277372262773723 0.005859375 0.010218978102189781
0 0.0283203125 0.20875912408759123 0.0078125 0.013138686131386862
0 0.013671875 0.25255474452554744 0.0078125 0.017518248175182483
0 0.064453125 0.24671532846715327 0.0087890625 0.016058394160583942
0 0.1015625 0.2510948905109489 0.0087890625 0.016058394160583942
0 0.048828125 0.19124087591240876 0.0078125 0.013138686131386862
0 0.53515625 0.2832116788321168 0.0078125 0.016058394160583942
0 0.5224609375 0.3182481751824818 0.0078125 0.016058394160583942
0 0.5048828125 0.3021897810218978 0.009765625 0.017518248175182483
0 0.501953125 0.28175182481751826 0.0087890625 0.017518248175182483
0 0.4912109375 0.24233576642335766 0.0087890625 0.01897810218978102
0 0.482421875 0.24817518248175183 0.009765625 0.01897810218978102
0 0.517578125 0.25985401459854013 0.009765625 0.021897810218978103
0 0.4775390625 0.3007299270072993 0.009765625 0.01897810218978102
0 0.486328125 0.291970802919708 0.0068359375 0.021897810218978103
0 0.4697265625 0.2671532846715328 0.009765625 0.020437956204379562
0 0.46484375 0.25401459854014596 0.009765625 0.017518248175182483
0 0.4736328125 0.22189781021897811 0.0087890625 0.01897810218978102
0 0.4912109375 0.21897810218978103 0.0087890625 0.017518248175182483
0 0.4462890625 0.30656934306569344 0.0078125 0.017518248175182483
0 0.5205078125 0.23795620437956205 0.0078125 0.016058394160583942
0 0.4150390625 0.28029197080291973 0.009765625 0.020437956204379562
0 0.4130859375 0.24525547445255474 0.0078125 0.01897810218978102
0 0.4345703125 0.2583941605839416 0.0087890625 0.01897810218978102
0 0.4599609375 0.2291970802919708 0.009765625 0.01897810218978102
0 0.4384765625 0.2321167883211679 0.009765625 0.014598540145985401
0 0.4453125 0.24817518248175183 0.0087890625 0.017518248175182483
0 0.5224609375 0.19124087591240876 0.0068359375 0.016058394160583942
0 0.548828125 0.18832116788321168 0.0078125 0.01897810218978102
0 0.5068359375 0.19124087591240876 0.0087890625 0.01897810218978102
0 0.439453125 0.2029197080291971 0.009765625 0.01897810218978102
0 0.423828125 0.1781021897810219 0.0078125 0.017518248175182483
0 0.412109375 0.2321167883211679 0.009765625 0.01897810218978102
0 0.4111328125 0.2029197080291971 0.009765625 0.01897810218978102
0 0.4560546875 0.1897810218978102 0.0107421875 0.01897810218978102
0 0.486328125 0.17956204379562044 0.009765625 0.017518248175182483
0 0.5390625 0.2656934306569343 0.0078125 0.013138686131386862
0 0.5263671875 0.2948905109489051 0.0078125 0.014598540145985401
0 0.455078125 0.2875912408759124 0.0068359375 0.017518248175182483
0 0.611328125 0.04817518248175182 0.0087890625 0.017518248175182483
0 0.5908203125 0.07153284671532846 0.0078125 0.013138686131386862
0 0.609375 0.13284671532846715 0.0078125 0.017518248175182483
0 0.546875 0.13284671532846715 0.0068359375 0.01167883211678832
0 0.5322265625 0.15182481751824817 0.0087890625 0.014598540145985401
0 0.501953125 0.14890510948905109 0.0087890625 0.01897810218978102
0 0.5302734375 0.11386861313868613 0.0078125 0.017518248175182483
0 0.5390625 0.10072992700729927 0.0078125 0.016058394160583942
0 0.5712890625 0.061313868613138686 0.0078125 0.016058394160583942
0 0.5986328125 0.05547445255474453 0.0078125 0.01897810218978102
0 0.474609375 0.12262773722627737 0.0087890625 0.016058394160583942
0 0.455078125 0.058394160583941604 0.0078125 0.016058394160583942
0 0.4482421875 0.035036496350364967 0.0078125 0.014598540145985401
0 0.51171875 0.05401459854014599 0.0078125 0.016058394160583942
0 0.5625 0.10802919708029197 0.0068359375 0.013138686131386862
0 0.4541015625 0.12992700729927006 0.0078125 0.016058394160583942
0 0.453125 0.15474452554744525 0.0078125 0.017518248175182483
0 0.478515625 0.145985401459854 0.0078125 0.017518248175182483
0 0.509765625 0.11532846715328467 0.0087890625 0.017518248175182483
0 0.6044921875 0.0905109489051095 0.0078125 0.016058394160583942
0 0.5537109375 0.030656934306569343 0.0068359375 0.016058394160583942
0 0.474609375 0.04525547445255475 0.0078125 0.014598540145985401
0 0.482421875 0.07591240875912408 0.0078125 0.016058394160583942
0 0.5908203125 0.13138686131386862 0.0078125 0.014598540145985401
0 0.4287109375 0.07445255474452554 0.0087890625 0.016058394160583942
0 0.4189453125 0.05693430656934306 0.0087890625 0.016058394160583942
0 0.4228515625 0.033576642335766425 0.0078125 0.016058394160583942
0 0.4189453125 0.15036496350364964 0.0087890625 0.017518248175182483
0 0.4228515625 0.12262773722627737 0.0078125 0.016058394160583942
0 0.451171875 0.10072992700729927 0.0078125 0.017518248175182483
0 0.400390625 0.05401459854014599 0.0068359375 0.014598540145985401
0 0.3818359375 0.01167883211678832 0.0068359375 0.016058394160583942
0 0.345703125 0.12116788321167883 0.0078125 0.017518248175182483
0 0.3642578125 0.13576642335766423 0.0078125 0.01897810218978102
0 0.400390625 0.25401459854014596 0.0078125 0.017518248175182483
0 0.3896484375 0.23503649635036497 0.0087890625 0.017518248175182483
0 0.38671875 0.2145985401459854 0.0078125 0.017518248175182483
0 0.400390625 0.18832116788321168 0.0078125 0.016058394160583942
0 0.4013671875 0.16204379562043797 0.009765625 0.01897810218978102
0 0.365234375 0.10218978102189781 0.0087890625 0.014598540145985401
0 0.3876953125 0.09927007299270073 0.0068359375 0.016058394160583942
0 0.2841796875 0.18248175182481752 0.0078125 0.017518248175182483
0 0.294921875 0.1897810218978102 0.0078125 0.016058394160583942
0 0.3232421875 0.1562043795620438 0.0078125 0.013138686131386862
0 0.3369140625 0.13722627737226278 0.009765625 0.016058394160583942
0 0.3291015625 0.11970802919708029 0.0078125 0.016058394160583942
0 0.400390625 0.07445255474452554 0.0078125 0.014598540145985401
0 0.3251953125 0.10218978102189781 0.0068359375 0.013138686131386862
0 0.40234375 0.0364963503649635 0.0068359375 0.013138686131386862
0 0.1884765625 0.014598540145985401 0.0068359375 0.014598540145985401
0 0.1806640625 0.0072992700729927005 0.0078125 0.013138686131386862
0 0.2421875 0.04671532846715328 0.0068359375 0.014598540145985401
0 0.2197265625 0.017518248175182483 0.0068359375 0.013138686131386862
0 0.2646484375 0.04525547445255475 0.0078125 0.014598540145985401
0 0.2587890625 0.030656934306569343 0.0068359375 0.013138686131386862
0 0.2861328125 0.04671532846715328 0.0068359375 0.016058394160583942
0 0.3466796875 0.043795620437956206 0.0068359375 0.014598540145985401
0 0.310546875 0.059854014598540145 0.0078125 0.01167883211678832
0 0.326171875 0.049635036496350364 0.0078125 0.017518248175182483
0 0.3125 0.026277372262773723 0.0068359375 0.013138686131386862
0 0.36328125 0.01897810218978102 0.0078125 0.013138686131386862
0 0.380859375 0.030656934306569343 0.0087890625 0.014598540145985401
0 0.365234375 0.035036496350364967 0.0078125 0.013138686131386862
0 0.375 0.051094890510948905 0.0087890625 0.017518248175182483
0 0.3974609375 0.01167883211678832 0.0087890625 0.016058394160583942
0 0.458984375 0.01167883211678832 0.0078125 0.017518248175182483
0 0.44140625 0.08175182481751825 0.0078125 0.014598540145985401
0 0.37890625 0.07883211678832117 0.0078125 0.016058394160583942
0 0.294921875 0.09927007299270073 0.0068359375 0.014598540145985401
0 0.2353515625 0.035036496350364967 0.0087890625 0.017518248175182483
0 0.294921875 0.024817518248175182 0.0068359375 0.013138686131386862
0 0.28515625 0.01897810218978102 0.0078125 0.016058394160583942
0 0.2734375 0.021897810218978103 0.0078125 0.014598540145985401
0 0.2490234375 0.07737226277372262 0.0078125 0.013138686131386862
0 0.220703125 0.058394160583941604 0.0078125 0.016058394160583942
0 0.3857421875 0.14306569343065692 0.0078125 0.014598540145985401
0 0.35546875 0.17372262773722627 0.0078125 0.014598540145985401
0 0.4423828125 0.16058394160583941 0.0068359375 0.014598540145985401
0 0.4375 0.14452554744525548 0.0078125 0.01167883211678832
0 0.3857421875 0.16642335766423358 0.0087890625 0.013138686131386862
0 0.345703125 0.09927007299270073 0.0068359375 0.013138686131386862
0 0.3779296875 0.11970802919708029 0.0087890625 0.014598540145985401
0 0.3193359375 0.12408759124087591 0.0068359375 0.014598540145985401
0 0.275390625 0.10218978102189781 0.0078125 0.016058394160583942
0 0.23046875 0.0905109489051095 0.0078125 0.014598540145985401
0 0.2177734375 0.09635036496350365 0.0068359375 0.017518248175182483
0 0.248046875 0.09635036496350365 0.0078125 0.016058394160583942
0 0.25390625 0.11532846715328467 0.0078125 0.014598540145985401
0 0.345703125 0.2116788321167883 0.0078125 0.016058394160583942
0 0.3017578125 0.15766423357664233 0.0068359375 0.014598540145985401
0 0.2783203125 0.12846715328467154 0.0078125 0.014598540145985401
0 0.224609375 0.145985401459854 0.0068359375 0.01167883211678832
0 0.2451171875 0.15036496350364964 0.0068359375 0.01167883211678832
0 0.2646484375 0.15182481751824817 0.0068359375 0.014598540145985401
0 0.2861328125 0.1635036496350365 0.0078125 0.014598540145985401
0 0.28515625 0.145985401459854 0.0087890625 0.013138686131386862
0 0.3671875 0.1708029197080292 0.0078125 0.013138686131386862
0 0.369140625 0.2072992700729927 0.0078125 0.013138686131386862
0 0.3720703125 0.22335766423357664 0.0078125 0.013138686131386862
0 0.3564453125 0.24233576642335766 0.009765625 0.017518248175182483
0 0.3330078125 0.22043795620437956 0.009765625 0.016058394160583942
0 0.267578125 0.17518248175182483 0.0078125 0.016058394160583942
0 0.23046875 0.17226277372262774 0.0087890625 0.013138686131386862
0 0.212890625 0.20437956204379562 0.0078125 0.014598540145985401
0 0.25390625 0.20583941605839415 0.0087890625 0.016058394160583942
0 0.24609375 0.1854014598540146 0.0087890625 0.017518248175182483
0 0.26171875 0.1927007299270073 0.0078125 0.016058394160583942
0 0.3369140625 0.24963503649635035 0.0078125 0.013138686131386862
0 0.3779296875 0.25547445255474455 0.0078125 0.017518248175182483
0 0.39453125 0.2905109489051095 0.0087890625 0.016058394160583942
0 0.3876953125 0.3021897810218978 0.0087890625 0.016058394160583942
0 0.375 0.2832116788321168 0.009765625 0.017518248175182483
0 0.37109375 0.3124087591240876 0.0087890625 0.017518248175182483
0 0.3525390625 0.28175182481751826 0.0087890625 0.016058394160583942
0 0.3583984375 0.25985401459854013 0.0087890625 0.01897810218978102
0 0.34765625 0.3167883211678832 0.009765625 0.016058394160583942
0 0.34375 0.30656934306569344 0.0087890625 0.013138686131386862
0 0.318359375 0.30656934306569344 0.0087890625 0.01897810218978102
0 0.28125 0.33284671532846716 0.0087890625 0.014598540145985401
0 0.2744140625 0.33138686131386863 0.0078125 0.016058394160583942
0 0.2607421875 0.3357664233576642 0.0087890625 0.016058394160583942
0 0.2509765625 0.3284671532846715 0.009765625 0.017518248175182483
0 0.2314453125 0.31386861313868614 0.009765625 0.014598540145985401
0 0.2119140625 0.32408759124087594 0.0078125 0.013138686131386862
0 0.197265625 0.34306569343065696 0.0078125 0.013138686131386862
0 0.1884765625 0.32554744525547447 0.009765625 0.01897810218978102
0 0.1708984375 0.3182481751824818 0.0087890625 0.014598540145985401
0 0.1884765625 0.28905109489051095 0.0087890625 0.017518248175182483
0 0.1796875 0.2934306569343066 0.0078125 0.014598540145985401
0 0.328125 0.2875912408759124 0.0078125 0.016058394160583942
0 0.3203125 0.28905109489051095 0.0078125 0.014598540145985401
0 0.30078125 0.2846715328467153 0.0068359375 0.017518248175182483
0 0.30859375 0.26277372262773724 0.0087890625 0.016058394160583942
0 0.3154296875 0.24671532846715327 0.0078125 0.016058394160583942
0 0.287109375 0.27445255474452557 0.0087890625 0.020437956204379562
0 0.26953125 0.29781021897810217 0.0107421875 0.01897810218978102
0 0.251953125 0.29927007299270075 0.0087890625 0.017518248175182483
0 0.2744140625 0.27445255474452557 0.0087890625 0.01897810218978102
0 0.2568359375 0.2671532846715328 0.0087890625 0.017518248175182483
0 0.2373046875 0.2934306569343066 0.0078125 0.016058394160583942
0 0.2236328125 0.27883211678832115 0.0078125 0.016058394160583942
0 0.244140625 0.2759124087591241 0.009765625 0.017518248175182483
0 0.2138671875 0.2875912408759124 0.0078125 0.013138686131386862
0 0.2099609375 0.27153284671532846 0.0078125 0.016058394160583942
0 0.29296875 0.25255474452554744 0.0087890625 0.016058394160583942
0 0.2255859375 0.20437956204379562 0.0087890625 0.014598540145985401
0 0.27734375 0.23357664233576642 0.0068359375 0.014598540145985401
0 0.2919921875 0.2145985401459854 0.0087890625 0.016058394160583942
0 0.232421875 0.25255474452554744 0.0078125 0.016058394160583942
0 0.1689453125 0.2583941605839416 0.0078125 0.016058394160583942
0 0.138671875 0.2875912408759124 0.0078125 0.014598540145985401
0 0.140625 0.27007299270072993 0.0068359375 0.014598540145985401
0 0.154296875 0.3167883211678832 0.0078125 0.016058394160583942
0 0.150390625 0.3562043795620438 0.0087890625 0.016058394160583942
0 0.12890625 0.3708029197080292 0.0078125 0.016058394160583942
0 0.1123046875 0.37518248175182484 0.0107421875 0.01897810218978102
0 0.115234375 0.2875912408759124 0.0078125 0.016058394160583942
0 0.1220703125 0.28029197080291973 0.0078125 0.016058394160583942
0 0.134765625 0.3284671532846715 0.0078125 0.016058394160583942
0 0.0986328125 0.3007299270072993 0.0078125 0.016058394160583942
0 0.0927734375 0.3007299270072993 0.0078125 0.014598540145985401
0 0.0751953125 0.32116788321167883 0.0078125 0.014598540145985401
0 0.07421875 0.35474452554744523 0.0078125 0.016058394160583942
0 0.11328125 0.34306569343065696 0.0078125 0.016058394160583942
0 0.095703125 0.3518248175182482 0.0087890625 0.01897810218978102
0 0.03515625 0.3343065693430657 0.0087890625 0.016058394160583942
0 0.05859375 0.31532846715328466 0.0087890625 0.017518248175182483
0 0.107421875 0.2773722627737226 0.0087890625 0.016058394160583942
0 0.08984375 0.2569343065693431 0.0087890625 0.016058394160583942
0 0.2060546875 0.25401459854014596 0.0078125 0.016058394160583942
0 0.08984375 0.2832116788321168 0.0068359375 0.014598540145985401
0 0.078125 0.2686131386861314 0.0087890625 0.01897810218978102
0 0.076171875 0.3021897810218978 0.0068359375 0.014598540145985401
0 0.0576171875 0.28613138686131384 0.009765625 0.017518248175182483
0 0.0576171875 0.272992700729927 0.009765625 0.013138686131386862
0 0.037109375 0.272992700729927 0.0078125 0.014598540145985401
0 0.03515625 0.291970802919708 0.0087890625 0.016058394160583942
0 0.0146484375 0.28175182481751826 0.0078125 0.014598540145985401
0 0.0546875 0.3357664233576642 0.0078125 0.017518248175182483
0 0.01953125 0.4291970802919708 0.009765625 0.01897810218978102
0 0.0166015625 0.45255474452554745 0.0087890625 0.016058394160583942
0 0.5078125 0.01167883211678832 0.0087890625 0.016058394160583942
0 0.5283203125 0.07153284671532846 0.0078125 0.013138686131386862
0 0.494140625 0.04817518248175182 0.0068359375 0.014598540145985401
0 0.548828125 0.5445255474452555 0.009765625 0.024817518248175182
0 0.73046875 0.059854014598540145 0.01171875 0.016058394160583942
0 0.203125 0.891970802919708 0.017578125 0.03795620437956204
0 0.8203125 0.09197080291970802 0.0107421875 0.017518248175182483
0 0.0087890625 0.8905109489051095 0.017578125 0.029197080291970802
0 0.0029296875 0.03941605839416058 0.0068359375 0.014598540145985401
0 0.0146484375 0.5489051094890511 0.01171875 0.01897810218978102
0 0.2216796875 0.5576642335766423 0.0107421875 0.021897810218978103
0 0.3408203125 0.4978102189781022 0.0078125 0.017518248175182483
0 0.00390625 0.44379562043795623 0.0068359375 0.013138686131386862
0 0.0048828125 0.4 0.0078125 0.013138686131386862
0 0.00390625 0.34306569343065696 0.0078125 0.014598540145985401
0 0.0068359375 0.32408759124087594 0.0087890625 0.01897810218978102
0 0.0048828125 0.28613138686131384 0.0087890625 0.014598540145985401
0 0.0087890625 0.4802919708029197 0.0087890625 0.013138686131386862
0 0.0029296875 0.5182481751824818 0.0068359375 0.017518248175182483
0 0.0029296875 0.16934306569343066 0.0068359375 0.01167883211678832
0 0.0087890625 0.22043795620437956 0.009765625 0.014598540145985401
0 0.0419921875 0.1591240875912409 0.0078125 0.014598540145985401
0 0.15625 0.05401459854014599 0.0078125 0.013138686131386862