0 0.90234375 0.2678062678062678 0.0361328125 0.06695156695156695
0 0.8388671875 0.3176638176638177 0.0146484375 0.02564102564102564
0 0.8173828125 0.28917378917378916 0.01171875 0.021367521367521368
0 0.6162109375 0.20512820512820512 0.0693359375 0.11965811965811966
0 0.3896484375 0.1752136752136752 0.0400390625 0.07692307692307693
0 0.2255859375 0.24216524216524216 0.029296875 0.05982905982905983
0 0.2216796875 0.19515669515669515 0.0185546875 0.029914529914529916
0 0.2822265625 0.2564102564102564 0.01171875 0.02564102564102564
0 0.1171875 0.22364672364672364 0.02734375 0.05413105413105413
0 0.07421875 0.2336182336182336 0.021484375 0.03561253561253561
0 0.580078125 0.25783475783475784 0.0205078125 0.038461538461538464
0 0.46875 0.2621082621082621 0.0087890625 0.01282051282051282
0 0.015625 0.2336182336182336 0.005859375 0.008547008547008548
0 0.005859375 0.24358974358974358 0.005859375 0.008547008547008548