0 0.126953125 0.1758957654723127 0.0263671875 0.048859934853420196
0 0.0986328125 0.23778501628664495 0.0263671875 0.048859934853420196
0 0.06640625 0.2768729641693811 0.03125 0.05537459283387622
0 0.2919921875 0.247557003257329 0.0302734375 0.04723127035830619
0 0.3525390625 0.23289902280130292 0.0283203125 0.048859934853420196
0 0.384765625 0.12052117263843648 0.0283203125 0.05537459283387622
0 0.416015625 0.019543973941368076 0.0263671875 0.035830618892508145
0 0.6259765625 0.08306188925081433 0.0244140625 0.048859934853420196
0 0.6103515625 0.1758957654723127 0.029296875 0.04071661237785016
0 0.57421875 0.1986970684039088 0.02734375 0.05374592833876222
0 0.6884765625 0.4527687296416938 0.0302734375 0.06188925081433225
0 0.9033203125 0.05211726384364821 0.02734375 0.04071661237785016
0 0.87109375 0.13192182410423453 0.02734375 0.04723127035830619
0 0.4951171875 0.3811074918566775 0.03515625 0.0749185667752443