0 0.119140625 0.45241581259150804 0.0166015625 0.03806734992679356
0 0.140625 0.4407027818448023 0.0166015625 0.03367496339677892
0 0.17578125 0.4158125915080527 0.015625 0.029282576866764276
0 0.146484375 0.5329428989751098 0.04296875 0.08052708638360176
0 0.04296875 0.47291361639824303 0.03125 0.06588579795021962
0 0.0927734375 0.4816983894582723 0.01953125 0.036603221083455345
0 0.072265625 0.5065885797950219 0.02734375 0.04685212298682284
0 0.103515625 0.38799414348462663 0.015625 0.027818448023426062
0 0.078125 0.40702781844802344 0.015625 0.036603221083455345
0 0.05078125 0.40995607613469986 0.0166015625 0.032210834553440704
0 0.328125 0.5344070278184481 0.0390625 0.06734992679355783
0 0.2509765625 0.486090775988287 0.0263671875 0.055636896046852125
0 0.328125 0.4333821376281113 0.0185546875 0.036603221083455345
0 0.3818359375 0.4480234260614934 0.0166015625 0.03367496339677892
0 0.4296875 0.5300146412884333 0.044921875 0.0849194729136164
0 0.5302734375 0.5402635431918009 0.046875 0.08199121522693997
0 0.5673828125 0.4787701317715959 0.01171875 0.021961932650073207
0 0.474609375 0.49194729136163984 0.0263671875 0.055636896046852125
0 0.525390625 0.6530014641288433 0.072265625 0.11420204978038068
0 0.8134765625 0.5329428989751098 0.076171875 0.13030746705710103
0 0.7666015625 0.46412884333821375 0.01171875 0.036603221083455345
0 0.8349609375 0.45534407027818447 0.0166015625 0.03513909224011713
0 0.875 0.4787701317715959 0.0126953125 0.024890190336749635
0 0.5986328125 0.5051244509516838 0.0302734375 0.048316251830161056
0 0.2021484375 0.5080527086383602 0.0263671875 0.05124450951683748
0 0.166015625 0.4787701317715959 0.0224609375 0.03513909224011713
0 0.1044921875 0.45534407027818447 0.0224609375 0.03513909224011713
0 0.0126953125 0.4011713030746706 0.0146484375 0.029282576866764276
0 0.744140625 0.5358711566617862 0.0302734375 0.055636896046852125
0 0.5068359375 0.5153733528550513 0.0224609375 0.043923865300146414
0 0.0048828125 0.5183016105417276 0.009765625 0.036603221083455345