0 0.0947265625 0.7447916666666666 0.0068359375 0.009114583333333334
0 0.083984375 0.7799479166666666 0.0087890625 0.01171875
0 0.0625 0.8307291666666666 0.0087890625 0.014322916666666666
0 0.1298828125 0.7486979166666666 0.0068359375 0.010416666666666666
0 0.1689453125 0.7578125 0.0068359375 0.014322916666666666
0 0.1591796875 0.8046875 0.005859375 0.0078125
0 0.1015625 0.859375 0.0087890625 0.010416666666666666
0 0.1455078125 0.8645833333333334 0.005859375 0.0078125
0 0.197265625 0.8255208333333334 0.009765625 0.010416666666666666
0 0.2314453125 0.8268229166666666 0.0048828125 0.0078125
0 0.28125 0.8268229166666666 0.009765625 0.009114583333333334
0 0.2763671875 0.7643229166666666 0.0087890625 0.006510416666666667
0 0.310546875 0.765625 0.0087890625 0.013020833333333334
0 0.314453125 0.7291666666666666 0.0078125 0.006510416666666667
0 0.275390625 0.7174479166666666 0.0068359375 0.010416666666666666
0 0.2392578125 0.7213541666666666 0.005859375 0.009114583333333334
0 0.2412109375 0.7565104166666666 0.0087890625 0.013020833333333334
0 0.2080078125 0.7604166666666666 0.0068359375 0.006510416666666667
0 0.212890625 0.6940104166666666 0.0068359375 0.009114583333333334
0 0.1953125 0.8671875 0.009765625 0.01171875
0 0.2431640625 0.8606770833333334 0.0107421875 0.014322916666666666
0 0.2939453125 0.87109375 0.0107421875 0.01171875
0 0.392578125 0.6861979166666666 0.005859375 0.005208333333333333
0 0.4267578125 0.68359375 0.005859375 0.009114583333333334
0 0.466796875 0.7096354166666666 0.005859375 0.009114583333333334
0 0.42578125 0.7174479166666666 0.005859375 0.0078125
0 0.470703125 0.7526041666666666 0.0068359375 0.006510416666666667
0 0.49609375 0.6848958333333334 0.0068359375 0.009114583333333334
0 0.529296875 0.6888020833333334 0.005859375 0.0078125
0 0.4873046875 0.6432291666666666 0.0078125 0.009114583333333334
0 0.416015625 0.5416666666666666 0.00390625 0.00390625
0 0.5634765625 0.6888020833333334 0.005859375 0.010416666666666666
0 0.5498046875 0.7109375 0.005859375 0.005208333333333333
0 0.595703125 0.6875 0.0048828125 0.009114583333333334
0 0.6416015625 0.6966145833333334 0.005859375 0.006510416666666667
0 0.65625 0.6432291666666666 0.0048828125 0.006510416666666667
0 0.6943359375 0.6484375 0.005859375 0.006510416666666667
0 0.65234375 0.5690104166666666 0.0048828125 0.0078125
0 0.63671875 0.6015625 0.0048828125 0.006510416666666667
0 0.533203125 0.59765625 0.005859375 0.010416666666666666
0 0.5283203125 0.5768229166666666 0.005859375 0.0078125
0 0.6474609375 0.5325520833333334 0.00390625 0.005208333333333333
0 0.4560546875 0.6002604166666666 0.0048828125 0.0078125
0 0.697265625 0.6015625 0.005859375 0.009114583333333334
0 0.5927734375 0.64453125 0.0068359375 0.01171875
0 0.0263671875 0.8229166666666666 0.0087890625 0.013020833333333334
0 0.00390625 0.8111979166666666 0.0087890625 0.014322916666666666
0 0.580078125 0.46484375 0.0029296875 0.005208333333333333
0 0.6279296875 0.4674479166666667 0.0029296875 0.00390625
0 0.61328125 0.4908854166666667 0.0048828125 0.006510416666666667
0 0.521484375 0.5338541666666666 0.005859375 0.01171875
0 0.5 0.47265625 0.005859375 0.009114583333333334
0 0.4990234375 0.484375 0.0048828125 0.006510416666666667
0 0.466796875 0.4583333333333333 0.0048828125 0.006510416666666667
0 0.4931640625 0.4661458333333333 0.0048828125 0.0078125
0 0.4423828125 0.4609375 0.0048828125 0.006510416666666667
0 0.4609375 0.46875 0.00390625 0.006510416666666667
0 0.4384765625 0.4830729166666667 0.00390625 0.006510416666666667
0 0.73828125 0.63671875 0.0068359375 0.006510416666666667
0 0.6806640625 0.73828125 0.005859375 0.009114583333333334
0 0.701171875 0.7682291666666666 0.0068359375 0.0078125
0 0.72265625 0.7369791666666666 0.005859375 0.009114583333333334
0 0.7431640625 0.7669270833333334 0.0078125 0.010416666666666666
0 0.73046875 0.8151041666666666 0.009765625 0.013020833333333334
0 0.76953125 0.8072916666666666 0.009765625 0.013020833333333334
0 0.8046875 0.80859375 0.0068359375 0.013020833333333334
0 0.8369140625 0.79296875 0.0068359375 0.013020833333333334
0 0.87109375 0.7942708333333334 0.0078125 0.01171875
0 0.87109375 0.7669270833333334 0.0078125 0.009114583333333334
0 0.8349609375 0.76171875 0.005859375 0.005208333333333333
0 0.80078125 0.7669270833333334 0.0068359375 0.009114583333333334
0 0.77734375 0.75390625 0.0078125 0.009114583333333334
0 0.796875 0.7330729166666666 0.0078125 0.009114583333333334
0 0.8193359375 0.7109375 0.0078125 0.006510416666666667
0 0.7744140625 0.7135416666666666 0.0078125 0.009114583333333334
0 0.7578125 0.7317708333333334 0.0068359375 0.009114583333333334
0 0.814453125 0.8658854166666666 0.0068359375 0.0078125
0 0.8447265625 0.8606770833333334 0.0068359375 0.010416666666666666
0 0.775390625 0.87109375 0.0078125 0.009114583333333334
0 0.72265625 0.89453125 0.009765625 0.014322916666666666
0 0.044921875 0.7682291666666666 0.0068359375 0.01171875
0 0.162109375 0.7239583333333334 0.005859375 0.0078125
0 0.5546875 0.7473958333333334 0.0078125 0.010416666666666666