0 0.09375 0.31530494821634064 0.0263671875 0.031070195627157654
0 0.02734375 0.25431530494821636 0.021484375 0.028768699654775604
0 0.0517578125 0.25891829689298046 0.0126953125 0.018411967779056387
0 0.099609375 0.2520138089758343 0.009765625 0.01380897583429229
0 0.119140625 0.26352128883774456 0.0087890625 0.009205983889528193
0 0.134765625 0.25776754890678943 0.0126953125 0.01726121979286536
0 0.1591796875 0.25891829689298046 0.0087890625 0.01611047180667434
0 0.01171875 0.24626006904487918 0.005859375 0.01726121979286536
0 0.2314453125 0.07940161104718067 0.0205078125 0.023014959723820484
0 0.294921875 0.07825086306098965 0.0205078125 0.02531645569620253
0 0.3154296875 0.08285385500575373 0.0107421875 0.023014959723820484
0 0.326171875 0.08285385500575373 0.0107421875 0.02186421173762946
0 0.3408203125 0.08860759493670886 0.013671875 0.02531645569620253
0 0.1845703125 0.0713463751438435 0.015625 0.026467203682393557
0 0.3876953125 0.22324510932105868 0.0068359375 0.011507479861910242
0 0.40234375 0.3624856156501726 0.0205078125 0.031070195627157654
0 0.38671875 0.2945914844649022 0.0166015625 0.028768699654775604
0 0.4130859375 0.2669735327963176 0.0107421875 0.02186421173762946
0 0.4814453125 0.3095512082853855 0.0244140625 0.03222094361334868
0 0.556640625 0.24395857307249713 0.005859375 0.009205983889528193
0 0.5498046875 0.2681242807825086 0.009765625 0.01380897583429229
0 0.5439453125 0.27963176064441886 0.0078125 0.011507479861910242
0 0.640625 0.07825086306098965 0.0234375 0.04833141542002301
0 0.6904296875 0.04948216340621404 0.021484375 0.031070195627157654
0 0.7119140625 0.05983889528193326 0.0087890625 0.011507479861910242
0 0.59375 0.04142692750287687 0.0107421875 0.018411967779056387
0 0.763671875 0.04948216340621404 0.013671875 0.028768699654775604
0 0.7197265625 0.18411967779056387 0.03125 0.04142692750287687
0 0.64453125 0.3383199079401611 0.0263671875 0.031070195627157654
0 0.7001953125 0.35097813578826237 0.021484375 0.03682393555811277
0 0.5791015625 0.06904487917146145 0.015625 0.01726121979286536
0 0.9013671875 0.2474108170310702 0.029296875 0.02991944764096663
0 0.83203125 0.2336018411967779 0.015625 0.023014959723820484
0 0.96875 0.21979286536248563 0.013671875 0.023014959723820484
0 0.9521484375 0.22324510932105868 0.009765625 0.019562715765247412
0 0.9677734375 0.19102416570771003 0.0068359375 0.011507479861910242
0 0.9775390625 0.20368239355581128 0.0087890625 0.014959723820483314
0 0.943359375 0.20138089758342922 0.0078125 0.012658227848101266
0 0.9453125 0.17376294591484465 0.005859375 0.009205983889528193
0 0.7919921875 0.18642117376294592 0.0126953125 0.019562715765247412
0 0.7919921875 0.2243958573072497 0.009765625 0.014959723820483314
0 0.8203125 0.19102416570771003 0.0087890625 0.012658227848101266
0 0.830078125 0.1518987341772152 0.0087890625 0.012658227848101266
0 0.4658203125 0.6018411967779056 0.0322265625 0.04257767548906789
0 0.158203125 0.6018411967779056 0.0205078125 0.026467203682393557
0 0.2041015625 0.5903337169159953 0.0185546875 0.02186421173762946
0 0.28125 0.5903337169159953 0.0185546875 0.020713463751438434
0 0.33203125 0.5753739930955121 0.009765625 0.01726121979286536
0 0.3369140625 0.5546605293440736 0.0146484375 0.020713463751438434
0 0.3505859375 0.5454545454545454 0.0078125 0.010356731875719217
0 0.025390625 0.5373993095512083 0.0107421875 0.024165707710011506
0 0.5283203125 0.5109321058688148 0.0185546875 0.02761795166858458
0 0.4208984375 0.47410817031070196 0.01953125 0.02761795166858458
0 0.4951171875 0.5166858457997698 0.009765625 0.012658227848101266
0 0.5078125 0.520138089758343 0.0078125 0.009205983889528193
0 0.89453125 0.3762945914844649 0.0244140625 0.0379746835443038
0 0.9306640625 0.3291139240506329 0.0126953125 0.018411967779056387
0 0.943359375 0.3291139240506329 0.009765625 0.01726121979286536
0 0.9638671875 0.32796317606444186 0.0107421875 0.01726121979286536
0 0.982421875 0.33141542002301494 0.005859375 0.01380897583429229
0 0.8583984375 0.35097813578826237 0.0126953125 0.031070195627157654
0 0.021484375 0.7180667433831991 0.0068359375 0.009205983889528193
0 0.0859375 0.7272727272727273 0.0263671875 0.03452243958573072
0 0.2197265625 0.8170310701956272 0.01953125 0.03567318757192175
0 0.185546875 0.8009205983889528 0.0107421875 0.014959723820483314
0 0.302734375 0.8239355581127733 0.0224609375 0.024165707710011506
0 0.3828125 0.8354430379746836 0.0205078125 0.02991944764096663
0 0.904296875 0.6616800920598389 0.0244140625 0.02991944764096663
0 0.845703125 0.6962025316455697 0.0244140625 0.031070195627157654
0 0.9501953125 0.713463751438435 0.009765625 0.02186421173762946
0 0.7412109375 0.757192174913694 0.017578125 0.023014959723820484
0 0.681640625 0.7525891829689298 0.0146484375 0.019562715765247412
0 0.6298828125 0.7514384349827388 0.0205078125 0.024165707710011506
0 0.59375 0.7203682393555811 0.0166015625 0.028768699654775604
0 0.5322265625 0.7525891829689298 0.0078125 0.014959723820483314
0 0.333984375 0.8009205983889528 0.0146484375 0.02186421173762946