0 0.0693359375 0.13229571984435798 0.0244140625 0.05252918287937743
0 0.1552734375 0.13229571984435798 0.021484375 0.05642023346303502
0 0.224609375 0.17315175097276264 0.01953125 0.05058365758754864
0 0.2919921875 0.14202334630350194 0.0205078125 0.04474708171206226
0 0.3740234375 0.1614785992217899 0.01953125 0.05058365758754864
0 0.0810546875 0.30544747081712065 0.0244140625 0.05252918287937743
0 0.166015625 0.2918287937743191 0.0224609375 0.05058365758754864
0 0.2451171875 0.24319066147859922 0.0224609375 0.05642023346303502
0 0.3212890625 0.2607003891050584 0.0234375 0.058365758754863814
0 0.291015625 0.46303501945525294 0.025390625 0.06031128404669261
0 0.2021484375 0.4766536964980545 0.0244140625 0.058365758754863814
0 0.40625 0.45330739299610895 0.0224609375 0.05642023346303502
0 0.4052734375 0.26653696498054474 0.0244140625 0.05642023346303502
0 0.5 0.26848249027237353 0.0234375 0.04669260700389105
0 0.5771484375 0.27626459143968873 0.0224609375 0.058365758754863814
0 0.4921875 0.4591439688715953 0.025390625 0.058365758754863814
0 0.5849609375 0.4688715953307393 0.025390625 0.05058365758754864
0 0.45703125 0.13813229571984437 0.01953125 0.048638132295719845
0 0.5283203125 0.13229571984435798 0.021484375 0.05058365758754864
0 0.6123046875 0.17315175097276264 0.0185546875 0.048638132295719845
0 0.6728515625 0.1575875486381323 0.0185546875 0.04669260700389105
0 0.6494140625 0.3093385214007782 0.0205078125 0.054474708171206226
0 0.6767578125 0.46108949416342415 0.0234375 0.0622568093385214
0 0.7099609375 0.2918287937743191 0.0244140625 0.06031128404669261
0 0.7802734375 0.33073929961089493 0.0234375 0.05252918287937743
0 0.7685546875 0.4591439688715953 0.025390625 0.0622568093385214
0 0.8642578125 0.4727626459143969 0.02734375 0.0622568093385214
0 0.8564453125 0.2918287937743191 0.0244140625 0.05642023346303502
0 0.724609375 0.12840466926070038 0.0185546875 0.04474708171206226
0 0.80078125 0.14980544747081712 0.01953125 0.04669260700389105
0 0.8671875 0.18482490272373542 0.01953125 0.048638132295719845
0 0.9326171875 0.19844357976653695 0.0205078125 0.048638132295719845