0 0.1416015625 0.19501466275659823 0.0380859375 0.05865102639296188
0 0.197265625 0.2126099706744868 0.0205078125 0.05571847507331378
0 0.23046875 0.20967741935483872 0.0224609375 0.054252199413489736
0 0.2763671875 0.24633431085043989 0.01171875 0.03372434017595308
0 0.453125 0.1744868035190616 0.0439453125 0.06304985337243402
0 0.5078125 0.19941348973607037 0.0166015625 0.045454545454545456
0 0.5205078125 0.19208211143695014 0.017578125 0.04398826979472141
0 0.5615234375 0.2126099706744868 0.013671875 0.03372434017595308
0 0.591796875 0.2595307917888563 0.033203125 0.05718475073313783
0 0.771484375 0.20674486803519063 0.0458984375 0.06744868035190615
0 0.880859375 0.25219941348973607 0.0390625 0.05865102639296188
0 0.9453125 0.20674486803519063 0.033203125 0.04838709677419355
0 0.9755859375 0.20234604105571846 0.01953125 0.02785923753665689
0 0.0478515625 0.22287390029325513 0.0146484375 0.02785923753665689
0 0.0390625 0.21994134897360704 0.01171875 0.026392961876832845
0 0.330078125 0.25806451612903225 0.025390625 0.045454545454545456