0 0.986328125 0.18098958333333334 0.0146484375 0.026041666666666668
0 0.9609375 0.2903645833333333 0.01953125 0.024739583333333332
0 0.9873046875 0.3684895833333333 0.0224609375 0.044270833333333336
0 0.9453125 0.3333333333333333 0.03125 0.052083333333333336
0 0.9951171875 0.3346354166666667 0.009765625 0.037760416666666664
0 0.9931640625 0.2981770833333333 0.01171875 0.03125
0 0.9794921875 0.5729166666666666 0.015625 0.03125
0 0.83203125 0.5950520833333334 0.0205078125 0.03515625
0 0.8173828125 0.34765625 0.0234375 0.033854166666666664
0 0.646484375 0.34375 0.021484375 0.032552083333333336
0 0.625 0.29296875 0.01953125 0.033854166666666664
0 0.6142578125 0.3229166666666667 0.021484375 0.033854166666666664
0 0.59765625 0.3658854166666667 0.021484375 0.036458333333333336
0 0.55078125 0.3255208333333333 0.0166015625 0.028645833333333332
0 0.5712890625 0.3059895833333333 0.01171875 0.020833333333333332
0 0.55078125 0.30859375 0.0166015625 0.028645833333333332
0 0.5146484375 0.3489583333333333 0.021484375 0.024739583333333332
0 0.55078125 0.3645833333333333 0.017578125 0.029947916666666668
0 0.572265625 0.3723958333333333 0.0146484375 0.03125
0 0.541015625 0.234375 0.0078125 0.016927083333333332
0 0.5234375 0.2591145833333333 0.009765625 0.014322916666666666
0 0.490234375 0.23697916666666666 0.015625 0.0234375
0 0.4716796875 0.34375 0.0166015625 0.03125
0 0.46484375 0.3229166666666667 0.0185546875 0.028645833333333332
0 0.400390625 0.328125 0.01953125 0.024739583333333332
0 0.388671875 0.2643229166666667 0.013671875 0.016927083333333332
0 0.2412109375 0.21875 0.0283203125 0.044270833333333336
0 0.201171875 0.22005208333333334 0.0224609375 0.033854166666666664
0 0.384765625 0.31640625 0.0126953125 0.022135416666666668
0 0.4462890625 0.3125 0.005859375 0.01171875