0 0.0478515625 0.234375 0.0048828125 0.006510416666666667
0 0.1376953125 0.23177083333333334 0.0048828125 0.0078125
0 0.1845703125 0.23307291666666666 0.00390625 0.006510416666666667
0 0.083984375 0.3385416666666667 0.005859375 0.009114583333333334
0 0.0263671875 0.3385416666666667 0.005859375 0.009114583333333334
0 0.2607421875 0.9153645833333334 0.0107421875 0.01953125
0 0.1669921875 0.9192708333333334 0.01171875 0.015625
0 0.076171875 0.91015625 0.0107421875 0.016927083333333332
0 0.060546875 0.9322916666666666 0.0126953125 0.020833333333333332
0 0.833984375 0.5234375 0.0068359375 0.01171875
0 0.822265625 0.49609375 0.0068359375 0.009114583333333334
0 0.70703125 0.5286458333333334 0.0068359375 0.009114583333333334
0 0.701171875 0.5052083333333334 0.0068359375 0.01171875
0 0.80859375 0.4765625 0.0068359375 0.010416666666666666
0 0.34765625 0.5130208333333334 0.0068359375 0.009114583333333334
0 0.296875 0.4921875 0.0078125 0.009114583333333334
0 0.2431640625 0.5026041666666666 0.0068359375 0.009114583333333334
0 0.1796875 0.4973958333333333 0.0078125 0.009114583333333334
0 0.4052734375 0.50390625 0.0087890625 0.010416666666666666
0 0.6357421875 0.50390625 0.0078125 0.010416666666666666
0 0.5751953125 0.5013020833333334 0.0078125 0.009114583333333334
0 0.5087890625 0.5052083333333334 0.0078125 0.009114583333333334
0 0.515625 0.5325520833333334 0.0087890625 0.01171875
0 0.482421875 0.5885416666666666 0.0068359375 0.010416666666666666
0 0.5888671875 0.6067708333333334 0.0087890625 0.013020833333333334
0 0.6572265625 0.6106770833333334 0.0087890625 0.013020833333333334
0 0.154296875 0.24088541666666666 0.00390625 0.006510416666666667