0 0.265625 0.33770014556040756 0.01953125 0.03056768558951965
0 0.3291015625 0.3420669577874818 0.0166015625 0.033478893740902474
0 0.3935546875 0.33624454148471616 0.0146484375 0.03202328966521106
0 0.45703125 0.3318777292576419 0.015625 0.02911208151382824
0 0.2509765625 0.4672489082969432 0.0146484375 0.03056768558951965
0 0.337890625 0.48034934497816595 0.0146484375 0.03202328966521106
0 0.4228515625 0.48180494905385735 0.0146484375 0.03202328966521106
0 0.357421875 0.5254730713245997 0.0185546875 0.03784570596797671
0 0.279296875 0.5312954876273653 0.015625 0.03056768558951965
0 0.2060546875 0.5385735080058224 0.0185546875 0.03202328966521106
0 0.2255859375 0.5720524017467249 0.0185546875 0.03202328966521106
0 0.294921875 0.5647743813682679 0.015625 0.033478893740902474
0 0.3662109375 0.5676855895196506 0.0185546875 0.036390101892285295
0 0.4267578125 0.5458515283842795 0.01953125 0.033478893740902474
0 0.44140625 0.5735080058224163 0.017578125 0.03056768558951965
0 0.4716796875 0.6273653566229985 0.017578125 0.036390101892285295
0 0.3876953125 0.6098981077147017 0.0205078125 0.034934497816593885
0 0.4111328125 0.62882096069869 0.0234375 0.040756914119359534
0 0.40234375 0.6914119359534207 0.021484375 0.03202328966521106
0 0.294921875 0.6142649199417758 0.01953125 0.036390101892285295
0 0.212890625 0.6171761280931587 0.01953125 0.039301310043668124
0 0.2431640625 0.6506550218340611 0.021484375 0.034934497816593885
0 0.240234375 0.6943231441048034 0.0205078125 0.040756914119359534
0 0.3271484375 0.7059679767103348 0.017578125 0.034934497816593885
0 0.3310546875 0.6506550218340611 0.01953125 0.034934497816593885
0 0.1650390625 0.6506550218340611 0.021484375 0.043668122270742356
0 0.142578125 0.6870451237263464 0.0234375 0.039301310043668124
0 0.5244140625 0.33770014556040756 0.015625 0.03056768558951965
0 0.5908203125 0.3420669577874818 0.017578125 0.03202328966521106
0 0.66015625 0.34497816593886466 0.0166015625 0.03202328966521106
0 0.5244140625 0.46142649199417757 0.017578125 0.02911208151382824
0 0.607421875 0.4556040756914119 0.015625 0.03202328966521106
0 0.7099609375 0.45997088791848617 0.017578125 0.034934497816593885
0 0.5068359375 0.5254730713245997 0.0205078125 0.034934497816593885
0 0.591796875 0.5458515283842795 0.01953125 0.036390101892285295
0 0.625 0.5749636098981077 0.01953125 0.03202328966521106
0 0.669921875 0.5502183406113537 0.0185546875 0.034934497816593885
0 0.521484375 0.5676855895196506 0.021484375 0.036390101892285295
0 0.5478515625 0.6171761280931587 0.01953125 0.034934497816593885
0 0.634765625 0.6128093158660844 0.01953125 0.036390101892285295
0 0.708984375 0.62882096069869 0.01953125 0.036390101892285295
0 0.4951171875 0.6506550218340611 0.01953125 0.03784570596797671
0 0.5126953125 0.6841339155749636 0.021484375 0.042212518195050945
0 0.576171875 0.660844250363901 0.021484375 0.036390101892285295
0 0.61328125 0.6957787481804949 0.0166015625 0.034934497816593885
0 0.6611328125 0.6550218340611353 0.0205078125 0.03202328966521106
0 0.72265625 0.5880640465793304 0.0185546875 0.034934497816593885
0 0.7109375 0.6885007278020379 0.0224609375 0.039301310043668124
0 0.7265625 0.33915574963609896 0.015625 0.03056768558951965
0 0.79296875 0.3318777292576419 0.017578125 0.03056768558951965
0 0.7822265625 0.45414847161572053 0.017578125 0.03056768558951965
0 0.86328125 0.4512372634643377 0.0166015625 0.026200873362445413
0 0.7568359375 0.5633187772925764 0.015625 0.03056768558951965
0 0.7958984375 0.5720524017467249 0.0205078125 0.03202328966521106
0 0.8310546875 0.5502183406113537 0.01953125 0.034934497816593885
0 0.900390625 0.5502183406113537 0.0185546875 0.033478893740902474
0 0.8642578125 0.6128093158660844 0.0205078125 0.034934497816593885
0 0.79296875 0.6084425036390102 0.0224609375 0.036390101892285295
0 0.7470703125 0.653566229985444 0.021484375 0.039301310043668124
0 0.826171875 0.6550218340611353 0.017578125 0.039301310043668124
0 0.8857421875 0.6899563318777293 0.021484375 0.034934497816593885
0 0.7978515625 0.6914119359534207 0.0185546875 0.040756914119359534