0 0.3017578125 0.34110787172011664 0.0322265625 0.05830903790087463
0 0.154296875 0.3673469387755102 0.037109375 0.056851311953352766
0 0.03515625 0.36005830903790087 0.041015625 0.0728862973760933
0 0.69921875 0.33819241982507287 0.0185546875 0.029154518950437316
0 0.5673828125 0.3294460641399417 0.0380859375 0.06705539358600583
0 0.6025390625 0.34402332361516036 0.0185546875 0.030612244897959183
0 0.642578125 0.37755102040816324 0.017578125 0.027696793002915453
0 0.45703125 0.336734693877551 0.02734375 0.052478134110787174
0 0.7734375 0.35131195335276966 0.0166015625 0.027696793002915453
0 0.994140625 0.3396501457725947 0.0107421875 0.04227405247813411
0 0.91796875 0.35422740524781343 0.01953125 0.030612244897959183
0 0.814453125 0.32215743440233235 0.03515625 0.05830903790087463