0 0.0390625 0.4149305555555556 0.0234375 0.059027777777777776
0 0.150390625 0.4340277777777778 0.0234375 0.041666666666666664
0 0.2431640625 0.4375 0.0224609375 0.050347222222222224
0 0.31640625 0.3993055555555556 0.0185546875 0.043402777777777776
0 0.408203125 0.4427083333333333 0.0234375 0.04861111111111111
0 0.2822265625 0.4322916666666667 0.0107421875 0.029513888888888888
0 0.1787109375 0.5295138888888888 0.0205078125 0.034722222222222224
0 0.4482421875 0.4409722222222222 0.0078125 0.020833333333333332
0 0.4951171875 0.3819444444444444 0.0224609375 0.04513888888888889
0 0.6015625 0.4375 0.0078125 0.020833333333333332
0 0.5849609375 0.4409722222222222 0.0087890625 0.020833333333333332
0 0.56640625 0.4427083333333333 0.0078125 0.015625
0 0.62109375 0.4322916666666667 0.0068359375 0.019097222222222224
0 0.7705078125 0.4288194444444444 0.0068359375 0.019097222222222224
0 0.9326171875 0.4079861111111111 0.017578125 0.07291666666666667
0 0.9228515625 0.4166666666666667 0.0166015625 0.05381944444444445