0 0.130859375 0.21352785145888595 0.0380859375 0.0610079575596817
0 0.267578125 0.16180371352785147 0.037109375 0.06631299734748011
0 0.38671875 0.11671087533156499 0.041015625 0.06631299734748011
0 0.51171875 0.1206896551724138 0.0380859375 0.0636604774535809
0 0.6337890625 0.1273209549071618 0.0380859375 0.04907161803713528
0 0.75390625 0.17108753315649866 0.0400390625 0.05968169761273209
0 0.720703125 0.29310344827586204 0.0380859375 0.06763925729442971
0 0.6005859375 0.27586206896551724 0.041015625 0.06896551724137931
0 0.490234375 0.2864721485411141 0.0400390625 0.06896551724137931
0 0.3642578125 0.2864721485411141 0.041015625 0.07559681697612732
0 0.2294921875 0.33156498673740054 0.041015625 0.07427055702917772
0 0.3095703125 0.5159151193633952 0.04296875 0.08885941644562334
0 0.185546875 0.6074270557029178 0.046875 0.08488063660477453
0 0.4384765625 0.48408488063660476 0.0439453125 0.07824933687002653
0 0.5732421875 0.473474801061008 0.0439453125 0.07427055702917772
0 0.67578125 0.5981432360742706 0.048828125 0.08488063660477453
0 0.875 0.22015915119363394 0.0361328125 0.0623342175066313