0 0.0048828125 0.6693467336683417 0.009765625 0.02613065326633166
0 0.056640625 0.6432160804020101 0.013671875 0.020100502512562814
0 0.0986328125 0.6321608040201006 0.0048828125 0.008040201005025126
0 0.162109375 0.6261306532663317 0.0068359375 0.011055276381909548
0 0.2109375 0.6432160804020101 0.0126953125 0.019095477386934675
0 0.291015625 0.678391959798995 0.0205078125 0.02512562814070352
0 0.3369140625 0.6170854271356784 0.0078125 0.011055276381909548
0 0.2861328125 0.6331658291457286 0.0078125 0.011055276381909548
0 0.373046875 0.6190954773869347 0.0107421875 0.01507537688442211
0 0.4130859375 0.6934673366834171 0.03515625 0.04522613065326633
0 0.01953125 0.7105527638190955 0.0263671875 0.035175879396984924
0 0.54296875 0.629145728643216 0.0107421875 0.01306532663316583
0 0.58984375 0.6331658291457286 0.0224609375 0.032160804020100506
0 0.6162109375 0.6341708542713568 0.0107421875 0.01306532663316583
0 0.6484375 0.6150753768844222 0.0048828125 0.009045226130653266
0 0.6787109375 0.6201005025125628 0.0107421875 0.01407035175879397
0 0.7109375 0.629145728643216 0.0166015625 0.022110552763819097
0 0.7568359375 0.6412060301507537 0.0146484375 0.018090452261306532
0 0.77734375 0.6251256281407035 0.0087890625 0.010050251256281407
0 0.8017578125 0.6271356783919598 0.0126953125 0.01507537688442211
0 0.8291015625 0.6190954773869347 0.0126953125 0.012060301507537688
0 0.8779296875 0.6190954773869347 0.0078125 0.01306532663316583
0 0.84765625 0.6130653266331658 0.0078125 0.010050251256281407