0 0.328125 0.49453978159126366 0.0048828125 0.0109204368174727
0 0.38671875 0.5475819032761311 0.0048828125 0.015600624024960999
0 0.3740234375 0.5444617784711389 0.00390625 0.0109204368174727
0 0.2548828125 0.5585023400936038 0.0048828125 0.0093603744149766
0 0.2890625 0.5491419656786272 0.0048828125 0.0109204368174727
0 0.3388671875 0.5444617784711389 0.0048828125 0.0109204368174727
0 0.2568359375 0.5850234009360374 0.005859375 0.0109204368174727
0 0.2607421875 0.6053042121684867 0.0048828125 0.0124804992199688
0 0.302734375 0.5912636505460218 0.0068359375 0.0124804992199688
0 0.328125 0.5959438377535101 0.0048828125 0.014040561622464899
0 0.349609375 0.594383775351014 0.00390625 0.0109204368174727
0 0.1728515625 0.5850234009360374 0.0078125 0.015600624024960999
0 0.259765625 0.6365054602184087 0.005859375 0.0109204368174727
0 0.27734375 0.6349453978159126 0.0048828125 0.014040561622464899
0 0.2763671875 0.6786271450858035 0.0068359375 0.014040561622464899
0 0.259765625 0.6786271450858035 0.0048828125 0.0124804992199688
0 0.23828125 0.6801872074882995 0.0048828125 0.0124804992199688
0 0.2177734375 0.6770670826833073 0.0068359375 0.014040561622464899
0 0.19921875 0.6817472698907956 0.0078125 0.015600624024960999
0 0.177734375 0.6817472698907956 0.0068359375 0.014040561622464899
0 0.166015625 0.6911076443057722 0.0048828125 0.015600624024960999
0 0.1796875 0.7145085803432137 0.0078125 0.0171606864274571
0 0.2548828125 0.6973478939157566 0.0078125 0.015600624024960999
0 0.2666015625 0.7160686427457098 0.0078125 0.0171606864274571
0 0.12890625 0.6911076443057722 0.005859375 0.015600624024960999
0 0.314453125 0.6755070202808112 0.005859375 0.014040561622464899
0 0.3369140625 0.6770670826833073 0.005859375 0.0124804992199688
0 0.37109375 0.6755070202808112 0.0068359375 0.0109204368174727
0 0.3837890625 0.6989079563182528 0.0068359375 0.015600624024960999
0 0.3583984375 0.7223088923556942 0.0048828125 0.0124804992199688
0 0.404296875 0.7238689547581904 0.0068359375 0.0124804992199688
0 0.41796875 0.7940717628705148 0.009765625 0.0171606864274571
0 0.44140625 0.7145085803432137 0.0068359375 0.014040561622464899
0 0.4658203125 0.7129485179407177 0.005859375 0.0171606864274571
0 0.4619140625 0.8049921996879875 0.0078125 0.0171606864274571
0 0.3369140625 0.6053042121684867 0.0068359375 0.0124804992199688
0 0.4345703125 0.5881435257410297 0.0048828125 0.0109204368174727
0 0.443359375 0.608424336973479 0.00390625 0.0124804992199688
0 0.3681640625 0.5912636505460218 0.0048828125 0.0124804992199688
0 0.359375 0.608424336973479 0.00390625 0.0109204368174727
0 0.416015625 0.6068642745709828 0.005859375 0.0109204368174727
0 0.318359375 0.6396255850234009 0.005859375 0.0124804992199688
0 0.33984375 0.6380655226209049 0.0048828125 0.0124804992199688
0 0.376953125 0.6396255850234009 0.0068359375 0.0124804992199688
0 0.3955078125 0.6396255850234009 0.0048828125 0.0109204368174727
0 0.4150390625 0.641185647425897 0.0048828125 0.014040561622464899
0 0.4365234375 0.6427457098283932 0.0048828125 0.0124804992199688
0 0.5078125 0.8034321372854915 0.0087890625 0.0202808112324493
0 0.5576171875 0.8034321372854915 0.0087890625 0.0187207488299532
0 0.54296875 0.7160686427457098 0.0048828125 0.014040561622464899
0 0.5 0.5257410296411856 0.0048828125 0.0109204368174727
0 0.501953125 0.500780031201248 0.0048828125 0.0078003120124804995
0 0.5419921875 0.49765990639625585 0.0048828125 0.0109204368174727
0 0.5625 0.5023400936037441 0.0048828125 0.0093603744149766
0 0.5263671875 0.5865834633385335 0.0048828125 0.0109204368174727
0 0.5498046875 0.594383775351014 0.00390625 0.0093603744149766
0 0.5712890625 0.592823712948518 0.005859375 0.0109204368174727
0 0.4677734375 0.6115444617784711 0.0048828125 0.0124804992199688
0 0.4921875 0.608424336973479 0.0048828125 0.0093603744149766
0 0.5185546875 0.608424336973479 0.005859375 0.0124804992199688
0 0.56640625 0.6131045241809673 0.005859375 0.014040561622464899
0 0.474609375 0.6443057722308893 0.0068359375 0.0124804992199688
0 0.4970703125 0.6443057722308893 0.0048828125 0.014040561622464899
0 0.5751953125 0.6489859594383776 0.005859375 0.014040561622464899
0 0.4892578125 0.6692667706708268 0.0068359375 0.014040561622464899
0 0.5107421875 0.672386895475819 0.0048828125 0.0109204368174727
0 0.5302734375 0.6755070202808112 0.0048828125 0.0124804992199688
0 0.5517578125 0.6708268330733229 0.0048828125 0.0124804992199688
0 0.572265625 0.6739469578783152 0.005859375 0.014040561622464899
0 0.5400390625 0.5288611544461779 0.00390625 0.0078003120124804995
0 0.5888671875 0.500780031201248 0.00390625 0.0093603744149766
0 0.6123046875 0.5023400936037441 0.0029296875 0.0093603744149766
0 0.658203125 0.5023400936037441 0.0029296875 0.0093603744149766
0 0.6787109375 0.49765990639625585 0.0029296875 0.0078003120124804995
0 0.5576171875 0.5288611544461779 0.0029296875 0.0062402496099844
0 0.5791015625 0.5241809672386896 0.00390625 0.0093603744149766
0 0.6044921875 0.5366614664586583 0.0048828125 0.0078003120124804995
0 0.6845703125 0.5600624024960998 0.00390625 0.0093603744149766
0 0.7021484375 0.5600624024960998 0.0048828125 0.0109204368174727
0 0.720703125 0.5600624024960998 0.0048828125 0.0124804992199688
0 0.60546875 0.5772230889235569 0.0029296875 0.0109204368174727
0 0.6259765625 0.5787831513260531 0.0029296875 0.0093603744149766
0 0.6474609375 0.5834633385335414 0.0048828125 0.0109204368174727
0 0.7099609375 0.5897035881435257 0.005859375 0.0109204368174727
0 0.66015625 0.6177847113884556 0.00390625 0.0124804992199688
0 0.728515625 0.5912636505460218 0.0048828125 0.014040561622464899
0 0.73828125 0.6193447737909517 0.0029296875 0.0109204368174727
0 0.712890625 0.6193447737909517 0.00390625 0.0124804992199688
0 0.591796875 0.6458658346333853 0.0048828125 0.0109204368174727
0 0.609375 0.6505460218408736 0.0048828125 0.0124804992199688
0 0.626953125 0.6474258970358814 0.0048828125 0.0124804992199688
0 0.6474609375 0.6489859594383776 0.0048828125 0.0124804992199688
0 0.6826171875 0.6474258970358814 0.0048828125 0.0124804992199688
0 0.7060546875 0.6505460218408736 0.0048828125 0.0124804992199688
0 0.7236328125 0.6489859594383776 0.00390625 0.0093603744149766
0 0.7431640625 0.6521060842433697 0.005859375 0.0124804992199688
0 0.7646484375 0.6505460218408736 0.00390625 0.0093603744149766
0 0.7939453125 0.5881435257410297 0.0068359375 0.0124804992199688
0 0.583984375 0.6973478939157566 0.0068359375 0.014040561622464899
0 0.5927734375 0.6739469578783152 0.005859375 0.014040561622464899
0 0.6142578125 0.6786271450858035 0.0048828125 0.014040561622464899
0 0.63671875 0.6770670826833073 0.0078125 0.015600624024960999
0 0.6572265625 0.6786271450858035 0.005859375 0.015600624024960999
0 0.677734375 0.6786271450858035 0.0048828125 0.0124804992199688
0 0.69921875 0.6755070202808112 0.005859375 0.014040561622464899
0 0.720703125 0.6817472698907956 0.005859375 0.0124804992199688
0 0.73828125 0.6786271450858035 0.0048828125 0.014040561622464899
0 0.7587890625 0.6817472698907956 0.0068359375 0.0124804992199688
0 0.7763671875 0.6817472698907956 0.0048828125 0.0124804992199688
0 0.80078125 0.6801872074882995 0.0068359375 0.0124804992199688
0 0.6181640625 0.6957878315132605 0.0048828125 0.0124804992199688
0 0.6103515625 0.7223088923556942 0.005859375 0.0124804992199688
0 0.6416015625 0.7207488299531981 0.0078125 0.0171606864274571
0 0.650390625 0.6989079563182528 0.0068359375 0.015600624024960999
0 0.6787109375 0.719188767550702 0.005859375 0.015600624024960999
0 0.69140625 0.6989079563182528 0.0068359375 0.015600624024960999
0 0.724609375 0.717628705148206 0.005859375 0.015600624024960999
0 0.732421875 0.6989079563182528 0.005859375 0.0187207488299532
0 0.7724609375 0.6957878315132605 0.005859375 0.015600624024960999
0 0.7626953125 0.717628705148206 0.005859375 0.014040561622464899
0 0.8154296875 0.6926677067082684 0.0068359375 0.0171606864274571
0 0.8076171875 0.7145085803432137 0.005859375 0.015600624024960999
0 0.6337890625 0.7379095163806553 0.005859375 0.015600624024960999
0 0.2978515625 0.6380655226209049 0.0048828125 0.014040561622464899
0 0.8408203125 0.7145085803432137 0.0068359375 0.0171606864274571
0 0.8505859375 0.6926677067082684 0.0078125 0.015600624024960999