0 0.072265625 0.28654970760233917 0.0185546875 0.03216374269005848
0 0.1240234375 0.30409356725146197 0.005859375 0.014619883040935672
0 0.15234375 0.28654970760233917 0.015625 0.033625730994152045
0 0.216796875 0.3230994152046784 0.021484375 0.04532163742690058
0 0.2822265625 0.2953216374269006 0.01171875 0.024853801169590642
0 0.3291015625 0.24269005847953215 0.0048828125 0.008771929824561403
0 0.3740234375 0.25292397660818716 0.0224609375 0.05555555555555555
0 0.458984375 0.2821637426900585 0.017578125 0.027777777777777776
0 0.5517578125 0.23830409356725146 0.0361328125 0.06286549707602339
0 0.634765625 0.31140350877192985 0.01171875 0.017543859649122806
0 0.671875 0.2953216374269006 0.0107421875 0.019005847953216373
0 0.7265625 0.22953216374269006 0.0263671875 0.04824561403508772
0 0.8388671875 0.2733918128654971 0.0166015625 0.02631578947368421
0 0.8203125 0.29239766081871343 0.009765625 0.011695906432748537
0 0.8955078125 0.2953216374269006 0.0087890625 0.01608187134502924
0 0.9248046875 0.3084795321637427 0.0107421875 0.01608187134502924
0 0.953125 0.30409356725146197 0.0078125 0.011695906432748537
0 0.9765625 0.30409356725146197 0.0078125 0.011695906432748537