0 0.0107421875 0.5505124450951684 0.0087890625 0.017569546120058566
0 0.0361328125 0.5314787701317716 0.009765625 0.016105417276720352
0 0.0234375 0.5226939970717424 0.0087890625 0.016105417276720352
0 0.00390625 0.527086383601757 0.0087890625 0.017569546120058566
0 0.041015625 0.5197657393850659 0.0087890625 0.016105417276720352
0 0.021484375 0.5065885797950219 0.005859375 0.01171303074670571
0 0.0849609375 0.5768667642752562 0.005859375 0.016105417276720352
0 0.1064453125 0.5724743777452416 0.0068359375 0.017569546120058566
0 0.1044921875 0.5534407027818448 0.0078125 0.017569546120058566
0 0.08203125 0.5490483162518301 0.0078125 0.016105417276720352
0 0.09375 0.5358711566617862 0.0078125 0.014641288433382138
0 0.1240234375 0.575402635431918 0.0078125 0.010248901903367497
0 0.12109375 0.5519765739385066 0.0078125 0.014641288433382138
0 0.1318359375 0.5563689604685212 0.0068359375 0.014641288433382138
0 0.1640625 0.5695461200585652 0.0068359375 0.013177159590043924
0 0.1611328125 0.5505124450951684 0.0087890625 0.016105417276720352
0 0.189453125 0.5373352855051244 0.0322265625 0.05417276720351391
0 0.212890625 0.5607613469985359 0.0166015625 0.027818448023426062
0 0.244140625 0.5710102489019033 0.015625 0.01903367496339678
0 0.2607421875 0.5724743777452416 0.0068359375 0.013177159590043924
0 0.283203125 0.6090775988286969 0.0048828125 0.010248901903367497
0 0.2861328125 0.5900439238653001 0.005859375 0.01171303074670571
0 0.296875 0.5797950219619327 0.0068359375 0.013177159590043924
0 0.462890625 0.6222547584187409 0.0166015625 0.03367496339677892
0 0.4443359375 0.6090775988286969 0.0107421875 0.020497803806734993
0 0.3974609375 0.5929721815519766 0.015625 0.024890190336749635
0 0.3525390625 0.5797950219619327 0.021484375 0.03806734992679356
0 0.5009765625 0.6105417276720352 0.0107421875 0.024890190336749635
0 0.423828125 0.6090775988286969 0.0107421875 0.02342606149341142
0 0.5322265625 0.6120058565153733 0.005859375 0.014641288433382138
0 0.8798828125 0.7013177159590044 0.005859375 0.01171303074670571
0 0.9365234375 0.718887262079063 0.0068359375 0.01171303074670571
0 0.9765625 0.7598828696925329 0.0224609375 0.04978038067349927
0 0.1259765625 0.3279648609077599 0.0029296875 0.007320644216691069
0 0.111328125 0.32650073206442165 0.00390625 0.007320644216691069
0 0.0341796875 0.3089311859443631 0.00390625 0.005856515373352855
0 0.8427734375 0.6749633967789166 0.005859375 0.013177159590043924
0 0.6494140625 0.6398243045387995 0.017578125 0.032210834553440704