0 0.02734375 0.6541935483870968 0.0078125 0.01032258064516129
0 0.0615234375 0.6658064516129032 0.0078125 0.011612903225806452
0 0.1689453125 0.6735483870967742 0.0087890625 0.015483870967741935
0 0.11328125 0.7161290322580646 0.0087890625 0.014193548387096775
0 0.20703125 0.6890322580645162 0.009765625 0.014193548387096775
0 0.259765625 0.6851612903225807 0.005859375 0.015483870967741935
0 0.3115234375 0.6954838709677419 0.0068359375 0.012903225806451613
0 0.416015625 0.7058064516129032 0.0068359375 0.011612903225806452
0 0.4814453125 0.7212903225806452 0.009765625 0.01935483870967742
0 0.4296875 0.6529032258064517 0.0087890625 0.014193548387096775
0 0.4833984375 0.6541935483870968 0.005859375 0.012903225806451613
0 0.5087890625 0.6541935483870968 0.005859375 0.00903225806451613
0 0.5595703125 0.6516129032258065 0.0068359375 0.011612903225806452
0 0.568359375 0.6412903225806451 0.005859375 0.00903225806451613
0 0.5908203125 0.6451612903225806 0.0087890625 0.011612903225806452
0 0.609375 0.6348387096774194 0.0048828125 0.00903225806451613
0 0.576171875 0.632258064516129 0.0068359375 0.0064516129032258064
0 0.5517578125 0.6335483870967742 0.0068359375 0.01032258064516129
0 0.5234375 0.6374193548387097 0.005859375 0.007741935483870968
0 0.61328125 0.6219354838709678 0.0048828125 0.007741935483870968
0 0.65234375 0.6270967741935484 0.0068359375 0.00903225806451613
0 0.66796875 0.6129032258064516 0.0048828125 0.0064516129032258064
0 0.685546875 0.6193548387096774 0.0048828125 0.0064516129032258064
0 0.7109375 0.6141935483870967 0.0068359375 0.00903225806451613
0 0.7001953125 0.6116129032258064 0.0048828125 0.007741935483870968
0 0.728515625 0.7006451612903226 0.0068359375 0.012903225806451613
0 0.8291015625 0.9006451612903226 0.015625 0.023225806451612905
0 0.7490234375 0.9587096774193549 0.01953125 0.027096774193548386
0 0.703125 0.967741935483871 0.013671875 0.025806451612903226
0 0.912109375 0.727741935483871 0.0068359375 0.015483870967741935
0 0.935546875 0.7187096774193549 0.0087890625 0.015483870967741935
0 0.953125 0.7483870967741936 0.009765625 0.02064516129032258
0 0.8876953125 0.72 0.009765625 0.012903225806451613
0 0.90625 0.7174193548387097 0.009765625 0.015483870967741935
0 0.818359375 0.76 0.0087890625 0.023225806451612905
0 0.9189453125 0.9341935483870968 0.0146484375 0.02838709677419355
0 0.8896484375 0.984516129032258 0.015625 0.02967741935483871
0 0.8603515625 0.9341935483870968 0.0166015625 0.03354838709677419
0 0.9033203125 0.9212903225806451 0.015625 0.02967741935483871
0 0.7822265625 0.9509677419354838 0.0146484375 0.02838709677419355
0 0.7802734375 0.8851612903225806 0.013671875 0.025806451612903226
0 0.8251953125 0.9367741935483871 0.013671875 0.027096774193548386
0 0.9521484375 0.9058064516129032 0.015625 0.027096774193548386
0 0.7939453125 0.847741935483871 0.009765625 0.016774193548387096
0 0.7412109375 0.9019354838709678 0.0107421875 0.02193548387096774
0 0.7333984375 0.864516129032258 0.009765625 0.02193548387096774
0 0.978515625 0.967741935483871 0.015625 0.027096774193548386
0 0.990234375 0.9070967741935484 0.013671875 0.024516129032258065
0 0.849609375 0.8619354838709677 0.0126953125 0.025806451612903226
0 0.939453125 0.9406451612903226 0.0126953125 0.01935483870967742
0 0.9326171875 0.9703225806451613 0.0146484375 0.02838709677419355
0 0.7236328125 0.9458064516129032 0.017578125 0.02967741935483871