0 0.1005859375 0.5929549902152642 0.0224609375 0.0547945205479452
0 0.2041015625 0.6340508806262231 0.0234375 0.04892367906066536
0 0.2548828125 0.6046966731898239 0.0185546875 0.04500978473581213
0 0.2431640625 0.5870841487279843 0.013671875 0.0410958904109589
0 0.1923828125 0.24070450097847357 0.013671875 0.05283757338551859
0 0.35546875 0.6516634050880626 0.0205078125 0.04500978473581213
0 0.3701171875 0.6340508806262231 0.017578125 0.0547945205479452
0 0.3623046875 0.5499021526418787 0.0185546875 0.0547945205479452
0 0.349609375 0.5068493150684932 0.0166015625 0.04500978473581213
0 0.390625 0.5009784735812133 0.0185546875 0.046966731898238745
0 0.404296875 0.5596868884540117 0.01953125 0.050880626223091974
0 0.435546875 0.5714285714285714 0.021484375 0.046966731898238745
0 0.4736328125 0.5009784735812133 0.0166015625 0.046966731898238745
0 0.482421875 0.5616438356164384 0.0185546875 0.04500978473581213
0 0.501953125 0.5596868884540117 0.0205078125 0.0410958904109589
0 0.5234375 0.5655577299412916 0.0146484375 0.03718199608610567
0 0.4755859375 0.6418786692759295 0.017578125 0.04892367906066536
0 0.5595703125 0.5812133072407045 0.017578125 0.050880626223091974
0 0.609375 0.42661448140900193 0.01953125 0.046966731898238745
0 0.5869140625 0.5557729941291585 0.015625 0.03718199608610567
0 0.603515625 0.5812133072407045 0.017578125 0.0410958904109589
0 0.658203125 0.5264187866927593 0.0185546875 0.04500978473581213
0 0.5859375 0.6771037181996086 0.0166015625 0.05870841487279843
0 0.724609375 0.5401174168297456 0.0166015625 0.03522504892367906
0 0.75390625 0.5636007827788649 0.01953125 0.04500978473581213
0 0.767578125 0.4931506849315068 0.017578125 0.050880626223091974
0 0.83984375 0.5538160469667319 0.0205078125 0.03913894324853229
0 0.8408203125 0.50293542074364 0.017578125 0.046966731898238745
0 0.87109375 0.5909980430528375 0.017578125 0.050880626223091974
0 0.9091796875 0.5048923679060665 0.0166015625 0.046966731898238745