0 0.126953125 0.19270833333333334 0.0390625 0.07161458333333333
0 0.302734375 0.26953125 0.0283203125 0.048177083333333336
0 0.3505859375 0.2708333333333333 0.021484375 0.041666666666666664
0 0.5146484375 0.2955729166666667 0.0478515625 0.09114583333333333
0 0.56640625 0.2981770833333333 0.0048828125 0.010416666666666666
0 0.6259765625 0.2721354166666667 0.033203125 0.057291666666666664
0 0.7275390625 0.27734375 0.013671875 0.02734375
0 0.7685546875 0.30859375 0.0224609375 0.036458333333333336
0 0.8212890625 0.29296875 0.009765625 0.018229166666666668
0 0.8095703125 0.2916666666666667 0.0048828125 0.0078125
0 0.8896484375 0.2916666666666667 0.0078125 0.016927083333333332
0 0.9013671875 0.2903645833333333 0.013671875 0.0234375
0 0.92578125 0.2942708333333333 0.009765625 0.018229166666666668
0 0.9150390625 0.3059895833333333 0.00390625 0.006510416666666667
0 0.9443359375 0.3333333333333333 0.037109375 0.06640625
0 0.8271484375 0.3294270833333333 0.0126953125 0.0234375