0 0.962890625 0.3747072599531616 0.01953125 0.05152224824355972
0 0.896484375 0.34894613583138173 0.01171875 0.0468384074941452
0 0.8125 0.3231850117096019 0.0166015625 0.0585480093676815
0 0.8642578125 0.34894613583138173 0.009765625 0.03044496487119438
0 0.7021484375 0.32786885245901637 0.0166015625 0.05620608899297424
0 0.634765625 0.38173302107728335 0.03125 0.09836065573770492
0 0.67578125 0.34660421545667447 0.009765625 0.03278688524590164
0 0.74609375 0.3559718969555035 0.009765625 0.02810304449648712
0 0.7578125 0.36768149882903983 0.0068359375 0.02576112412177986
0 0.7333984375 0.351288056206089 0.0078125 0.03044496487119438
0 0.6494140625 0.3747072599531616 0.0068359375 0.02576112412177986
0 0.4501953125 0.37236533957845436 0.0283203125 0.08899297423887588
0 0.3251953125 0.33021077283372363 0.02734375 0.07728337236533958
0 0.4853515625 0.3395784543325527 0.0126953125 0.03981264637002342
0 0.3818359375 0.3583138173302108 0.009765625 0.03278688524590164
0 0.3515625 0.36065573770491804 0.0087890625 0.02810304449648712
0 0.2685546875 0.33021077283372363 0.009765625 0.03044496487119438
0 0.2890625 0.3442622950819672 0.009765625 0.02576112412177986
0 0.5341796875 0.351288056206089 0.0068359375 0.01639344262295082
0 0.53125 0.3911007025761124 0.0068359375 0.01639344262295082
0 0.54296875 0.3793911007025761 0.0068359375 0.01873536299765808
0 0.5810546875 0.3840749414519906 0.0087890625 0.0234192037470726
0 0.119140625 0.3442622950819672 0.0166015625 0.0468384074941452
0 0.0810546875 0.36768149882903983 0.013671875 0.0351288056206089
0 0.1962890625 0.33021077283372363 0.013671875 0.04918032786885246
0 0.2265625 0.3395784543325527 0.021484375 0.06557377049180328
0 0.06640625 0.3442622950819672 0.01171875 0.0351288056206089
0 0.025390625 0.33489461358313816 0.0078125 0.02576112412177986
0 0.1337890625 0.34660421545667447 0.0068359375 0.01873536299765808
0 0.2490234375 0.34894613583138173 0.0068359375 0.02107728337236534
0 0.009765625 0.3185011709601874 0.0078125 0.02107728337236534
0 0.4228515625 0.3231850117096019 0.013671875 0.03747072599531616
0 0.4697265625 0.3372365339578454 0.0087890625 0.0234192037470726