0 0.068359375 0.3066860465116279 0.0361328125 0.05232558139534884
0 0.02734375 0.23255813953488372 0.01171875 0.01744186046511628
0 0.13671875 0.2936046511627907 0.0263671875 0.04941860465116279
0 0.17578125 0.2311046511627907 0.01171875 0.015988372093023256
0 0.232421875 0.3008720930232558 0.021484375 0.03343023255813953
0 0.2578125 0.3226744186046512 0.021484375 0.04215116279069767
0 0.32421875 0.3241279069767442 0.0341796875 0.0625
0 0.4033203125 0.3008720930232558 0.0185546875 0.04215116279069767
0 0.4462890625 0.2921511627906977 0.021484375 0.0436046511627907
0 0.3740234375 0.2238372093023256 0.0068359375 0.015988372093023256
0 0.5283203125 0.3430232558139535 0.0205078125 0.03488372093023256
0 0.48046875 0.3851744186046512 0.0234375 0.0436046511627907
0 0.6943359375 0.3313953488372093 0.01953125 0.03924418604651163
0 0.763671875 0.3938953488372093 0.0478515625 0.08866279069767442
0 0.91015625 0.41424418604651164 0.0478515625 0.07848837209302326
0 0.974609375 0.29941860465116277 0.015625 0.030523255813953487
0 0.6357421875 0.3502906976744186 0.0244140625 0.05377906976744186
0 0.4326171875 0.2369186046511628 0.0087890625 0.015988372093023256
0 0.939453125 0.34011627906976744 0.0205078125 0.05232558139534884