0 0.0380859375 0.37581274382314694 0.0263671875 0.036410923276983094
0 0.0947265625 0.3732119635890767 0.0224609375 0.032509752925877766
0 0.1201171875 0.3823146944083225 0.0185546875 0.031209362808842653
0 0.154296875 0.36280884265279584 0.0205078125 0.031209362808842653
0 0.1416015625 0.4070221066319896 0.021484375 0.027308192457737322
0 0.1787109375 0.38881664499349805 0.0224609375 0.032509752925877766
0 0.2216796875 0.37971391417425226 0.017578125 0.02600780234070221
0 0.24609375 0.3810143042912874 0.0166015625 0.0247074122236671
0 0.244140625 0.4187256176853056 0.0185546875 0.0247074122236671
0 0.2666015625 0.4070221066319896 0.01171875 0.02600780234070221
0 0.2861328125 0.3966189856957087 0.0146484375 0.02340702210663199
0 0.2724609375 0.3706111833550065 0.015625 0.022106631989596878
0 0.294921875 0.3719115734720416 0.015625 0.0247074122236671
0 0.30078125 0.41482444733420026 0.017578125 0.032509752925877766
0 0.333984375 0.3862158647594278 0.0185546875 0.02860858257477243
0 0.31640625 0.37451235370611186 0.0107421875 0.018205461638491547
0 0.3291015625 0.3589076723016905 0.0126953125 0.01950585175552666
0 0.3525390625 0.37971391417425226 0.009765625 0.02600780234070221
0 0.3759765625 0.38751625487646296 0.0146484375 0.0247074122236671
0 0.4013671875 0.3836150845253576 0.013671875 0.0247074122236671
0 0.3916015625 0.3472041612483745 0.0146484375 0.01950585175552666
0 0.4287109375 0.37711313394018203 0.015625 0.02340702210663199
0 0.3505859375 0.4967490247074122 0.0205078125 0.02990897269180754
0 0.322265625 0.5253576072821846 0.0205078125 0.031209362808842653
0 0.287109375 0.52925877763329 0.01953125 0.031209362808842653
0 0.2548828125 0.4980494148244473 0.017578125 0.02600780234070221
0 0.2265625 0.5318595578673602 0.01953125 0.031209362808842653
0 0.4609375 0.3914174252275683 0.0146484375 0.02080624187256177
0 0.4619140625 0.36540962288686607 0.0146484375 0.018205461638491547
0 0.482421875 0.38751625487646296 0.01953125 0.02990897269180754
0 0.5126953125 0.37711313394018203 0.0146484375 0.02860858257477243
0 0.5078125 0.3576072821846554 0.0126953125 0.02340702210663199
0 0.53515625 0.3823146944083225 0.0166015625 0.0247074122236671
0 0.5615234375 0.36540962288686607 0.0126953125 0.01950585175552666
0 0.5791015625 0.36280884265279584 0.0146484375 0.022106631989596878
0 0.591796875 0.38491547464239273 0.013671875 0.02080624187256177
0 0.609375 0.3641092327698309 0.015625 0.02600780234070221
0 0.59765625 0.36150845253576075 0.0126953125 0.01950585175552666
0 0.623046875 0.3836150845253576 0.0166015625 0.02340702210663199
0 0.646484375 0.3706111833550065 0.013671875 0.01950585175552666
0 0.666015625 0.35240572171651496 0.015625 0.0247074122236671
0 0.697265625 0.37581274382314694 0.0185546875 0.0247074122236671
0 0.68359375 0.4317295188556567 0.0205078125 0.032509752925877766
0 0.6396484375 0.42522756827048114 0.0185546875 0.02860858257477243
0 0.5947265625 0.42002600780234073 0.017578125 0.02990897269180754
0 0.61328125 0.46553966189856955 0.017578125 0.02860858257477243
0 0.6298828125 0.5240572171651495 0.0146484375 0.02990897269180754
0 0.5771484375 0.5253576072821846 0.0166015625 0.02860858257477243
0 0.560546875 0.5019505851755527 0.0166015625 0.02340702210663199
0 0.525390625 0.5240572171651495 0.017578125 0.027308192457737322
0 0.474609375 0.5253576072821846 0.0166015625 0.02990897269180754
0 0.7001953125 0.5253576072821846 0.0185546875 0.02990897269180754
0 0.71875 0.4967490247074122 0.0205078125 0.02990897269180754
0 0.759765625 0.47854356306892065 0.0185546875 0.027308192457737322
0 0.798828125 0.5357607282184655 0.01953125 0.031209362808842653
0 0.810546875 0.49154746423927176 0.0234375 0.02860858257477243
0 0.7734375 0.3953185955786736 0.01953125 0.02860858257477243
0 0.7333984375 0.39011703511053314 0.0185546875 0.027308192457737322
0 0.7275390625 0.3706111833550065 0.015625 0.022106631989596878
0 0.7587890625 0.3472041612483745 0.017578125 0.027308192457737322
0 0.7978515625 0.38881664499349805 0.017578125 0.022106631989596878
0 0.8330078125 0.36540962288686607 0.0224609375 0.02990897269180754
0 0.8857421875 0.3810143042912874 0.01953125 0.032509752925877766
0 0.859375 0.4889466840052016 0.0224609375 0.033810143042912875