0 0.9736328125 0.5545171339563862 0.0107421875 0.02336448598130841
0 0.9892578125 0.5638629283489096 0.0087890625 0.018691588785046728
0 0.9453125 0.5264797507788161 0.009765625 0.021806853582554516
0 0.98046875 0.48286604361370716 0.0107421875 0.02336448598130841
0 0.970703125 0.48286604361370716 0.0107421875 0.021806853582554516
0 0.927734375 0.4781931464174455 0.0107421875 0.02336448598130841
0 0.9150390625 0.49221183800623053 0.0068359375 0.01557632398753894
0 0.8623046875 0.5311526479750779 0.013671875 0.024922118380062305
0 0.888671875 0.48286604361370716 0.0078125 0.018691588785046728
0 0.8623046875 0.46417445482866043 0.009765625 0.021806853582554516
0 0.8740234375 0.6090342679127726 0.013671875 0.024922118380062305
0 0.7978515625 0.6105919003115264 0.0126953125 0.028037383177570093
0 0.802734375 0.7118380062305296 0.015625 0.024922118380062305
0 0.7529296875 0.5996884735202492 0.015625 0.03115264797507788
0 0.728515625 0.5685358255451713 0.015625 0.0264797507788162
0 0.7666015625 0.5 0.01171875 0.021806853582554516
0 0.7900390625 0.5155763239875389 0.01171875 0.024922118380062305
0 0.8291015625 0.5295950155763239 0.0126953125 0.024922118380062305
0 0.8427734375 0.4719626168224299 0.0107421875 0.021806853582554516
0 0.8232421875 0.4688473520249221 0.0126953125 0.02336448598130841
0 0.787109375 0.4672897196261682 0.009765625 0.018691588785046728
0 0.763671875 0.4501557632398754 0.0107421875 0.021806853582554516
0 0.7353515625 0.48130841121495327 0.013671875 0.02336448598130841
0 0.7421875 0.46105919003115264 0.01171875 0.02336448598130841
0 0.7041015625 0.5109034267912772 0.0087890625 0.020249221183800622
0 0.6640625 0.6090342679127726 0.0126953125 0.029595015576323987
0 0.6435546875 0.5919003115264797 0.013671875 0.024922118380062305
0 0.599609375 0.5654205607476636 0.013671875 0.0264797507788162
0 0.67578125 0.5186915887850467 0.009765625 0.024922118380062305
0 0.6865234375 0.4781931464174455 0.009765625 0.02336448598130841
0 0.7021484375 0.470404984423676 0.0087890625 0.02336448598130841
0 0.6171875 0.470404984423676 0.015625 0.02336448598130841
0 0.6533203125 0.4719626168224299 0.01171875 0.021806853582554516
0 0.560546875 0.4672897196261682 0.0107421875 0.018691588785046728
0 0.5634765625 0.4501557632398754 0.01171875 0.021806853582554516
0 0.60546875 0.48909657320872274 0.01171875 0.02336448598130841
0 0.6513671875 0.2772585669781931 0.009765625 0.018691588785046728
0 0.73828125 0.29283489096573206 0.0087890625 0.018691588785046728
0 0.6083984375 0.32242990654205606 0.0107421875 0.021806853582554516
0 0.6318359375 0.32087227414330216 0.0078125 0.017133956386292833
0 0.58203125 0.35514018691588783 0.0107421875 0.017133956386292833
0 0.5966796875 0.34579439252336447 0.0107421875 0.021806853582554516
0 0.5673828125 0.3395638629283489 0.0107421875 0.020249221183800622
0 0.560546875 0.37383177570093457 0.0087890625 0.01557632398753894
0 0.5439453125 0.37383177570093457 0.0078125 0.017133956386292833
0 0.546875 0.3317757009345794 0.009765625 0.020249221183800622
0 0.513671875 0.411214953271028 0.0087890625 0.020249221183800622
0 0.52734375 0.40031152647975077 0.0078125 0.018691588785046728
0 0.5126953125 0.35046728971962615 0.0078125 0.018691588785046728
0 0.49609375 0.3364485981308411 0.009765625 0.018691588785046728
0 0.490234375 0.3862928348909657 0.0087890625 0.017133956386292833
0 0.50390625 0.43146417445482865 0.0078125 0.017133956386292833
0 0.4658203125 0.3613707165109034 0.0107421875 0.018691588785046728
0 0.4482421875 0.3582554517133956 0.01171875 0.020249221183800622
0 0.41796875 0.35358255451713394 0.0107421875 0.021806853582554516
0 0.435546875 0.278816199376947 0.01171875 0.018691588785046728
0 0.4921875 0.2383177570093458 0.009765625 0.021806853582554516
0 0.5322265625 0.2523364485981308 0.009765625 0.02336448598130841
0 0.4794921875 0.21651090342679127 0.0107421875 0.020249221183800622
0 0.521484375 0.1806853582554517 0.009765625 0.020249221183800622
0 0.546875 0.1557632398753894 0.0107421875 0.02336448598130841
0 0.5732421875 0.16043613707165108 0.009765625 0.021806853582554516
0 0.59765625 0.19781931464174454 0.01171875 0.02336448598130841
0 0.4267578125 0.411214953271028 0.01171875 0.021806853582554516
0 0.4365234375 0.43302180685358255 0.01171875 0.024922118380062305
0 0.46484375 0.43769470404984423 0.009765625 0.020249221183800622
0 0.41796875 0.45638629283489096 0.0107421875 0.02336448598130841
0 0.3916015625 0.43457943925233644 0.009765625 0.018691588785046728
0 0.537109375 0.48753894080996885 0.0087890625 0.021806853582554516
0 0.40625 0.5062305295950156 0.0107421875 0.02336448598130841
0 0.4404296875 0.4797507788161994 0.0126953125 0.024922118380062305
0 0.3876953125 0.5482866043613707 0.0146484375 0.0264797507788162
0 0.5234375 0.6090342679127726 0.013671875 0.029595015576323987
0 0.490234375 0.6277258566978193 0.017578125 0.03582554517133956
0 0.4111328125 0.6526479750778816 0.013671875 0.028037383177570093
0 0.388671875 0.7133956386292835 0.0166015625 0.029595015576323987
0 0.4091796875 0.6230529595015576 0.013671875 0.028037383177570093
0 0.4248046875 0.5919003115264797 0.013671875 0.029595015576323987
0 0.361328125 0.5716510903426791 0.0146484375 0.028037383177570093
0 0.330078125 0.6464174454828661 0.013671875 0.0264797507788162
0 0.31640625 0.6105919003115264 0.015625 0.0264797507788162
0 0.3408203125 0.5934579439252337 0.0146484375 0.0264797507788162
0 0.30078125 0.5482866043613707 0.013671875 0.024922118380062305
0 0.4814453125 0.4719626168224299 0.0107421875 0.02336448598130841
0 0.4765625 0.45638629283489096 0.009765625 0.02336448598130841
0 0.37890625 0.5031152647975078 0.01171875 0.0264797507788162
0 0.33203125 0.4750778816199377 0.0126953125 0.028037383177570093
0 0.3388671875 0.45638629283489096 0.009765625 0.017133956386292833
0 0.3408203125 0.42990654205607476 0.0107421875 0.021806853582554516
0 0.318359375 0.43769470404984423 0.009765625 0.021806853582554516
0 0.3701171875 0.43769470404984423 0.009765625 0.021806853582554516
0 0.5458984375 0.5809968847352025 0.0146484375 0.0264797507788162
0 0.53515625 0.559190031152648 0.013671875 0.0264797507788162
0 0.2099609375 0.6401869158878505 0.0146484375 0.029595015576323987
0 0.23828125 0.5778816199376947 0.015625 0.03582554517133956
0 0.2705078125 0.5700934579439252 0.0126953125 0.03115264797507788
0 0.2578125 0.5373831775700935 0.013671875 0.03115264797507788
0 0.29296875 0.5046728971962616 0.0146484375 0.03115264797507788
0 0.18359375 0.5872274143302181 0.013671875 0.028037383177570093
0 0.1318359375 0.5965732087227414 0.013671875 0.028037383177570093
0 0.0859375 0.6230529595015576 0.0166015625 0.03115264797507788
0 0.025390625 0.6059190031152648 0.015625 0.03115264797507788
0 0.0576171875 0.5482866043613707 0.0146484375 0.0264797507788162
0 0.1015625 0.5155763239875389 0.0126953125 0.0264797507788162
0 0.1259765625 0.5295950155763239 0.013671875 0.03115264797507788
0 0.146484375 0.5280373831775701 0.0126953125 0.028037383177570093
0 0.16796875 0.5249221183800623 0.0126953125 0.02336448598130841
0 0.212890625 0.543613707165109 0.013671875 0.028037383177570093
0 0.25 0.5015576323987538 0.0126953125 0.0264797507788162
0 0.201171875 0.4937694704049844 0.013671875 0.029595015576323987
0 0.00390625 0.5093457943925234 0.0087890625 0.020249221183800622
0 0.0419921875 0.4719626168224299 0.01171875 0.02336448598130841
0 0.08984375 0.46105919003115264 0.0087890625 0.020249221183800622
0 0.1103515625 0.43613707165109034 0.0107421875 0.018691588785046728
0 0.0849609375 0.43613707165109034 0.009765625 0.018691588785046728
0 0.0625 0.42679127725856697 0.0107421875 0.017133956386292833
0 0.0546875 0.4501557632398754 0.009765625 0.020249221183800622
0 0.2392578125 0.43302180685358255 0.0107421875 0.024922118380062305
0 0.439453125 0.5872274143302181 0.013671875 0.0264797507788162
0 0.591796875 0.5015576323987538 0.009765625 0.024922118380062305
0 0.220703125 0.40965732087227413 0.009765625 0.017133956386292833
0 0.201171875 0.411214953271028 0.0087890625 0.020249221183800622
0 0.1796875 0.40498442367601245 0.0107421875 0.020249221183800622
0 0.1640625 0.3909657320872274 0.009765625 0.017133956386292833
0 0.1455078125 0.3956386292834891 0.0087890625 0.020249221183800622
0 0.107421875 0.3940809968847352 0.009765625 0.018691588785046728
0 0.08203125 0.3940809968847352 0.0107421875 0.018691588785046728
0 0.11328125 0.3691588785046729 0.0078125 0.017133956386292833
0 0.1279296875 0.3411214953271028 0.009765625 0.020249221183800622
0 0.1484375 0.34579439252336447 0.0107421875 0.020249221183800622
0 0.201171875 0.3364485981308411 0.01171875 0.02336448598130841
0 0.228515625 0.3411214953271028 0.0087890625 0.017133956386292833
0 0.2529296875 0.3177570093457944 0.0107421875 0.018691588785046728
0 0.28125 0.3395638629283489 0.0107421875 0.020249221183800622
0 0.28125 0.3177570093457944 0.009765625 0.020249221183800622
0 0.322265625 0.31931464174454827 0.009765625 0.021806853582554516
0 0.345703125 0.3130841121495327 0.0087890625 0.021806853582554516
0 0.365234375 0.27414330218068533 0.0087890625 0.020249221183800622
0 0.3212890625 0.2538940809968847 0.0107421875 0.02336448598130841
0 0.28515625 0.27102803738317754 0.009765625 0.017133956386292833
0 0.255859375 0.2616822429906542 0.0107421875 0.021806853582554516
0 0.193359375 0.2881619937694704 0.0087890625 0.018691588785046728
0 0.1787109375 0.2772585669781931 0.0107421875 0.017133956386292833
0 0.146484375 0.2803738317757009 0.009765625 0.01557632398753894
0 0.1826171875 0.3598130841121495 0.009765625 0.020249221183800622
0 0.21875 0.2850467289719626 0.009765625 0.021806853582554516
0 0.3115234375 0.3613707165109034 0.009765625 0.020249221183800622
0 0.2490234375 0.3691588785046729 0.0078125 0.020249221183800622
0 0.267578125 0.3925233644859813 0.0107421875 0.02336448598130841
0 0.138671875 0.4252336448598131 0.0107421875 0.018691588785046728
0 0.06640625 0.26791277258566976 0.009765625 0.018691588785046728
0 0.046875 0.3161993769470405 0.009765625 0.018691588785046728
0 0.1064453125 0.22429906542056074 0.009765625 0.017133956386292833
0 0.0400390625 0.27102803738317754 0.0107421875 0.018691588785046728
0 0.01953125 0.2632398753894081 0.01171875 0.017133956386292833
0 0.00390625 0.3146417445482866 0.0078125 0.017133956386292833
0 0.0615234375 0.14018691588785046 0.0107421875 0.020249221183800622
0 0.5966796875 0.7040498442367601 0.0146484375 0.0264797507788162
0 0.5517578125 0.721183800623053 0.0146484375 0.029595015576323987
0 0.076171875 0.5794392523364486 0.015625 0.03426791277258567
0 0.078125 0.5109034267912772 0.0146484375 0.029595015576323987
0 0.6484375 0.4454828660436137 0.0087890625 0.021806853582554516
0 0.4794921875 0.37383177570093457 0.0068359375 0.017133956386292833
0 0.38671875 0.4127725856697819 0.009765625 0.018691588785046728
0 0.34765625 0.40654205607476634 0.0087890625 0.020249221183800622
0 0.5302734375 0.4766355140186916 0.0087890625 0.018691588785046728
0 0.818359375 0.0794392523364486 0.01171875 0.021806853582554516
0 0.7138671875 0.4953271028037383 0.0166015625 0.029595015576323987
0 0.8017578125 0.514018691588785 0.0087890625 0.021806853582554516
0 0.2197265625 0.3909657320872274 0.009765625 0.018691588785046728
0 0.2802734375 0.37694704049844235 0.0087890625 0.017133956386292833
0 0.2763671875 0.38006230529595014 0.0078125 0.012461059190031152
0 0.994140625 0.5981308411214953 0.0078125 0.020249221183800622
0 0.2021484375 0.26635514018691586 0.0107421875 0.021806853582554516