0 0.017578125 0.6178623718887262 0.0126953125 0.020497803806734993
0 0.076171875 0.6412884333821376 0.009765625 0.02342606149341142
0 0.107421875 0.6691068814055637 0.0126953125 0.021961932650073207
0 0.0927734375 0.7554904831625183 0.01171875 0.020497803806734993
0 0.26953125 0.37481698389458273 0.01953125 0.04538799414348463
0 0.408203125 0.33821376281112736 0.0322265625 0.05856515373352855
0 0.4873046875 0.40995607613469986 0.0234375 0.043923865300146414
0 0.537109375 0.43045387994143486 0.0244140625 0.03953147877013177
0 0.615234375 0.4260614934114202 0.025390625 0.032210834553440704
0 0.6572265625 0.493411420204978 0.0224609375 0.03953147877013177
0 0.7509765625 0.4904831625183016 0.01953125 0.03953147877013177
0 0.912109375 0.7218155197657394 0.0048828125 0.010248901903367497
0 0.953125 0.7232796486090776 0.0029296875 0.008784773060029283
0 0.9609375 0.6852122986822841 0.0048828125 0.01171303074670571