0 0.0107421875 0.28257686676427524 0.0224609375 0.07174231332357248
0 0.04296875 0.3484626647144949 0.03125 0.06149341142020498
0 0.15625 0.31478770131771594 0.041015625 0.10688140556368961
0 0.1875 0.23865300146412885 0.0361328125 0.07174231332357248
0 0.2626953125 0.35871156661786235 0.033203125 0.0746705710102489
0 0.3583984375 0.3191800878477306 0.03125 0.05710102489019034
0 0.4873046875 0.36749633967789164 0.046875 0.10980966325036604
0 0.52734375 0.19912152269399708 0.017578125 0.0424597364568082
0 0.3232421875 0.30161054172767204 0.01171875 0.016105417276720352
0 0.7685546875 0.13469985358711567 0.048828125 0.10395314787701318
0 0.7978515625 0.23572474377745242 0.0400390625 0.06881405563689605