0 0.01171875 0.6536458333333334 0.0234375 0.041666666666666664
0 0.056640625 0.65234375 0.0224609375 0.0390625
0 0.10546875 0.8072916666666666 0.0107421875 0.014322916666666666
0 0.158203125 0.85546875 0.0263671875 0.04296875
0 0.2353515625 0.78515625 0.0166015625 0.02734375
0 0.267578125 0.7265625 0.01171875 0.020833333333333332
0 0.326171875 0.6940104166666666 0.017578125 0.041666666666666664
0 0.4697265625 0.6822916666666666 0.0390625 0.08203125
0 0.6142578125 0.609375 0.033203125 0.06901041666666667
0 0.7236328125 0.6106770833333334 0.0263671875 0.053385416666666664
0 0.5458984375 0.7799479166666666 0.0205078125 0.044270833333333336
0 0.873046875 0.7578125 0.0224609375 0.046875
0 0.9384765625 0.8372395833333334 0.0244140625 0.052083333333333336