0 0.9287109375 0.6695869837296621 0.0146484375 0.02252816020025031
0 0.87890625 0.6620775969962454 0.021484375 0.028785982478097622
0 0.8876953125 0.6257822277847309 0.0166015625 0.023779724655819776
0 0.9462890625 0.6282853566958698 0.013671875 0.02002503128911139
0 0.9384765625 0.6145181476846058 0.0126953125 0.026282853566958697
0 0.9287109375 0.5882352941176471 0.0146484375 0.01877346683354193
0 0.9677734375 0.5694618272841051 0.01171875 0.02127659574468085
0 0.86328125 0.6408010012515645 0.0146484375 0.01877346683354193
0 0.8642578125 0.6132665832290363 0.009765625 0.01877346683354193
0 0.8486328125 0.6007509386733417 0.017578125 0.026282853566958697
0 0.80859375 0.6307884856070087 0.0146484375 0.026282853566958697
0 0.791015625 0.6145181476846058 0.015625 0.025031289111389236
0 0.806640625 0.5857321652065082 0.017578125 0.025031289111389236
0 0.87109375 0.5481852315394243 0.0107421875 0.02002503128911139
0 0.85546875 0.5494367959949937 0.01171875 0.02127659574468085
0 0.83984375 0.5707133917396746 0.009765625 0.016270337922403004
0 0.8115234375 0.523153942428035 0.0087890625 0.017521902377972465
0 0.794921875 0.5556946182728411 0.0126953125 0.02002503128911139
0 0.7705078125 0.5882352941176471 0.013671875 0.02127659574468085
0 0.7890625 0.5006257822277848 0.0068359375 0.01376720901126408
0 0.984375 0.785982478097622 0.013671875 0.026282853566958697
0 0.9580078125 0.7096370463078848 0.0107421875 0.01877346683354193
0 0.7490234375 0.7033792240300375 0.0126953125 0.02127659574468085
0 0.6865234375 0.60450563204005 0.01171875 0.02002503128911139
0 0.7587890625 0.590738423028786 0.009765625 0.02002503128911139
0 0.728515625 0.5894868585732165 0.0087890625 0.01877346683354193
0 0.1640625 0.5193992490613266 0.009765625 0.01376720901126408
0 0.0224609375 0.5469336670838548 0.017578125 0.023779724655819776
0 0.6162109375 0.4430538172715895 0.0185546875 0.03379224030037547
0 0.3271484375 0.23028785982478098 0.01953125 0.03254067584480601
0 0.7890625 0.6583229036295369 0.0068359375 0.02753441802252816
0 0.833984375 0.5919899874843555 0.0107421875 0.01877346683354193