0 0.0537109375 0.2299168975069252 0.013671875 0.04986149584487535
0 0.0947265625 0.22437673130193905 0.0107421875 0.036011080332409975
0 0.1435546875 0.19667590027700832 0.013671875 0.04986149584487535
0 0.1787109375 0.2548476454293629 0.0078125 0.036011080332409975
0 0.201171875 0.21606648199445982 0.009765625 0.04155124653739612
0 0.224609375 0.2853185595567867 0.0166015625 0.05817174515235457
0 0.2861328125 0.25761772853185594 0.0146484375 0.04986149584487535
0 0.2744140625 0.22714681440443213 0.0126953125 0.036011080332409975
0 0.3154296875 0.24930747922437674 0.0078125 0.0332409972299169
0 0.3349609375 0.23545706371191136 0.005859375 0.0221606648199446
0 0.3701171875 0.2077562326869806 0.0146484375 0.055401662049861494
0 0.390625 0.23822714681440443 0.0126953125 0.0443213296398892
0 0.4345703125 0.32132963988919666 0.005859375 0.019390581717451522
0 0.4853515625 0.24653739612188366 0.013671875 0.0443213296398892
0 0.50390625 0.2520775623268698 0.009765625 0.038781163434903045
0 0.5 0.19113573407202217 0.0068359375 0.0221606648199446
0 0.5244140625 0.21606648199445982 0.0068359375 0.0221606648199446
0 0.5478515625 0.22437673130193905 0.005859375 0.024930747922437674
0 0.5556640625 0.3407202216066482 0.0068359375 0.030470914127423823
0 0.5341796875 0.3379501385041551 0.0068359375 0.024930747922437674
0 0.595703125 0.24376731301939059 0.0126953125 0.04709141274238227
0 0.6884765625 0.26038781163434904 0.0107421875 0.038781163434903045
0 0.7275390625 0.3074792243767313 0.0126953125 0.07202216066481995
0 0.73828125 0.18559556786703602 0.0048828125 0.024930747922437674
0 0.763671875 0.19113573407202217 0.0078125 0.024930747922437674
0 0.7587890625 0.32409972299168976 0.0068359375 0.027700831024930747
0 0.79296875 0.33240997229916897 0.005859375 0.0332409972299169
0 0.73828125 0.3739612188365651 0.0087890625 0.036011080332409975
0 0.7763671875 0.38227146814404434 0.0078125 0.036011080332409975
0 0.8349609375 0.30193905817174516 0.01953125 0.07479224376731301
0 0.82421875 0.22437673130193905 0.0068359375 0.0221606648199446
0 0.837890625 0.20221606648199447 0.0087890625 0.027700831024930747
0 0.873046875 0.18559556786703602 0.0068359375 0.024930747922437674
0 0.8984375 0.20498614958448755 0.0048828125 0.027700831024930747
0 0.90625 0.3407202216066482 0.0107421875 0.04155124653739612
0 0.8544921875 0.4293628808864266 0.0087890625 0.027700831024930747
0 0.943359375 0.31301939058171746 0.01171875 0.055401662049861494
0 0.9501953125 0.3490304709141274 0.0087890625 0.04155124653739612
0 0.9912109375 0.4099722991689751 0.0078125 0.038781163434903045
0 0.6064453125 0.2631578947368421 0.0078125 0.0332409972299169
0 0.8828125 0.2409972299168975 0.0107421875 0.030470914127423823
0 0.888671875 0.2548476454293629 0.005859375 0.0221606648199446
0 0.15234375 0.21329639889196675 0.0068359375 0.027700831024930747