0 0.9833984375 0.6875 0.0126953125 0.022727272727272728
0 0.875 0.703125 0.0126953125 0.02130681818181818
0 0.8388671875 0.6761363636363636 0.0146484375 0.022727272727272728
0 0.7685546875 0.6974431818181818 0.0126953125 0.02556818181818182
0 0.794921875 0.6846590909090909 0.015625 0.02556818181818182
0 0.71484375 0.6903409090909091 0.017578125 0.02556818181818182
0 0.65234375 0.7627840909090909 0.0126953125 0.022727272727272728
0 0.587890625 0.6775568181818182 0.0126953125 0.026988636363636364
0 0.6298828125 0.6860795454545454 0.0126953125 0.019886363636363636
0 0.6015625 0.6392045454545454 0.0087890625 0.018465909090909092
0 0.509765625 0.6931818181818182 0.015625 0.022727272727272728
0 0.5087890625 0.7428977272727273 0.01171875 0.018465909090909092
0 0.4619140625 0.6846590909090909 0.0126953125 0.02130681818181818
0 0.42578125 0.7130681818181818 0.0107421875 0.022727272727272728
0 0.4365234375 0.6946022727272727 0.0107421875 0.018465909090909092
0 0.40625 0.6676136363636364 0.0068359375 0.01278409090909091
0 0.189453125 0.7315340909090909 0.013671875 0.024147727272727272
0 0.197265625 0.78125 0.0126953125 0.02130681818181818
0 0.1240234375 0.7400568181818182 0.013671875 0.022727272727272728
0 0.130859375 0.7116477272727273 0.0146484375 0.024147727272727272
0 0.1083984375 0.6946022727272727 0.01171875 0.024147727272727272
0 0.005859375 0.734375 0.0107421875 0.02130681818181818
0 0.0087890625 0.6860795454545454 0.0146484375 0.022727272727272728
0 0.009765625 0.640625 0.0107421875 0.022727272727272728
0 0.1005859375 0.6619318181818182 0.0126953125 0.02130681818181818
0 0.0439453125 0.6732954545454546 0.0107421875 0.017045454545454544
0 0.22265625 0.6931818181818182 0.01171875 0.019886363636363636
0 0.232421875 0.6761363636363636 0.009765625 0.019886363636363636
0 0.2529296875 0.6690340909090909 0.0078125 0.019886363636363636
0 0.1884765625 0.6647727272727273 0.0087890625 0.015625
0 0.5205078125 0.6065340909090909 0.0078125 0.011363636363636364
0 0.4794921875 0.625 0.0068359375 0.011363636363636364
0 0.421875 0.6264204545454546 0.0078125 0.01278409090909091
0 0.3984375 0.6306818181818182 0.0078125 0.01278409090909091
0 0.3076171875 0.6548295454545454 0.0087890625 0.015625
0 0.0556640625 0.7301136363636364 0.01171875 0.02130681818181818
0 0.03125 0.7258522727272727 0.01171875 0.024147727272727272
0 0.0419921875 0.7159090909090909 0.01171875 0.024147727272727272
0 0.150390625 0.6988636363636364 0.01171875 0.02130681818181818
0 0.205078125 0.6619318181818182 0.009765625 0.017045454545454544