0 0.015625 0.3788546255506608 0.0224609375 0.039647577092511016
0 0.0361328125 0.3333333333333333 0.0205078125 0.03671071953010279
0 0.1044921875 0.3010279001468429 0.0244140625 0.048458149779735685
0 0.0986328125 0.37591776798825255 0.017578125 0.0513950073421439
0 0.158203125 0.3788546255506608 0.02734375 0.05726872246696035
0 0.1357421875 0.4199706314243759 0.0185546875 0.048458149779735685
0 0.072265625 0.4977973568281938 0.0244140625 0.0513950073421439
0 0.15234375 0.5462555066079295 0.015625 0.04552129221732746
0 0.1748046875 0.3509544787077827 0.0107421875 0.024963289280469897
0 0.29296875 0.30837004405286345 0.0185546875 0.0381791483113069
0 0.3134765625 0.33186490455212925 0.017578125 0.041116005873715125
0 0.345703125 0.31277533039647576 0.01953125 0.049926578560939794
0 0.3291015625 0.4008810572687225 0.015625 0.04698972099853157
0 0.34375 0.4302496328928047 0.0166015625 0.042584434654919234
0 0.4013671875 0.38472834067547723 0.01953125 0.04405286343612335
0 0.4208984375 0.35976505139500736 0.0205078125 0.039647577092511016
0 0.4111328125 0.315712187958884 0.0205078125 0.033773861967694566
0 0.408203125 0.5051395007342144 0.0185546875 0.0381791483113069
0 0.4453125 0.32599118942731276 0.013671875 0.024963289280469897
0 0.458984375 0.3891336270190896 0.021484375 0.04405286343612335
0 0.490234375 0.342143906020558 0.0234375 0.033773861967694566
0 0.5166015625 0.3568281938325991 0.033203125 0.0631424375917768
0 0.5693359375 0.31718061674008813 0.0166015625 0.02643171806167401
0 0.6015625 0.3377386196769457 0.0205078125 0.03671071953010279
0 0.58203125 0.37151248164464024 0.01953125 0.039647577092511016
0 0.6474609375 0.3524229074889868 0.015625 0.02643171806167401
0 0.6611328125 0.3524229074889868 0.0126953125 0.02643171806167401
0 0.65625 0.3935389133627019 0.01953125 0.02643171806167401
0 0.6142578125 0.5007342143906021 0.0146484375 0.033773861967694566
0 0.953125 0.32599118942731276 0.0146484375 0.02643171806167401
0 0.994140625 0.3333333333333333 0.01171875 0.030837004405286344
0 0.9794921875 0.38472834067547723 0.015625 0.03671071953010279
0 0.9580078125 0.40381791483113066 0.015625 0.042584434654919234
0 0.9404296875 0.8340675477239354 0.1181640625 0.18355359765051396