0 0.7431640625 0.40762463343108507 0.0283203125 0.0469208211143695
0 0.6064453125 0.3651026392961877 0.0341796875 0.05718475073313783
0 0.640625 0.4120234604105572 0.0263671875 0.05278592375366569
0 0.3583984375 0.3782991202346041 0.029296875 0.051319648093841645
0 0.2890625 0.3914956011730205 0.0302734375 0.05571847507331378
0 0.3115234375 0.3812316715542522 0.0224609375 0.051319648093841645
0 0.197265625 0.37390029325513197 0.0283203125 0.0469208211143695
0 0.45703125 0.36070381231671556 0.0224609375 0.04398826979472141
0 0.4775390625 0.36070381231671556 0.02734375 0.045454545454545456
0 0.57421875 0.375366568914956 0.029296875 0.04985337243401759
0 0.560546875 0.37390029325513197 0.021484375 0.03812316715542522
0 0.7158203125 0.37390029325513197 0.0263671875 0.045454545454545456
0 0.0361328125 0.2565982404692082 0.0107421875 0.01906158357771261
0 0.060546875 0.2536656891495601 0.0087890625 0.020527859237536656
0 0.0859375 0.2536656891495601 0.009765625 0.017595307917888565
0 0.111328125 0.25513196480938416 0.009765625 0.01466275659824047
0 0.1611328125 0.22434017595307917 0.01171875 0.01906158357771261
0 0.216796875 0.2404692082111437 0.0078125 0.016129032258064516
0 0.2578125 0.22287390029325513 0.0087890625 0.013196480938416423
0 0.287109375 0.21407624633431085 0.009765625 0.016129032258064516
0 0.2392578125 0.23313782991202345 0.009765625 0.020527859237536656
0 0.2080078125 0.218475073313783 0.01171875 0.021994134897360705
0 0.1123046875 0.23900293255131966 0.01171875 0.02346041055718475
0 0.087890625 0.21994134897360704 0.0126953125 0.02346041055718475
0 0.060546875 0.22727272727272727 0.009765625 0.01906158357771261
0 0.029296875 0.21994134897360704 0.009765625 0.01906158357771261
0 0.0146484375 0.1935483870967742 0.0107421875 0.02346041055718475
0 0.0361328125 0.1935483870967742 0.009765625 0.01906158357771261
0 0.103515625 0.18328445747800587 0.009765625 0.01906158357771261
0 0.11328125 0.2155425219941349 0.01171875 0.011730205278592375
0 0.220703125 0.19648093841642228 0.0087890625 0.020527859237536656
0 0.1376953125 0.1627565982404692 0.0078125 0.011730205278592375
0 0.0419921875 0.15835777126099707 0.009765625 0.01906158357771261
0 0.0166015625 0.16129032258064516 0.01171875 0.020527859237536656
0 0.2041015625 0.12903225806451613 0.0078125 0.013196480938416423
0 0.23828125 0.1378299120234604 0.0078125 0.013196480938416423
0 0.1572265625 0.18475073313782991 0.0087890625 0.017595307917888565
0 0.201171875 0.1906158357771261 0.0126953125 0.021994134897360705
0 0.1162109375 0.12463343108504399 0.0087890625 0.016129032258064516
0 0.3994140625 0.3460410557184751 0.0302734375 0.05278592375366569
0 0.7802734375 0.3548387096774194 0.0078125 0.016129032258064516
0 0.8173828125 0.3533724340175953 0.0078125 0.016129032258064516
0 0.8427734375 0.37390029325513197 0.009765625 0.01906158357771261
0 0.931640625 0.3841642228739003 0.0087890625 0.01466275659824047
0 0.873046875 0.31085043988269795 0.0078125 0.016129032258064516
0 0.853515625 0.3020527859237537 0.009765625 0.016129032258064516
0 0.82421875 0.3196480938416422 0.0068359375 0.01466275659824047
0 0.8076171875 0.2991202346041056 0.0078125 0.011730205278592375
0 0.7919921875 0.28005865102639294 0.0078125 0.01466275659824047
0 0.7666015625 0.27712609970674484 0.0078125 0.016129032258064516
0 0.1123046875 0.1598240469208211 0.0107421875 0.01906158357771261
0 0.126953125 0.08064516129032258 0.0087890625 0.017595307917888565
0 0.1611328125 0.0747800586510264 0.0078125 0.01466275659824047
0 0.1923828125 0.08064516129032258 0.0078125 0.013196480938416423
0 0.2236328125 0.0718475073313783 0.0078125 0.016129032258064516
0 0.0283203125 0.10117302052785923 0.0078125 0.016129032258064516
0 0.9580078125 0.3152492668621701 0.0087890625 0.01906158357771261
0 0.955078125 0.28005865102639294 0.009765625 0.020527859237536656
0 0.951171875 0.35043988269794724 0.0107421875 0.017595307917888565
0 0.92578125 0.3460410557184751 0.0078125 0.01466275659824047
0 0.98828125 0.3181818181818182 0.0078125 0.016129032258064516
0 0.9580078125 0.2536656891495601 0.0078125 0.017595307917888565
0 0.9111328125 0.2536656891495601 0.0087890625 0.016129032258064516
0 0.8984375 0.2375366568914956 0.0087890625 0.016129032258064516
0 0.9248046875 0.2126099706744868 0.0078125 0.01466275659824047
0 0.9560546875 0.2155425219941349 0.0068359375 0.01466275659824047
0 0.97265625 0.23607038123167157 0.005859375 0.013196480938416423
0 0.98046875 0.2565982404692082 0.0068359375 0.020527859237536656
0 0.8896484375 0.021994134897360705 0.009765625 0.010263929618768328
0 0.7490234375 0.0747800586510264 0.009765625 0.01466275659824047
0 0.744140625 0.045454545454545456 0.0107421875 0.016129032258064516
0 0.7587890625 0.007331378299120235 0.009765625 0.01466275659824047
0 0.8408203125 0.03812316715542522 0.009765625 0.016129032258064516
0 0.9404296875 0.008797653958944282 0.0068359375 0.016129032258064516
0 0.8642578125 0.024926686217008796 0.0107421875 0.016129032258064516
0 0.80078125 0.06451612903225806 0.0078125 0.013196480938416423
0 0.8017578125 0.04105571847507331 0.009765625 0.017595307917888565
0 0.740234375 0.01906158357771261 0.0078125 0.01906158357771261
0 0.8330078125 0.013196480938416423 0.0107421875 0.01906158357771261
0 0.9599609375 0.3533724340175953 0.009765625 0.020527859237536656
0 0.53515625 0.10703812316715543 0.0078125 0.017595307917888565
0 0.44140625 0.030791788856304986 0.0087890625 0.01906158357771261
0 0.4169921875 0.021994134897360705 0.005859375 0.010263929618768328
0 0.5302734375 0.005865102639296188 0.0078125 0.011730205278592375
0 0.5732421875 0.06304985337243402 0.0087890625 0.013196480938416423
0 0.599609375 0.0689149560117302 0.0078125 0.01466275659824047
0 0.62890625 0.0469208211143695 0.0068359375 0.016129032258064516
0 0.5625 0.09970674486803519 0.0087890625 0.013196480938416423
0 0.4990234375 0.14516129032258066 0.0068359375 0.011730205278592375
0 0.470703125 0.13049853372434017 0.009765625 0.013196480938416423
0 0.474609375 0.06158357771260997 0.0078125 0.01466275659824047
0 0.4892578125 0.05571847507331378 0.009765625 0.01906158357771261
0 0.51171875 0.060117302052785926 0.009765625 0.01906158357771261
0 0.31640625 0.28885630498533726 0.009765625 0.017595307917888565
0 0.2412109375 0.3343108504398827 0.009765625 0.017595307917888565
0 0.2861328125 0.3255131964809384 0.0078125 0.017595307917888565
0 0.2587890625 0.2903225806451613 0.0087890625 0.01906158357771261
0 0.3193359375 0.3313782991202346 0.0087890625 0.01466275659824047
0 0.1103515625 0.32697947214076245 0.009765625 0.01466275659824047
0 0.0361328125 0.3533724340175953 0.0087890625 0.017595307917888565
0 0.0302734375 0.32697947214076245 0.009765625 0.017595307917888565
0 0.06640625 0.3592375366568915 0.0087890625 0.013196480938416423
0 0.169921875 0.3152492668621701 0.0107421875 0.017595307917888565
0 0.0087890625 0.25513196480938416 0.01171875 0.01906158357771261
0 0.068359375 0.19941348973607037 0.01171875 0.017595307917888565
0 0.0498046875 0.0967741935483871 0.0087890625 0.01466275659824047
0 0.0029296875 0.03812316715542522 0.0068359375 0.013196480938416423
0 0.0234375 0.07771260997067449 0.0078125 0.01466275659824047
0 0.12109375 0.04252199413489736 0.0078125 0.01466275659824047
0 0.1630859375 0.03812316715542522 0.0087890625 0.013196480938416423
0 0.21484375 0.045454545454545456 0.0068359375 0.013196480938416423
0 0.1884765625 0.02346041055718475 0.0087890625 0.01466275659824047
0 0.15234375 0.01466275659824047 0.0078125 0.011730205278592375
0 0.1328125 0.016129032258064516 0.005859375 0.011730205278592375
0 0.107421875 0.01466275659824047 0.005859375 0.010263929618768328
0 0.080078125 0.010263929618768328 0.0068359375 0.013196480938416423
0 0.9287109375 0.30498533724340177 0.009765625 0.017595307917888565
0 0.943359375 0.2991202346041056 0.0068359375 0.01466275659824047
0 0.900390625 0.32404692082111436 0.0107421875 0.01466275659824047
0 0.8466796875 0.23607038123167157 0.009765625 0.017595307917888565
0 0.7861328125 0.3181818181818182 0.0078125 0.01466275659824047
0 0.791015625 0.3035190615835777 0.0078125 0.016129032258064516
0 0.8759765625 0.2375366568914956 0.009765625 0.01906158357771261
0 0.751953125 0.18621700879765396 0.009765625 0.016129032258064516
0 0.0966796875 0.060117302052785926 0.009765625 0.01906158357771261
0 0.068359375 0.0747800586510264 0.0087890625 0.020527859237536656
0 0.0439453125 0.06451612903225806 0.0107421875 0.017595307917888565
0 0.1484375 0.060117302052785926 0.009765625 0.016129032258064516
0 0.7568359375 0.1656891495601173 0.0078125 0.016129032258064516
0 0.796875 0.17595307917888564 0.0087890625 0.011730205278592375
0 0.8212890625 0.19208211143695014 0.0068359375 0.01466275659824047
0 0.8662109375 0.0469208211143695 0.009765625 0.011730205278592375
0 0.8583984375 0.10997067448680352 0.0078125 0.017595307917888565
0 0.943359375 0.10997067448680352 0.0068359375 0.016129032258064516
0 0.9814453125 0.021994134897360705 0.0078125 0.01466275659824047
0 0.134765625 0.20821114369501467 0.0087890625 0.01906158357771261
0 0.1728515625 0.1744868035190616 0.0087890625 0.017595307917888565
0 0.19140625 0.060117302052785926 0.0087890625 0.01466275659824047
0 0.7783203125 0.2595307917888563 0.0078125 0.013196480938416423
0 0.802734375 0.25806451612903225 0.0068359375 0.016129032258064516
0 0.8427734375 0.27712609970674484 0.0087890625 0.01906158357771261
0 0.8681640625 0.27419354838709675 0.0078125 0.01906158357771261
0 0.8798828125 0.29765395894428154 0.0087890625 0.017595307917888565
0 0.9091796875 0.29472140762463345 0.009765625 0.017595307917888565