0 0.0654296875 0.14055636896046853 0.060546875 0.12298682284040996
0 0.1279296875 0.18448023426061494 0.009765625 0.02342606149341142
0 0.166015625 0.17423133235724744 0.01171875 0.021961932650073207
0 0.140625 0.16544655929721816 0.009765625 0.017569546120058566
0 0.15625 0.14641288433382138 0.0107421875 0.016105417276720352
0 0.1845703125 0.17130307467057102 0.0126953125 0.01903367496339678
0 0.2041015625 0.1800878477306003 0.0107421875 0.01903367496339678
0 0.21875 0.1800878477306003 0.013671875 0.021961932650073207
0 0.2412109375 0.1903367496339678 0.0078125 0.02342606149341142
0 0.2646484375 0.19912152269399708 0.0078125 0.014641288433382138
0 0.294921875 0.20497803806734993 0.0078125 0.01903367496339678
0 0.306640625 0.20351390922401172 0.0078125 0.016105417276720352
0 0.3369140625 0.21376281112737922 0.0078125 0.020497803806734993
0 0.4248046875 0.22840409956076135 0.0078125 0.017569546120058566
0 0.4580078125 0.2884333821376281 0.0087890625 0.016105417276720352
0 0.4970703125 0.28550512445095166 0.0078125 0.016105417276720352
0 0.5185546875 0.21522693997071743 0.0078125 0.024890190336749635
0 0.6435546875 0.24011713030746706 0.0087890625 0.017569546120058566
0 0.6875 0.25329428989751096 0.0068359375 0.01903367496339678
0 0.57421875 0.4333821376281113 0.0166015625 0.0527086383601757
0 0.6494140625 0.5373352855051244 0.015625 0.032210834553440704
0 0.693359375 0.5387994143484627 0.0107421875 0.024890190336749635
0 0.6337890625 0.5431918008784773 0.0078125 0.021961932650073207
0 0.6220703125 0.5402635431918009 0.0087890625 0.024890190336749635
0 0.5654296875 0.5285505124450952 0.0126953125 0.032210834553440704
0 0.54296875 0.49194729136163984 0.0078125 0.020497803806734993
0 0.5322265625 0.4890190336749634 0.009765625 0.032210834553440704
0 0.4931640625 0.43923865300146414 0.01953125 0.0424597364568082
0 0.4326171875 0.486090775988287 0.0166015625 0.03513909224011713
0 0.435546875 0.4363103953147877 0.0166015625 0.02635431918008785
0 0.4072265625 0.4538799414348463 0.009765625 0.024890190336749635
0 0.37890625 0.44363103953147875 0.0126953125 0.024890190336749635
0 0.3642578125 0.43191800878477304 0.015625 0.03074670571010249
0 0.328125 0.4802342606149341 0.0166015625 0.03953147877013177
0 0.3232421875 0.41874084919472915 0.0126953125 0.029282576866764276
0 0.28125 0.4216691068814056 0.0126953125 0.021961932650073207
0 0.2861328125 0.49633967789165445 0.013671875 0.03513909224011713
0 0.294921875 0.47584187408491946 0.0146484375 0.03074670571010249
0 0.263671875 0.4992679355783309 0.0146484375 0.03367496339677892
0 0.23046875 0.4992679355783309 0.0166015625 0.03074670571010249
0 0.220703125 0.4699853587115666 0.013671875 0.027818448023426062
0 0.234375 0.4480234260614934 0.0126953125 0.03074670571010249
0 0.134765625 0.2430453879941435 0.009765625 0.020497803806734993
0 0.1416015625 0.21961932650073207 0.0126953125 0.021961932650073207
0 0.1025390625 0.21376281112737922 0.0107421875 0.02342606149341142
0 0.72265625 0.513909224011713 0.0087890625 0.021961932650073207
0 0.7373046875 0.5109809663250366 0.009765625 0.020497803806734993
0 0.7587890625 0.5300146412884333 0.0087890625 0.03074670571010249
0 0.7666015625 0.527086383601757 0.013671875 0.020497803806734993
0 0.7890625 0.48755490483162517 0.01171875 0.02635431918008785
0 0.8701171875 0.404099560761347 0.0205078125 0.04538799414348463
0 0.95703125 0.42020497803806733 0.017578125 0.048316251830161056
0 0.9609375 0.6295754026354319 0.03125 0.09370424597364568
0 0.9140625 0.5226939970717424 0.0146484375 0.0424597364568082
0 0.8857421875 0.5387994143484627 0.009765625 0.024890190336749635
0 0.3720703125 0.5168374816983895 0.0166015625 0.029282576866764276