0 0.97265625 0.3268229166666667 0.01953125 0.05078125
0 0.939453125 0.2916666666666667 0.0205078125 0.0390625
0 0.884765625 0.24739583333333334 0.02734375 0.052083333333333336
0 0.830078125 0.265625 0.0244140625 0.046875
0 0.7822265625 0.23307291666666666 0.029296875 0.053385416666666664
0 0.74609375 0.2109375 0.02734375 0.053385416666666664
0 0.6904296875 0.19270833333333334 0.0263671875 0.04296875
0 0.64453125 0.16927083333333334 0.0322265625 0.0546875
0 0.5146484375 0.1328125 0.03125 0.059895833333333336
0 0.3759765625 0.15234375 0.0380859375 0.05859375
0 0.291015625 0.140625 0.0380859375 0.04296875
0 0.19140625 0.16015625 0.033203125 0.0546875
0 0.1220703125 0.18359375 0.029296875 0.046875
0 0.845703125 0.81640625 0.013671875 0.03125
0 0.017578125 0.9192708333333334 0.01953125 0.037760416666666664
0 0.0234375 0.8359375 0.0078125 0.024739583333333332
0 0.0341796875 0.8489583333333334 0.0087890625 0.024739583333333332
0 0.109375 0.9127604166666666 0.025390625 0.052083333333333336
0 0.150390625 0.85546875 0.0185546875 0.02734375
0 0.2236328125 0.7994791666666666 0.037109375 0.0546875
0 0.3671875 0.7552083333333334 0.0302734375 0.049479166666666664
0 0.7822265625 0.8138020833333334 0.017578125 0.03515625