0 0.025390625 0.6458333333333334 0.0126953125 0.026041666666666668
0 0.0458984375 0.6927083333333334 0.009765625 0.024305555555555556
0 0.0693359375 0.6857638888888888 0.0107421875 0.024305555555555556
0 0.0634765625 0.6510416666666666 0.0107421875 0.024305555555555556
0 0.0419921875 0.6180555555555556 0.009765625 0.027777777777777776
0 0.07421875 0.5920138888888888 0.01171875 0.022569444444444444
0 0.0712890625 0.7204861111111112 0.01171875 0.026041666666666668
0 0.115234375 0.6996527777777778 0.01171875 0.029513888888888888
0 0.0654296875 0.5607638888888888 0.0078125 0.022569444444444444
0 0.0205078125 0.5677083333333334 0.0107421875 0.024305555555555556
0 0.06640625 0.5190972222222222 0.0087890625 0.024305555555555556
0 0.107421875 0.6510416666666666 0.0107421875 0.027777777777777776
0 0.1171875 0.6232638888888888 0.0107421875 0.026041666666666668
0 0.09375 0.5520833333333334 0.009765625 0.019097222222222224
0 0.1318359375 0.5520833333333334 0.0107421875 0.024305555555555556
0 0.146484375 0.6423611111111112 0.01171875 0.026041666666666668
0 0.10546875 0.5208333333333334 0.009765625 0.022569444444444444
0 0.13671875 0.5885416666666666 0.0107421875 0.024305555555555556
0 0.1728515625 0.5850694444444444 0.0107421875 0.024305555555555556
0 0.173828125 0.6423611111111112 0.0107421875 0.024305555555555556
0 0.1875 0.6805555555555556 0.0126953125 0.026041666666666668
0 0.19921875 0.6354166666666666 0.009765625 0.029513888888888888
0 0.2138671875 0.6284722222222222 0.0107421875 0.026041666666666668
0 0.0419921875 0.765625 0.0126953125 0.027777777777777776
0 0.1005859375 0.890625 0.01171875 0.024305555555555556
0 0.087890625 0.7621527777777778 0.0126953125 0.029513888888888888
0 0.0234375 0.7569444444444444 0.0126953125 0.029513888888888888
0 0.1357421875 0.7795138888888888 0.009765625 0.024305555555555556
0 0.126953125 0.7690972222222222 0.0087890625 0.024305555555555556
0 0.21484375 0.7378472222222222 0.01171875 0.026041666666666668
0 0.0400390625 0.4982638888888889 0.0087890625 0.022569444444444444
0 0.0283203125 0.4184027777777778 0.0107421875 0.019097222222222224
0 0.01953125 0.4618055555555556 0.0107421875 0.024305555555555556
0 0.04296875 0.4652777777777778 0.009765625 0.019097222222222224
0 0.05859375 0.4288194444444444 0.0087890625 0.022569444444444444
0 0.064453125 0.46875 0.0107421875 0.024305555555555556
0 0.07421875 0.5069444444444444 0.009765625 0.022569444444444444
0 0.087890625 0.4565972222222222 0.009765625 0.020833333333333332
0 0.0732421875 0.4652777777777778 0.0078125 0.017361111111111112
0 0.0927734375 0.4774305555555556 0.009765625 0.022569444444444444
0 0.1181640625 0.4930555555555556 0.0107421875 0.022569444444444444
0 0.1376953125 0.4791666666666667 0.009765625 0.022569444444444444
0 0.1494140625 0.5121527777777778 0.0107421875 0.024305555555555556
0 0.1552734375 0.5069444444444444 0.0068359375 0.019097222222222224
0 0.1513671875 0.4513888888888889 0.009765625 0.024305555555555556
0 0.1162109375 0.4427083333333333 0.0107421875 0.024305555555555556
0 0.10546875 0.4392361111111111 0.0107421875 0.019097222222222224
0 0.0654296875 0.3993055555555556 0.009765625 0.022569444444444444
0 0.0859375 0.4166666666666667 0.0087890625 0.020833333333333332
0 0.109375 0.40625 0.0107421875 0.022569444444444444
0 0.12890625 0.4131944444444444 0.0087890625 0.020833333333333332
0 0.1455078125 0.4288194444444444 0.009765625 0.022569444444444444
0 0.1572265625 0.4201388888888889 0.0068359375 0.019097222222222224
0 0.01171875 0.4947916666666667 0.0078125 0.026041666666666668
0 0.0068359375 0.4739583333333333 0.005859375 0.017361111111111112
0 0.1650390625 0.6579861111111112 0.01171875 0.022569444444444444
0 0.1962890625 0.7118055555555556 0.0078125 0.022569444444444444
0 0.1953125 0.5954861111111112 0.0107421875 0.026041666666666668
0 0.232421875 0.6076388888888888 0.0107421875 0.027777777777777776
0 0.23046875 0.6770833333333334 0.0078125 0.019097222222222224
0 0.2548828125 0.6892361111111112 0.0107421875 0.024305555555555556
0 0.2431640625 0.5746527777777778 0.009765625 0.022569444444444444
0 0.287109375 0.6996527777777778 0.0087890625 0.024305555555555556
0 0.2666015625 0.671875 0.009765625 0.024305555555555556
0 0.2587890625 0.6319444444444444 0.009765625 0.020833333333333332
0 0.2861328125 0.5815972222222222 0.0107421875 0.026041666666666668
0 0.1728515625 0.4201388888888889 0.0107421875 0.024305555555555556
0 0.185546875 0.4079861111111111 0.009765625 0.024305555555555556
0 0.197265625 0.4270833333333333 0.0107421875 0.020833333333333332
0 0.1904296875 0.453125 0.009765625 0.022569444444444444
0 0.173828125 0.4947916666666667 0.009765625 0.024305555555555556
0 0.1865234375 0.4930555555555556 0.009765625 0.024305555555555556
0 0.2060546875 0.4739583333333333 0.009765625 0.026041666666666668
0 0.1943359375 0.5416666666666666 0.0107421875 0.026041666666666668
0 0.2177734375 0.5277777777777778 0.0107421875 0.022569444444444444
0 0.208984375 0.4618055555555556 0.0087890625 0.019097222222222224
0 0.220703125 0.4357638888888889 0.009765625 0.022569444444444444
0 0.2119140625 0.4114583333333333 0.009765625 0.020833333333333332
0 0.240234375 0.3993055555555556 0.009765625 0.022569444444444444
0 0.251953125 0.4270833333333333 0.0107421875 0.020833333333333332
0 0.234375 0.4930555555555556 0.01171875 0.024305555555555556
0 0.23828125 0.4739583333333333 0.0087890625 0.017361111111111112
0 0.2509765625 0.484375 0.009765625 0.022569444444444444
0 0.2548828125 0.5347222222222222 0.0107421875 0.024305555555555556
0 0.267578125 0.5173611111111112 0.0107421875 0.026041666666666668
0 0.2724609375 0.4791666666666667 0.0107421875 0.022569444444444444
0 0.2744140625 0.4548611111111111 0.009765625 0.019097222222222224
0 0.275390625 0.4027777777777778 0.009765625 0.024305555555555556
0 0.1708984375 0.53125 0.009765625 0.015625
0 0.1181640625 0.5954861111111112 0.0068359375 0.012152777777777778
0 0.2265625 0.7586805555555556 0.0126953125 0.03125
0 0.314453125 0.4583333333333333 0.0107421875 0.024305555555555556
0 0.2919921875 0.4288194444444444 0.0078125 0.022569444444444444
0 0.2939453125 0.4201388888888889 0.0087890625 0.020833333333333332
0 0.31640625 0.4392361111111111 0.0078125 0.017361111111111112
0 0.326171875 0.4340277777777778 0.009765625 0.024305555555555556
0 0.3544921875 0.453125 0.0087890625 0.022569444444444444
0 0.349609375 0.4791666666666667 0.0087890625 0.020833333333333332
0 0.341796875 0.4027777777777778 0.0087890625 0.020833333333333332
0 0.3642578125 0.4184027777777778 0.009765625 0.024305555555555556
0 0.2978515625 0.6145833333333334 0.0107421875 0.022569444444444444
0 0.3173828125 0.5833333333333334 0.0107421875 0.022569444444444444
0 0.2998046875 0.5503472222222222 0.009765625 0.020833333333333332
0 0.3388671875 0.5451388888888888 0.0107421875 0.024305555555555556
0 0.361328125 0.578125 0.01171875 0.026041666666666668
0 0.3017578125 0.5243055555555556 0.009765625 0.020833333333333332
0 0.3349609375 0.5052083333333334 0.0107421875 0.024305555555555556
0 0.369140625 0.5086805555555556 0.009765625 0.024305555555555556
0 0.369140625 0.5486111111111112 0.0107421875 0.024305555555555556
0 0.388671875 0.5329861111111112 0.0107421875 0.026041666666666668
0 0.38671875 0.5677083333333334 0.009765625 0.026041666666666668
0 0.3916015625 0.5920138888888888 0.0107421875 0.022569444444444444
0 0.400390625 0.5555555555555556 0.01171875 0.026041666666666668
0 0.4248046875 0.5868055555555556 0.0107421875 0.024305555555555556
0 0.4248046875 0.5607638888888888 0.0107421875 0.022569444444444444
0 0.4208984375 0.546875 0.009765625 0.022569444444444444
0 0.3369140625 0.6857638888888888 0.01171875 0.020833333333333332
0 0.337890625 0.7447916666666666 0.01171875 0.027777777777777776
0 0.3896484375 0.6545138888888888 0.0107421875 0.026041666666666668
0 0.390625 0.6371527777777778 0.01171875 0.024305555555555556
0 0.3564453125 0.6388888888888888 0.0068359375 0.020833333333333332
0 0.4306640625 0.6875 0.01171875 0.027777777777777776
0 0.4033203125 0.7170138888888888 0.009765625 0.026041666666666668
0 0.3173828125 0.6319444444444444 0.0126953125 0.027777777777777776
0 0.4404296875 0.6180555555555556 0.009765625 0.022569444444444444
0 0.4443359375 0.6336805555555556 0.0087890625 0.020833333333333332
0 0.30078125 0.6631944444444444 0.01171875 0.024305555555555556
0 0.275390625 0.6493055555555556 0.009765625 0.017361111111111112
0 0.236328125 0.7378472222222222 0.009765625 0.024305555555555556
0 0.2607421875 0.7465277777777778 0.0068359375 0.015625
0 0.2666015625 0.7309027777777778 0.005859375 0.013888888888888888
0 0.375 0.3888888888888889 0.0107421875 0.026041666666666668
0 0.3896484375 0.4618055555555556 0.0087890625 0.020833333333333332
0 0.4052734375 0.3958333333333333 0.009765625 0.020833333333333332
0 0.4287109375 0.4322916666666667 0.009765625 0.022569444444444444
0 0.43359375 0.4201388888888889 0.01171875 0.022569444444444444
0 0.4619140625 0.4253472222222222 0.009765625 0.022569444444444444
0 0.4619140625 0.3923611111111111 0.009765625 0.020833333333333332
0 0.4443359375 0.4114583333333333 0.0087890625 0.020833333333333332
0 0.4091796875 0.4878472222222222 0.0107421875 0.026041666666666668
0 0.41796875 0.4826388888888889 0.009765625 0.024305555555555556
0 0.447265625 0.4861111111111111 0.0107421875 0.026041666666666668
0 0.4365234375 0.5399305555555556 0.0087890625 0.019097222222222224
0 0.4501953125 0.5590277777777778 0.0107421875 0.022569444444444444
0 0.4736328125 0.578125 0.0107421875 0.026041666666666668
0 0.484375 0.5295138888888888 0.0107421875 0.024305555555555556
0 0.490234375 0.4809027777777778 0.009765625 0.022569444444444444
0 0.5 0.46875 0.0087890625 0.024305555555555556
0 0.4970703125 0.5625 0.0087890625 0.020833333333333332
0 0.52734375 0.5329861111111112 0.009765625 0.027777777777777776
0 0.52734375 0.515625 0.009765625 0.022569444444444444
0 0.5302734375 0.484375 0.0087890625 0.020833333333333332
0 0.3984375 0.4305555555555556 0.0078125 0.017361111111111112
0 0.4794921875 0.3958333333333333 0.0087890625 0.020833333333333332
0 0.4951171875 0.4166666666666667 0.009765625 0.022569444444444444
0 0.4990234375 0.4045138888888889 0.0068359375 0.015625
0 0.546875 0.546875 0.0107421875 0.024305555555555556
0 0.5244140625 0.4305555555555556 0.0087890625 0.020833333333333332
0 0.5400390625 0.3958333333333333 0.0087890625 0.020833333333333332
0 0.5498046875 0.4427083333333333 0.0087890625 0.024305555555555556
0 0.5546875 0.4739583333333333 0.0087890625 0.019097222222222224
0 0.55859375 0.5 0.009765625 0.022569444444444444
0 0.5654296875 0.5677083333333334 0.009765625 0.022569444444444444
0 0.5810546875 0.5625 0.0078125 0.019097222222222224
0 0.5947265625 0.5520833333333334 0.009765625 0.022569444444444444
0 0.5888671875 0.5659722222222222 0.0068359375 0.013888888888888888
0 0.5908203125 0.515625 0.0087890625 0.019097222222222224
0 0.591796875 0.4791666666666667 0.009765625 0.022569444444444444
0 0.578125 0.421875 0.0087890625 0.020833333333333332
0 0.5712890625 0.3819444444444444 0.0107421875 0.022569444444444444
0 0.587890625 0.4131944444444444 0.0107421875 0.024305555555555556
0 0.59765625 0.4010416666666667 0.009765625 0.020833333333333332
0 0.599609375 0.4479166666666667 0.0107421875 0.024305555555555556
0 0.5234375 0.5798611111111112 0.0087890625 0.020833333333333332
0 0.6376953125 0.5607638888888888 0.01171875 0.026041666666666668
0 0.6103515625 0.5555555555555556 0.009765625 0.024305555555555556
0 0.64453125 0.6006944444444444 0.009765625 0.022569444444444444
0 0.6162109375 0.484375 0.009765625 0.019097222222222224
0 0.61328125 0.4201388888888889 0.009765625 0.019097222222222224
0 0.6298828125 0.4479166666666667 0.0087890625 0.019097222222222224
0 0.630859375 0.4236111111111111 0.0078125 0.020833333333333332
0 0.6298828125 0.3784722222222222 0.009765625 0.024305555555555556
0 0.669921875 0.4288194444444444 0.0107421875 0.022569444444444444
0 0.654296875 0.4878472222222222 0.0078125 0.019097222222222224
0 0.68359375 0.4513888888888889 0.0087890625 0.020833333333333332
0 0.6826171875 0.5208333333333334 0.0078125 0.015625
0 0.658203125 0.5555555555555556 0.0107421875 0.024305555555555556
0 0.6865234375 0.5625 0.0087890625 0.022569444444444444
0 0.6826171875 0.5989583333333334 0.009765625 0.022569444444444444
0 0.6640625 0.3888888888888889 0.009765625 0.022569444444444444
0 0.6884765625 0.4149305555555556 0.0087890625 0.020833333333333332
0 0.6533203125 0.5225694444444444 0.009765625 0.022569444444444444
0 0.6865234375 0.5034722222222222 0.0068359375 0.017361111111111112
0 0.7158203125 0.3993055555555556 0.009765625 0.022569444444444444
0 0.7392578125 0.4201388888888889 0.0107421875 0.022569444444444444
0 0.748046875 0.3958333333333333 0.009765625 0.020833333333333332
0 0.72265625 0.4583333333333333 0.0087890625 0.022569444444444444
0 0.7607421875 0.4670138888888889 0.0107421875 0.022569444444444444
0 0.77734375 0.4340277777777778 0.0078125 0.020833333333333332
0 0.73828125 0.4583333333333333 0.0107421875 0.024305555555555556
0 0.720703125 0.4930555555555556 0.009765625 0.020833333333333332
0 0.70703125 0.4739583333333333 0.0078125 0.019097222222222224
0 0.7333984375 0.484375 0.0068359375 0.019097222222222224
0 0.791015625 0.5017361111111112 0.009765625 0.019097222222222224
0 0.8046875 0.4409722222222222 0.0107421875 0.020833333333333332
0 0.716796875 0.5104166666666666 0.009765625 0.019097222222222224
0 0.458984375 0.6857638888888888 0.0126953125 0.026041666666666668
0 0.6748046875 0.6458333333333334 0.0087890625 0.017361111111111112
0 0.6953125 0.5885416666666666 0.0107421875 0.020833333333333332
0 0.8232421875 0.4930555555555556 0.0087890625 0.020833333333333332
0 0.7880859375 0.5225694444444444 0.0078125 0.020833333333333332
0 0.80859375 0.5538194444444444 0.0107421875 0.022569444444444444
0 0.9482421875 0.6423611111111112 0.01171875 0.026041666666666668
0 0.931640625 0.6371527777777778 0.009765625 0.024305555555555556
0 0.8798828125 0.6197916666666666 0.0107421875 0.024305555555555556
0 0.9345703125 0.5590277777777778 0.0126953125 0.022569444444444444
0 0.9560546875 0.578125 0.0078125 0.022569444444444444
0 0.91015625 0.6059027777777778 0.009765625 0.024305555555555556
0 0.8837890625 0.5868055555555556 0.009765625 0.022569444444444444
0 0.8759765625 0.5642361111111112 0.0068359375 0.019097222222222224
0 0.8642578125 0.5381944444444444 0.009765625 0.020833333333333332
0 0.849609375 0.5659722222222222 0.0107421875 0.024305555555555556
0 0.8291015625 0.5989583333333334 0.01171875 0.026041666666666668
0 0.826171875 0.6354166666666666 0.01171875 0.027777777777777776
0 0.7939453125 0.5711805555555556 0.01171875 0.024305555555555556
0 0.7861328125 0.5538194444444444 0.0087890625 0.019097222222222224
0 0.80078125 0.5347222222222222 0.0078125 0.015625
0 0.7802734375 0.6336805555555556 0.01171875 0.022569444444444444
0 0.787109375 0.6371527777777778 0.0068359375 0.017361111111111112
0 0.7626953125 0.6336805555555556 0.009765625 0.024305555555555556
0 0.7822265625 0.5902777777777778 0.0107421875 0.024305555555555556
0 0.77734375 0.5295138888888888 0.0087890625 0.022569444444444444
0 0.884765625 0.5572916666666666 0.0068359375 0.017361111111111112
0 0.7431640625 0.5572916666666666 0.009765625 0.020833333333333332
0 0.7578125 0.5555555555555556 0.0068359375 0.017361111111111112
0 0.732421875 0.5885416666666666 0.0068359375 0.026041666666666668
0 0.7666015625 0.5069444444444444 0.0087890625 0.020833333333333332
0 0.712890625 0.5607638888888888 0.0087890625 0.024305555555555556
0 0.724609375 0.5486111111111112 0.0087890625 0.022569444444444444
0 0.66015625 0.6128472222222222 0.009765625 0.022569444444444444
0 0.9892578125 0.6388888888888888 0.01171875 0.024305555555555556
0 0.9609375 0.6701388888888888 0.0107421875 0.020833333333333332
0 0.984375 0.5694444444444444 0.0087890625 0.019097222222222224
0 0.7177734375 0.4288194444444444 0.005859375 0.015625
0 0.701171875 0.4548611111111111 0.0068359375 0.013888888888888888
0 0.7197265625 0.6197916666666666 0.013671875 0.027777777777777776
0 0.7373046875 0.6614583333333334 0.01171875 0.027777777777777776
0 0.7216796875 0.6840277777777778 0.0107421875 0.024305555555555556
0 0.7763671875 0.703125 0.0126953125 0.026041666666666668
0 0.91015625 0.671875 0.01171875 0.027777777777777776
0 0.8818359375 0.6892361111111112 0.0107421875 0.024305555555555556
0 0.8583984375 0.6840277777777778 0.009765625 0.024305555555555556
0 0.84765625 0.6996527777777778 0.009765625 0.026041666666666668
0 0.830078125 0.6927083333333334 0.0087890625 0.026041666666666668
0 0.822265625 0.6875 0.0107421875 0.026041666666666668
0 0.625 0.5711805555555556 0.009765625 0.022569444444444444
0 0.5966796875 0.5260416666666666 0.0087890625 0.020833333333333332
0 0.81640625 0.5815972222222222 0.009765625 0.024305555555555556
0 0.87109375 0.6510416666666666 0.0107421875 0.027777777777777776
0 0.90234375 0.6510416666666666 0.009765625 0.022569444444444444
0 0.3154296875 0.4131944444444444 0.009765625 0.017361111111111112
0 0.3310546875 0.5989583333333334 0.0087890625 0.019097222222222224
0 0.4169921875 0.6423611111111112 0.005859375 0.022569444444444444
0 0.421875 0.6319444444444444 0.0078125 0.019097222222222224
0 0.21875 0.5572916666666666 0.0078125 0.019097222222222224
0 0.232421875 0.6527777777777778 0.01171875 0.019097222222222224
0 0.5146484375 0.3940972222222222 0.005859375 0.015625
0 0.283203125 0.4392361111111111 0.0087890625 0.019097222222222224
0 0.966796875 0.6319444444444444 0.0078125 0.020833333333333332
0 0.9697265625 0.5972222222222222 0.0078125 0.020833333333333332
0 0.8134765625 0.4635416666666667 0.0068359375 0.019097222222222224
0 0.9580078125 0.703125 0.0107421875 0.020833333333333332