0 0.767578125 0.5167652859960552 0.013671875 0.029585798816568046
0 0.181640625 0.5128205128205128 0.0126953125 0.029585798816568046
0 0.0986328125 0.48717948717948717 0.01171875 0.03155818540433925
0 0.171875 0.42011834319526625 0.01171875 0.02564102564102564
0 0.0302734375 0.40236686390532544 0.0107421875 0.02564102564102564
0 0.0947265625 0.3609467455621302 0.009765625 0.023668639053254437
0 0.1474609375 0.33727810650887574 0.0087890625 0.01972386587771203
0 0.29296875 0.48717948717948717 0.01171875 0.029585798816568046
0 0.3359375 0.40631163708086787 0.0107421875 0.027613412228796843
0 0.267578125 0.3431952662721893 0.01171875 0.027613412228796843
0 0.3125 0.3234714003944773 0.0107421875 0.01972386587771203
0 0.2587890625 0.4161735700197239 0.01171875 0.029585798816568046
0 0.349609375 0.28402366863905326 0.0107421875 0.021696252465483234
0 0.2880859375 0.2504930966469428 0.009765625 0.023668639053254437
0 0.2353515625 0.27416173570019725 0.009765625 0.01972386587771203
0 0.4326171875 0.47337278106508873 0.01171875 0.03155818540433925
0 0.55859375 0.49506903353057197 0.01171875 0.03155818540433925
0 0.5166015625 0.4378698224852071 0.01171875 0.023668639053254437
0 0.466796875 0.40236686390532544 0.01171875 0.029585798816568046
0 0.41796875 0.4339250493096647 0.0126953125 0.027613412228796843
0 0.619140625 0.4477317554240631 0.01171875 0.029585798816568046
0 0.6767578125 0.35700197238658776 0.01171875 0.02564102564102564
0 0.705078125 0.3431952662721893 0.0146484375 0.02564102564102564
0 0.3544921875 0.22287968441814596 0.0087890625 0.01775147928994083
0 0.4404296875 0.3175542406311637 0.0107421875 0.021696252465483234
0 0.4189453125 0.3234714003944773 0.009765625 0.021696252465483234
0 0.46484375 0.23274161735700197 0.0087890625 0.021696252465483234
0 0.4921875 0.21104536489151873 0.0087890625 0.021696252465483234
0 0.4287109375 0.26232741617357 0.009765625 0.01775147928994083
0 0.521484375 0.2583826429980276 0.0087890625 0.01972386587771203
0 0.6669921875 0.2702169625246548 0.009765625 0.021696252465483234
0 0.5888671875 0.2445759368836292 0.0078125 0.01775147928994083
0 0.5478515625 0.24260355029585798 0.0087890625 0.01972386587771203
0 0.1494140625 0.2445759368836292 0.0087890625 0.01972386587771203
0 0.0986328125 0.25443786982248523 0.0087890625 0.021696252465483234
0 0.0244140625 0.2702169625246548 0.0087890625 0.023668639053254437
0 0.3076171875 0.3905325443786982 0.0087890625 0.027613412228796843