0 0.041015625 0.3125 0.0107421875 0.01953125
0 0.0595703125 0.3151041666666667 0.013671875 0.022135416666666668
0 0.0712890625 0.3033854166666667 0.009765625 0.014322916666666666
0 0.095703125 0.3111979166666667 0.013671875 0.020833333333333332
0 0.1806640625 0.41015625 0.046875 0.07942708333333333
0 0.04296875 0.3971354166666667 0.015625 0.02734375
0 0.107421875 0.4270833333333333 0.0166015625 0.0234375
0 0.0791015625 0.4817708333333333 0.0146484375 0.022135416666666668
0 0.4619140625 0.3046875 0.0107421875 0.01953125
0 0.453125 0.41796875 0.056640625 0.08203125
0 0.509765625 0.3059895833333333 0.0126953125 0.022135416666666668
0 0.5712890625 0.3033854166666667 0.01171875 0.026041666666666668
0 0.6259765625 0.2721354166666667 0.0166015625 0.03125
0 0.5390625 0.3841145833333333 0.01171875 0.022135416666666668
0 0.6337890625 0.4322916666666667 0.0712890625 0.109375
0 0.7587890625 0.4583333333333333 0.0546875 0.08072916666666667
0 0.767578125 0.2877604166666667 0.025390625 0.04296875
0 0.7841796875 0.29296875 0.017578125 0.02734375
0 0.9619140625 0.45703125 0.0751953125 0.140625
0 0.314453125 0.296875 0.0078125 0.01171875
0 0.345703125 0.2994791666666667 0.0078125 0.014322916666666666
0 0.3818359375 0.2903645833333333 0.0078125 0.014322916666666666
0 0.2529296875 0.30859375 0.005859375 0.010416666666666666
0 0.0107421875 0.31640625 0.0107421875 0.01953125