0 0.0400390625 0.48542274052478135 0.0244140625 0.043731778425655975
0 0.115234375 0.46647230320699706 0.0185546875 0.03644314868804665
0 0.162109375 0.46355685131195334 0.01953125 0.043731778425655975
0 0.208984375 0.45626822157434405 0.0166015625 0.04227405247813411
0 0.2998046875 0.4839650145772595 0.015625 0.03498542274052478
0 0.1064453125 0.5991253644314869 0.0107421875 0.030612244897959183
0 0.103515625 0.5685131195335277 0.015625 0.03498542274052478
0 0.0927734375 0.4839650145772595 0.015625 0.026239067055393587
0 0.0712890625 0.4708454810495627 0.013671875 0.023323615160349854
0 0.3134765625 0.5918367346938775 0.01953125 0.033527696793002916
0 0.365234375 0.5932944606413995 0.017578125 0.03644314868804665
0 0.533203125 0.5204081632653061 0.0263671875 0.05102040816326531
0 0.61328125 0.6268221574344023 0.015625 0.030612244897959183
0 0.359375 0.478134110787172 0.0185546875 0.033527696793002916
0 0.3818359375 0.48104956268221577 0.0205078125 0.04081632653061224
0 0.404296875 0.4912536443148688 0.0166015625 0.03498542274052478
0 0.4423828125 0.4737609329446064 0.0146484375 0.029154518950437316
0 0.412109375 0.4650145772594752 0.017578125 0.027696793002915453
0 0.41796875 0.4387755102040816 0.0146484375 0.027696793002915453
0 0.33203125 0.47959183673469385 0.013671875 0.027696793002915453
0 0.3212890625 0.48250728862973763 0.01171875 0.02478134110787172
0 0.3740234375 0.4577259475218659 0.0126953125 0.021865889212827987
0 0.4775390625 0.47230320699708456 0.0166015625 0.029154518950437316
0 0.494140625 0.446064139941691 0.0166015625 0.033527696793002916
0 0.50390625 0.3935860058309038 0.0126953125 0.023323615160349854
0 0.4833984375 0.5174927113702624 0.02734375 0.03935860058309038
0 0.5537109375 0.5 0.017578125 0.03498542274052478
0 0.7783203125 0.5043731778425656 0.017578125 0.037900874635568516
0 0.7587890625 0.4912536443148688 0.015625 0.030612244897959183
0 0.7587890625 0.43731778425655976 0.015625 0.029154518950437316
0 0.818359375 0.5204081632653061 0.0185546875 0.026239067055393587
0 0.8525390625 0.49854227405247814 0.013671875 0.026239067055393587
0 0.8583984375 0.45043731778425655 0.015625 0.03206997084548105
0 0.83203125 0.4620991253644315 0.0126953125 0.021865889212827987
0 0.9072265625 0.4912536443148688 0.0126953125 0.027696793002915453
0 0.2919921875 0.47959183673469385 0.01171875 0.026239067055393587
0 0.5234375 0.45335276967930027 0.0078125 0.016034985422740525
0 0.43359375 0.5947521865889213 0.0185546875 0.029154518950437316
0 0.939453125 0.5801749271137027 0.0126953125 0.018950437317784258
0 0.986328125 0.48833819241982507 0.015625 0.026239067055393587
0 0.94921875 0.6209912536443148 0.0087890625 0.01749271137026239