0 0.6025390625 0.2936802973977695 0.0234375 0.05762081784386617
0 0.6669921875 0.31226765799256506 0.0205078125 0.046468401486988845
0 0.4970703125 0.3104089219330855 0.02734375 0.05947955390334572
0 0.7177734375 0.34386617100371747 0.0185546875 0.046468401486988845
0 0.16796875 0.28066914498141265 0.037109375 0.0687732342007435
0 0.244140625 0.3420074349442379 0.0107421875 0.02973977695167286
0 0.28125 0.29182156133828996 0.0146484375 0.03345724907063197
0 0.310546875 0.3048327137546468 0.0224609375 0.05204460966542751
0 0.39453125 0.3104089219330855 0.01953125 0.040892193308550186
0 0.357421875 0.3252788104089219 0.013671875 0.027881040892193308
0 0.4462890625 0.3420074349442379 0.0146484375 0.026022304832713755
0 0.9248046875 0.38104089219330856 0.01171875 0.024163568773234202
0 0.90234375 0.36988847583643125 0.013671875 0.02973977695167286
0 0.8681640625 0.33271375464684017 0.0146484375 0.031598513011152414
0 0.8017578125 0.34572490706319703 0.015625 0.03345724907063197
0 0.765625 0.30855018587360594 0.01953125 0.04460966542750929
0 0.01953125 0.2955390334572491 0.0234375 0.055762081784386616
0 0.0986328125 0.2825278810408922 0.017578125 0.04275092936802974
0 0.5576171875 0.3066914498141264 0.0107421875 0.026022304832713755