0 0.76953125 0.9278033794162827 0.0087890625 0.013824884792626729
0 0.8359375 0.9615975422427036 0.0107421875 0.018433179723502304
0 0.8759765625 0.9692780337941628 0.0078125 0.016897081413210446
0 0.9404296875 0.9539170506912442 0.005859375 0.016897081413210446
0 0.912109375 0.956989247311828 0.0078125 0.01228878648233487
0 0.9541015625 0.9001536098310292 0.0048828125 0.013824884792626729
0 0.916015625 0.8433179723502304 0.0087890625 0.018433179723502304
0 0.744140625 0.9477726574500768 0.009765625 0.013824884792626729
0 0.92578125 0.8725038402457758 0.0078125 0.015360983102918587
0 0.9423828125 0.8709677419354839 0.0048828125 0.01228878648233487
0 0.3525390625 0.5407066052227343 0.00390625 0.009216589861751152
0 0.3720703125 0.6497695852534562 0.005859375 0.009216589861751152
0 0.3369140625 0.7188940092165899 0.0078125 0.013824884792626729
0 0.0703125 0.7250384024577573 0.0078125 0.013824884792626729
0 0.5380859375 0.5099846390168971 0.0048828125 0.009216589861751152
0 0.560546875 0.5053763440860215 0.0048828125 0.009216589861751152
0 0.5205078125 0.5053763440860215 0.0048828125 0.007680491551459293
0 0.0673828125 0.642089093701997 0.0048828125 0.01228878648233487
0 0.0224609375 0.5775729646697388 0.00390625 0.010752688172043012
0 0.05078125 0.6497695852534562 0.0048828125 0.007680491551459293
0 0.091796875 0.5053763440860215 0.00390625 0.007680491551459293
0 0.0986328125 0.5591397849462365 0.0048828125 0.007680491551459293
0 0.8720703125 0.7127496159754224 0.005859375 0.01228878648233487
0 0.876953125 0.7987711213517665 0.005859375 0.013824884792626729
0 0.888671875 0.8172043010752689 0.00390625 0.01228878648233487
0 0.919921875 0.82642089093702 0.005859375 0.010752688172043012
0 0.8671875 0.674347158218126 0.0048828125 0.007680491551459293
0 0.8896484375 0.7142857142857143 0.0048828125 0.010752688172043012
0 0.8603515625 0.7711213517665131 0.0078125 0.010752688172043012
0 0.9326171875 0.8448540706605223 0.0068359375 0.01228878648233487
0 0.9619140625 0.8755760368663594 0.0068359375 0.015360983102918587
0 0.0419921875 0.6236559139784946 0.005859375 0.009216589861751152
0 0.02734375 0.6144393241167435 0.0048828125 0.010752688172043012
0 0.052734375 0.5560675883256528 0.0048828125 0.009216589861751152
0 0.109375 0.5606758832565284 0.005859375 0.010752688172043012
0 0.05859375 0.49001536098310294 0.0068359375 0.01228878648233487
0 0.0947265625 0.49923195084485406 0.0068359375 0.010752688172043012
0 0.041015625 0.5729646697388633 0.005859375 0.009216589861751152
0 0.076171875 0.5775729646697388 0.005859375 0.010752688172043012
0 0.125 0.6298003072196621 0.0048828125 0.009216589861751152