0 0.845703125 0.6865889212827988 0.056640625 0.10641399416909621
0 0.9111328125 0.5422740524781341 0.037109375 0.0728862973760933
0 0.95703125 0.5029154518950437 0.033203125 0.05102040816326531
0 0.869140625 0.5233236151603499 0.0322265625 0.04518950437317784
0 0.8623046875 0.48542274052478135 0.021484375 0.04518950437317784
0 0.7919921875 0.5991253644314869 0.0302734375 0.0597667638483965
0 0.70703125 0.6297376093294461 0.0517578125 0.10787172011661808
0 0.6240234375 0.6486880466472303 0.033203125 0.0641399416909621
0 0.615234375 0.5743440233236151 0.02734375 0.05102040816326531
0 0.7919921875 0.48542274052478135 0.015625 0.03644314868804665
0 0.921875 0.45043731778425655 0.015625 0.027696793002915453
0 0.9814453125 0.3892128279883382 0.0087890625 0.016034985422740525
0 0.9697265625 0.39212827988338195 0.009765625 0.018950437317784258
0 0.9501953125 0.380466472303207 0.009765625 0.01749271137026239
0 0.8837890625 0.39504373177842567 0.0068359375 0.013119533527696793
0 0.826171875 0.40816326530612246 0.009765625 0.02040816326530612
0 0.849609375 0.39212827988338195 0.009765625 0.018950437317784258
0 0.869140625 0.37026239067055394 0.0078125 0.01749271137026239
0 0.8134765625 0.4110787172011662 0.009765625 0.02040816326530612
0 0.796875 0.42857142857142855 0.01171875 0.02478134110787172
0 0.8134765625 0.44314868804664725 0.0126953125 0.021865889212827987
0 0.84375 0.4518950437317784 0.01171875 0.023323615160349854
0 0.748046875 0.4679300291545189 0.0185546875 0.04081632653061224
0 0.7607421875 0.4606413994169096 0.0126953125 0.03206997084548105
0 0.783203125 0.4387755102040816 0.015625 0.02040816326530612
0 0.76953125 0.42419825072886297 0.0107421875 0.02478134110787172
0 0.7451171875 0.41690962099125367 0.013671875 0.026239067055393587
0 0.763671875 0.3935860058309038 0.01171875 0.02040816326530612
0 0.7802734375 0.39212827988338195 0.0087890625 0.02040816326530612
0 0.6904296875 0.4446064139941691 0.013671875 0.027696793002915453
0 0.6923828125 0.4096209912536443 0.0126953125 0.029154518950437316
0 0.66796875 0.45626822157434405 0.0146484375 0.029154518950437316
0 0.7333984375 0.3673469387755102 0.0078125 0.013119533527696793
0 0.7197265625 0.3746355685131195 0.0068359375 0.014577259475218658
0 0.671875 0.3556851311953353 0.0068359375 0.013119533527696793
0 0.6884765625 0.39067055393586003 0.0078125 0.018950437317784258
0 0.8203125 0.37026239067055394 0.0078125 0.014577259475218658
0 0.8349609375 0.3760932944606414 0.0087890625 0.013119533527696793
0 0.8466796875 0.35131195335276966 0.0078125 0.011661807580174927
0 0.873046875 0.3396501457725947 0.0048828125 0.01020408163265306
0 0.787109375 0.34110787172011664 0.0048828125 0.01020408163265306
0 0.7939453125 0.33819241982507287 0.0048828125 0.007288629737609329
0 0.7578125 0.36151603498542273 0.0068359375 0.013119533527696793
0 0.740234375 0.3454810495626822 0.005859375 0.013119533527696793
0 0.7119140625 0.3294460641399417 0.005859375 0.01020408163265306
0 0.724609375 0.32798833819241985 0.005859375 0.01020408163265306
0 0.8486328125 0.32798833819241985 0.0048828125 0.008746355685131196
0 0.6767578125 0.32798833819241985 0.0068359375 0.011661807580174927
0 0.6005859375 0.36151603498542273 0.0087890625 0.01749271137026239
0 0.6083984375 0.37317784256559766 0.0087890625 0.01749271137026239
0 0.6298828125 0.33527696793002915 0.005859375 0.013119533527696793
0 0.6142578125 0.3250728862973761 0.0048828125 0.01020408163265306
0 0.5625 0.3469387755102041 0.0078125 0.011661807580174927
0 0.5751953125 0.3396501457725947 0.005859375 0.011661807580174927
0 0.568359375 0.4446064139941691 0.017578125 0.03644314868804665
0 0.5927734375 0.39941690962099125 0.01171875 0.023323615160349854
0 0.5107421875 0.4446064139941691 0.0146484375 0.029154518950437316
0 0.4873046875 0.4314868804664723 0.0166015625 0.027696793002915453
0 0.494140625 0.37317784256559766 0.009765625 0.018950437317784258
0 0.5078125 0.37755102040816324 0.0087890625 0.02040816326530612
0 0.4951171875 0.35714285714285715 0.0078125 0.01749271137026239
0 0.623046875 0.3848396501457726 0.0107421875 0.01749271137026239
0 0.435546875 0.3104956268221574 0.0048828125 0.01020408163265306
0 0.4619140625 0.32798833819241985 0.005859375 0.01020408163265306
0 0.4775390625 0.3294460641399417 0.0048828125 0.01020408163265306
0 0.4716796875 0.3294460641399417 0.00390625 0.007288629737609329
0 0.490234375 0.33527696793002915 0.0048828125 0.01020408163265306
0 0.486328125 0.3454810495626822 0.005859375 0.01020408163265306
0 0.486328125 0.3250728862973761 0.00390625 0.01020408163265306
0 0.4755859375 0.38338192419825073 0.0087890625 0.01749271137026239
0 0.4521484375 0.3673469387755102 0.0068359375 0.016034985422740525
0 0.439453125 0.3498542274052478 0.0068359375 0.016034985422740525
0 0.4306640625 0.34839650145772594 0.0068359375 0.013119533527696793
0 0.421875 0.34839650145772594 0.0068359375 0.011661807580174927
0 0.42578125 0.3163265306122449 0.005859375 0.01020408163265306
0 0.4091796875 0.3250728862973761 0.00390625 0.01020408163265306
0 0.419921875 0.336734693877551 0.005859375 0.011661807580174927
0 0.39453125 0.3746355685131195 0.009765625 0.023323615160349854
0 0.4228515625 0.40233236151603496 0.01171875 0.014577259475218658
0 0.4345703125 0.45043731778425655 0.0166015625 0.030612244897959183
0 0.462890625 0.43731778425655976 0.0205078125 0.033527696793002916
0 0.3974609375 0.4708454810495627 0.0205078125 0.03498542274052478
0 0.41015625 0.44314868804664725 0.017578125 0.033527696793002916
0 0.3447265625 0.4227405247813411 0.0185546875 0.033527696793002916
0 0.3310546875 0.4227405247813411 0.015625 0.030612244897959183
0 0.3427734375 0.3556851311953353 0.0107421875 0.01749271137026239
0 0.35546875 0.33819241982507287 0.005859375 0.01020408163265306
0 0.369140625 0.34110787172011664 0.0087890625 0.014577259475218658
0 0.3974609375 0.33819241982507287 0.005859375 0.011661807580174927
0 0.375 0.3323615160349854 0.0068359375 0.011661807580174927
0 0.439453125 0.33527696793002915 0.0078125 0.013119533527696793
0 0.404296875 0.30903790087463556 0.0048828125 0.011661807580174927
0 0.517578125 0.3935860058309038 0.0078125 0.01749271137026239
0 0.3212890625 0.49416909620991256 0.0205078125 0.03498542274052478
0 0.2421875 0.36588921282798836 0.01171875 0.023323615160349854
0 0.3017578125 0.37755102040816324 0.01171875 0.023323615160349854
0 0.2783203125 0.39212827988338195 0.009765625 0.018950437317784258
0 0.236328125 0.4008746355685131 0.0126953125 0.023323615160349854
0 0.208984375 0.39504373177842567 0.0107421875 0.021865889212827987
0 0.17578125 0.37755102040816324 0.0107421875 0.023323615160349854
0 0.1953125 0.3396501457725947 0.005859375 0.013119533527696793
0 0.1669921875 0.3294460641399417 0.0078125 0.01749271137026239
0 0.16015625 0.4096209912536443 0.01171875 0.021865889212827987
0 0.1123046875 0.4314868804664723 0.0185546875 0.033527696793002916
0 0.2451171875 0.478134110787172 0.0224609375 0.04518950437317784
0 0.283203125 0.45335276967930027 0.017578125 0.03498542274052478
0 0.1474609375 0.45043731778425655 0.013671875 0.033527696793002916
0 0.1298828125 0.3673469387755102 0.0107421875 0.021865889212827987
0 0.0849609375 0.3556851311953353 0.013671875 0.021865889212827987
0 0.0556640625 0.3819241982507289 0.01171875 0.02478134110787172
0 0.0498046875 0.3294460641399417 0.0087890625 0.018950437317784258
0 0.009765625 0.42565597667638483 0.01953125 0.03935860058309038
0 0.072265625 0.4271137026239067 0.017578125 0.03644314868804665
0 0.025390625 0.5160349854227405 0.0283203125 0.04227405247813411
0 0.1044921875 0.5349854227405247 0.0361328125 0.061224489795918366
0 0.173828125 0.5830903790087464 0.0224609375 0.04518950437317784
0 0.162109375 0.6632653061224489 0.0361328125 0.06268221574344024
0 0.130859375 0.4008746355685131 0.009765625 0.026239067055393587
0 0.375 0.5189504373177842 0.0263671875 0.04518950437317784
0 0.4580078125 0.5393586005830904 0.02734375 0.05830903790087463
0 0.4423828125 0.7332361516034985 0.0634765625 0.1588921282798834
0 0.337890625 0.8935860058309038 0.103515625 0.20116618075801748
0 0.7412109375 0.9285714285714286 0.07421875 0.14285714285714285
0 0.0234375 0.8119533527696793 0.044921875 0.1239067055393586
0 0.0087890625 0.6632653061224489 0.0185546875 0.056851311953352766
0 0.5400390625 0.4271137026239067 0.0107421875 0.02478134110787172
0 0.59765625 0.3396501457725947 0.0078125 0.014577259475218658
0 0.6337890625 0.34839650145772594 0.005859375 0.013119533527696793
0 0.7734375 0.32653061224489793 0.005859375 0.01020408163265306
0 0.7666015625 0.33090379008746357 0.00390625 0.008746355685131196
0 0.5849609375 0.5670553935860059 0.03125 0.0641399416909621
0 0.39453125 0.13994169096209913 0.015625 0.029154518950437316
0 0.080078125 0.5335276967930029 0.025390625 0.04956268221574344
0 0.109375 0.37317784256559766 0.009765625 0.021865889212827987
0 0.173828125 0.3469387755102041 0.009765625 0.023323615160349854