0 0.16796875 0.4140625 0.015625 0.024739583333333332
0 0.1142578125 0.4088541666666667 0.0146484375 0.0234375
0 0.2177734375 0.40234375 0.0146484375 0.026041666666666668
0 0.12890625 0.4388020833333333 0.0146484375 0.0234375
0 0.490234375 0.4192708333333333 0.0185546875 0.02734375
0 0.44921875 0.41796875 0.0166015625 0.026041666666666668
0 0.408203125 0.43359375 0.0166015625 0.024739583333333332
0 0.388671875 0.4153645833333333 0.0126953125 0.0234375
0 0.4287109375 0.4401041666666667 0.015625 0.022135416666666668
0 0.6064453125 0.4401041666666667 0.0146484375 0.022135416666666668
0 0.572265625 0.4244791666666667 0.0185546875 0.028645833333333332
0 0.5390625 0.43359375 0.0126953125 0.020833333333333332
0 0.7548828125 0.421875 0.0166015625 0.022135416666666668
0 0.71484375 0.4205729166666667 0.017578125 0.024739583333333332
0 0.6884765625 0.4244791666666667 0.015625 0.0234375
0 0.6640625 0.4296875 0.013671875 0.0234375
0 0.8955078125 0.4427083333333333 0.0146484375 0.028645833333333332
0 0.8134765625 0.4440104166666667 0.017578125 0.028645833333333332
0 0.296875 0.4140625 0.017578125 0.0234375
0 0.3232421875 0.4205729166666667 0.017578125 0.0234375
0 0.07421875 0.4296875 0.0166015625 0.0234375
0 0.0986328125 0.4283854166666667 0.015625 0.0234375