0 0.7998046875 0.33195020746887965 0.0390625 0.06639004149377593
0 0.5263671875 0.4107883817427386 0.0322265625 0.056708160442600276
0 0.544921875 0.3706777316735823 0.029296875 0.06224066390041494
0 0.2724609375 0.41217150760719223 0.029296875 0.058091286307053944
0 0.3037109375 0.334716459197787 0.03515625 0.059474412171507604
0 0.3544921875 0.37206085753803597 0.02734375 0.05255878284923928
0 0.115234375 0.5255878284923928 0.0400390625 0.0677731673582296
0 0.0205078125 0.41770401106500693 0.0283203125 0.04426002766251729
0 0.1787109375 0.23236514522821577 0.033203125 0.06224066390041494
0 0.3203125 0.17842323651452283 0.033203125 0.06224066390041494
0 0.34765625 0.1479944674965422 0.033203125 0.058091286307053944
0 0.3876953125 0.1313969571230982 0.03125 0.05255878284923928
0 0.4189453125 0.11203319502074689 0.0302734375 0.05532503457814661
0 0.4697265625 0.2392807745504841 0.0322265625 0.059474412171507604
0 0.4248046875 0.2627939142461964 0.03125 0.06085753803596127
0 0.5498046875 0.18672199170124482 0.0322265625 0.056708160442600276
0 0.572265625 0.14937759336099585 0.0302734375 0.056708160442600276
0 0.048828125 0.1908713692946058 0.0322265625 0.04702627939142462
0 0.15234375 0.10096818810511757 0.0419921875 0.07468879668049792
0 0.2138671875 0.0677731673582296 0.037109375 0.06500691562932227
0 0.24609375 0.027662517289073305 0.037109375 0.05532503457814661
0 0.298828125 0.040110650069156296 0.029296875 0.05394190871369295
0 0.3369140625 0.024896265560165973 0.0244140625 0.04702627939142462
0 0.3623046875 0.017980636237897647 0.021484375 0.035961272475795295
0 0.0458984375 0.07192254495159059 0.033203125 0.05532503457814661
0 0.1298828125 0.019363762102351315 0.037109375 0.03872752420470263
0 0.029296875 0.027662517289073305 0.03125 0.05394190871369295
0 0.5263671875 0.6390041493775933 0.0263671875 0.04702627939142462
0 0.693359375 0.11618257261410789 0.02734375 0.04564315352697095
0 0.7451171875 0.06085753803596127 0.03125 0.048409405255878286
0 0.8134765625 0.04702627939142462 0.025390625 0.05255878284923928
0 0.9375 0.10511756569847856 0.0322265625 0.042876901798063624
0 0.9052734375 0.16597510373443983 0.025390625 0.04149377593360996
0 0.8720703125 0.15352697095435686 0.021484375 0.04702627939142462
0 0.0625 0.5325034578146611 0.0283203125 0.06224066390041494
0 0.3955078125 0.20193637621023514 0.02734375 0.06500691562932227