0 0.849609375 0.25882352941176473 0.044921875 0.06764705882352941
0 0.708984375 0.3029411764705882 0.03515625 0.057352941176470586
0 0.6044921875 0.3161764705882353 0.029296875 0.04852941176470588
0 0.5263671875 0.3720588235294118 0.0263671875 0.045588235294117645
0 0.4677734375 0.36176470588235293 0.025390625 0.03823529411764706
0 0.42578125 0.4117647058823529 0.0205078125 0.03529411764705882
0 0.373046875 0.3941176470588235 0.0185546875 0.03235294117647059
0 0.3349609375 0.4073529411764706 0.0166015625 0.030882352941176472
0 0.279296875 0.43676470588235294 0.013671875 0.023529411764705882
0 0.2431640625 0.47058823529411764 0.0087890625 0.026470588235294117
0 0.208984375 0.4455882352941177 0.01171875 0.023529411764705882
0 0.19140625 0.45441176470588235 0.0078125 0.01911764705882353
0 0.16796875 0.4573529411764706 0.0107421875 0.01911764705882353
0 0.1494140625 0.45441176470588235 0.0087890625 0.01764705882352941
0 0.12890625 0.4661764705882353 0.009765625 0.014705882352941176
0 0.1123046875 0.4661764705882353 0.0107421875 0.01911764705882353
0 0.087890625 0.475 0.009765625 0.016176470588235296
0 0.0771484375 0.47794117647058826 0.009765625 0.013235294117647059
0 0.99609375 0.4588235294117647 0.0068359375 0.01911764705882353
0 0.302734375 0.4161764705882353 0.0166015625 0.03529411764705882