0 0.025390625 0.3229166666666667 0.0400390625 0.06770833333333333
0 0.09375 0.3580729166666667 0.0283203125 0.049479166666666664
0 0.0791015625 0.3450520833333333 0.0234375 0.036458333333333336
0 0.23046875 0.4114583333333333 0.0283203125 0.046875
0 0.25 0.4153645833333333 0.017578125 0.032552083333333336
0 0.314453125 0.5 0.0302734375 0.052083333333333336
0 0.3017578125 0.4388020833333333 0.025390625 0.0390625
0 0.3212890625 0.38671875 0.0244140625 0.033854166666666664
0 0.390625 0.45703125 0.02734375 0.048177083333333336
0 0.4287109375 0.5026041666666666 0.0302734375 0.053385416666666664
0 0.384765625 0.3411458333333333 0.0087890625 0.032552083333333336
0 0.4609375 0.3880208333333333 0.009765625 0.022135416666666668
0 0.4912109375 0.3541666666666667 0.013671875 0.029947916666666668
0 0.583984375 0.4401041666666667 0.037109375 0.059895833333333336
0 0.5283203125 0.4361979166666667 0.0263671875 0.048177083333333336
0 0.55078125 0.41796875 0.025390625 0.045572916666666664
0 0.4951171875 0.4127604166666667 0.017578125 0.033854166666666664
0 0.486328125 0.4505208333333333 0.0166015625 0.02734375
0 0.53515625 0.3489583333333333 0.01953125 0.036458333333333336
0 0.5546875 0.34375 0.0234375 0.046875
0 0.6357421875 0.4075520833333333 0.02734375 0.040364583333333336
0 0.6123046875 0.4140625 0.0146484375 0.0234375
0 0.66796875 0.4296875 0.0302734375 0.052083333333333336
0 0.7119140625 0.42578125 0.01953125 0.0390625
0 0.6767578125 0.3346354166666667 0.0126953125 0.02734375
0 0.75390625 0.33203125 0.0126953125 0.024739583333333332
0 0.763671875 0.4114583333333333 0.029296875 0.053385416666666664
0 0.7822265625 0.3567708333333333 0.0234375 0.0390625
0 0.8154296875 0.3333333333333333 0.0166015625 0.02734375
0 0.859375 0.3372395833333333 0.0263671875 0.037760416666666664
0 0.8603515625 0.4583333333333333 0.02734375 0.036458333333333336
0 0.8935546875 0.3463541666666667 0.017578125 0.033854166666666664
0 0.70703125 0.3489583333333333 0.0107421875 0.014322916666666666
0 0.7646484375 0.3372395833333333 0.01171875 0.02734375
0 0.9248046875 0.23567708333333334 0.03515625 0.07421875
0 0.5712890625 0.33203125 0.0166015625 0.036458333333333336