0 0.8427734375 0.234375 0.025390625 0.04296875
0 0.9365234375 0.1953125 0.0283203125 0.05078125
0 0.865234375 0.5546875 0.0341796875 0.049479166666666664
0 0.771484375 0.5520833333333334 0.03125 0.046875
0 0.6494140625 0.546875 0.0283203125 0.053385416666666664
0 0.4970703125 0.6184895833333334 0.0302734375 0.045572916666666664
0 0.47265625 0.5065104166666666 0.03125 0.04296875
0 0.578125 0.51953125 0.0322265625 0.037760416666666664
0 0.3984375 0.4973958333333333 0.0244140625 0.049479166666666664
0 0.28125 0.5104166666666666 0.029296875 0.053385416666666664
0 0.185546875 0.5065104166666666 0.033203125 0.05078125
0 0.16796875 0.22005208333333334 0.0302734375 0.044270833333333336
0 0.2626953125 0.22135416666666666 0.0234375 0.052083333333333336
0 0.4111328125 0.2955729166666667 0.0205078125 0.03515625
0 0.4716796875 0.3606770833333333 0.0283203125 0.040364583333333336
0 0.6328125 0.3854166666666667 0.02734375 0.036458333333333336
0 0.72265625 0.328125 0.0263671875 0.03515625
0 0.59375 0.2265625 0.0224609375 0.036458333333333336
0 0.6513671875 0.2513020833333333 0.025390625 0.037760416666666664
0 0.5322265625 0.23697916666666666 0.0234375 0.033854166666666664