0 0.0771484375 0.49352179034157834 0.0556640625 0.06478209658421673
0 0.1650390625 0.5217903415783275 0.0283203125 0.050647820965842166
0 0.236328125 0.558303886925795 0.02734375 0.03297997644287397
0 0.2060546875 0.5429917550058893 0.01171875 0.0176678445229682
0 0.2802734375 0.5465253239104829 0.0361328125 0.05771495877502945
0 0.4267578125 0.5300353356890459 0.0400390625 0.05889281507656066
0 0.3779296875 0.5547703180212014 0.017578125 0.01884570082449941
0 0.474609375 0.541813898704358 0.015625 0.024734982332155476
0 0.662109375 0.5547703180212014 0.0068359375 0.016489988221436984
0 0.6865234375 0.5382803297997645 0.01171875 0.0176678445229682
0 0.6953125 0.558303886925795 0.01171875 0.020023557126030624
0 0.708984375 0.5783274440518257 0.0166015625 0.03415783274440518
0 0.7080078125 0.6395759717314488 0.0146484375 0.02591283863368669
0 0.67578125 0.5606595995288575 0.0107421875 0.0176678445229682
0 0.72265625 0.5206124852767963 0.013671875 0.02237926972909305
0 0.76171875 0.5453474676089517 0.0166015625 0.030624263839811542
0 0.71875 0.5500588928150766 0.0107421875 0.016489988221436984
0 0.78125 0.558303886925795 0.01953125 0.030624263839811542
0 0.8603515625 0.6348645465253239 0.017578125 0.027090694935217905
0 0.8720703125 0.5559481743227326 0.017578125 0.03415783274440518
0 0.8388671875 0.5441696113074205 0.017578125 0.030624263839811542
0 0.8037109375 0.525323910482921 0.0185546875 0.03180212014134275
0 0.9521484375 0.5535924617196702 0.0185546875 0.030624263839811542
0 0.970703125 0.5783274440518257 0.01171875 0.027090694935217905
0 0.9892578125 0.5630153121319199 0.017578125 0.02944640753828033
0 0.9794921875 0.5323910482921084 0.017578125 0.028268551236749116
0 0.8525390625 0.48056537102473496 0.015625 0.02237926972909305
0 0.8974609375 0.47703180212014135 0.013671875 0.02237926972909305
0 0.9638671875 0.4628975265017668 0.01171875 0.01884570082449941