0 0.0498046875 0.4986979166666667 0.009765625 0.015625
0 0.0927734375 0.53125 0.0087890625 0.014322916666666666
0 0.05859375 0.5416666666666666 0.0087890625 0.014322916666666666
0 0.1201171875 0.51171875 0.0107421875 0.016927083333333332
0 0.169921875 0.515625 0.0107421875 0.018229166666666668
0 0.15234375 0.5013020833333334 0.0078125 0.013020833333333334
0 0.208984375 0.5052083333333334 0.0087890625 0.018229166666666668
0 0.0361328125 0.4817708333333333 0.0107421875 0.016927083333333332
0 0.0732421875 0.4583333333333333 0.009765625 0.014322916666666666
0 0.1171875 0.4283854166666667 0.009765625 0.014322916666666666
0 0.15625 0.4270833333333333 0.0107421875 0.01953125
0 0.1884765625 0.43359375 0.009765625 0.014322916666666666
0 0.2158203125 0.4765625 0.0107421875 0.016927083333333332
0 0.20703125 0.4466145833333333 0.0087890625 0.014322916666666666
0 0.23046875 0.4479166666666667 0.0087890625 0.014322916666666666
0 0.2822265625 0.4427083333333333 0.009765625 0.014322916666666666
0 0.06640625 0.42578125 0.009765625 0.014322916666666666
0 0.0498046875 0.4283854166666667 0.0087890625 0.013020833333333334
0 0.0234375 0.4375 0.0078125 0.014322916666666666
0 0.0107421875 0.3893229166666667 0.0078125 0.01171875
0 0.0498046875 0.4088541666666667 0.009765625 0.01171875
0 0.0361328125 0.4088541666666667 0.0078125 0.01171875
0 0.0654296875 0.4127604166666667 0.009765625 0.014322916666666666
0 0.078125 0.4127604166666667 0.0107421875 0.013020833333333334
0 0.10546875 0.40234375 0.0107421875 0.018229166666666668
0 0.1240234375 0.4036458333333333 0.0078125 0.014322916666666666
0 0.134765625 0.40234375 0.0087890625 0.015625
0 0.095703125 0.3177083333333333 0.0048828125 0.010416666666666666
0 0.0302734375 0.30859375 0.0048828125 0.0078125
0 0.205078125 0.4140625 0.0078125 0.013020833333333334
0 0.19140625 0.4127604166666667 0.0078125 0.01171875
0 0.220703125 0.4075520833333333 0.0087890625 0.013020833333333334
0 0.2255859375 0.4231770833333333 0.0068359375 0.01171875
0 0.2158203125 0.4348958333333333 0.0078125 0.01171875
0 0.2666015625 0.3971354166666667 0.0078125 0.015625
0 0.0244140625 0.4309895833333333 0.0068359375 0.010416666666666666
0 0.00390625 0.44140625 0.0078125 0.015625
0 0.3583984375 0.4244791666666667 0.0068359375 0.013020833333333334
0 0.4365234375 0.3919270833333333 0.0087890625 0.009114583333333334
0 0.3544921875 0.3958333333333333 0.009765625 0.013020833333333334
0 0.3447265625 0.3958333333333333 0.0048828125 0.010416666666666666
0 0.2138671875 0.4127604166666667 0.0078125 0.014322916666666666
0 0.4833984375 0.4036458333333333 0.0107421875 0.020833333333333332
0 0.365234375 0.42578125 0.005859375 0.010416666666666666
0 0.6630859375 0.4700520833333333 0.013671875 0.026041666666666668
0 0.5634765625 0.4908854166666667 0.0078125 0.014322916666666666
0 0.5517578125 0.4088541666666667 0.0078125 0.01171875
0 0.55078125 0.3854166666666667 0.005859375 0.010416666666666666
0 0.58984375 0.3997395833333333 0.0068359375 0.013020833333333334
0 0.58984375 0.421875 0.0068359375 0.014322916666666666
0 0.548828125 0.4713541666666667 0.0078125 0.013020833333333334
0 0.5263671875 0.4934895833333333 0.0068359375 0.013020833333333334
0 0.490234375 0.4114583333333333 0.0078125 0.013020833333333334
0 0.6708984375 0.3658854166666667 0.0107421875 0.0234375
0 0.73046875 0.4296875 0.0078125 0.01171875
0 0.59765625 0.3997395833333333 0.0087890625 0.010416666666666666
0 0.6552734375 0.7682291666666666 0.0166015625 0.0390625
0 0.841796875 0.7447916666666666 0.0185546875 0.029947916666666668
0 0.9169921875 0.4361979166666667 0.0068359375 0.010416666666666666
0 0.9375 0.390625 0.005859375 0.009114583333333334
0 0.9482421875 0.39453125 0.0048828125 0.0078125
0 0.857421875 0.4700520833333333 0.0078125 0.013020833333333334
0 0.9921875 0.48046875 0.009765625 0.013020833333333334
0 0.9833984375 0.4440104166666667 0.005859375 0.010416666666666666
0 0.9501953125 0.4752604166666667 0.005859375 0.009114583333333334
0 0.94140625 0.4453125 0.0087890625 0.01171875
0 0.9453125 0.4140625 0.0068359375 0.010416666666666666
0 0.9541015625 0.4166666666666667 0.005859375 0.01171875
0 0.3486328125 0.49609375 0.0078125 0.010416666666666666