0 0.72265625 0.424597364568082 0.017578125 0.036603221083455345
0 0.9306640625 0.42020497803806733 0.015625 0.03367496339677892
0 0.626953125 0.5358711566617862 0.017578125 0.03367496339677892
0 0.572265625 0.5534407027818448 0.015625 0.02635431918008785
0 0.53515625 0.5666178623718887 0.0107421875 0.020497803806734993
0 0.5654296875 0.4568081991215227 0.013671875 0.024890190336749635
0 0.6337890625 0.42313323572474376 0.0146484375 0.027818448023426062
0 0.5068359375 0.37481698389458273 0.0146484375 0.02635431918008785
0 0.482421875 0.6661786237188873 0.0302734375 0.04685212298682284
0 0.419921875 0.6120058565153733 0.013671875 0.021961932650073207
0 0.466796875 0.5988286969253295 0.013671875 0.02342606149341142
0 0.4609375 0.5768667642752562 0.01171875 0.021961932650073207
0 0.478515625 0.5475841874084919 0.0087890625 0.016105417276720352
0 0.4453125 0.5563689604685212 0.0078125 0.017569546120058566
0 0.416015625 0.5812591508052709 0.01171875 0.020497803806734993
0 0.4404296875 0.5387994143484627 0.0087890625 0.016105417276720352
0 0.4501953125 0.5358711566617862 0.0068359375 0.014641288433382138
0 0.4052734375 0.5622254758418741 0.009765625 0.020497803806734993
0 0.3935546875 0.5534407027818448 0.0078125 0.016105417276720352
0 0.373046875 0.5695461200585652 0.0087890625 0.017569546120058566
0 0.3642578125 0.6002928257686676 0.0126953125 0.021961932650073207
0 0.353515625 0.5944363103953147 0.0087890625 0.020497803806734993
0 0.35546875 0.5695461200585652 0.009765625 0.017569546120058566
0 0.3486328125 0.5285505124450952 0.0087890625 0.017569546120058566
0 0.369140625 0.5256222547584187 0.0068359375 0.014641288433382138
0 0.31640625 0.5856515373352855 0.0146484375 0.024890190336749635
0 0.314453125 0.5622254758418741 0.009765625 0.017569546120058566
0 0.2900390625 0.5592972181551976 0.01171875 0.020497803806734993
0 0.2724609375 0.5797950219619327 0.0107421875 0.020497803806734993
0 0.2724609375 0.5563689604685212 0.0087890625 0.016105417276720352
0 0.2578125 0.5592972181551976 0.009765625 0.017569546120058566
0 0.2353515625 0.5695461200585652 0.0126953125 0.017569546120058566
0 0.2373046875 0.5519765739385066 0.0087890625 0.016105417276720352
0 0.21875 0.5475841874084919 0.0087890625 0.016105417276720352
0 0.19921875 0.5519765739385066 0.0087890625 0.013177159590043924
0 0.275390625 0.5329428989751098 0.0078125 0.014641288433382138
0 0.283203125 0.5168374816983895 0.005859375 0.010248901903367497
0 0.2548828125 0.5241581259150805 0.005859375 0.008784773060029283
0 0.1904296875 0.5387994143484627 0.0068359375 0.01171303074670571
0 0.1767578125 0.5651537335285505 0.0078125 0.014641288433382138
0 0.1552734375 0.5431918008784773 0.0068359375 0.013177159590043924
0 0.17578125 0.541727672035139 0.0068359375 0.01171303074670571
0 0.1650390625 0.5344070278184481 0.005859375 0.010248901903367497
0 0.208984375 0.5431918008784773 0.005859375 0.01171303074670571
0 0.2001953125 0.5329428989751098 0.0048828125 0.010248901903367497
0 0.171875 0.5212298682284041 0.005859375 0.010248901903367497
0 0.1591796875 0.5197657393850659 0.00390625 0.007320644216691069
0 0.15234375 0.5256222547584187 0.0048828125 0.007320644216691069
0 0.142578125 0.5402635431918009 0.0087890625 0.014641288433382138
0 0.16015625 0.5080527086383602 0.00390625 0.007320644216691069
0 0.146484375 0.5109809663250366 0.00390625 0.007320644216691069
0 0.12890625 0.5256222547584187 0.0068359375 0.010248901903367497
0 0.1953125 0.5051244509516838 0.005859375 0.010248901903367497
0 0.0625 0.6002928257686676 0.005859375 0.02635431918008785