0 0.1015625 0.8404099560761347 0.005859375 0.010248901903367497
0 0.0341796875 0.828696925329429 0.0068359375 0.008784773060029283
0 0.0126953125 0.8199121522693997 0.0068359375 0.010248901903367497
0 0.0234375 0.8228404099560761 0.0078125 0.014641288433382138
0 0.0107421875 0.8389458272327965 0.0068359375 0.010248901903367497
0 0.0830078125 0.8448023426061494 0.005859375 0.010248901903367497
0 0.087890625 0.8272327964860908 0.00390625 0.008784773060029283
0 0.1162109375 0.83601756954612 0.0048828125 0.007320644216691069
0 0.140625 0.8506588579795022 0.0048828125 0.010248901903367497
0 0.12890625 0.849194729136164 0.005859375 0.01171303074670571
0 0.15625 0.8535871156661786 0.005859375 0.01171303074670571
0 0.169921875 0.8535871156661786 0.0048828125 0.010248901903367497
0 0.1396484375 0.83601756954612 0.005859375 0.01171303074670571
0 0.1669921875 0.8257686676427526 0.0048828125 0.008784773060029283
0 0.2099609375 0.8199121522693997 0.0048828125 0.008784773060029283
0 0.2001953125 0.8067349926793558 0.005859375 0.010248901903367497
0 0.2431640625 0.849194729136164 0.0048828125 0.008784773060029283
0 0.2626953125 0.8389458272327965 0.005859375 0.008784773060029283
0 0.2802734375 0.8243045387994143 0.0078125 0.013177159590043924
0 0.296875 0.8448023426061494 0.005859375 0.01171303074670571
0 0.32421875 0.8462664714494875 0.00390625 0.008784773060029283
0 0.333984375 0.849194729136164 0.005859375 0.010248901903367497
0 0.34765625 0.8199121522693997 0.0068359375 0.01171303074670571
0 0.361328125 0.8125915080527086 0.0068359375 0.01171303074670571
0 0.4208984375 0.8345534407027818 0.005859375 0.01171303074670571
0 0.4404296875 0.8243045387994143 0.0048828125 0.010248901903367497
0 0.4306640625 0.83601756954612 0.00390625 0.008784773060029283
0 0.4892578125 0.787701317715959 0.0087890625 0.014641288433382138
0 0.5751953125 0.821376281112738 0.005859375 0.01171303074670571
0 0.6044921875 0.808199121522694 0.0078125 0.013177159590043924
0 0.5234375 0.8096632503660323 0.0078125 0.013177159590043924
0 0.638671875 0.8067349926793558 0.0087890625 0.013177159590043924
0 0.6669921875 0.8096632503660323 0.0068359375 0.01171303074670571
0 0.5458984375 0.8433382137628112 0.005859375 0.008784773060029283
0 0.5078125 0.8477306002928258 0.0048828125 0.008784773060029283
0 0.724609375 0.8257686676427526 0.0068359375 0.013177159590043924
0 0.748046875 0.8316251830161054 0.0048828125 0.010248901903367497
0 0.7685546875 0.8345534407027818 0.005859375 0.010248901903367497
0 0.7939453125 0.8301610541727672 0.00390625 0.007320644216691069
0 0.783203125 0.8433382137628112 0.00390625 0.007320644216691069
0 0.6943359375 0.828696925329429 0.0048828125 0.007320644216691069
0 0.8173828125 0.8418740849194729 0.00390625 0.007320644216691069
0 0.828125 0.8374816983894583 0.00390625 0.007320644216691069
0 0.837890625 0.8448023426061494 0.00390625 0.007320644216691069
0 0.8681640625 0.8389458272327965 0.0048828125 0.007320644216691069
0 0.8603515625 0.849194729136164 0.00390625 0.007320644216691069
0 0.8916015625 0.8521229868228404 0.00390625 0.005856515373352855
0 0.810546875 0.8418740849194729 0.0048828125 0.008784773060029283