0 0.197265625 0.4895833333333333 0.013671875 0.024739583333333332
0 0.7177734375 0.37890625 0.0146484375 0.022135416666666668
0 0.40234375 0.4661458333333333 0.015625 0.0234375
0 0.474609375 0.4401041666666667 0.009765625 0.016927083333333332
0 0.5205078125 0.4114583333333333 0.0107421875 0.01953125
0 0.4990234375 0.4791666666666667 0.01953125 0.03515625
0 0.56640625 0.4856770833333333 0.01953125 0.03125
0 0.615234375 0.4518229166666667 0.0185546875 0.029947916666666668
0 0.6318359375 0.4309895833333333 0.0107421875 0.018229166666666668
0 0.271484375 0.4869791666666667 0.0224609375 0.03125
0 0.6220703125 0.4088541666666667 0.013671875 0.01953125