0 0.9443359375 0.6754772393538914 0.01171875 0.020558002936857563
0 0.96875 0.5976505139500734 0.01171875 0.020558002936857563
0 0.9296875 0.5947136563876652 0.0107421875 0.013215859030837005
0 0.8818359375 0.5741556534508077 0.0166015625 0.02936857562408223
0 0.783203125 0.6167400881057269 0.0458984375 0.0881057268722467
0 0.04296875 0.6387665198237885 0.0068359375 0.010279001468428781
0 0.0693359375 0.6431718061674009 0.0078125 0.013215859030837005
0 0.0537109375 0.6108663729809104 0.0078125 0.010279001468428781
0 0.119140625 0.618208516886931 0.0078125 0.016152716593245228
0 0.162109375 0.5873715124816447 0.0234375 0.03524229074889868
0 0.2705078125 0.6240822320117474 0.005859375 0.011747430249632892
0 0.22265625 0.5947136563876652 0.0078125 0.014684287812041116