0 0.9326171875 0.7625649913344887 0.013671875 0.024263431542461005
0 0.91015625 0.7383015597920277 0.0107421875 0.024263431542461005
0 0.8828125 0.7521663778162911 0.01171875 0.024263431542461005
0 0.865234375 0.7642980935875217 0.0107421875 0.02079722703639515
0 0.974609375 0.7625649913344887 0.0126953125 0.022530329289428077
0 0.8125 0.7590987868284229 0.0107421875 0.02079722703639515
0 0.826171875 0.7435008665511266 0.009765625 0.022530329289428077
0 0.7734375 0.7660311958405546 0.009765625 0.022530329289428077
0 0.7216796875 0.6637781629116117 0.009765625 0.022530329289428077
0 0.90234375 0.7400346620450606 0.0068359375 0.01733102253032929
0 0.6689453125 0.7660311958405546 0.01171875 0.024263431542461005
0 0.6826171875 0.6568457538994801 0.0087890625 0.019064124783362217
0 0.5048828125 0.7781629116117851 0.01171875 0.02079722703639515
0 0.3115234375 0.7487001733102253 0.0126953125 0.025996533795493933
0 0.2568359375 0.7608318890814558 0.0078125 0.01733102253032929
0 0.33984375 0.6915077989601387 0.0078125 0.01386481802426343
0 0.435546875 0.7105719237435009 0.009765625 0.02079722703639515
0 0.3974609375 0.7192374350086655 0.0087890625 0.019064124783362217
0 0.3564453125 0.7123050259965338 0.0078125 0.01733102253032929
0 0.3837890625 0.6533795493934142 0.01171875 0.019064124783362217
0 0.4912109375 0.6308492201039861 0.01171875 0.022530329289428077
0 0.0947265625 0.7729636048526863 0.0107421875 0.02079722703639515
0 0.1123046875 0.7764298093587522 0.01171875 0.022530329289428077
0 0.1552734375 0.7781629116117851 0.009765625 0.02079722703639515
0 0.1865234375 0.7729636048526863 0.0078125 0.02079722703639515
0 0.203125 0.7764298093587522 0.009765625 0.02079722703639515
0 0.4111328125 0.7850953206239168 0.009765625 0.02079722703639515
0 0.0263671875 0.729636048526863 0.0107421875 0.019064124783362217
0 0.2626953125 0.7279029462738301 0.0078125 0.01733102253032929
0 0.3271484375 0.7279029462738301 0.0087890625 0.022530329289428077
0 0.2216796875 0.7192374350086655 0.0078125 0.012131715771230503
0 0.953125 0.7504332755632582 0.0078125 0.01733102253032929
0 0.19921875 0.6689774696707106 0.0087890625 0.019064124783362217
0 0.18359375 0.7261698440207972 0.0078125 0.01559792027729636