0 0.017578125 0.3967789165446559 0.017578125 0.03367496339677892
0 0.0712890625 0.383601756954612 0.0234375 0.0424597364568082
0 0.0673828125 0.48462664714494874 0.025390625 0.04685212298682284
0 0.099609375 0.486090775988287 0.021484375 0.0424597364568082
0 0.1298828125 0.43923865300146414 0.0263671875 0.04978038067349927
0 0.1494140625 0.4816983894582723 0.0283203125 0.043923865300146414
0 0.19921875 0.4494875549048316 0.0244140625 0.04978038067349927
0 0.2392578125 0.47144948755490484 0.0283203125 0.055636896046852125
0 0.09375 0.39092240117130306 0.01171875 0.02635431918008785
0 0.10546875 0.40995607613469986 0.0166015625 0.032210834553440704
0 0.1328125 0.3953147877013177 0.01953125 0.03367496339677892
0 0.1669921875 0.36603221083455345 0.021484375 0.0424597364568082
0 0.2001953125 0.3601756954612006 0.0224609375 0.04685212298682284
0 0.2353515625 0.363103953147877 0.0205078125 0.0424597364568082
0 0.0068359375 0.5461200585651538 0.01171875 0.0424597364568082
0 0.3125 0.36749633967789164 0.02734375 0.043923865300146414
0 0.3037109375 0.37774524158125916 0.0166015625 0.032210834553440704
0 0.34765625 0.445095168374817 0.029296875 0.05710102489019034
0 0.3779296875 0.5051244509516838 0.01953125 0.043923865300146414
0 0.419921875 0.3367496339677892 0.029296875 0.060029282576866766
0 0.4736328125 0.32210834553440704 0.02734375 0.0527086383601757
0 0.4990234375 0.3645680819912152 0.025390625 0.05417276720351391
0 0.5107421875 0.42313323572474376 0.02734375 0.05417276720351391
0 0.51953125 0.35431918008784774 0.0224609375 0.036603221083455345
0 0.6806640625 0.4143484626647145 0.0361328125 0.06881405563689605
0 0.7294921875 0.34553440702781846 0.037109375 0.06149341142020498
0 0.7177734375 0.5592972181551976 0.03515625 0.06149341142020498
0 0.7568359375 0.35724743777452417 0.021484375 0.04538799414348463
0 0.7783203125 0.3206442166910688 0.02734375 0.05124450951683748
0 0.8154296875 0.38653001464128844 0.0244140625 0.040995607613469986
0 0.537109375 0.42313323572474376 0.025390625 0.0629575402635432
0 0.83984375 0.3294289897510981 0.0322265625 0.0746705710102489
0 0.9091796875 0.26500732064421667 0.0400390625 0.07759882869692533
0 0.8173828125 0.582723279648609 0.0341796875 0.06442166910688141
0 0.8994140625 0.5329428989751098 0.03125 0.06442166910688141
0 0.9521484375 0.5666178623718887 0.0322265625 0.07174231332357248
0 0.9873046875 0.32503660322108346 0.0244140625 0.0746705710102489
0 0.5419921875 0.34992679355783307 0.0146484375 0.032210834553440704
0 0.1826171875 0.36749633967789164 0.0166015625 0.036603221083455345
0 0.650390625 0.46266471449487556 0.013671875 0.02635431918008785