0 0.0361328125 0.30307467057101023 0.0166015625 0.029282576866764276
0 0.1328125 0.3162518301610542 0.02734375 0.0527086383601757
0 0.140625 0.2664714494875549 0.0126953125 0.03513909224011713
0 0.1875 0.29428989751098095 0.0234375 0.06881405563689605
0 0.2841796875 0.2547584187408492 0.015625 0.029282576866764276
0 0.3056640625 0.2562225475841874 0.0244140625 0.07027818448023426
0 0.4150390625 0.2957540263543192 0.01171875 0.032210834553440704
0 0.4443359375 0.29428989751098095 0.0078125 0.02342606149341142
0 0.4501953125 0.2591508052708638 0.01171875 0.027818448023426062
0 0.4873046875 0.23718887262079064 0.0048828125 0.01171303074670571
0 0.5 0.2430453879941435 0.0068359375 0.016105417276720352
0 0.533203125 0.2108345534407028 0.037109375 0.0849194729136164
0 0.6318359375 0.30307467057101023 0.0166015625 0.03367496339677892
0 0.6806640625 0.3689604685212299 0.0087890625 0.021961932650073207
0 0.6962890625 0.36749633967789164 0.0087890625 0.017569546120058566
0 0.7001953125 0.2796486090775988 0.0068359375 0.016105417276720352
0 0.712890625 0.2767203513909224 0.0107421875 0.02342606149341142
0 0.7431640625 0.41142020497803805 0.0087890625 0.01171303074670571
0 0.7646484375 0.36749633967789164 0.0087890625 0.02342606149341142
0 0.7548828125 0.25036603221083453 0.0087890625 0.017569546120058566
0 0.8134765625 0.2767203513909224 0.0078125 0.020497803806734993
0 0.8583984375 0.2708638360175695 0.0517578125 0.11127379209370425
0 0.90625 0.2664714494875549 0.009765625 0.01903367496339678
0 0.9443359375 0.24743777452415813 0.0068359375 0.01171303074670571
0 0.939453125 0.2972181551976574 0.0087890625 0.016105417276720352
0 0.9794921875 0.2679355783308931 0.009765625 0.016105417276720352
0 0.619140625 0.26061493411420206 0.01171875 0.02635431918008785
0 0.81640625 0.22840409956076135 0.005859375 0.01171303074670571