0 0.1337890625 0.3599439775910364 0.052734375 0.07282913165266107
0 0.0654296875 0.3137254901960784 0.0244140625 0.0350140056022409
0 0.1923828125 0.31932773109243695 0.03515625 0.0546218487394958
0 0.291015625 0.35154061624649857 0.0185546875 0.03081232492997199
0 0.3486328125 0.38095238095238093 0.02734375 0.04341736694677871
0 0.4345703125 0.36134453781512604 0.0234375 0.0350140056022409
0 0.51171875 0.3641456582633053 0.0205078125 0.028011204481792718
0 0.498046875 0.36694677871148457 0.01171875 0.02661064425770308
0 0.5517578125 0.37675070028011204 0.0126953125 0.02100840336134454
0 0.6181640625 0.29971988795518206 0.033203125 0.049019607843137254
0 0.7080078125 0.36694677871148457 0.029296875 0.037815126050420166
0 0.751953125 0.39215686274509803 0.0224609375 0.03081232492997199
0 0.732421875 0.37815126050420167 0.0205078125 0.03081232492997199
0 0.8046875 0.36834733893557425 0.0244140625 0.03361344537815126
0 0.8642578125 0.3795518207282913 0.0205078125 0.029411764705882353
0 0.921875 0.38095238095238093 0.0146484375 0.023809523809523808
0 0.900390625 0.39215686274509803 0.013671875 0.0196078431372549
0 0.8759765625 0.39915966386554624 0.013671875 0.023809523809523808