0 0.1083984375 0.3985185185185185 0.0390625 0.045925925925925926
0 0.4345703125 0.302962962962963 0.0400390625 0.03481481481481481
0 0.556640625 0.29333333333333333 0.0341796875 0.03037037037037037
0 0.94140625 0.24666666666666667 0.0400390625 0.034074074074074076
0 0.9287109375 0.41555555555555557 0.0361328125 0.04518518518518518
0 0.7802734375 0.1725925925925926 0.044921875 0.04666666666666667
0 0.0146484375 0.18222222222222223 0.0302734375 0.035555555555555556
0 0.0146484375 0.09703703703703703 0.0302734375 0.03185185185185185
0 0.0361328125 0.0437037037037037 0.0400390625 0.03185185185185185
0 0.08984375 0.018518518518518517 0.02734375 0.02666666666666667
0 0.0556640625 0.12444444444444444 0.033203125 0.028148148148148148
0 0.2490234375 0.2985185185185185 0.0322265625 0.037037037037037035
0 0.228515625 0.3125925925925926 0.02734375 0.02666666666666667
0 0.1826171875 0.33185185185185184 0.02734375 0.03333333333333333
0 0.0859375 0.17851851851851852 0.0146484375 0.01925925925925926
0 0.8232421875 0.07777777777777778 0.0341796875 0.035555555555555556
0 0.8056640625 0.0837037037037037 0.029296875 0.040740740740740744
0 0.744140625 0.08592592592592592 0.0322265625 0.027407407407407408
0 0.7705078125 0.1948148148148148 0.0400390625 0.035555555555555556
0 0.751953125 0.22 0.0263671875 0.028148148148148148
0 0.9296875 0.16518518518518518 0.0361328125 0.04
0 0.533203125 0.6918518518518518 0.044921875 0.05407407407407407