0 0.0712890625 0.1220159151193634 0.0234375 0.03183023872679045
0 0.2294921875 0.2493368700265252 0.01953125 0.034482758620689655
0 0.0869140625 0.4005305039787798 0.0234375 0.03183023872679045
0 0.0048828125 0.5503978779840849 0.0107421875 0.03978779840848806
0 0.19140625 0.6843501326259946 0.0283203125 0.046419098143236075
0 0.2451171875 0.5079575596816976 0.0283203125 0.04376657824933687
0 0.40234375 0.6458885941644562 0.0322265625 0.04907161803713528
0 0.396484375 0.8607427055702918 0.029296875 0.054376657824933686
0 0.38671875 0.34880636604774534 0.025390625 0.042440318302387266
0 0.5419921875 0.4389920424403183 0.0244140625 0.04376657824933687
0 0.5322265625 0.08885941644562334 0.0224609375 0.03050397877984085
0 0.5068359375 0.22546419098143236 0.021484375 0.03183023872679045
0 0.6669921875 0.27453580901856767 0.0224609375 0.03713527851458886
0 0.19140625 0.025198938992042442 0.01953125 0.033156498673740056
0 0.33203125 0.11140583554376658 0.0224609375 0.03713527851458886
0 0.7666015625 0.04774535809018567 0.01953125 0.029177718832891247
0 0.71875 0.1856763925729443 0.01953125 0.03050397877984085
0 0.9716796875 0.03050397877984085 0.01953125 0.03183023872679045
0 0.9208984375 0.13660477453580902 0.01953125 0.03050397877984085
0 0.8759765625 0.259946949602122 0.0224609375 0.03050397877984085
0 0.8330078125 0.38992042440318303 0.025390625 0.04509283819628647
0 0.7490234375 0.5716180371352785 0.0322265625 0.04376657824933687
0 0.6455078125 0.8222811671087533 0.03125 0.05172413793103448