0 0.05078125 0.2391304347826087 0.0146484375 0.04589371980676329
0 0.1103515625 0.2826086956521739 0.0205078125 0.05555555555555555
0 0.1669921875 0.34057971014492755 0.017578125 0.050724637681159424
0 0.2001953125 0.6400966183574879 0.0087890625 0.028985507246376812
0 0.2490234375 0.21980676328502416 0.025390625 0.05314009661835749
0 0.2021484375 0.39371980676328505 0.0126953125 0.03864734299516908
0 0.203125 0.4323671497584541 0.0068359375 0.028985507246376812
0 0.3037109375 0.35990338164251207 0.0107421875 0.050724637681159424
0 0.392578125 0.2995169082125604 0.0205078125 0.07246376811594203
0 0.412109375 0.3115942028985507 0.0146484375 0.04830917874396135
0 0.552734375 0.2922705314009662 0.01953125 0.06038647342995169
0 0.4619140625 0.5265700483091788 0.0068359375 0.028985507246376812
0 0.48828125 0.5748792270531401 0.0087890625 0.024154589371980676
0 0.5146484375 0.5217391304347826 0.0068359375 0.028985507246376812
0 0.490234375 0.6859903381642513 0.0048828125 0.021739130434782608
0 0.482421875 0.6714975845410628 0.005859375 0.026570048309178744
0 0.6181640625 0.2536231884057971 0.01953125 0.043478260869565216
0 0.697265625 0.2536231884057971 0.021484375 0.050724637681159424
0 0.78125 0.2922705314009662 0.0185546875 0.043478260869565216
0 0.8310546875 0.2826086956521739 0.0244140625 0.057971014492753624
0 0.966796875 0.47101449275362317 0.0166015625 0.036231884057971016
0 0.9287109375 0.5362318840579711 0.005859375 0.026570048309178744
0 0.947265625 0.5193236714975845 0.009765625 0.028985507246376812