0 0.8349609375 0.2884333821376281 0.0263671875 0.05124450951683748
0 0.9208984375 0.30453879941434847 0.02734375 0.0527086383601757
0 0.810546875 0.1376281112737921 0.0234375 0.0424597364568082
0 0.7041015625 0.16398243045387995 0.0234375 0.04978038067349927
0 0.6904296875 0.2972181551976574 0.0234375 0.048316251830161056
0 0.5478515625 0.16544655929721816 0.01953125 0.0424597364568082
0 0.498046875 0.2869692532942899 0.025390625 0.05856515373352855
0 0.48046875 0.1815519765739385 0.0224609375 0.040995607613469986
0 0.0302734375 0.1390922401171303 0.021484375 0.043923865300146414
0 0.046875 0.23133235724743778 0.0283203125 0.05124450951683748
0 0.1220703125 0.17276720351390923 0.0205078125 0.0424597364568082
0 0.3466796875 0.2005856515373353 0.0234375 0.048316251830161056
0 0.310546875 0.25329428989751096 0.0263671875 0.055636896046852125
0 0.26953125 0.24890190336749635 0.0244140625 0.04685212298682284
0 0.21484375 0.13177159590043924 0.0205078125 0.03806734992679356
0 0.173828125 0.25768667642752563 0.0263671875 0.04685212298682284
0 0.4345703125 0.4055636896046852 0.0283203125 0.07027818448023426
0 0.009765625 0.1259150805270864 0.0166015625 0.03367496339677892