0 0.7978515625 0.4544270833333333 0.03515625 0.055989583333333336
0 0.7001953125 0.4453125 0.021484375 0.033854166666666664
0 0.6171875 0.453125 0.0185546875 0.03125
0 0.9228515625 0.4596354166666667 0.0126953125 0.020833333333333332
0 0.943359375 0.44921875 0.01171875 0.020833333333333332
0 0.9638671875 0.46484375 0.01171875 0.022135416666666668
0 0.84765625 0.4713541666666667 0.01171875 0.01953125
0 0.8544921875 0.4466145833333333 0.013671875 0.022135416666666668
0 0.9921875 0.4505208333333333 0.0126953125 0.018229166666666668
0 0.8603515625 0.3815104166666667 0.0087890625 0.014322916666666666
0 0.84765625 0.37109375 0.0087890625 0.014322916666666666
0 0.8671875 0.4401041666666667 0.0107421875 0.01953125
0 0.892578125 0.3606770833333333 0.0087890625 0.014322916666666666
0 0.6806640625 0.4166666666666667 0.0087890625 0.015625
0 0.6416015625 0.42578125 0.0078125 0.015625
0 0.55859375 0.4466145833333333 0.0087890625 0.014322916666666666
0 0.5458984375 0.4466145833333333 0.005859375 0.010416666666666666
0 0.466796875 0.4713541666666667 0.01953125 0.026041666666666668
0 0.4384765625 0.4479166666666667 0.015625 0.020833333333333332
0 0.4091796875 0.4544270833333333 0.01953125 0.028645833333333332
0 0.310546875 0.4479166666666667 0.013671875 0.022135416666666668
0 0.255859375 0.4544270833333333 0.021484375 0.032552083333333336
0 0.1953125 0.4622395833333333 0.0205078125 0.029947916666666668
0 0.1640625 0.4583333333333333 0.015625 0.0234375
0 0.0732421875 0.4856770833333333 0.0224609375 0.03515625
0 0.0478515625 0.46484375 0.0048828125 0.009114583333333334
0 0.0283203125 0.4778645833333333 0.005859375 0.009114583333333334
0 0.0185546875 0.4856770833333333 0.005859375 0.0078125
0 0.5 0.4557291666666667 0.0078125 0.014322916666666666
0 0.509765625 0.4427083333333333 0.0078125 0.014322916666666666