0 0.0078125 0.3016627078384798 0.0146484375 0.04513064133016627
0 0.029296875 0.3159144893111639 0.005859375 0.0166270783847981
0 0.0224609375 0.2826603325415677 0.0048828125 0.014251781472684086
0 0.068359375 0.2921615201900237 0.013671875 0.030878859857482184
0 0.1025390625 0.2517814726840855 0.0126953125 0.030878859857482184
0 0.12890625 0.2589073634204275 0.015625 0.057007125890736345
0 0.19921875 0.27790973871733965 0.0146484375 0.04513064133016627
0 0.2568359375 0.30403800475059384 0.0166015625 0.0498812351543943
0 0.2314453125 0.3016627078384798 0.0048828125 0.019002375296912115
0 0.27734375 0.2826603325415677 0.0048828125 0.014251781472684086
0 0.2646484375 0.2684085510688836 0.0048828125 0.0166270783847981
0 0.2919921875 0.30641330166270786 0.0107421875 0.0332541567695962
0 0.3173828125 0.32779097387173395 0.0126953125 0.035629453681710214
0 0.328125 0.26365795724465557 0.0068359375 0.026128266033254157
0 0.41796875 0.2850356294536817 0.0078125 0.023752969121140142
0 0.3974609375 0.3016627078384798 0.005859375 0.023752969121140142
0 0.4423828125 0.30403800475059384 0.013671875 0.0332541567695962
0 0.4560546875 0.2826603325415677 0.005859375 0.021377672209026127
0 0.4814453125 0.30641330166270786 0.009765625 0.030878859857482184
0 0.494140625 0.2589073634204275 0.0078125 0.028503562945368172
0 0.5263671875 0.31116389548693585 0.013671875 0.03800475059382423
0 0.5439453125 0.32304038004750596 0.009765625 0.030878859857482184
0 0.5732421875 0.32304038004750596 0.0185546875 0.057007125890736345
0 0.603515625 0.2684085510688836 0.0068359375 0.028503562945368172
0 0.615234375 0.38954869358669836 0.009765625 0.028503562945368172
0 0.63671875 0.28978622327790976 0.013671875 0.03800475059382423
0 0.671875 0.33016627078384797 0.017578125 0.07363420427553444
0 0.693359375 0.42280285035629456 0.0078125 0.026128266033254157
0 0.728515625 0.27790973871733965 0.0078125 0.023752969121140142
0 0.72265625 0.41092636579572445 0.0078125 0.028503562945368172
0 0.7197265625 0.45368171021377673 0.0068359375 0.019002375296912115
0 0.765625 0.26365795724465557 0.01171875 0.04275534441805225
0 0.79296875 0.42042755344418054 0.0087890625 0.028503562945368172
0 0.8134765625 0.4513064133016627 0.0068359375 0.023752969121140142
0 0.8408203125 0.41330166270783847 0.009765625 0.03800475059382423
0 0.837890625 0.2327790973871734 0.0068359375 0.019002375296912115
0 0.8662109375 0.36342042755344417 0.0107421875 0.03800475059382423
0 0.8720703125 0.24465558194774348 0.0087890625 0.028503562945368172
0 0.912109375 0.32066508313539194 0.0185546875 0.05938242280285035
0 0.9375 0.2660332541567696 0.0068359375 0.023752969121140142
0 0.9580078125 0.25653206650831356 0.0078125 0.026128266033254157
0 0.9072265625 0.23515439429928742 0.0068359375 0.023752969121140142
0 0.951171875 0.46080760095011875 0.009765625 0.030878859857482184
0 0.9775390625 0.46318289786223277 0.009765625 0.0332541567695962
0 0.9755859375 0.42280285035629456 0.0068359375 0.023752969121140142
0 0.833984375 0.2755344418052256 0.0068359375 0.026128266033254157
0 0.7939453125 0.32304038004750596 0.0087890625 0.023752969121140142
0 0.791015625 0.27315914489311166 0.0068359375 0.021377672209026127
0 0.505859375 0.27790973871733965 0.005859375 0.026128266033254157
0 0.173828125 0.26365795724465557 0.009765625 0.030878859857482184
0 0.158203125 0.26365795724465557 0.01171875 0.0332541567695962
0 0.2666015625 0.29691211401425177 0.0087890625 0.023752969121140142
0 0.23828125 0.29453681710213775 0.0078125 0.021377672209026127
0 0.208984375 0.28978622327790976 0.009765625 0.030878859857482184
0 0.408203125 0.32304038004750596 0.0068359375 0.026128266033254157
0 0.4267578125 0.3182897862232779 0.0078125 0.021377672209026127
0 0.490234375 0.31353919239904987 0.0068359375 0.021377672209026127