0 0.453125 0.580029368575624 0.0263671875 0.04405286343612335
0 0.5615234375 0.5888399412628488 0.0224609375 0.039647577092511016
0 0.5126953125 0.5447870778267254 0.0205078125 0.0381791483113069
0 0.5859375 0.55359765051395 0.0185546875 0.042584434654919234
0 0.103515625 0.5301027900146843 0.0205078125 0.04552129221732746
0 0.6142578125 0.5961820851688693 0.0205078125 0.0381791483113069
0 0.541015625 0.593245227606461 0.01171875 0.03671071953010279
0 0.6728515625 0.4419970631424376 0.017578125 0.03671071953010279
0 0.2138671875 0.8869309838472834 0.0390625 0.08076358296622614
0 0.0888671875 0.09104258443465492 0.0185546875 0.041116005873715125
0 0.197265625 0.08663729809104258 0.021484375 0.042584434654919234
0 0.8779296875 0.593245227606461 0.0146484375 0.039647577092511016
0 0.9375 0.5961820851688693 0.0126953125 0.027900146842878122
0 0.890625 0.591776798825257 0.0087890625 0.01762114537444934
0 0.8232421875 0.6020558002936858 0.0126953125 0.020558002936857563
0 0.845703125 0.5873715124816447 0.009765625 0.020558002936857563
0 0.9345703125 0.9427312775330396 0.0341796875 0.07195301027900147
0 0.451171875 0.0631424375917768 0.0234375 0.048458149779735685
0 0.48828125 0.09544787077826726 0.0234375 0.04552129221732746
0 0.5537109375 0.11160058737151249 0.0224609375 0.039647577092511016
0 0.8876953125 0.2687224669603524 0.013671875 0.023494860499265784
0 0.9892578125 0.328928046989721 0.0126953125 0.02643171806167401
0 0.7783203125 0.9162995594713657 0.017578125 0.06607929515418502
0 0.904296875 0.2790014684287812 0.0107421875 0.020558002936857563
0 0.966796875 0.895741556534508 0.0400390625 0.05873715124816446
0 0.330078125 0.5682819383259912 0.0224609375 0.04405286343612335
0 0.7822265625 0.25844346549192365 0.01171875 0.01908957415565345
0 0.9443359375 0.3245227606461087 0.013671875 0.020558002936857563
0 0.1904296875 0.11013215859030837 0.0205078125 0.03671071953010279
0 0.2255859375 0.7019089574155654 0.0263671875 0.04552129221732746
0 0.857421875 0.2834067547723935 0.013671875 0.027900146842878122