0 0.5634765625 0.2026862026862027 0.021484375 0.020757020757020756
0 0.6591796875 0.16117216117216118 0.0234375 0.03418803418803419
0 0.7373046875 0.16727716727716727 0.0234375 0.03296703296703297
0 0.822265625 0.20024420024420025 0.0224609375 0.02442002442002442
0 0.5712890625 0.44078144078144077 0.0234375 0.0231990231990232
0 0.8662109375 0.4627594627594628 0.0234375 0.019536019536019536
0 0.892578125 0.4932844932844933 0.025390625 0.0231990231990232
0 0.08203125 0.6483516483516484 0.0126953125 0.018315018315018316
0 0.125 0.6349206349206349 0.0126953125 0.020757020757020756
0 0.130859375 0.6715506715506715 0.0126953125 0.03418803418803419
0 0.2255859375 0.7203907203907204 0.015625 0.03540903540903541
0 0.30078125 0.7728937728937729 0.0283203125 0.042735042735042736
0 0.37109375 0.7802197802197802 0.01953125 0.047619047619047616
0 0.38671875 0.8412698412698413 0.0224609375 0.05860805860805861
0 0.1787109375 0.7924297924297924 0.0302734375 0.042735042735042736
0 0.08984375 0.7765567765567766 0.021484375 0.031746031746031744
0 0.03125 0.7777777777777778 0.0224609375 0.03418803418803419
0 0.361328125 0.9645909645909646 0.0361328125 0.06593406593406594
0 0.3017578125 0.8998778998778999 0.03515625 0.06105006105006105
0 0.5009765625 0.7667887667887668 0.02734375 0.057387057387057384
0 0.4267578125 0.7203907203907204 0.021484375 0.029304029304029304
0 0.455078125 0.6923076923076923 0.013671875 0.02564102564102564
0 0.46875 0.6813186813186813 0.0166015625 0.02564102564102564
0 0.568359375 0.7680097680097681 0.017578125 0.031746031746031744
0 0.5419921875 0.7606837606837606 0.0283203125 0.05860805860805861
0 0.2763671875 0.7521367521367521 0.015625 0.0463980463980464
0 0.2890625 0.6092796092796092 0.0068359375 0.013431013431013432
0 0.1953125 0.6507936507936508 0.013671875 0.026862026862026864
0 0.1943359375 0.6703296703296703 0.009765625 0.0231990231990232
0 0.6201171875 0.9572649572649573 0.0263671875 0.05128205128205128
0 0.892578125 0.6361416361416361 0.03515625 0.047619047619047616
0 0.9404296875 0.6190476190476191 0.0244140625 0.03907203907203907
0 0.7021484375 0.6227106227106227 0.0322265625 0.04151404151404151
0 0.626953125 0.6141636141636142 0.0283203125 0.03785103785103785
0 0.6943359375 0.9108669108669109 0.0263671875 0.05372405372405373