0 0.0341796875 0.59375 0.0419921875 0.10026041666666667
0 0.107421875 0.484375 0.033203125 0.045572916666666664
0 0.1416015625 0.4739583333333333 0.0546875 0.07161458333333333
0 0.162109375 0.5572916666666666 0.0625 0.10416666666666667
0 0.3720703125 0.9049479166666666 0.142578125 0.15494791666666666
0 0.4892578125 0.6223958333333334 0.1181640625 0.18098958333333334
0 0.490234375 0.3528645833333333 0.0673828125 0.1328125
0 0.5439453125 0.34375 0.0693359375 0.12239583333333333
0 0.7705078125 0.3307291666666667 0.078125 0.12760416666666666
0 0.7998046875 0.2109375 0.060546875 0.10026041666666667
0 0.8505859375 0.39453125 0.0400390625 0.0859375