0 0.85546875 0.44216691068814057 0.01171875 0.021961932650073207
0 0.83203125 0.42752562225475843 0.01171875 0.02635431918008785
0 0.7958984375 0.43923865300146414 0.013671875 0.03074670571010249
0 0.7734375 0.43484626647144947 0.0078125 0.016105417276720352
0 0.9326171875 0.42313323572474376 0.013671875 0.02635431918008785
0 0.912109375 0.4465592972181552 0.01171875 0.021961932650073207
0 0.953125 0.44216691068814057 0.009765625 0.016105417276720352
0 0.990234375 0.44216691068814057 0.009765625 0.02342606149341142
0 0.8955078125 0.4333821376281113 0.0068359375 0.014641288433382138
0 0.712890625 0.44363103953147875 0.0087890625 0.017569546120058566
0 0.6640625 0.4568081991215227 0.0302734375 0.05710102489019034
0 0.6875 0.4582723279648609 0.017578125 0.03953147877013177
0 0.623046875 0.4377745241581259 0.0107421875 0.02635431918008785
0 0.744140625 0.4333821376281113 0.0068359375 0.010248901903367497
0 0.58203125 0.41142020497803805 0.0205078125 0.03953147877013177
0 0.552734375 0.47144948755490484 0.0283203125 0.04978038067349927
0 0.4912109375 0.424597364568082 0.0341796875 0.06734992679355783
0 0.4541015625 0.41142020497803805 0.025390625 0.03953147877013177
0 0.3701171875 0.43045387994143486 0.029296875 0.05124450951683748
0 0.298828125 0.4260614934114202 0.0244140625 0.04538799414348463
0 0.5400390625 0.42313323572474376 0.0078125 0.01171303074670571
0 0.509765625 0.4260614934114202 0.0068359375 0.016105417276720352
0 0.18359375 0.4260614934114202 0.0146484375 0.027818448023426062
0 0.126953125 0.40702781844802344 0.017578125 0.032210834553440704
0 0.0185546875 0.3938506588579795 0.0126953125 0.036603221083455345
0 0.1025390625 0.3923865300146413 0.01171875 0.032210834553440704
0 0.0390625 0.3923865300146413 0.0126953125 0.021961932650073207
0 0.6123046875 0.30453879941434847 0.013671875 0.024890190336749635
0 0.736328125 0.4377745241581259 0.0078125 0.013177159590043924
0 0.0537109375 0.39970717423133234 0.009765625 0.017569546120058566
0 0.8203125 0.47144948755490484 0.029296875 0.048316251830161056