0 0.2490234375 0.9795021961932651 0.0107421875 0.020497803806734993
0 0.2734375 0.9853587115666179 0.0107421875 0.020497803806734993
0 0.359375 0.9897510980966325 0.0087890625 0.016105417276720352
0 0.2998046875 0.9707174231332357 0.01171875 0.02342606149341142
0 0.3125 0.9267935578330894 0.009765625 0.017569546120058566
0 0.33203125 0.9253294289897511 0.0087890625 0.020497803806734993
0 0.353515625 0.9531478770131772 0.01171875 0.020497803806734993
0 0.37890625 0.9487554904831625 0.0087890625 0.01903367496339678
0 0.3701171875 0.9019033674963397 0.009765625 0.021961932650073207
0 0.4365234375 0.9253294289897511 0.0107421875 0.017569546120058566
0 0.4775390625 0.8945827232796486 0.0087890625 0.016105417276720352
0 0.46875 0.8857979502196194 0.0078125 0.013177159590043924
0 0.5263671875 0.8506588579795022 0.0087890625 0.01903367496339678
0 0.484375 0.83601756954612 0.009765625 0.020497803806734993
0 0.439453125 0.83601756954612 0.009765625 0.01903367496339678
0 0.4306640625 0.862371888726208 0.009765625 0.016105417276720352
0 0.5029296875 0.8155197657393851 0.0087890625 0.017569546120058566
0 0.51171875 0.8052708638360175 0.0087890625 0.014641288433382138
0 0.4375 0.808199121522694 0.0078125 0.016105417276720352
0 0.4404296875 0.7891654465592972 0.0078125 0.016105417276720352
0 0.4814453125 0.7862371888726208 0.0068359375 0.014641288433382138
0 0.5283203125 0.7774524158125915 0.0078125 0.013177159590043924
0 0.4775390625 0.7349926793557833 0.005859375 0.013177159590043924
0 0.5078125 0.7276720351390923 0.0078125 0.013177159590043924
0 0.537109375 0.7349926793557833 0.0068359375 0.010248901903367497
0 0.5546875 0.7013177159590044 0.0068359375 0.013177159590043924
0 0.5439453125 0.6866764275256223 0.0078125 0.01171303074670571
0 0.53125 0.6793557833089312 0.00390625 0.010248901903367497
0 0.490234375 0.767203513909224 0.005859375 0.013177159590043924
0 0.458984375 0.8316251830161054 0.0068359375 0.014641288433382138
0 0.55078125 0.7920937042459737 0.0078125 0.013177159590043924
0 0.568359375 0.6676427525622255 0.005859375 0.013177159590043924
0 0.6787109375 0.8125915080527086 0.0068359375 0.017569546120058566
0 0.7451171875 0.8023426061493412 0.0078125 0.01171303074670571
0 0.755859375 0.7291361639824304 0.0068359375 0.01171303074670571
0 0.7998046875 0.7481698389458272 0.0068359375 0.010248901903367497
0 0.9091796875 0.8140556368960469 0.017578125 0.03953147877013177
0 0.6650390625 0.7013177159590044 0.0068359375 0.01171303074670571
0 0.6240234375 0.6061493411420205 0.005859375 0.008784773060029283
0 0.67578125 0.6061493411420205 0.0048828125 0.010248901903367497
0 0.6884765625 0.6120058565153733 0.0048828125 0.008784773060029283
0 0.6904296875 0.6427525622254758 0.005859375 0.010248901903367497
0 0.62890625 0.6588579795021962 0.0048828125 0.008784773060029283
0 0.654296875 0.6266471449487555 0.005859375 0.007320644216691069
0 0.65234375 0.6134699853587116 0.005859375 0.010248901903367497
0 0.65234375 0.6632503660322109 0.0068359375 0.01171303074670571
0 0.5126953125 0.9619326500732065 0.009765625 0.01903367496339678
0 0.8525390625 0.6354319180087847 0.0048828125 0.005856515373352855
0 0.837890625 0.5871156661786238 0.0048828125 0.010248901903367497
0 0.8876953125 0.6749633967789166 0.005859375 0.008784773060029283
0 0.9033203125 0.6427525622254758 0.005859375 0.010248901903367497
0 0.916015625 0.6896046852122987 0.0068359375 0.013177159590043924
0 0.79296875 0.6281112737920937 0.0048828125 0.007320644216691069
0 0.60546875 0.7291361639824304 0.0048828125 0.013177159590043924
0 0.5751953125 0.6471449487554904 0.0048828125 0.008784773060029283
0 0.779296875 0.664714494875549 0.0048828125 0.008784773060029283
0 0.76953125 0.623718887262079 0.0029296875 0.007320644216691069
0 0.763671875 0.6149341142020498 0.00390625 0.007320644216691069
0 0.787109375 0.5915080527086384 0.00390625 0.008784773060029283
0 0.7822265625 0.5856515373352855 0.00390625 0.008784773060029283
0 0.7978515625 0.7115666178623719 0.0048828125 0.008784773060029283
0 0.693359375 0.5885797950219619 0.0048828125 0.007320644216691069
0 0.9775390625 0.2108345534407028 0.029296875 0.05417276720351391
0 0.94921875 0.20497803806734993 0.0146484375 0.02635431918008785
0 0.9404296875 0.21522693997071743 0.013671875 0.029282576866764276
0 0.2568359375 0.6251830161054173 0.0078125 0.01171303074670571
0 0.2529296875 0.6076134699853587 0.005859375 0.01171303074670571
0 0.1376953125 0.6281112737920937 0.0068359375 0.008784773060029283
0 0.1513671875 0.6251830161054173 0.0068359375 0.010248901903367497
0 0.1201171875 0.6002928257686676 0.0048828125 0.005856515373352855
0 0.1181640625 0.6120058565153733 0.00390625 0.010248901903367497
0 0.1328125 0.6002928257686676 0.0048828125 0.007320644216691069
0 0.1416015625 0.6032210834553441 0.0068359375 0.010248901903367497
0 0.1953125 0.6017569546120058 0.0048828125 0.007320644216691069
0 0.1513671875 0.575402635431918 0.0048828125 0.008784773060029283
0 0.123046875 0.5358711566617862 0.0048828125 0.007320644216691069
0 0.134765625 0.5373352855051244 0.00390625 0.007320644216691069
0 0.1591796875 0.5446559297218155 0.0048828125 0.007320644216691069
0 0.1708984375 0.5578330893118595 0.005859375 0.007320644216691069
0 0.1455078125 0.5461200585651538 0.0029296875 0.004392386530014641
0 0.185546875 0.5797950219619327 0.0048828125 0.005856515373352855
0 0.240234375 0.5856515373352855 0.0048828125 0.008784773060029283
0 0.2646484375 0.5783308931185944 0.005859375 0.008784773060029283
0 0.208984375 0.5578330893118595 0.0048828125 0.010248901903367497
0 0.22265625 0.5461200585651538 0.00390625 0.007320644216691069
0 0.2509765625 0.5475841874084919 0.0048828125 0.007320644216691069
0 0.2392578125 0.5431918008784773 0.00390625 0.007320644216691069
0 0.228515625 0.5519765739385066 0.0048828125 0.008784773060029283
0 0.19921875 0.5329428989751098 0.0048828125 0.007320644216691069
0 0.2080078125 0.5153733528550513 0.0048828125 0.007320644216691069
0 0.1455078125 0.5358711566617862 0.00390625 0.005856515373352855
0 0.28125 0.5636896046852123 0.0029296875 0.007320644216691069
0 0.291015625 0.5563689604685212 0.00390625 0.008784773060029283
0 0.2587890625 0.5534407027818448 0.005859375 0.010248901903367497
0 0.3017578125 0.5402635431918009 0.00390625 0.007320644216691069
0 0.26171875 0.5080527086383602 0.00390625 0.005856515373352855
0 0.2978515625 0.6120058565153733 0.005859375 0.01171303074670571
0 0.017578125 0.5695461200585652 0.0048828125 0.008784773060029283
0 0.048828125 0.5900439238653001 0.0068359375 0.01171303074670571
0 0.0146484375 0.6105417276720352 0.0068359375 0.010248901903367497
0 0.00390625 0.6207906295754027 0.00390625 0.01171303074670571
0 0.033203125 0.6427525622254758 0.005859375 0.008784773060029283
0 0.046875 0.6281112737920937 0.005859375 0.008784773060029283
0 0.029296875 0.6149341142020498 0.005859375 0.010248901903367497
0 0.0380859375 0.6383601756954612 0.0048828125 0.007320644216691069
0 0.0810546875 0.6339677891654466 0.005859375 0.010248901903367497
0 0.064453125 0.6222547584187409 0.0048828125 0.010248901903367497
0 0.0615234375 0.6076134699853587 0.0048828125 0.007320644216691069
0 0.068359375 0.6032210834553441 0.0048828125 0.008784773060029283
0 0.072265625 0.5812591508052709 0.0048828125 0.007320644216691069
0 0.072265625 0.5578330893118595 0.00390625 0.008784773060029283
0 0.0927734375 0.6427525622254758 0.0048828125 0.008784773060029283
0 0.095703125 0.6325036603221084 0.00390625 0.010248901903367497
0 0.10546875 0.6383601756954612 0.0068359375 0.010248901903367497
0 0.0634765625 0.527086383601757 0.0048828125 0.007320644216691069
0 0.0576171875 0.5183016105417276 0.00390625 0.005856515373352855
0 0.01953125 0.5358711566617862 0.00390625 0.008784773060029283
0 0.091796875 0.5505124450951684 0.0048828125 0.005856515373352855
0 0.0859375 0.5695461200585652 0.005859375 0.008784773060029283
0 0.1240234375 0.5871156661786238 0.0048828125 0.010248901903367497
0 0.1298828125 0.5841874084919473 0.0048828125 0.008784773060029283
0 0.173828125 0.6017569546120058 0.005859375 0.008784773060029283
0 0.150390625 0.6032210834553441 0.0048828125 0.008784773060029283
0 0.1953125 0.5534407027818448 0.00390625 0.008784773060029283
0 0.18359375 0.49194729136163984 0.00390625 0.004392386530014641
0 0.1923828125 0.49194729136163984 0.00390625 0.004392386530014641
0 0.2509765625 0.48462664714494874 0.00390625 0.007320644216691069
0 0.255859375 0.48316251830161056 0.0029296875 0.005856515373352855
0 0.00390625 0.6530014641288433 0.0078125 0.013177159590043924
0 0.0048828125 0.698389458272328 0.0068359375 0.01171303074670571
0 0.0400390625 0.6749633967789166 0.0087890625 0.013177159590043924
0 0.0693359375 0.6705710102489019 0.005859375 0.008784773060029283
0 0.0849609375 0.6720351390922401 0.0048828125 0.007320644216691069
0 0.203125 0.5812591508052709 0.005859375 0.010248901903367497
0 0.1162109375 0.6251830161054173 0.005859375 0.013177159590043924
0 0.6435546875 0.595900439238653 0.0048828125 0.010248901903367497
0 0.2861328125 0.5358711566617862 0.0048828125 0.008784773060029283
0 0.14453125 0.5622254758418741 0.0048828125 0.008784773060029283