0 0.0126953125 0.585956416464891 0.009765625 0.015738498789346248
0 0.025390625 0.6004842615012107 0.01171875 0.018159806295399514
0 0.0498046875 0.5980629539951574 0.009765625 0.012106537530266344
0 0.125 0.5992736077481841 0.0087890625 0.013317191283292978
0 0.1376953125 0.5980629539951574 0.01171875 0.01937046004842615
0 0.0078125 0.6755447941888619 0.009765625 0.026634382566585957
0 0.111328125 0.6016949152542372 0.005859375 0.010895883777239709
0 0.3564453125 0.4092009685230024 0.0166015625 0.0387409200968523
0 0.5078125 0.47336561743341404 0.015625 0.04116222760290557
0 0.5732421875 0.6089588377723971 0.0107421875 0.01694915254237288
0 0.615234375 0.6222760290556901 0.013671875 0.018159806295399514
0 0.64453125 0.6174334140435835 0.0087890625 0.015738498789346248
0 0.6376953125 0.6186440677966102 0.0068359375 0.014527845036319613
0 0.68359375 0.6416464891041163 0.0126953125 0.018159806295399514
0 0.677734375 0.6089588377723971 0.01171875 0.015738498789346248
0 0.8330078125 0.6343825665859564 0.0107421875 0.023002421307506054
0 0.8642578125 0.6404358353510896 0.0126953125 0.020581113801452784
0 0.880859375 0.6416464891041163 0.0078125 0.01694915254237288
0 0.9150390625 0.6343825665859564 0.01171875 0.023002421307506054
0 0.9296875 0.6440677966101694 0.009765625 0.020581113801452784
0 0.921875 0.6852300242130751 0.0126953125 0.023002421307506054
0 0.86328125 0.7518159806295399 0.013671875 0.023002421307506054
0 0.9189453125 0.7433414043583535 0.0146484375 0.024213075060532687
0 0.9501953125 0.7760290556900726 0.0146484375 0.018159806295399514
0 0.99609375 0.7699757869249395 0.0068359375 0.021791767554479417
0 0.958984375 0.6743341404358354 0.01171875 0.01694915254237288
0 0.9609375 0.652542372881356 0.01171875 0.018159806295399514
0 0.9052734375 0.6380145278450363 0.0087890625 0.012106537530266344
0 0.5341796875 0.851089588377724 0.0322265625 0.12832929782082325