0 0.3701171875 0.5384615384615384 0.0087890625 0.020637898686679174
0 0.34765625 0.5065666041275797 0.0087890625 0.024390243902439025
0 0.287109375 0.649155722326454 0.01171875 0.024390243902439025
0 0.3203125 0.49906191369606 0.0087890625 0.020637898686679174
0 0.3681640625 0.38461538461538464 0.0068359375 0.0150093808630394
0 0.271484375 0.45778611632270166 0.009765625 0.0225140712945591
0 0.326171875 0.3771106941838649 0.0087890625 0.016885553470919325
0 0.2900390625 0.37335834896810505 0.0078125 0.016885553470919325
0 0.3134765625 0.36397748592870544 0.0068359375 0.016885553470919325
0 0.1484375 0.3789868667917448 0.0078125 0.016885553470919325
0 0.166015625 0.38649155722326456 0.0087890625 0.016885553470919325
0 0.2509765625 0.43151969981238275 0.0087890625 0.016885553470919325
0 0.6064453125 0.5422138836772983 0.009765625 0.020637898686679174
0 0.546875 0.5459662288930581 0.0107421875 0.024390243902439025
0 0.4990234375 0.5703564727954972 0.009765625 0.024390243902439025
0 0.46484375 0.5590994371482176 0.0087890625 0.0225140712945591
0 0.4208984375 0.5403377110694184 0.009765625 0.024390243902439025
0 0.5498046875 0.41088180112570355 0.0068359375 0.016885553470919325
0 0.4970703125 0.3977485928705441 0.0068359375 0.016885553470919325
0 0.455078125 0.40337711069418386 0.0087890625 0.0150093808630394
0 0.408203125 0.41088180112570355 0.0068359375 0.0150093808630394
0 0.7431640625 0.4803001876172608 0.0078125 0.01876172607879925
0 0.7939453125 0.4821763602251407 0.0078125 0.016885553470919325
0 0.7119140625 0.4371482176360225 0.0078125 0.01876172607879925
0 0.658203125 0.5290806754221389 0.009765625 0.020637898686679174
0 0.796875 0.42213883677298314 0.0078125 0.016885553470919325
0 0.5908203125 0.3827392120075047 0.0078125 0.01876172607879925
0 0.6865234375 0.3827392120075047 0.0068359375 0.01876172607879925
0 0.7314453125 0.4371482176360225 0.0068359375 0.016885553470919325
0 0.75 0.4202626641651032 0.0087890625 0.016885553470919325
0 0.8984375 0.399624765478424 0.0068359375 0.016885553470919325
0 0.88671875 0.4333958724202627 0.0068359375 0.016885553470919325
0 0.15234375 0.9606003752345216 0.013671875 0.0450281425891182
0 0.185546875 0.41275797373358347 0.0078125 0.0150093808630394
0 0.4033203125 0.35834896810506567 0.005859375 0.013133208255159476
0 0.4892578125 0.3677298311444653 0.005859375 0.0150093808630394