0 0.353515625 0.32650073206442165 0.0498046875 0.07759882869692533
0 0.2685546875 0.43045387994143486 0.0283203125 0.04538799414348463
0 0.1220703125 0.42020497803806733 0.037109375 0.055636896046852125
0 0.080078125 0.41874084919472915 0.02734375 0.04685212298682284
0 0.3056640625 0.40263543191800877 0.0166015625 0.02342606149341142
0 0.7138671875 0.33528550512445093 0.0283203125 0.0527086383601757
0 0.6181640625 0.37774524158125916 0.0302734375 0.05124450951683748
0 0.4951171875 0.4289897510980966 0.033203125 0.05710102489019034
0 0.5244140625 0.3528550512445095 0.0166015625 0.027818448023426062
0 0.94921875 0.3821376281112738 0.0205078125 0.03367496339677892
0 0.90625 0.3923865300146413 0.01171875 0.014641288433382138