0 0.7900390625 0.5915080527086384 0.01171875 0.02342606149341142
0 0.712890625 0.5841874084919473 0.01171875 0.021961932650073207
0 0.7529296875 0.5900439238653001 0.009765625 0.01903367496339678
0 0.8134765625 0.5915080527086384 0.0078125 0.016105417276720352
0 0.8212890625 0.5944363103953147 0.005859375 0.014641288433382138
0 0.99609375 0.6178623718887262 0.0078125 0.03074670571010249
0 0.8447265625 0.5797950219619327 0.00390625 0.008784773060029283
0 0.7294921875 0.5856515373352855 0.0048828125 0.008784773060029283
0 0.6591796875 0.5885797950219619 0.0068359375 0.013177159590043924
0 0.6181640625 0.5944363103953147 0.0078125 0.016105417276720352
0 0.5146484375 0.5885797950219619 0.0166015625 0.02635431918008785
0 0.466796875 0.6105417276720352 0.0087890625 0.014641288433382138
0 0.3681640625 0.6105417276720352 0.009765625 0.017569546120058566
0 0.4873046875 0.5973645680819912 0.005859375 0.013177159590043924
0 0.5830078125 0.5944363103953147 0.0048828125 0.01171303074670571
0 0.6513671875 0.582723279648609 0.0048828125 0.008784773060029283
0 0.3134765625 0.6486090775988287 0.0068359375 0.014641288433382138
0 0.3447265625 0.6193265007320644 0.0048828125 0.010248901903367497
0 0.3955078125 0.636896046852123 0.0048828125 0.01171303074670571
0 0.19921875 0.5973645680819912 0.0185546875 0.03074670571010249
0 0.228515625 0.5812591508052709 0.01171875 0.021961932650073207
0 0.12109375 0.636896046852123 0.005859375 0.016105417276720352
0 0.083984375 0.6281112737920937 0.00390625 0.008784773060029283
0 0.0888671875 0.6251830161054173 0.005859375 0.008784773060029283
0 0.046875 0.6822840409956076 0.0048828125 0.016105417276720352
0 0.017578125 0.6222547584187409 0.0078125 0.020497803806734993