0 0.2607421875 0.383601756954612 0.02734375 0.05856515373352855
0 0.19921875 0.40263543191800877 0.037109375 0.07320644216691069
0 0.12890625 0.527086383601757 0.052734375 0.11127379209370425
0 0.310546875 0.27379209370424595 0.0068359375 0.016105417276720352
0 0.3662109375 0.2518301610541728 0.005859375 0.013177159590043924
0 0.451171875 0.24011713030746706 0.005859375 0.01171303074670571
0 0.3935546875 0.26939970717423134 0.01171875 0.02342606149341142
0 0.400390625 0.30307467057101023 0.0146484375 0.03367496339677892
0 0.470703125 0.3513909224011713 0.01953125 0.048316251830161056
0 0.498046875 0.34992679355783307 0.02734375 0.0527086383601757
0 0.5546875 0.28111273792093705 0.0107421875 0.017569546120058566
0 0.57421875 0.2781844802342606 0.009765625 0.016105417276720352
0 0.58984375 0.2972181551976574 0.0126953125 0.021961932650073207
0 0.4189453125 0.23718887262079064 0.0048828125 0.013177159590043924
0 0.6220703125 0.3118594436310395 0.0146484375 0.02342606149341142
0 0.6259765625 0.3557833089311859 0.0166015625 0.03513909224011713
0 0.669921875 0.3645680819912152 0.015625 0.03953147877013177
0 0.732421875 0.3528550512445095 0.025390625 0.05417276720351391
0 0.533203125 0.4685212298682284 0.0302734375 0.06734992679355783
0 0.580078125 0.5036603221083455 0.046875 0.09809663250366032
0 0.8212890625 0.3645680819912152 0.017578125 0.03513909224011713
0 0.873046875 0.4494875549048316 0.0322265625 0.06442166910688141
0 0.9248046875 0.3923865300146413 0.021484375 0.0424597364568082
0 0.4765625 0.23572474377745242 0.0029296875 0.008784773060029283
0 0.509765625 0.23133235724743778 0.00390625 0.010248901903367497
0 0.2822265625 0.3191800878477306 0.0146484375 0.027818448023426062