0 0.0107421875 0.21961932650073207 0.0185546875 0.048316251830161056
0 0.03515625 0.21961932650073207 0.0244140625 0.04978038067349927
0 0.1201171875 0.2562225475841874 0.0341796875 0.07174231332357248
0 0.173828125 0.2635431918008785 0.029296875 0.048316251830161056
0 0.2109375 0.24890190336749635 0.01953125 0.032210834553440704
0 0.2685546875 0.2796486090775988 0.03125 0.05856515373352855
0 0.3310546875 0.2562225475841874 0.0302734375 0.04978038067349927
0 0.30078125 0.2884333821376281 0.0205078125 0.032210834553440704
0 0.490234375 0.30453879941434847 0.021484375 0.03513909224011713
0 0.4013671875 0.28550512445095166 0.0087890625 0.01903367496339678
0 0.4326171875 0.2972181551976574 0.0087890625 0.017569546120058566
0 0.5439453125 0.30161054172767204 0.044921875 0.08638360175695461
0 0.642578125 0.3118594436310395 0.0341796875 0.06881405563689605
0 0.69140625 0.30453879941434847 0.0205078125 0.03513909224011713
0 0.6708984375 0.31332357247437775 0.013671875 0.024890190336749635
0 0.7275390625 0.3074670571010249 0.0166015625 0.03367496339677892
0 0.7734375 0.363103953147877 0.0126953125 0.027818448023426062
0 0.7890625 0.36603221083455345 0.013671875 0.02342606149341142
0 0.8203125 0.3367496339677892 0.0244140625 0.04685212298682284
0 0.8564453125 0.3323572474377745 0.0302734375 0.05856515373352855
0 0.8759765625 0.2562225475841874 0.02734375 0.048316251830161056
0 0.8115234375 0.29282576866764276 0.01953125 0.03074670571010249
0 0.7919921875 0.30161054172767204 0.013671875 0.02635431918008785
0 0.7392578125 0.28989751098096633 0.013671875 0.02342606149341142
0 0.716796875 0.26061493411420206 0.009765625 0.021961932650073207
0 0.9599609375 0.3074670571010249 0.017578125 0.03367496339677892
0 0.9453125 0.3762811127379209 0.009765625 0.024890190336749635
0 0.9697265625 0.3733528550512445 0.0146484375 0.024890190336749635
0 0.9365234375 0.28257686676427524 0.0126953125 0.024890190336749635
0 0.94140625 0.24743777452415813 0.0126953125 0.02342606149341142
0 0.7421875 0.3850658857979502 0.009765625 0.020497803806734993
0 0.7529296875 0.3689604685212299 0.013671875 0.029282576866764276
0 0.4658203125 0.28550512445095166 0.0078125 0.017569546120058566
0 0.994140625 0.2972181551976574 0.0107421875 0.029282576866764276
0 0.990234375 0.3923865300146413 0.0146484375 0.02635431918008785
0 0.9892578125 0.4816983894582723 0.013671875 0.029282576866764276
0 0.9619140625 0.4773060029282577 0.013671875 0.03074670571010249
0 0.9892578125 0.2430453879941435 0.0087890625 0.02342606149341142
0 0.6416015625 0.2635431918008785 0.009765625 0.024890190336749635
0 0.6572265625 0.27379209370424595 0.0087890625 0.01903367496339678
0 0.751953125 0.2752562225475842 0.01171875 0.02342606149341142
0 0.9150390625 0.2869692532942899 0.015625 0.02635431918008785