0 0.845703125 0.37702503681885124 0.072265625 0.11487481590574374
0 0.7451171875 0.35198821796759944 0.0546875 0.09131075110456553
0 0.5537109375 0.4727540500736377 0.0712890625 0.11045655375552282
0 0.2353515625 0.4683357879234168 0.0751953125 0.12223858615611193
0 0.046875 0.4639175257731959 0.056640625 0.10456553755522828
0 0.080078125 0.42857142857142855 0.0478515625 0.09278350515463918
0 0.30859375 0.44624447717231225 0.0546875 0.09720176730486009
0 0.4716796875 0.38880706921944036 0.0390625 0.06480117820324006
0 0.447265625 0.37702503681885124 0.0341796875 0.061855670103092786
0 0.392578125 0.38438880706921946 0.0283203125 0.048600883652430045
0 0.1181640625 0.41384388807069217 0.0419921875 0.07069219440353461
0 0.1474609375 0.35787923416789397 0.0205078125 0.039764359351988215
0 0.6513671875 0.36524300441826213 0.0400390625 0.06332842415316642
0 0.669921875 0.35346097201767307 0.0341796875 0.07216494845360824
0 0.94140625 0.4182621502209131 0.046875 0.08689248895434462
0 0.90625 0.32989690721649484 0.0263671875 0.05154639175257732
0 0.9404296875 0.3136966126656848 0.0224609375 0.045655375552282766
0 0.5869140625 0.3240058910162003 0.0185546875 0.03240058910162003
0 0.607421875 0.3240058910162003 0.013671875 0.01914580265095729