0 0.0908203125 0.4898255813953488 0.0107421875 0.023255813953488372
0 0.1435546875 0.4752906976744186 0.009765625 0.0188953488372093
0 0.595703125 0.48546511627906974 0.0068359375 0.011627906976744186
0 0.7236328125 0.5276162790697675 0.0078125 0.015988372093023256
0 0.7587890625 0.5130813953488372 0.01171875 0.02180232558139535
0 0.7314453125 0.559593023255814 0.0078125 0.01308139534883721
0 0.783203125 0.5087209302325582 0.009765625 0.020348837209302327
0 0.7822265625 0.47238372093023256 0.009765625 0.015988372093023256
0 0.8583984375 0.5348837209302325 0.0068359375 0.015988372093023256
0 0.8701171875 0.5232558139534884 0.0107421875 0.0188953488372093
0 0.8720703125 0.4622093023255814 0.0078125 0.020348837209302327
0 0.9951171875 0.559593023255814 0.0087890625 0.0188953488372093