0 0.9091796875 0.6590909090909091 0.01953125 0.045454545454545456
0 0.8603515625 0.5633116883116883 0.0166015625 0.040584415584415584
0 0.9130859375 0.48863636363636365 0.0166015625 0.03571428571428571
0 0.9052734375 0.41883116883116883 0.0146484375 0.03409090909090909
0 0.8916015625 0.3425324675324675 0.0146484375 0.037337662337662336
0 0.8857421875 0.275974025974026 0.015625 0.030844155844155844
0 0.8701171875 0.20941558441558442 0.0146484375 0.032467532467532464
0 0.8330078125 0.2694805194805195 0.0166015625 0.03571428571428571
0 0.8388671875 0.33766233766233766 0.0146484375 0.030844155844155844
0 0.84375 0.4155844155844156 0.015625 0.030844155844155844
0 0.8564453125 0.4902597402597403 0.0166015625 0.02922077922077922
0 0.8408203125 0.650974025974026 0.017578125 0.03896103896103896
0 0.77734375 0.6461038961038961 0.0185546875 0.037337662337662336
0 0.8017578125 0.573051948051948 0.017578125 0.037337662337662336
0 0.8134765625 0.4935064935064935 0.015625 0.03571428571428571
0 0.7890625 0.400974025974026 0.0185546875 0.037337662337662336
0 0.7890625 0.32954545454545453 0.0146484375 0.030844155844155844
0 0.783203125 0.2159090909090909 0.0166015625 0.030844155844155844
0 0.7470703125 0.26461038961038963 0.015625 0.032467532467532464
0 0.7412109375 0.32305194805194803 0.015625 0.03571428571428571
0 0.7236328125 0.4074675324675325 0.015625 0.03571428571428571
0 0.7509765625 0.4967532467532468 0.015625 0.03571428571428571
0 0.744140625 0.5665584415584416 0.0166015625 0.03571428571428571
0 0.720703125 0.637987012987013 0.0185546875 0.03571428571428571
0 0.6650390625 0.6396103896103896 0.0166015625 0.03571428571428571
0 0.607421875 0.6363636363636364 0.0185546875 0.04220779220779221
0 0.634765625 0.5892857142857143 0.0166015625 0.03409090909090909
0 0.6884765625 0.5746753246753247 0.015625 0.040584415584415584
0 0.69140625 0.49512987012987014 0.017578125 0.03571428571428571
0 0.630859375 0.48863636363636365 0.015625 0.03571428571428571
0 0.5859375 0.4090909090909091 0.015625 0.037337662337662336
0 0.654296875 0.3717532467532468 0.017578125 0.037337662337662336
0 0.6796875 0.3051948051948052 0.0146484375 0.03571428571428571
0 0.630859375 0.28733766233766234 0.0146484375 0.030844155844155844
0 0.5869140625 0.2775974025974026 0.015625 0.037337662337662336
0 0.703125 0.2662337662337662 0.0146484375 0.032467532467532464
0 0.6748046875 0.2012987012987013 0.0146484375 0.027597402597402596
0 0.5947265625 0.18668831168831168 0.0146484375 0.030844155844155844
0 0.5048828125 0.4659090909090909 0.017578125 0.025974025974025976
0 0.568359375 0.4837662337662338 0.0166015625 0.037337662337662336
0 0.5703125 0.5681818181818182 0.0126953125 0.030844155844155844
0 0.55078125 0.637987012987013 0.01953125 0.037337662337662336
0 0.494140625 0.6590909090909091 0.0185546875 0.040584415584415584
0 0.44140625 0.6493506493506493 0.017578125 0.03896103896103896
0 0.384765625 0.6282467532467533 0.017578125 0.045454545454545456
0 0.322265625 0.6282467532467533 0.01953125 0.040584415584415584
0 0.3857421875 0.5584415584415584 0.0205078125 0.032467532467532464
0 0.318359375 0.5551948051948052 0.01953125 0.03896103896103896
0 0.447265625 0.5568181818181818 0.017578125 0.04220779220779221
0 0.4404296875 0.487012987012987 0.0166015625 0.03571428571428571
0 0.3837890625 0.4642857142857143 0.015625 0.032467532467532464
0 0.314453125 0.46266233766233766 0.0185546875 0.032467532467532464
0 0.326171875 0.3814935064935065 0.0166015625 0.037337662337662336
0 0.3896484375 0.38961038961038963 0.0166015625 0.030844155844155844
0 0.4716796875 0.4237012987012987 0.01953125 0.03409090909090909
0 0.537109375 0.41233766233766234 0.015625 0.03409090909090909
0 0.5546875 0.3522727272727273 0.015625 0.03571428571428571
0 0.6083984375 0.3522727272727273 0.0146484375 0.03409090909090909
0 0.501953125 0.349025974025974 0.0146484375 0.032467532467532464
0 0.45703125 0.35064935064935066 0.015625 0.032467532467532464
0 0.39453125 0.32142857142857145 0.015625 0.024350649350649352
0 0.333984375 0.3133116883116883 0.01953125 0.032467532467532464
0 0.3349609375 0.2483766233766234 0.0166015625 0.03409090909090909
0 0.3974609375 0.2597402597402597 0.017578125 0.030844155844155844
0 0.4462890625 0.2711038961038961 0.013671875 0.03409090909090909
0 0.4912109375 0.26461038961038963 0.015625 0.03409090909090909
0 0.5419921875 0.2792207792207792 0.017578125 0.037337662337662336
0 0.5205078125 0.18668831168831168 0.017578125 0.02922077922077922
0 0.4365234375 0.18993506493506493 0.0126953125 0.024350649350649352
0 0.359375 0.19967532467532467 0.015625 0.030844155844155844
0 0.1162109375 0.6347402597402597 0.017578125 0.045454545454545456
0 0.1669921875 0.5909090909090909 0.0166015625 0.032467532467532464
0 0.1923828125 0.6298701298701299 0.0185546875 0.03571428571428571
0 0.2431640625 0.5844155844155844 0.0166015625 0.03896103896103896
0 0.2646484375 0.6266233766233766 0.0185546875 0.03896103896103896
0 0.2490234375 0.4805194805194805 0.0166015625 0.032467532467532464
0 0.1943359375 0.49837662337662336 0.017578125 0.03571428571428571
0 0.12890625 0.4772727272727273 0.015625 0.03571428571428571
0 0.0703125 0.4967532467532468 0.01953125 0.037337662337662336
0 0.0859375 0.3977272727272727 0.017578125 0.03571428571428571
0 0.1435546875 0.39935064935064934 0.0166015625 0.032467532467532464
0 0.2060546875 0.4172077922077922 0.017578125 0.03571428571428571
0 0.2490234375 0.4042207792207792 0.0166015625 0.03571428571428571
0 0.2705078125 0.3198051948051948 0.0185546875 0.03896103896103896
0 0.21484375 0.3409090909090909 0.0166015625 0.03571428571428571
0 0.158203125 0.32142857142857145 0.0185546875 0.037337662337662336
0 0.099609375 0.31006493506493504 0.0166015625 0.037337662337662336
0 0.123046875 0.25811688311688313 0.01953125 0.03571428571428571
0 0.1298828125 0.19480519480519481 0.0166015625 0.037337662337662336
0 0.1884765625 0.18668831168831168 0.0146484375 0.03571428571428571
0 0.1796875 0.25162337662337664 0.0146484375 0.027597402597402596
0 0.228515625 0.27435064935064934 0.0146484375 0.03409090909090909
0 0.2822265625 0.24512987012987014 0.0166015625 0.03896103896103896
0 0.2958984375 0.19642857142857142 0.015625 0.025974025974025976
0 0.5126953125 0.5665584415584416 0.015625 0.032467532467532464