0 0.013671875 0.30589430894308944 0.0205078125 0.024390243902439025
0 0.0107421875 0.3475609756097561 0.0205078125 0.03861788617886179
0 0.2138671875 0.2784552845528455 0.0400390625 0.05894308943089431
0 0.291015625 0.2896341463414634 0.0517578125 0.06707317073170732
0 0.3359375 0.2540650406504065 0.0517578125 0.07113821138211382
0 0.4443359375 0.25101626016260165 0.0576171875 0.06808943089430894
0 0.556640625 0.1951219512195122 0.0771484375 0.09247967479674797
0 0.3857421875 0.3018292682926829 0.0380859375 0.052845528455284556
0 0.6416015625 0.23272357723577236 0.0478515625 0.061991869918699184
0 0.7734375 0.2804878048780488 0.0380859375 0.054878048780487805
0 0.8095703125 0.24898373983739838 0.0478515625 0.0741869918699187
0 0.75 0.42886178861788615 0.0810546875 0.10670731707317073
0 0.9365234375 0.2632113821138211 0.037109375 0.05386178861788618
0 0.98046875 0.25609756097560976 0.02734375 0.03353658536585366
0 0.18359375 0.28353658536585363 0.02734375 0.034552845528455285
0 0.908203125 0.241869918699187 0.0126953125 0.02032520325203252
0 0.7216796875 0.2733739837398374 0.03125 0.044715447154471545