0 0.8876953125 0.20182291666666666 0.0537109375 0.08463541666666667
0 0.7041015625 0.18619791666666666 0.044921875 0.06770833333333333
0 0.4208984375 0.296875 0.04296875 0.06640625
0 0.3466796875 0.28125 0.0361328125 0.0546875
0 0.1083984375 0.21614583333333334 0.05078125 0.08203125
0 0.0791015625 0.20703125 0.0380859375 0.049479166666666664
0 0.181640625 0.08203125 0.0107421875 0.016927083333333332
0 0.08203125 0.053385416666666664 0.0107421875 0.01953125
0 0.0458984375 0.052083333333333336 0.0107421875 0.018229166666666668
0 0.26953125 0.052083333333333336 0.0126953125 0.022135416666666668
0 0.4033203125 0.11458333333333333 0.0107421875 0.018229166666666668
0 0.4482421875 0.07421875 0.0126953125 0.018229166666666668
0 0.578125 0.02734375 0.0107421875 0.020833333333333332
0 0.658203125 0.041666666666666664 0.01171875 0.022135416666666668
0 0.6201171875 0.032552083333333336 0.013671875 0.022135416666666668
0 0.8115234375 0.01953125 0.009765625 0.016927083333333332
0 0.8017578125 0.0234375 0.0087890625 0.01953125
0 0.77734375 0.05078125 0.01171875 0.018229166666666668
0 0.8408203125 0.06901041666666667 0.0107421875 0.01953125
0 0.203125 0.14583333333333334 0.0126953125 0.016927083333333332
0 0.294921875 0.23307291666666666 0.029296875 0.046875
0 0.7841796875 0.0859375 0.013671875 0.020833333333333332
0 0.8544921875 0.0078125 0.01171875 0.016927083333333332