0 0.0791015625 0.29296875 0.0068359375 0.010416666666666666
0 0.0830078125 0.3203125 0.013671875 0.022135416666666668
0 0.115234375 0.28515625 0.0107421875 0.01953125
0 0.1376953125 0.34765625 0.0146484375 0.01953125
0 0.166015625 0.3359375 0.013671875 0.022135416666666668
0 0.201171875 0.2916666666666667 0.009765625 0.015625
0 0.1845703125 0.3567708333333333 0.0146484375 0.022135416666666668
0 0.248046875 0.3723958333333333 0.017578125 0.01953125
0 0.3046875 0.35546875 0.015625 0.022135416666666668
0 0.328125 0.3971354166666667 0.015625 0.026041666666666668
0 0.3876953125 0.3776041666666667 0.0166015625 0.024739583333333332
0 0.40625 0.39453125 0.0205078125 0.02734375
0 0.4365234375 0.3880208333333333 0.021484375 0.022135416666666668
0 0.51953125 0.4388020833333333 0.0205078125 0.0234375
0 0.638671875 0.4309895833333333 0.0224609375 0.028645833333333332
0 0.6455078125 0.3072916666666667 0.0166015625 0.032552083333333336
0 0.78515625 0.4583333333333333 0.0224609375 0.0390625
0 0.5302734375 0.4153645833333333 0.015625 0.022135416666666668
0 0.033203125 0.2955729166666667 0.0107421875 0.01953125
0 0.0078125 0.3111979166666667 0.0107421875 0.01953125
0 0.025390625 0.2903645833333333 0.01171875 0.020833333333333332