0 0.3564453125 0.9283854166666666 0.037109375 0.09505208333333333
0 0.513671875 0.9361979166666666 0.037109375 0.11067708333333333
0 0.6552734375 0.9049479166666666 0.041015625 0.09505208333333333
0 0.5283203125 0.703125 0.041015625 0.08984375
0 0.470703125 0.58203125 0.025390625 0.06510416666666667
0 0.400390625 0.6158854166666666 0.0146484375 0.06510416666666667
0 0.11328125 0.8307291666666666 0.0283203125 0.0703125
0 0.03125 0.7643229166666666 0.0283203125 0.07552083333333333
0 0.0498046875 0.6276041666666666 0.017578125 0.06380208333333333
0 0.5380859375 0.3606770833333333 0.0234375 0.036458333333333336
0 0.6640625 0.3411458333333333 0.021484375 0.03125
0 0.783203125 0.3294270833333333 0.0224609375 0.0390625
0 0.7265625 0.3255208333333333 0.021484375 0.033854166666666664
0 0.6865234375 0.31640625 0.0185546875 0.028645833333333332
0 0.6513671875 0.3138020833333333 0.017578125 0.02734375
0 0.6259765625 0.328125 0.01953125 0.029947916666666668
0 0.6181640625 0.3111979166666667 0.0166015625 0.0234375
0 0.435546875 0.30859375 0.0224609375 0.033854166666666664
0 0.541015625 0.3268229166666667 0.0205078125 0.03515625
0 0.5849609375 0.3046875 0.0224609375 0.036458333333333336
0 0.478515625 0.3072916666666667 0.01953125 0.03125
0 0.552734375 0.2981770833333333 0.0205078125 0.028645833333333332
0 0.5302734375 0.30078125 0.0185546875 0.026041666666666668
0 0.453125 0.2955729166666667 0.0166015625 0.02734375
0 0.3720703125 0.3046875 0.0205078125 0.03125
0 0.4150390625 0.29296875 0.013671875 0.016927083333333332
0 0.3974609375 0.3059895833333333 0.0146484375 0.01953125
0 0.341796875 0.3098958333333333 0.0205078125 0.03125
0 0.3076171875 0.30859375 0.0205078125 0.026041666666666668
0 0.2890625 0.3033854166666667 0.01953125 0.022135416666666668
0 0.5029296875 0.30078125 0.017578125 0.0234375
0 0.2431640625 0.296875 0.0166015625 0.022135416666666668
0 0.26953125 0.30078125 0.0185546875 0.028645833333333332
0 0.2294921875 0.29296875 0.0126953125 0.024739583333333332
0 0.21875 0.2955729166666667 0.01171875 0.01953125
0 0.193359375 0.2864583333333333 0.0166015625 0.022135416666666668
0 0.1728515625 0.2799479166666667 0.015625 0.022135416666666668
0 0.15625 0.2760416666666667 0.0146484375 0.020833333333333332
0 0.14453125 0.26953125 0.013671875 0.01953125
0 0.130859375 0.26171875 0.015625 0.022135416666666668
0 0.123046875 0.2578125 0.0107421875 0.020833333333333332
0 0.1083984375 0.2513020833333333 0.013671875 0.022135416666666668
0 0.0869140625 0.24609375 0.0146484375 0.018229166666666668
0 0.052734375 0.23567708333333334 0.0126953125 0.016927083333333332
0 0.4013671875 0.2721354166666667 0.009765625 0.014322916666666666
0 0.37109375 0.26953125 0.0146484375 0.018229166666666668
0 0.326171875 0.26953125 0.01171875 0.018229166666666668
0 0.3134765625 0.26953125 0.01171875 0.018229166666666668
0 0.2890625 0.265625 0.0166015625 0.020833333333333332
0 0.26171875 0.2734375 0.0126953125 0.01953125
0 0.271484375 0.2526041666666667 0.0126953125 0.016927083333333332
0 0.255859375 0.24739583333333334 0.0126953125 0.014322916666666666
0 0.2431640625 0.2643229166666667 0.0146484375 0.01953125
0 0.2294921875 0.265625 0.0107421875 0.01953125
0 0.216796875 0.26171875 0.0126953125 0.018229166666666668
0 0.2041015625 0.25 0.0126953125 0.018229166666666668
0 0.185546875 0.25 0.0126953125 0.01953125
0 0.173828125 0.2421875 0.01171875 0.018229166666666668
0 0.154296875 0.24088541666666666 0.0126953125 0.018229166666666668
0 0.1298828125 0.23307291666666666 0.0107421875 0.013020833333333334
0 0.140625 0.22265625 0.0107421875 0.015625
0 0.1328125 0.21484375 0.009765625 0.013020833333333334
0 0.1181640625 0.21484375 0.0078125 0.01171875
0 0.1044921875 0.21614583333333334 0.0087890625 0.013020833333333334
0 0.2412109375 0.23828125 0.01171875 0.016927083333333332
0 0.224609375 0.22916666666666666 0.01171875 0.01953125
0 0.2939453125 0.23828125 0.0107421875 0.018229166666666668
0 0.33984375 0.2734375 0.009765625 0.016927083333333332
0 0.076171875 0.22786458333333334 0.0126953125 0.018229166666666668
0 0.09375 0.21744791666666666 0.0087890625 0.013020833333333334
0 0.0556640625 0.2109375 0.0087890625 0.013020833333333334
0 0.1474609375 0.19791666666666666 0.0068359375 0.010416666666666666
0 0.171875 0.20052083333333334 0.005859375 0.010416666666666666
0 0.181640625 0.1953125 0.0068359375 0.010416666666666666
0 0.08984375 0.18619791666666666 0.005859375 0.006510416666666667
0 0.2431640625 0.19270833333333334 0.0068359375 0.010416666666666666
0 0.224609375 0.19010416666666666 0.0068359375 0.009114583333333334
0 0.357421875 0.20052083333333334 0.005859375 0.010416666666666666
0 0.3935546875 0.20572916666666666 0.0068359375 0.01171875
0 0.3779296875 0.20703125 0.005859375 0.009114583333333334
0 0.41796875 0.20833333333333334 0.0068359375 0.009114583333333334
0 0.283203125 0.19921875 0.005859375 0.0078125
0 0.2373046875 0.20182291666666666 0.0048828125 0.010416666666666666
0 0.2685546875 0.19791666666666666 0.0048828125 0.010416666666666666
0 0.4345703125 0.18619791666666666 0.0068359375 0.010416666666666666
0 0.60546875 0.20182291666666666 0.0068359375 0.010416666666666666
0 0.0341796875 0.22526041666666666 0.0078125 0.01171875
0 0.5947265625 0.19921875 0.0078125 0.01171875
0 0.564453125 0.19661458333333334 0.005859375 0.009114583333333334
0 0.576171875 0.1953125 0.005859375 0.010416666666666666