0 0.041015625 0.2955729166666667 0.017578125 0.01953125
0 0.080078125 0.2955729166666667 0.015625 0.01953125
0 0.1142578125 0.2747395833333333 0.0126953125 0.024739583333333332
0 0.1767578125 0.24739583333333334 0.0166015625 0.026041666666666668
0 0.12890625 0.3372395833333333 0.0224609375 0.040364583333333336
0 0.2109375 0.3372395833333333 0.0224609375 0.03125
0 0.29296875 0.3346354166666667 0.0185546875 0.029947916666666668
0 0.306640625 0.2630208333333333 0.0126953125 0.0234375
0 0.2685546875 0.2682291666666667 0.0068359375 0.01953125
0 0.3623046875 0.3190104166666667 0.013671875 0.028645833333333332
0 0.359375 0.3346354166666667 0.0166015625 0.053385416666666664
0 0.4267578125 0.3098958333333333 0.0146484375 0.033854166666666664
0 0.4033203125 0.23828125 0.013671875 0.0234375
0 0.46484375 0.24479166666666666 0.009765625 0.01953125
0 0.4765625 0.2955729166666667 0.0166015625 0.02734375
0 0.5234375 0.3020833333333333 0.015625 0.026041666666666668
0 0.5009765625 0.2786458333333333 0.0087890625 0.013020833333333334
0 0.5361328125 0.2747395833333333 0.009765625 0.014322916666666666
0 0.5537109375 0.296875 0.0087890625 0.014322916666666666
0 0.568359375 0.30078125 0.013671875 0.020833333333333332
0 0.6123046875 0.29296875 0.0107421875 0.022135416666666668
0 0.662109375 0.2825520833333333 0.009765625 0.01953125
0 0.6953125 0.2877604166666667 0.0078125 0.018229166666666668
0 0.7333984375 0.27734375 0.0087890625 0.022135416666666668
0 0.7509765625 0.2799479166666667 0.0107421875 0.016927083333333332
0 0.806640625 0.2903645833333333 0.0107421875 0.022135416666666668
0 0.8671875 0.2903645833333333 0.0078125 0.029947916666666668
0 0.9072265625 0.2747395833333333 0.0107421875 0.01953125
0 0.1552734375 0.3450520833333333 0.0087890625 0.015625