0 0.4970703125 0.28989751098096633 0.0341796875 0.07320644216691069
0 0.60546875 0.34699853587115664 0.01171875 0.021961932650073207
0 0.693359375 0.38653001464128844 0.0166015625 0.029282576866764276
0 0.76953125 0.3601756954612006 0.0185546875 0.03367496339677892
0 0.810546875 0.3001464128843338 0.017578125 0.03074670571010249
0 0.8486328125 0.37481698389458273 0.021484375 0.03074670571010249
0 0.94140625 0.3528550512445095 0.0263671875 0.03806734992679356
0 0.8740234375 0.3235724743777452 0.021484375 0.03074670571010249
0 0.97265625 0.3396778916544656 0.0234375 0.03806734992679356
0 0.6318359375 0.30453879941434847 0.0146484375 0.02342606149341142
0 0.6904296875 0.30600292825768666 0.017578125 0.027818448023426062
0 0.7255859375 0.33382137628111275 0.01171875 0.021961932650073207