0 0.009765625 0.3709677419354839 0.013671875 0.04105571847507331
0 0.0322265625 0.37390029325513197 0.017578125 0.02346041055718475
0 0.0185546875 0.31378299120234604 0.009765625 0.016129032258064516
0 0.044921875 0.3181818181818182 0.0126953125 0.021994134897360705
0 0.07421875 0.34457478005865105 0.013671875 0.02346041055718475
0 0.107421875 0.36363636363636365 0.013671875 0.021994134897360705
0 0.0703125 0.29765395894428154 0.0107421875 0.01906158357771261
0 0.109375 0.20527859237536658 0.0126953125 0.02785923753665689
0 0.1328125 0.19941348973607037 0.0068359375 0.013196480938416423
0 0.1533203125 0.20821114369501467 0.009765625 0.017595307917888565
0 0.169921875 0.24193548387096775 0.0087890625 0.016129032258064516
0 0.169921875 0.27712609970674484 0.0087890625 0.01906158357771261
0 0.1328125 0.3035190615835777 0.0107421875 0.01906158357771261
0 0.1240234375 0.3181818181818182 0.0107421875 0.01906158357771261
0 0.1298828125 0.34310850439882695 0.0126953125 0.01906158357771261
0 0.1533203125 0.3533724340175953 0.0234375 0.039589442815249266
0 0.2177734375 0.3533724340175953 0.0263671875 0.05278592375366569
0 0.216796875 0.2829912023460411 0.0107421875 0.017595307917888565
0 0.2109375 0.21994134897360704 0.013671875 0.021994134897360705
0 0.1982421875 0.1906158357771261 0.0087890625 0.013196480938416423
0 0.2890625 0.24926686217008798 0.0078125 0.013196480938416423
0 0.1962890625 0.3357771260997067 0.0146484375 0.02785923753665689
0 0.28515625 0.3343108504398827 0.0146484375 0.026392961876832845
0 0.353515625 0.3093841642228739 0.0263671875 0.0469208211143695
0 0.3974609375 0.24926686217008798 0.0078125 0.011730205278592375
0 0.4189453125 0.2991202346041056 0.021484375 0.03812316715542522
0 0.4189453125 0.3870967741935484 0.025390625 0.039589442815249266
0 0.462890625 0.33724340175953077 0.0107421875 0.020527859237536656
0 0.478515625 0.32697947214076245 0.0126953125 0.02785923753665689
0 0.5146484375 0.3255131964809384 0.0146484375 0.02785923753665689
0 0.5517578125 0.36656891495601174 0.0302734375 0.051319648093841645
0 0.5732421875 0.32111436950146627 0.0107421875 0.026392961876832845
0 0.5947265625 0.3533724340175953 0.0234375 0.04105571847507331
0 0.578125 0.3651026392961877 0.01171875 0.026392961876832845
0 0.619140625 0.32697947214076245 0.013671875 0.030791788856304986
0 0.5771484375 0.25219941348973607 0.0078125 0.01466275659824047
0 0.57421875 0.26832844574780057 0.0078125 0.010263929618768328
0 0.6201171875 0.2624633431085044 0.0078125 0.013196480938416423
0 0.640625 0.2595307917888563 0.0068359375 0.01466275659824047
0 0.6513671875 0.23900293255131966 0.0068359375 0.013196480938416423
0 0.6708984375 0.2785923753665689 0.009765625 0.01906158357771261
0 0.68359375 0.2785923753665689 0.0087890625 0.017595307917888565
0 0.6865234375 0.3181818181818182 0.013671875 0.021994134897360705
0 0.6689453125 0.3284457478005865 0.0078125 0.01906158357771261
0 0.6552734375 0.32404692082111436 0.01171875 0.017595307917888565
0 0.6669921875 0.39002932551319647 0.015625 0.02346041055718475
0 0.70703125 0.3782991202346041 0.0185546875 0.039589442815249266
0 0.7373046875 0.3782991202346041 0.015625 0.02346041055718475
0 0.7587890625 0.3313782991202346 0.013671875 0.024926686217008796
0 0.7802734375 0.36070381231671556 0.0185546875 0.03225806451612903
0 0.7978515625 0.3284457478005865 0.0126953125 0.02346041055718475
0 0.8046875 0.26392961876832843 0.009765625 0.017595307917888565
0 0.7177734375 0.28005865102639294 0.009765625 0.017595307917888565
0 0.7001953125 0.2565982404692082 0.009765625 0.017595307917888565
0 0.662109375 0.2624633431085044 0.009765625 0.016129032258064516
0 0.732421875 0.2565982404692082 0.0087890625 0.016129032258064516
0 0.7490234375 0.23900293255131966 0.0087890625 0.01466275659824047
0 0.7802734375 0.22140762463343108 0.01171875 0.021994134897360705
0 0.8291015625 0.24486803519061584 0.009765625 0.01466275659824047
0 0.515625 0.26832844574780057 0.0078125 0.010263929618768328
0 0.5498046875 0.20674486803519063 0.0087890625 0.01466275659824047
0 0.61328125 0.20527859237536658 0.0068359375 0.013196480938416423
0 0.541015625 0.22580645161290322 0.0068359375 0.011730205278592375
0 0.0361328125 0.1935483870967742 0.0087890625 0.013196480938416423
0 0.724609375 0.1906158357771261 0.0078125 0.01466275659824047
0 0.7490234375 0.21407624633431085 0.0068359375 0.010263929618768328
0 0.8427734375 0.25806451612903225 0.0078125 0.01906158357771261
0 0.7001953125 0.31378299120234604 0.0087890625 0.01906158357771261
0 0.9638671875 0.2697947214076246 0.0078125 0.017595307917888565
0 0.970703125 0.18475073313782991 0.0068359375 0.016129032258064516