0 0.388671875 0.3031988873435327 0.0380859375 0.05146036161335188
0 0.3369140625 0.30737134909596664 0.0302734375 0.05146036161335188
0 0.296875 0.3087621696801113 0.02734375 0.0458970792767733
0 0.2607421875 0.30737134909596664 0.025390625 0.04728789986091794
0 0.2255859375 0.3031988873435327 0.0283203125 0.0458970792767733
0 0.197265625 0.29902642559109877 0.0244140625 0.043115438108484005
0 0.1572265625 0.3087621696801113 0.025390625 0.030598052851182198
0 0.125 0.3101529902642559 0.025390625 0.03616133518776078
0 0.0810546875 0.30737134909596664 0.0244140625 0.03477051460361613
0 0.1044921875 0.3129346314325452 0.017578125 0.022253129346314324
0 0.048828125 0.31154381084840055 0.013671875 0.025034770514603615
0 0.0322265625 0.3101529902642559 0.0146484375 0.025034770514603615
0 0.7802734375 0.29346314325452016 0.03125 0.05702364394993046
0 0.7060546875 0.3031988873435327 0.0302734375 0.04033379694019471
0 0.638671875 0.3004172461752434 0.029296875 0.04033379694019471
0 0.57421875 0.3031988873435327 0.025390625 0.037552155771905425
0 0.7412109375 0.3129346314325452 0.0166015625 0.02920723226703755
0 0.65234375 0.3101529902642559 0.0146484375 0.02086230876216968
0 0.5859375 0.3157162726008345 0.013671875 0.022253129346314324
0 0.794921875 0.3184979137691238 0.0185546875 0.027816411682892908
0 0.8330078125 0.30180806675938804 0.0283203125 0.043115438108484005
0 0.85546875 0.3087621696801113 0.017578125 0.02920723226703755
0 0.9033203125 0.3087621696801113 0.0263671875 0.048678720445062586
0 0.517578125 0.3045897079276773 0.0244140625 0.027816411682892908
0 0.5400390625 0.3087621696801113 0.0166015625 0.019471488178025034
0 0.4677734375 0.3101529902642559 0.025390625 0.02920723226703755
0 0.416015625 0.3087621696801113 0.0166015625 0.031988873435326845
0 0.42578125 0.3157162726008345 0.015625 0.02642559109874826
0 0.9306640625 0.3240611961057024 0.0166015625 0.031988873435326845
0 0.9794921875 0.3045897079276773 0.0302734375 0.048678720445062586