0 0.98046875 0.5066666666666667 0.0146484375 0.024
0 0.9716796875 0.5026666666666667 0.01171875 0.02666666666666667
0 0.9853515625 0.4826666666666667 0.0087890625 0.013333333333333334
0 0.9619140625 0.4826666666666667 0.0087890625 0.009333333333333334
0 0.9365234375 0.5613333333333334 0.009765625 0.02
0 0.9365234375 0.5333333333333333 0.01171875 0.017333333333333333
0 0.92578125 0.5066666666666667 0.0048828125 0.013333333333333334
0 0.951171875 0.5106666666666667 0.009765625 0.012
0 0.9111328125 0.5173333333333333 0.0087890625 0.014666666666666666
0 0.884765625 0.504 0.0107421875 0.018666666666666668
0 0.8984375 0.504 0.0107421875 0.016
0 0.8623046875 0.5466666666666666 0.01171875 0.017333333333333333
0 0.8662109375 0.6106666666666667 0.0107421875 0.017333333333333333
0 0.84765625 0.524 0.0087890625 0.013333333333333334
0 0.8623046875 0.5026666666666667 0.005859375 0.009333333333333334
0 0.828125 0.496 0.0107421875 0.013333333333333334
0 0.8193359375 0.532 0.0107421875 0.013333333333333334
0 0.8544921875 0.49066666666666664 0.005859375 0.006666666666666667
0 0.9306640625 0.504 0.0068359375 0.012
0 0.86328125 0.524 0.009765625 0.013333333333333334
0 0.8056640625 0.5173333333333333 0.0087890625 0.010666666666666666
0 0.810546875 0.532 0.0048828125 0.010666666666666666
0 0.80078125 0.5026666666666667 0.005859375 0.006666666666666667
0 0.7802734375 0.5226666666666666 0.0078125 0.012
0 0.8408203125 0.4786666666666667 0.005859375 0.008
0 0.7373046875 0.5453333333333333 0.0068359375 0.010666666666666666
0 0.7265625 0.5546666666666666 0.005859375 0.010666666666666666
0 0.705078125 0.568 0.0068359375 0.009333333333333334
0 0.7099609375 0.5493333333333333 0.0048828125 0.009333333333333334
0 0.7529296875 0.5026666666666667 0.0048828125 0.008
0 0.6982421875 0.536 0.005859375 0.013333333333333334
0 0.7724609375 0.49733333333333335 0.0078125 0.013333333333333334
0 0.6845703125 0.524 0.0068359375 0.014666666666666666
0 0.685546875 0.5106666666666667 0.0087890625 0.012
0 0.6728515625 0.5453333333333333 0.0068359375 0.013333333333333334
0 0.7138671875 0.5666666666666667 0.0048828125 0.006666666666666667
0 0.677734375 0.5306666666666666 0.005859375 0.009333333333333334
0 0.6630859375 0.524 0.0087890625 0.014666666666666666
0 0.421875 0.35333333333333333 0.0244140625 0.03333333333333333
0 0.4833984375 0.36666666666666664 0.0244140625 0.030666666666666665
0 0.533203125 0.37333333333333335 0.0244140625 0.032
0 0.5869140625 0.396 0.01953125 0.02666666666666667
0 0.642578125 0.42 0.015625 0.02666666666666667
0 0.3115234375 0.492 0.0107421875 0.016
0 0.2783203125 0.484 0.0078125 0.013333333333333334
0 0.2587890625 0.512 0.0078125 0.009333333333333334
0 0.2177734375 0.492 0.0068359375 0.008
0 0.20703125 0.47733333333333333 0.01171875 0.016
0 0.171875 0.4693333333333333 0.0107421875 0.014666666666666666
0 0.1826171875 0.4826666666666667 0.0048828125 0.006666666666666667
0 0.1357421875 0.4653333333333333 0.01171875 0.013333333333333334
0 0.07421875 0.492 0.009765625 0.012
0 0.0390625 0.492 0.009765625 0.014666666666666666
0 0.111328125 0.49733333333333335 0.0078125 0.013333333333333334