0 0.02734375 0.5224312590448625 0.0087890625 0.01447178002894356
0 0.0390625 0.532561505065123 0.009765625 0.017366136034732273
0 0.06640625 0.4992764109985528 0.0107421875 0.015918958031837915
0 0.0771484375 0.516642547033285 0.0087890625 0.01881331403762663
0 0.1240234375 0.4992764109985528 0.0126953125 0.024602026049204053
0 0.1337890625 0.5007235890014472 0.0068359375 0.013024602026049204
0 0.158203125 0.5180897250361794 0.009765625 0.01881331403762663
0 0.146484375 0.5065123010130246 0.0087890625 0.020260492040520984
0 0.17578125 0.5123010130246021 0.0126953125 0.02894356005788712
0 0.1806640625 0.4963820549927641 0.0107421875 0.020260492040520984
0 0.1982421875 0.5137481910274964 0.013671875 0.027496382054992764
0 0.2275390625 0.492040520984081 0.0185546875 0.03328509406657019
0 0.2529296875 0.49782923299565845 0.009765625 0.01447178002894356
0 0.376953125 0.5151953690303908 0.0126953125 0.030390738060781478
0 0.388671875 0.4992764109985528 0.0146484375 0.03183791606367583
0 0.41015625 0.49493487698986977 0.013671875 0.02894356005788712
0 0.435546875 0.4905933429811867 0.009765625 0.020260492040520984
0 0.4453125 0.548480463096961 0.0166015625 0.03183791606367583
0 0.4755859375 0.5397973950795948 0.015625 0.03473227206946455
0 0.48046875 0.49493487698986977 0.0087890625 0.02170767004341534
0 0.51171875 0.5021707670043415 0.0087890625 0.023154848046309694
0 0.51953125 0.5094066570188133 0.009765625 0.02170767004341534
0 0.5458984375 0.5209840810419681 0.0185546875 0.0361794500723589
0 0.5283203125 0.5759768451519537 0.017578125 0.04486251808972504
0 0.5771484375 0.4833574529667149 0.0107421875 0.02170767004341534
0 0.607421875 0.4833574529667149 0.009765625 0.02170767004341534
0 0.609375 0.5499276410998553 0.0185546875 0.03762662807525326
0 0.626953125 0.48914616497829233 0.009765625 0.02604920405209841
0 0.6640625 0.5094066570188133 0.01953125 0.0361794500723589
0 0.7548828125 0.45875542691751087 0.0185546875 0.041968162083936326
0 0.767578125 0.4703328509406657 0.013671875 0.030390738060781478
0 0.7578125 0.5441389290882779 0.0166015625 0.04775687409551375
0 0.892578125 0.5253256150506512 0.021484375 0.04486251808972504
0 0.9716796875 0.4992764109985528 0.015625 0.030390738060781478