0 0.1435546875 0.32903225806451614 0.0205078125 0.06236559139784946
0 0.1689453125 0.32903225806451614 0.0185546875 0.060215053763440864
0 0.201171875 0.33763440860215055 0.015625 0.04516129032258064
0 0.271484375 0.3419354838709677 0.0185546875 0.05806451612903226
0 0.291015625 0.3548387096774194 0.0166015625 0.04946236559139785
0 0.3486328125 0.33763440860215055 0.0185546875 0.04946236559139785
0 0.400390625 0.3634408602150538 0.0166015625 0.053763440860215055
0 0.4189453125 0.34408602150537637 0.0126953125 0.04516129032258064
0 0.4365234375 0.32688172043010755 0.0146484375 0.04516129032258064
0 0.4873046875 0.3870967741935484 0.0166015625 0.04086021505376344
0 0.5166015625 0.35698924731182796 0.013671875 0.03870967741935484
0 0.5478515625 0.3763440860215054 0.01171875 0.03655913978494624
0 0.5634765625 0.3634408602150538 0.013671875 0.04086021505376344
0 0.5849609375 0.35698924731182796 0.013671875 0.03225806451612903
0 0.5947265625 0.36774193548387096 0.0087890625 0.02795698924731183
0 0.609375 0.35913978494623655 0.0107421875 0.03655913978494624
0 0.6298828125 0.35268817204301073 0.0146484375 0.03225806451612903
0 0.654296875 0.35053763440860214 0.01171875 0.030107526881720432
0 0.66796875 0.3225806451612903 0.013671875 0.04086021505376344
0 0.701171875 0.32903225806451614 0.0126953125 0.034408602150537634
0 0.8095703125 0.4150537634408602 0.0126953125 0.034408602150537634
0 0.7705078125 0.3419354838709677 0.013671875 0.03870967741935484
0 0.8056640625 0.35268817204301073 0.01171875 0.02795698924731183
0 0.82421875 0.35913978494623655 0.009765625 0.023655913978494623
0 0.8515625 0.3763440860215054 0.01171875 0.02795698924731183
0 0.892578125 0.38924731182795697 0.0185546875 0.053763440860215055
0 0.9130859375 0.34623655913978496 0.009765625 0.021505376344086023
0 0.9267578125 0.38924731182795697 0.0146484375 0.04086021505376344
0 0.943359375 0.35698924731182796 0.0107421875 0.02795698924731183
0 0.974609375 0.35268817204301073 0.01171875 0.030107526881720432
0 0.0703125 0.31827956989247314 0.0166015625 0.04086021505376344