0 0.8115234375 0.24348958333333334 0.03515625 0.046875
0 0.64453125 0.2864583333333333 0.0234375 0.03125
0 0.5224609375 0.2552083333333333 0.0205078125 0.028645833333333332
0 0.453125 0.2630208333333333 0.0419921875 0.049479166666666664
0 0.4052734375 0.24479166666666666 0.0244140625 0.033854166666666664
0 0.8310546875 0.2838541666666667 0.025390625 0.032552083333333336
0 0.1455078125 0.2630208333333333 0.029296875 0.036458333333333336
0 0.1767578125 0.23046875 0.0185546875 0.026041666666666668
0 0.2197265625 0.2591145833333333 0.0185546875 0.026041666666666668
0 0.0087890625 0.2903645833333333 0.017578125 0.02734375
0 0.3056640625 0.2630208333333333 0.009765625 0.006510416666666667
0 0.25 0.24348958333333334 0.033203125 0.044270833333333336