0 0.3251953125 0.5592334494773519 0.0712890625 0.1480836236933798
0 0.1728515625 0.4634146341463415 0.05859375 0.11846689895470383
0 0.3759765625 0.445993031358885 0.0517578125 0.11498257839721254
0 0.1123046875 0.4337979094076655 0.044921875 0.09407665505226481
0 0.052734375 0.367595818815331 0.0361328125 0.07491289198606271
0 0.1083984375 0.3554006968641115 0.037109375 0.07142857142857142
0 0.279296875 0.37282229965156793 0.033203125 0.07665505226480836
0 0.3076171875 0.43902439024390244 0.0439453125 0.08536585365853659
0 0.6767578125 0.573170731707317 0.1220703125 0.2926829268292683
0 0.517578125 0.43902439024390244 0.0517578125 0.10801393728222997
0 0.7626953125 0.5452961672473867 0.060546875 0.18292682926829268
0 0.189453125 0.4076655052264808 0.03125 0.07665505226480836
0 0.3515625 0.34494773519163763 0.0205078125 0.03832752613240418
0 0.3779296875 0.3693379790940767 0.0234375 0.05574912891986063
0 0.4619140625 0.4181184668989547 0.033203125 0.08710801393728224
0 0.55078125 0.4094076655052265 0.029296875 0.06968641114982578
0 0.0078125 0.3780487804878049 0.015625 0.06445993031358885
0 0.56640625 0.35714285714285715 0.0205078125 0.05226480836236934