0 0.451171875 0.48316251830161056 0.0498046875 0.0849194729136164
0 0.171875 0.5095168374816984 0.0205078125 0.027818448023426062
0 0.021484375 0.493411420204978 0.0048828125 0.005856515373352855
0 0.0625 0.49633967789165445 0.00390625 0.008784773060029283
0 0.0400390625 0.493411420204978 0.00390625 0.005856515373352855
0 0.08984375 0.49487554904831627 0.00390625 0.007320644216691069
0 0.107421875 0.49487554904831627 0.00390625 0.007320644216691069
0 0.1162109375 0.48755490483162517 0.0048828125 0.007320644216691069
0 0.2900390625 0.4377745241581259 0.0361328125 0.06442166910688141
0 0.2353515625 0.5036603221083455 0.0244140625 0.03074670571010249
0 0.3662109375 0.486090775988287 0.0087890625 0.014641288433382138
0 0.5537109375 0.49487554904831627 0.0244140625 0.036603221083455345
0 0.673828125 0.4773060029282577 0.0234375 0.040995607613469986
0 0.736328125 0.49194729136163984 0.0361328125 0.0527086383601757
0 0.7861328125 0.4802342606149341 0.01953125 0.03513909224011713
0 0.8681640625 0.4377745241581259 0.0302734375 0.043923865300146414
0 0.9443359375 0.46266471449487556 0.0244140625 0.03953147877013177
0 0.501953125 0.48462664714494874 0.0087890625 0.01903367496339678
0 0.5146484375 0.4816983894582723 0.009765625 0.016105417276720352
0 0.6103515625 0.47144948755490484 0.0087890625 0.01903367496339678
0 0.6220703125 0.46266471449487556 0.005859375 0.013177159590043924