0 0.8125 0.3864864864864865 0.0234375 0.03918918918918919
0 0.2255859375 0.8040540540540541 0.0439453125 0.07837837837837838
0 0.1142578125 0.6418918918918919 0.03515625 0.05810810810810811
0 0.0185546875 0.6621621621621622 0.02734375 0.06486486486486487
0 0.21484375 0.5608108108108109 0.017578125 0.021621621621621623
0 0.02734375 0.6040540540540541 0.0166015625 0.025675675675675677
0 0.3076171875 0.5662162162162162 0.009765625 0.02027027027027027
0 0.298828125 0.5337837837837838 0.0068359375 0.016216216216216217
0 0.4248046875 0.6013513513513513 0.0263671875 0.04864864864864865
0 0.333984375 0.48243243243243245 0.005859375 0.010810810810810811
0 0.35546875 0.42162162162162165 0.0048828125 0.010810810810810811
0 0.421875 0.4554054054054054 0.005859375 0.012162162162162163
0 0.4267578125 0.4283783783783784 0.0048828125 0.008108108108108109
0 0.3857421875 0.40540540540540543 0.0048828125 0.008108108108108109
0 0.4521484375 0.40540540540540543 0.0048828125 0.008108108108108109
0 0.7470703125 0.6364864864864865 0.0302734375 0.04594594594594595
0 0.6787109375 0.5486486486486486 0.0087890625 0.03918918918918919
0 0.25390625 0.581081081081081 0.0185546875 0.03783783783783784
0 0.4365234375 0.4 0.0048828125 0.00945945945945946
0 0.9208984375 0.3635135135135135 0.05078125 0.08243243243243244
0 0.8955078125 0.3837837837837838 0.0458984375 0.06891891891891892
0 0.2685546875 0.5540540540540541 0.0078125 0.014864864864864866