0 0.33984375 0.41874084919472915 0.0185546875 0.03953147877013177
0 0.2763671875 0.42752562225475843 0.013671875 0.03074670571010249
0 0.2265625 0.4377745241581259 0.015625 0.02342606149341142
0 0.1904296875 0.44363103953147875 0.013671875 0.021961932650073207
0 0.1650390625 0.44216691068814057 0.01171875 0.01903367496339678
0 0.1484375 0.445095168374817 0.0078125 0.014641288433382138
0 0.2451171875 0.4568081991215227 0.0048828125 0.01171303074670571
0 0.29296875 0.45241581259150804 0.0087890625 0.013177159590043924
0 0.48046875 0.4158125915080527 0.025390625 0.0424597364568082
0 0.49609375 0.4582723279648609 0.0087890625 0.017569546120058566
0 0.53125 0.46412884333821375 0.0126953125 0.020497803806734993
0 0.5546875 0.4582723279648609 0.009765625 0.020497803806734993
0 0.587890625 0.4582723279648609 0.009765625 0.020497803806734993
0 0.6044921875 0.445095168374817 0.0087890625 0.020497803806734993
0 0.6044921875 0.3762811127379209 0.01171875 0.020497803806734993
0 0.671875 0.46266471449487556 0.0107421875 0.021961932650073207
0 0.7626953125 0.42020497803806733 0.0341796875 0.06588579795021962
0 0.7861328125 0.424597364568082 0.0107421875 0.02635431918008785
0 0.8388671875 0.4773060029282577 0.0146484375 0.029282576866764276
0 0.8779296875 0.4143484626647145 0.0107421875 0.020497803806734993
0 0.94921875 0.4480234260614934 0.0205078125 0.03513909224011713
0 0.984375 0.37042459736456806 0.0166015625 0.03074670571010249
0 0.9892578125 0.5387994143484627 0.0205078125 0.0424597364568082