0 0.9794921875 0.45095168374816985 0.0361328125 0.06442166910688141
0 0.9189453125 0.41142020497803805 0.0126953125 0.027818448023426062
0 0.7958984375 0.3689604685212299 0.044921875 0.08052708638360176
0 0.54296875 0.3367496339677892 0.0537109375 0.08931185944363104
0 0.37890625 0.4787701317715959 0.0185546875 0.03953147877013177
0 0.359375 0.4904831625183016 0.0205078125 0.0424597364568082
0 0.3154296875 0.49487554904831627 0.0185546875 0.03513909224011713
0 0.181640625 0.4773060029282577 0.0224609375 0.03806734992679356
0 0.0791015625 0.4216691068814056 0.04296875 0.0849194729136164
0 0.0068359375 0.49633967789165445 0.0146484375 0.0424597364568082
0 0.9462890625 0.5329428989751098 0.0185546875 0.036603221083455345
0 0.056640625 0.49194729136163984 0.021484375 0.03806734992679356