0 0.3037109375 0.6321525885558583 0.013671875 0.02316076294277929
0 0.263671875 0.6226158038147139 0.0126953125 0.02452316076294278
0 0.3984375 0.6171662125340599 0.013671875 0.02452316076294278
0 0.369140625 0.5967302452316077 0.0087890625 0.017711171662125342
0 0.302734375 0.6008174386920981 0.0126953125 0.021798365122615803
0 0.1064453125 0.6171662125340599 0.0126953125 0.01907356948228883
0 0.076171875 0.6130790190735694 0.013671875 0.02316076294277929
0 0.1904296875 0.5926430517711172 0.01171875 0.020435967302452316
0 0.171875 0.6062670299727521 0.01953125 0.02997275204359673
0 0.0166015625 0.6485013623978202 0.0126953125 0.027247956403269755
0 0.005859375 0.6049046321525886 0.01171875 0.02997275204359673
0 0.548828125 0.6198910081743869 0.0107421875 0.017711171662125342
0 0.5966796875 0.5967302452316077 0.0107421875 0.01907356948228883
0 0.5771484375 0.5858310626702997 0.0087890625 0.017711171662125342
0 0.5322265625 0.5912806539509536 0.01171875 0.01907356948228883
0 0.4794921875 0.6158038147138964 0.0087890625 0.014986376021798364
0 0.47265625 0.5980926430517711 0.0087890625 0.014986376021798364
0 0.4775390625 0.5831062670299727 0.009765625 0.017711171662125342
0 0.4365234375 0.6049046321525886 0.01171875 0.017711171662125342
0 0.6220703125 0.5885558583106267 0.0087890625 0.01634877384196185
0 0.6533203125 0.603542234332425 0.0078125 0.013623978201634877
0 0.7001953125 0.5967302452316077 0.009765625 0.017711171662125342
0 0.7353515625 0.6049046321525886 0.0087890625 0.01634877384196185
0 0.66796875 0.5940054495912807 0.005859375 0.010899182561307902
0 0.798828125 0.5926430517711172 0.0068359375 0.010899182561307902
0 0.6845703125 0.5899182561307902 0.0078125 0.014986376021798364
0 0.4921875 0.5885558583106267 0.0078125 0.013623978201634877
0 0.158203125 0.5858310626702997 0.0107421875 0.01634877384196185
0 0.2216796875 0.5994550408719346 0.0087890625 0.01634877384196185
0 0.78515625 0.6226158038147139 0.0068359375 0.010899182561307902
0 0.7744140625 0.5980926430517711 0.005859375 0.01226158038147139
0 0.8193359375 0.603542234332425 0.0068359375 0.009536784741144414
0 0.5087890625 0.5994550408719346 0.0107421875 0.014986376021798364
0 0.4482421875 0.5885558583106267 0.009765625 0.01634877384196185