0 0.078125 0.4853801169590643 0.1298828125 0.28654970760233917
0 0.1533203125 0.6286549707602339 0.0947265625 0.22660818713450293
0 0.177734375 0.5409356725146199 0.0419921875 0.11988304093567251
0 0.2216796875 0.4766081871345029 0.0341796875 0.09064327485380116
0 0.2724609375 0.46637426900584794 0.0341796875 0.0804093567251462
0 0.306640625 0.402046783625731 0.03515625 0.06871345029239766
0 0.3232421875 0.4137426900584795 0.02734375 0.06286549707602339
0 0.39453125 0.40789473684210525 0.0263671875 0.05701754385964912
0 0.4404296875 0.3845029239766082 0.0244140625 0.054093567251461985
0 0.48046875 0.4195906432748538 0.021484375 0.04532163742690058
0 0.48828125 0.3961988304093567 0.015625 0.03070175438596491
0 0.5263671875 0.40058479532163743 0.01953125 0.04239766081871345
0 0.5400390625 0.4108187134502924 0.0185546875 0.043859649122807015
0 0.5673828125 0.4137426900584795 0.0185546875 0.04093567251461988
0 0.576171875 0.3932748538011696 0.01953125 0.04093567251461988
0 0.6357421875 0.38742690058479534 0.0224609375 0.03654970760233918
0 0.669921875 0.39035087719298245 0.0185546875 0.03508771929824561
0 0.7021484375 0.40350877192982454 0.021484375 0.03654970760233918
0 0.771484375 0.37719298245614036 0.017578125 0.04093567251461988
0 0.822265625 0.3961988304093567 0.01953125 0.03508771929824561
0 0.8427734375 0.39035087719298245 0.017578125 0.033625730994152045
0 0.876953125 0.3991228070175439 0.015625 0.03654970760233918
0 0.1220703125 0.4415204678362573 0.056640625 0.15350877192982457
0 0.7861328125 0.4137426900584795 0.017578125 0.04093567251461988
0 0.71875 0.4137426900584795 0.0146484375 0.03654970760233918