0 0.1689453125 0.3260233918128655 0.0185546875 0.039473684210526314
0 0.240234375 0.26608187134502925 0.021484375 0.03654970760233918
0 0.279296875 0.27485380116959063 0.037109375 0.059941520467836254
0 0.3720703125 0.29385964912280704 0.03125 0.054093567251461985
0 0.4619140625 0.3026315789473684 0.03515625 0.06432748538011696
0 0.576171875 0.2777777777777778 0.0322265625 0.05555555555555555
0 0.392578125 0.31432748538011696 0.01171875 0.02631578947368421
0 0.4033203125 0.31432748538011696 0.0107421875 0.023391812865497075
0 0.33203125 0.3216374269005848 0.01171875 0.03216374269005848
0 0.3154296875 0.3128654970760234 0.015625 0.029239766081871343
0 0.5234375 0.31871345029239767 0.01171875 0.02631578947368421
0 0.5380859375 0.32748538011695905 0.0166015625 0.03070175438596491
0 0.609375 0.30701754385964913 0.0126953125 0.027777777777777776
0 0.6328125 0.3216374269005848 0.0107421875 0.021929824561403508
0 0.67578125 0.3347953216374269 0.025390625 0.04239766081871345
0 0.7001953125 0.3391812865497076 0.0146484375 0.03216374269005848
0 0.763671875 0.3391812865497076 0.0146484375 0.029239766081871343
0 0.7880859375 0.3391812865497076 0.0166015625 0.03216374269005848
0 0.802734375 0.2982456140350877 0.0146484375 0.03654970760233918
0 0.8759765625 0.3347953216374269 0.0166015625 0.03216374269005848
0 0.9150390625 0.35233918128654973 0.0166015625 0.03070175438596491
0 0.9453125 0.33187134502923976 0.0185546875 0.03654970760233918