0 0.9130859375 0.28698752228163993 0.0283203125 0.06417112299465241
0 0.6669921875 0.31016042780748665 0.0322265625 0.058823529411764705
0 0.11328125 0.41711229946524064 0.0263671875 0.0570409982174688
0 0.16796875 0.3315508021390374 0.021484375 0.04634581105169341
0 0.2431640625 0.3672014260249554 0.0263671875 0.058823529411764705
0 0.2666015625 0.33868092691622104 0.021484375 0.0481283422459893
0 0.06640625 0.3511586452762923 0.0283203125 0.049910873440285206
0 0.4638671875 0.29233511586452765 0.0302734375 0.0659536541889483
0 0.544921875 0.37254901960784315 0.0185546875 0.0374331550802139
0 0.4013671875 0.3048128342245989 0.0224609375 0.049910873440285206
0 0.6123046875 0.23885918003565063 0.005859375 0.017825311942959002
0 0.609375 0.21746880570409982 0.0068359375 0.017825311942959002
0 0.58984375 0.2531194295900178 0.0078125 0.016042780748663103
0 0.5859375 0.22103386809269163 0.0068359375 0.017825311942959002
0 0.5380859375 0.20499108734402852 0.005859375 0.0142602495543672
0 0.6083984375 0.1836007130124777 0.005859375 0.0142602495543672
0 0.5986328125 0.1622103386809269 0.0068359375 0.012477718360071301
0 0.62890625 0.18538324420677363 0.0068359375 0.012477718360071301
0 0.58984375 0.13368983957219252 0.0068359375 0.0142602495543672
0 0.5859375 0.0748663101604278 0.0068359375 0.016042780748663103
0 0.6103515625 0.09090909090909091 0.0068359375 0.0142602495543672
0 0.6884765625 0.13725490196078433 0.0068359375 0.0196078431372549
0 0.744140625 0.16042780748663102 0.0078125 0.016042780748663103
0 0.7568359375 0.1051693404634581 0.0068359375 0.0196078431372549
0 0.728515625 0.08021390374331551 0.0068359375 0.012477718360071301
0 0.716796875 0.1319073083778966 0.0078125 0.0142602495543672
0 0.68359375 0.0855614973262032 0.0068359375 0.012477718360071301
0 0.65625 0.0873440285204991 0.0107421875 0.017825311942959002
0 0.6337890625 0.1443850267379679 0.0087890625 0.017825311942959002
0 0.515625 0.1408199643493761 0.009765625 0.016042780748663103
0 0.54296875 0.24420677361853832 0.0087890625 0.017825311942959002
0 0.349609375 0.26916221033868093 0.005859375 0.0142602495543672
0 0.376953125 0.2709447415329768 0.0068359375 0.0142602495543672
0 0.322265625 0.2709447415329768 0.0068359375 0.012477718360071301
0 0.2978515625 0.28698752228163993 0.0068359375 0.0142602495543672
0 0.3466796875 0.23529411764705882 0.005859375 0.0142602495543672
0 0.318359375 0.2531194295900178 0.0068359375 0.017825311942959002
0 0.3193359375 0.22638146167557932 0.0068359375 0.0142602495543672
0 0.3095703125 0.21746880570409982 0.005859375 0.016042780748663103
0 0.072265625 0.0784313725490196 0.005859375 0.0142602495543672
0 0.091796875 0.0962566844919786 0.0068359375 0.016042780748663103
0 0.1201171875 0.10873440285204991 0.005859375 0.0142602495543672
0 0.0087890625 0.053475935828877004 0.0078125 0.012477718360071301
0 0.16796875 0.053475935828877004 0.0078125 0.017825311942959002
0 0.7958984375 0.0106951871657754 0.0068359375 0.0142602495543672
0 0.8740234375 0.0213903743315508 0.005859375 0.0142602495543672
0 0.0029296875 0.3137254901960784 0.005859375 0.017825311942959002
0 0.349609375 0.16934046345811052 0.0078125 0.0142602495543672
0 0.291015625 0.11942959001782531 0.0078125 0.017825311942959002
0 0.7060546875 0.2620320855614973 0.0078125 0.0196078431372549
0 0.69140625 0.2638146167557932 0.0087890625 0.023172905525846704
0 0.265625 0.22103386809269163 0.0068359375 0.0196078431372549
0 0.25390625 0.21746880570409982 0.0068359375 0.0196078431372549
0 0.234375 0.2192513368983957 0.0068359375 0.0142602495543672
0 0.2353515625 0.19964349376114082 0.0068359375 0.0142602495543672
0 0.208984375 0.28342245989304815 0.0068359375 0.0142602495543672
0 0.1982421875 0.26024955436720143 0.0068359375 0.0142602495543672
0 0.3427734375 0.19429590017825313 0.0068359375 0.0142602495543672
0 0.3544921875 0.1925133689839572 0.0078125 0.016042780748663103
0 0.373046875 0.21212121212121213 0.009765625 0.017825311942959002
0 0.404296875 0.16934046345811052 0.0068359375 0.016042780748663103
0 0.337890625 0.15151515151515152 0.0068359375 0.0142602495543672
0 0.34375 0.13012477718360071 0.0078125 0.017825311942959002
0 0.357421875 0.12834224598930483 0.0068359375 0.0142602495543672
0 0.3056640625 0.1532976827094474 0.0068359375 0.0142602495543672
0 0.3193359375 0.15151515151515152 0.0048828125 0.0106951871657754
0 0.2841796875 0.17647058823529413 0.0068359375 0.016042780748663103
0 0.2705078125 0.1443850267379679 0.0078125 0.016042780748663103
0 0.2685546875 0.10695187165775401 0.0078125 0.0196078431372549
0 0.255859375 0.1140819964349376 0.0087890625 0.023172905525846704
0 0.2138671875 0.23885918003565063 0.0068359375 0.012477718360071301
0 0.212890625 0.22281639928698752 0.0078125 0.017825311942959002
0 0.1396484375 0.23529411764705882 0.005859375 0.017825311942959002
0 0.2470703125 0.2727272727272727 0.0126953125 0.030303030303030304
0 0.1650390625 0.24064171122994651 0.0166015625 0.0338680926916221
0 0.271484375 0.25846702317290554 0.009765625 0.023172905525846704
0 0.1474609375 0.2014260249554367 0.009765625 0.017825311942959002
0 0.1845703125 0.19786096256684493 0.0068359375 0.017825311942959002
0 0.06640625 0.1925133689839572 0.0068359375 0.012477718360071301
0 0.0703125 0.1657754010695187 0.005859375 0.016042780748663103
0 0.173828125 0.15151515151515152 0.005859375 0.012477718360071301
0 0.130859375 0.1568627450980392 0.0068359375 0.0106951871657754
0 0.177734375 0.08199643493761141 0.005859375 0.012477718360071301