0 0.45703125 0.4676354029062087 0.05859375 0.0977542932628798
0 0.0185546875 0.4715984147952444 0.021484375 0.04095112285336856
0 0.0517578125 0.4966974900924703 0.021484375 0.034346103038309116
0 0.1357421875 0.4557463672391017 0.0380859375 0.05019815059445178
0 0.1875 0.49801849405548215 0.013671875 0.02906208718626156
0 0.357421875 0.36591809775429324 0.0517578125 0.08850726552179657
0 0.4091796875 0.5099075297225891 0.015625 0.026420079260237782
0 0.5390625 0.4715984147952444 0.02734375 0.052840158520475564
0 0.5810546875 0.4900924702774108 0.017578125 0.035667107001321
0 0.7568359375 0.5006605019815059 0.0419921875 0.071334214002642
0 0.822265625 0.49801849405548215 0.0224609375 0.0488771466314399
0 0.8544921875 0.5006605019815059 0.0185546875 0.043593130779392336
0 0.87109375 0.5085865257595773 0.01171875 0.026420079260237782
0 0.8837890625 0.5019815059445178 0.01171875 0.02509907529722589
0 0.9140625 0.5402906208718626 0.0185546875 0.03038309114927345
0 0.9345703125 0.5085865257595773 0.015625 0.031704095112285335
0 0.9599609375 0.5165125495376486 0.0166015625 0.035667107001321
0 0.9677734375 0.5614266842800528 0.0185546875 0.02774108322324967