0 0.029296875 0.6266187050359712 0.0234375 0.011510791366906475
0 0.052734375 0.5920863309352518 0.0205078125 0.019424460431654675
0 0.0927734375 0.5971223021582733 0.0166015625 0.017266187050359712
0 0.1513671875 0.5935251798561151 0.015625 0.016546762589928057
0 0.1552734375 0.6187050359712231 0.0166015625 0.017985611510791366
0 0.1796875 0.5741007194244604 0.017578125 0.017266187050359712
0 0.1474609375 0.5690647482014388 0.0185546875 0.014388489208633094
0 0.111328125 0.5553956834532374 0.01953125 0.02014388489208633
0 0.1171875 0.539568345323741 0.017578125 0.014388489208633094
0 0.041015625 0.5467625899280576 0.013671875 0.014388489208633094
0 0.078125 0.5345323741007194 0.015625 0.01079136690647482
0 0.09765625 0.5338129496402878 0.0146484375 0.017266187050359712
0 0.193359375 0.5539568345323741 0.015625 0.014388489208633094
0 0.208984375 0.5741007194244604 0.0166015625 0.017266187050359712
0 0.021484375 0.5309352517985612 0.015625 0.015107913669064749
0 0.3046875 0.9870503597122302 0.0341796875 0.02302158273381295
0 0.1904296875 0.9913669064748202 0.033203125 0.015107913669064749
0 0.1044921875 0.9690647482014388 0.0244140625 0.02805755395683453
0 0.0400390625 0.9906474820143885 0.0322265625 0.016546762589928057
0 0.41015625 0.9237410071942446 0.029296875 0.030215827338129497
0 0.2666015625 0.9266187050359712 0.0302734375 0.02446043165467626
0 0.2119140625 0.943884892086331 0.0322265625 0.02446043165467626
0 0.11328125 0.9273381294964029 0.03125 0.02158273381294964
0 0.0439453125 0.9517985611510792 0.03515625 0.029496402877697843
0 0.021484375 0.8899280575539569 0.0263671875 0.020863309352517987
0 0.1591796875 0.9028776978417267 0.02734375 0.030215827338129497
0 0.2119140625 0.8820143884892087 0.025390625 0.02805755395683453
0 0.28125 0.8913669064748202 0.02734375 0.02805755395683453
0 0.3701171875 0.8848920863309353 0.0234375 0.01870503597122302
0 0.4404296875 0.9618705035971223 0.029296875 0.026618705035971222
0 0.5263671875 0.9517985611510792 0.02734375 0.026618705035971222
0 0.58203125 0.935251798561151 0.02734375 0.02302158273381295
0 0.6181640625 0.9848920863309353 0.03125 0.027338129496402876
0 0.6455078125 0.9388489208633094 0.02734375 0.02877697841726619
0 0.810546875 0.9115107913669065 0.0205078125 0.02877697841726619
0 0.8349609375 0.9726618705035971 0.03125 0.03381294964028777
0 0.8427734375 0.9546762589928057 0.0302734375 0.026618705035971222
0 0.7021484375 0.8935251798561151 0.025390625 0.02014388489208633
0 0.5556640625 0.8920863309352518 0.0283203125 0.026618705035971222
0 0.4560546875 0.9050359712230216 0.0322265625 0.02446043165467626
0 0.7802734375 0.7755395683453238 0.0283203125 0.025179856115107913
0 0.7724609375 0.7338129496402878 0.0224609375 0.019424460431654675
0 0.75 0.676978417266187 0.01953125 0.019424460431654675
0 0.830078125 0.6553956834532374 0.0205078125 0.02014388489208633
0 0.8837890625 0.6618705035971223 0.0234375 0.016546762589928057
0 0.884765625 0.6309352517985611 0.015625 0.007913669064748202
0 0.84375 0.6215827338129496 0.0205078125 0.019424460431654675
0 0.8623046875 0.5985611510791367 0.0224609375 0.022302158273381296
0 0.828125 0.5755395683453237 0.01953125 0.017985611510791366
0 0.796875 0.5669064748201439 0.017578125 0.01870503597122302
0 0.8193359375 0.5510791366906475 0.0146484375 0.014388489208633094
0 0.869140625 0.5482014388489208 0.0185546875 0.017266187050359712
0 0.8369140625 0.5266187050359712 0.013671875 0.013669064748201438
0 0.8154296875 0.5071942446043165 0.015625 0.015107913669064749
0 0.8046875 0.5323741007194245 0.0205078125 0.015827338129496403
0 0.87109375 0.4956834532374101 0.0107421875 0.011510791366906475
0 0.8564453125 0.4784172661870504 0.015625 0.01079136690647482
0 0.8388671875 0.497841726618705 0.015625 0.012949640287769784
0 0.8876953125 0.441726618705036 0.0146484375 0.015107913669064749
0 0.84375 0.46402877697841727 0.013671875 0.008633093525179856
0 0.8505859375 0.4510791366906475 0.0126953125 0.01079136690647482
0 0.8662109375 0.4316546762589928 0.01171875 0.012949640287769784
0 0.8330078125 0.4446043165467626 0.0166015625 0.014388489208633094
0 0.82421875 0.4633093525179856 0.0146484375 0.01079136690647482
0 0.806640625 0.4827338129496403 0.0146484375 0.007194244604316547
0 0.83984375 0.4143884892086331 0.015625 0.015107913669064749
0 0.7978515625 0.4438848920863309 0.0166015625 0.014388489208633094
0 0.8447265625 0.38201438848920866 0.0107421875 0.01223021582733813
0 0.9013671875 0.3618705035971223 0.0087890625 0.011510791366906475
0 0.8916015625 0.36115107913669064 0.0078125 0.007913669064748202
0 0.8671875 0.3532374100719424 0.01171875 0.01079136690647482
0 0.7412109375 0.862589928057554 0.0263671875 0.017266187050359712
0 0.9013671875 0.943884892086331 0.0107421875 0.02158273381294964
0 0.76171875 0.8496402877697842 0.0263671875 0.023741007194244605
0 0.583984375 0.860431654676259 0.033203125 0.02805755395683453
0 0.6396484375 0.862589928057554 0.0224609375 0.01870503597122302
0 0.4814453125 0.8553956834532375 0.03125 0.025179856115107913
0 0.84765625 0.8223021582733813 0.02734375 0.02877697841726619
0 0.888671875 0.7899280575539568 0.0263671875 0.025899280575539568
0 0.84765625 0.7992805755395683 0.0263671875 0.022302158273381296
0 0.8544921875 0.7122302158273381 0.0224609375 0.022302158273381296
0 0.884765625 0.3402877697841727 0.0126953125 0.011510791366906475
0 0.8984375 0.33741007194244604 0.0107421875 0.011510791366906475
0 0.849609375 0.3237410071942446 0.01171875 0.012949640287769784
0 0.8349609375 0.3402877697841727 0.0107421875 0.00935251798561151
0 0.8740234375 0.30935251798561153 0.0087890625 0.00935251798561151
0 0.8564453125 0.31151079136690646 0.0087890625 0.008633093525179856
0 0.8310546875 0.3057553956834532 0.0107421875 0.007913669064748202
0 0.8759765625 0.2971223021582734 0.009765625 0.006474820143884892
0 0.896484375 0.3014388489208633 0.0126953125 0.01223021582733813
0 0.83203125 0.29640287769784174 0.009765625 0.007194244604316547
0 0.8056640625 0.28992805755395684 0.009765625 0.00935251798561151
0 0.8681640625 0.28633093525179854 0.009765625 0.00935251798561151
0 0.896484375 0.2870503597122302 0.0087890625 0.008633093525179856
0 0.861328125 0.2741007194244604 0.009765625 0.00935251798561151
0 0.8310546875 0.2741007194244604 0.0087890625 0.007913669064748202
0 0.7880859375 0.28561151079136693 0.009765625 0.007194244604316547
0 0.7890625 0.302158273381295 0.0078125 0.007913669064748202
0 0.765625 0.28489208633093527 0.009765625 0.008633093525179856
0 0.802734375 0.2647482014388489 0.0087890625 0.008633093525179856
0 0.775390625 0.2647482014388489 0.0078125 0.006474820143884892
0 0.7763671875 0.2755395683453237 0.0087890625 0.00935251798561151
0 0.7822265625 0.26115107913669067 0.0087890625 0.007913669064748202
0 0.7841796875 0.25107913669064746 0.0078125 0.006474820143884892
0 0.69921875 0.24820143884892087 0.0087890625 0.006474820143884892
0 0.7490234375 0.2251798561151079 0.0078125 0.007194244604316547
0 0.73046875 0.2489208633093525 0.0068359375 0.007194244604316547
0 0.7919921875 0.24532374100719426 0.0068359375 0.007194244604316547
0 0.4453125 0.7834532374100719 0.0205078125 0.025179856115107913
0 0.4091796875 0.8669064748201439 0.0224609375 0.025899280575539568
0 0.3271484375 0.858273381294964 0.0244140625 0.02158273381294964
0 0.3779296875 0.8410071942446044 0.02734375 0.02446043165467626
0 0.3232421875 0.7899280575539568 0.025390625 0.02446043165467626
0 0.294921875 0.8129496402877698 0.0244140625 0.030215827338129497
0 0.2744140625 0.8158273381294964 0.0185546875 0.022302158273381296
0 0.28515625 0.8532374100719424 0.0224609375 0.019424460431654675
0 0.1904296875 0.8597122302158273 0.0263671875 0.022302158273381296
0 0.1787109375 0.8338129496402877 0.02734375 0.02158273381294964
0 0.171875 0.8 0.0224609375 0.02158273381294964
0 0.2451171875 0.7899280575539568 0.0234375 0.02302158273381295
0 0.27734375 0.7676258992805756 0.025390625 0.02158273381294964
0 0.1650390625 0.7553956834532374 0.025390625 0.023741007194244605
0 0.1923828125 0.7424460431654676 0.0234375 0.02158273381294964
0 0.2724609375 0.739568345323741 0.0234375 0.016546762589928057
0 0.29296875 0.7230215827338129 0.0224609375 0.015827338129496403
0 0.369140625 0.7223021582733813 0.0224609375 0.015827338129496403
0 0.369140625 0.739568345323741 0.0283203125 0.017266187050359712
0 0.2138671875 0.7194244604316546 0.021484375 0.02158273381294964
0 0.134765625 0.8683453237410071 0.025390625 0.014388489208633094
0 0.07421875 0.8611510791366906 0.02734375 0.02302158273381295
0 0.0673828125 0.818705035971223 0.0283203125 0.025899280575539568
0 0.0126953125 0.8294964028776979 0.025390625 0.02805755395683453
0 0.099609375 0.7935251798561151 0.0263671875 0.02446043165467626
0 0.087890625 0.7618705035971223 0.01953125 0.022302158273381296
0 0.421875 0.7726618705035971 0.0185546875 0.017266187050359712
0 0.3427734375 0.7683453237410072 0.0263671875 0.025179856115107913
0 0.443359375 0.7122302158273381 0.02734375 0.025899280575539568
0 0.41796875 0.702158273381295 0.0205078125 0.02014388489208633
0 0.5361328125 0.6892086330935252 0.021484375 0.02014388489208633
0 0.458984375 0.6870503597122302 0.0205078125 0.017985611510791366
0 0.37890625 0.6913669064748201 0.0224609375 0.020863309352517987
0 0.267578125 0.685611510791367 0.0244140625 0.01079136690647482
0 0.818359375 0.7323741007194244 0.0205078125 0.017266187050359712
0 0.720703125 0.7100719424460432 0.021484375 0.019424460431654675
0 0.7314453125 0.6683453237410072 0.021484375 0.01870503597122302
0 0.693359375 0.6661870503597123 0.0224609375 0.017266187050359712
0 0.66015625 0.679136690647482 0.0234375 0.02158273381294964
0 0.65234375 0.7028776978417266 0.01953125 0.02158273381294964
0 0.65234375 0.6525179856115108 0.015625 0.015827338129496403
0 0.708984375 0.6352517985611511 0.01953125 0.017266187050359712
0 0.763671875 0.9280575539568345 0.0263671875 0.023741007194244605
0 0.6923828125 0.9453237410071943 0.0224609375 0.011510791366906475
0 0.0380859375 0.7230215827338129 0.0244140625 0.01870503597122302
0 0.107421875 0.7107913669064748 0.0234375 0.023741007194244605
0 0.1357421875 0.6913669064748201 0.0205078125 0.02014388489208633
0 0.1767578125 0.6942446043165468 0.01953125 0.017266187050359712
0 0.1806640625 0.6611510791366907 0.021484375 0.020863309352517987
0 0.111328125 0.6633093525179856 0.0185546875 0.017985611510791366
0 0.0625 0.7107913669064748 0.0263671875 0.023741007194244605
0 0.2998046875 0.660431654676259 0.0224609375 0.017266187050359712
0 0.2333984375 0.6424460431654676 0.0185546875 0.017266187050359712
0 0.16796875 0.6424460431654676 0.0205078125 0.017985611510791366
0 0.1943359375 0.6309352517985611 0.0224609375 0.01870503597122302
0 0.0263671875 0.6517985611510791 0.021484375 0.019424460431654675
0 0.0732421875 0.6330935251798561 0.017578125 0.012949640287769784
0 0.2314453125 0.5712230215827339 0.0146484375 0.017266187050359712
0 0.25 0.5640287769784172 0.015625 0.015107913669064749
0 0.265625 0.5453237410071943 0.013671875 0.012949640287769784
0 0.2998046875 0.5467625899280576 0.017578125 0.015107913669064749
0 0.3515625 0.5820143884892086 0.015625 0.015827338129496403
0 0.673828125 0.2517985611510791 0.0078125 0.007194244604316547
0 0.6630859375 0.24028776978417266 0.0068359375 0.007194244604316547
0 0.611328125 0.20647482014388488 0.0068359375 0.006474820143884892
0 0.5908203125 0.20071942446043164 0.0068359375 0.006474820143884892
0 0.609375 0.19640287769784173 0.005859375 0.004316546762589928
0 0.6220703125 0.20287769784172663 0.0048828125 0.004316546762589928
0 0.5302734375 0.19784172661870503 0.0068359375 0.006474820143884892
0 0.5185546875 0.1683453237410072 0.005859375 0.005035971223021582
0 0.4833984375 0.17625899280575538 0.005859375 0.007194244604316547
0 0.7353515625 0.7985611510791367 0.0283203125 0.029496402877697843
0 0.7578125 0.7748201438848921 0.0263671875 0.023741007194244605
0 0.7353515625 0.760431654676259 0.021484375 0.017985611510791366
0 0.66796875 0.7424460431654676 0.0224609375 0.01870503597122302
0 0.62109375 0.814388489208633 0.0224609375 0.016546762589928057
0 0.5830078125 0.7884892086330936 0.0224609375 0.017266187050359712
0 0.5810546875 0.7669064748201438 0.0146484375 0.017266187050359712
0 0.548828125 0.7633093525179856 0.0234375 0.025899280575539568
0 0.5947265625 0.7388489208633093 0.0224609375 0.025179856115107913
0 0.607421875 0.7410071942446043 0.0146484375 0.02014388489208633
0 0.6474609375 0.7151079136690648 0.0205078125 0.02446043165467626
0 0.6025390625 0.7151079136690648 0.0185546875 0.017266187050359712
0 0.5673828125 0.720863309352518 0.017578125 0.017266187050359712
0 0.517578125 0.7258992805755395 0.0205078125 0.016546762589928057
0 0.5263671875 0.762589928057554 0.0205078125 0.019424460431654675
0 0.466796875 0.7366906474820144 0.0234375 0.02158273381294964
0 0.3681640625 0.5805755395683453 0.0166015625 0.010071942446043165
0 0.4130859375 0.5856115107913669 0.017578125 0.01870503597122302
0 0.4521484375 0.5697841726618705 0.015625 0.016546762589928057
0 0.4072265625 0.6179856115107913 0.01953125 0.017266187050359712
0 0.4462890625 0.6280575539568345 0.0205078125 0.017266187050359712
0 0.435546875 0.6122302158273382 0.017578125 0.012949640287769784
0 0.36328125 0.6388489208633094 0.0205078125 0.02014388489208633
0 0.4228515625 0.6553956834532374 0.015625 0.015827338129496403
0 0.4716796875 0.6532374100719425 0.0185546875 0.01870503597122302
0 0.341796875 0.6805755395683454 0.0224609375 0.023741007194244605
0 0.44140625 0.679136690647482 0.0185546875 0.01870503597122302
0 0.30859375 0.6532374100719425 0.0146484375 0.01870503597122302
0 0.3359375 0.6273381294964029 0.017578125 0.01870503597122302
0 0.3486328125 0.6172661870503597 0.01953125 0.017266187050359712
0 0.365234375 0.6057553956834533 0.0166015625 0.016546762589928057
0 0.5166015625 0.6661870503597123 0.021484375 0.012949640287769784
0 0.5458984375 0.6640287769784172 0.017578125 0.01870503597122302
0 0.609375 0.6848920863309352 0.0166015625 0.02158273381294964
0 0.5927734375 0.6741007194244605 0.01953125 0.016546762589928057
0 0.583984375 0.6402877697841727 0.0205078125 0.023741007194244605
0 0.6103515625 0.6129496402877698 0.021484375 0.020863309352517987
0 0.5048828125 0.6474820143884892 0.01953125 0.014388489208633094
0 0.5126953125 0.6352517985611511 0.015625 0.00935251798561151
0 0.5361328125 0.5719424460431655 0.017578125 0.012949640287769784
0 0.2490234375 0.6330935251798561 0.0185546875 0.017266187050359712
0 0.6044921875 0.5870503597122302 0.017578125 0.01870503597122302
0 0.6181640625 0.5784172661870504 0.015625 0.015827338129496403
0 0.6298828125 0.6230215827338129 0.015625 0.016546762589928057
0 0.5546875 0.5597122302158274 0.0185546875 0.019424460431654675
0 0.57421875 0.5539568345323741 0.0166015625 0.013669064748201438
0 0.6103515625 0.5575539568345323 0.0166015625 0.01079136690647482
0 0.640625 0.5618705035971223 0.017578125 0.014388489208633094
0 0.6787109375 0.5690647482014388 0.015625 0.01079136690647482
0 0.6767578125 0.597841726618705 0.017578125 0.01079136690647482
0 0.6904296875 0.6366906474820144 0.0146484375 0.015827338129496403
0 0.712890625 0.6136690647482015 0.0205078125 0.015827338129496403
0 0.740234375 0.6294964028776978 0.017578125 0.019424460431654675
0 0.771484375 0.6366906474820144 0.0234375 0.01870503597122302
0 0.7724609375 0.5913669064748202 0.01953125 0.015827338129496403
0 0.8330078125 0.6151079136690647 0.009765625 0.01223021582733813
0 0.7451171875 0.581294964028777 0.01953125 0.014388489208633094
0 0.7158203125 0.5503597122302158 0.0166015625 0.016546762589928057
0 0.771484375 0.5582733812949641 0.0166015625 0.014388489208633094
0 0.6572265625 0.5460431654676259 0.0185546875 0.015107913669064749
0 0.6162109375 0.5453237410071943 0.0146484375 0.011510791366906475
0 0.8935546875 0.5410071942446043 0.009765625 0.012949640287769784
0 0.7587890625 0.520863309352518 0.0166015625 0.014388489208633094
0 0.7705078125 0.5064748201438849 0.0126953125 0.01223021582733813
0 0.7568359375 0.48633093525179855 0.013671875 0.015827338129496403
0 0.7744140625 0.479136690647482 0.0107421875 0.007913669064748202
0 0.74609375 0.4827338129496403 0.015625 0.015827338129496403
0 0.7119140625 0.5 0.015625 0.01079136690647482
0 0.701171875 0.5294964028776978 0.015625 0.015827338129496403
0 0.69140625 0.5266187050359712 0.0126953125 0.015827338129496403
0 0.6484375 0.5316546762589928 0.015625 0.015827338129496403
0 0.654296875 0.5223021582733813 0.0166015625 0.011510791366906475
0 0.66015625 0.5050359712230216 0.017578125 0.017985611510791366
0 0.5654296875 0.5352517985611511 0.015625 0.013669064748201438
0 0.5869140625 0.49640287769784175 0.01953125 0.014388489208633094
0 0.62109375 0.4892086330935252 0.015625 0.012949640287769784
0 0.5615234375 0.5028776978417266 0.013671875 0.014388489208633094
0 0.525390625 0.5316546762589928 0.017578125 0.015827338129496403
0 0.53515625 0.4985611510791367 0.0146484375 0.010071942446043165
0 0.5498046875 0.48848920863309353 0.0146484375 0.01223021582733813
0 0.5869140625 0.4748201438848921 0.0146484375 0.011510791366906475
0 0.5244140625 0.4712230215827338 0.015625 0.012949640287769784
0 0.513671875 0.5194244604316547 0.0185546875 0.01223021582733813
0 0.505859375 0.5582733812949641 0.015625 0.012949640287769784
0 0.470703125 0.5467625899280576 0.01953125 0.016546762589928057
0 0.4169921875 0.5525179856115108 0.0205078125 0.015107913669064749
0 0.4365234375 0.5460431654676259 0.0146484375 0.01223021582733813
0 0.3935546875 0.5381294964028777 0.015625 0.013669064748201438
0 0.3837890625 0.5237410071942447 0.017578125 0.016546762589928057
0 0.388671875 0.5028776978417266 0.013671875 0.014388489208633094
0 0.3974609375 0.4841726618705036 0.0146484375 0.013669064748201438
0 0.3837890625 0.4892086330935252 0.0146484375 0.010071942446043165
0 0.50390625 0.4827338129496403 0.0126953125 0.01223021582733813
0 0.568359375 0.48633093525179855 0.015625 0.010071942446043165
0 0.6162109375 0.4589928057553957 0.013671875 0.012949640287769784
0 0.5732421875 0.4618705035971223 0.0107421875 0.007913669064748202
0 0.4814453125 0.4856115107913669 0.013671875 0.013669064748201438
0 0.4404296875 0.479136690647482 0.0126953125 0.00935251798561151
0 0.400390625 0.46474820143884893 0.013671875 0.00935251798561151
0 0.4638671875 0.45323741007194246 0.0146484375 0.013669064748201438
0 0.3427734375 0.48633093525179855 0.0146484375 0.012949640287769784
0 0.3759765625 0.45755395683453237 0.013671875 0.007913669064748202
0 0.4091796875 0.44964028776978415 0.01171875 0.012949640287769784
0 0.328125 0.44964028776978415 0.017578125 0.015107913669064749
0 0.341796875 0.44532374100719424 0.0107421875 0.01079136690647482
0 0.3125 0.4568345323741007 0.0126953125 0.01223021582733813
0 0.296875 0.5086330935251798 0.015625 0.015107913669064749
0 0.2646484375 0.5007194244604316 0.017578125 0.015107913669064749
0 0.2880859375 0.48345323741007196 0.0166015625 0.016546762589928057
0 0.220703125 0.5316546762589928 0.017578125 0.017985611510791366
0 0.26953125 0.48345323741007196 0.0166015625 0.011510791366906475
0 0.4248046875 0.44676258992805756 0.0107421875 0.010071942446043165
0 0.3291015625 0.42589928057553955 0.0146484375 0.013669064748201438
0 0.27734375 0.42949640287769786 0.013671875 0.012949640287769784
0 0.2705078125 0.4553956834532374 0.01171875 0.010071942446043165
0 0.1943359375 0.5071942446043165 0.0146484375 0.017266187050359712
0 0.2001953125 0.4784172661870504 0.0078125 0.012949640287769784
0 0.1884765625 0.47985611510791365 0.017578125 0.012949640287769784
0 0.1796875 0.46258992805755395 0.015625 0.012949640287769784
0 0.2021484375 0.4676258992805755 0.0126953125 0.013669064748201438
0 0.1787109375 0.5158273381294964 0.0166015625 0.017985611510791366
0 0.1513671875 0.4935251798561151 0.015625 0.014388489208633094
0 0.107421875 0.520863309352518 0.017578125 0.012949640287769784
0 0.0595703125 0.5194244604316547 0.0166015625 0.012949640287769784
0 0.1123046875 0.49280575539568344 0.0146484375 0.015107913669064749
0 0.0673828125 0.4913669064748201 0.017578125 0.014388489208633094
0 0.08984375 0.48345323741007196 0.013671875 0.01079136690647482
0 0.1337890625 0.46474820143884893 0.015625 0.015107913669064749
0 0.0966796875 0.4654676258992806 0.0166015625 0.015827338129496403
0 0.140625 0.45179856115107914 0.013671875 0.015827338129496403
0 0.0859375 0.4460431654676259 0.013671875 0.01079136690647482
0 0.0595703125 0.4546762589928058 0.015625 0.015827338129496403
0 0.1953125 0.43597122302158275 0.013671875 0.01223021582733813
0 0.2294921875 0.43237410071942445 0.005859375 0.010071942446043165
0 0.25390625 0.4244604316546763 0.01171875 0.008633093525179856
0 0.1591796875 0.43381294964028777 0.0146484375 0.014388489208633094
0 0.150390625 0.4381294964028777 0.009765625 0.00935251798561151
0 0.166015625 0.418705035971223 0.0126953125 0.012949640287769784
0 0.1259765625 0.4143884892086331 0.0126953125 0.012949640287769784
0 0.14453125 0.4035971223021583 0.01171875 0.012949640287769784
0 0.0947265625 0.4071942446043165 0.0126953125 0.01223021582733813
0 0.1064453125 0.4014388489208633 0.01171875 0.01223021582733813
0 0.091796875 0.4330935251798561 0.0126953125 0.010071942446043165
0 0.06640625 0.4446043165467626 0.0146484375 0.007913669064748202
0 0.033203125 0.4589928057553957 0.0126953125 0.00935251798561151
0 0.0400390625 0.4762589928057554 0.01953125 0.014388489208633094
0 0.0244140625 0.49640287769784175 0.015625 0.015827338129496403
0 0.056640625 0.4251798561151079 0.01171875 0.01079136690647482
0 0.0478515625 0.40863309352517985 0.0107421875 0.01079136690647482
0 0.0244140625 0.4712230215827338 0.0146484375 0.011510791366906475
0 0.0390625 0.38848920863309355 0.013671875 0.013669064748201438
0 0.0849609375 0.3712230215827338 0.013671875 0.010071942446043165
0 0.0302734375 0.37410071942446044 0.0146484375 0.010071942446043165
0 0.046875 0.3597122302158273 0.013671875 0.012949640287769784
0 0.072265625 0.36906474820143886 0.009765625 0.01079136690647482
0 0.1083984375 0.35827338129496406 0.009765625 0.008633093525179856
0 0.0654296875 0.3532374100719424 0.0107421875 0.01079136690647482
0 0.111328125 0.3899280575539568 0.005859375 0.00935251798561151
0 0.1533203125 0.3942446043165468 0.009765625 0.00935251798561151
0 0.1259765625 0.3553956834532374 0.0107421875 0.011510791366906475
0 0.0537109375 0.39280575539568346 0.0078125 0.010071942446043165
0 0.140625 0.3510791366906475 0.01171875 0.012949640287769784
0 0.6806640625 0.46474820143884893 0.015625 0.014388489208633094
0 0.7119140625 0.45611510791366905 0.0146484375 0.015107913669064749
0 0.72265625 0.4489208633093525 0.013671875 0.012949640287769784
0 0.7470703125 0.4460431654676259 0.0087890625 0.010071942446043165
0 0.7734375 0.46474820143884893 0.0146484375 0.010071942446043165
0 0.7568359375 0.47050359712230216 0.0087890625 0.011510791366906475
0 0.77734375 0.4482014388489209 0.01171875 0.007194244604316547
0 0.76953125 0.42949640287769786 0.01171875 0.01223021582733813
0 0.740234375 0.42805755395683454 0.0126953125 0.011510791366906475
0 0.66015625 0.4316546762589928 0.0166015625 0.014388489208633094
0 0.654296875 0.45971223021582736 0.0146484375 0.013669064748201438
0 0.6376953125 0.46618705035971225 0.0126953125 0.010071942446043165
0 0.60546875 0.43381294964028777 0.01171875 0.012949640287769784
0 0.56640625 0.437410071942446 0.0146484375 0.011510791366906475
0 0.537109375 0.4438848920863309 0.0166015625 0.013669064748201438
0 0.5146484375 0.4474820143884892 0.01171875 0.012949640287769784
0 0.48046875 0.4489208633093525 0.013671875 0.012949640287769784
0 0.693359375 0.42949640287769786 0.0126953125 0.010071942446043165
0 0.6494140625 0.43237410071942445 0.0107421875 0.008633093525179856
0 0.71484375 0.41007194244604317 0.009765625 0.010071942446043165
0 0.7626953125 0.40863309352517985 0.01171875 0.01223021582733813
0 0.767578125 0.4035971223021583 0.0087890625 0.010071942446043165
0 0.732421875 0.3942446043165468 0.01171875 0.01079136690647482
0 0.703125 0.40215827338129495 0.0126953125 0.00935251798561151
0 0.6748046875 0.41510791366906474 0.0146484375 0.012949640287769784
0 0.6796875 0.40431654676258993 0.01171875 0.01079136690647482
0 0.6640625 0.4035971223021583 0.0087890625 0.010071942446043165
0 0.6708984375 0.38920863309352516 0.0126953125 0.01079136690647482
0 0.69921875 0.38848920863309355 0.01171875 0.010071942446043165
0 0.7548828125 0.38705035971223023 0.009765625 0.010071942446043165
0 0.7685546875 0.38489208633093525 0.0126953125 0.014388489208633094
0 0.7109375 0.379136690647482 0.01171875 0.011510791366906475
0 0.6533203125 0.3856115107913669 0.0126953125 0.01223021582733813
0 0.6298828125 0.38201438848920866 0.01171875 0.008633093525179856
0 0.5517578125 0.42589928057553955 0.013671875 0.01223021582733813
0 0.5771484375 0.420863309352518 0.01171875 0.00935251798561151
0 0.5888671875 0.40071942446043163 0.0126953125 0.013669064748201438
0 0.6123046875 0.40431654676258993 0.01171875 0.01079136690647482
0 0.6005859375 0.42158273381294964 0.01171875 0.008633093525179856
0 0.6279296875 0.4158273381294964 0.01171875 0.007913669064748202
0 0.5732421875 0.40071942446043163 0.0126953125 0.011510791366906475
0 0.541015625 0.40863309352517985 0.0126953125 0.007913669064748202
0 0.5263671875 0.42302158273381296 0.0146484375 0.014388489208633094
0 0.53125 0.4028776978417266 0.013671875 0.01079136690647482
0 0.5234375 0.38920863309352516 0.01171875 0.01079136690647482
0 0.5625 0.3877697841726619 0.0126953125 0.010071942446043165
0 0.5419921875 0.38057553956834533 0.0107421875 0.011510791366906475
0 0.5087890625 0.3856115107913669 0.0126953125 0.01079136690647482
0 0.4755859375 0.4064748201438849 0.01171875 0.01223021582733813
0 0.4912109375 0.4050359712230216 0.01171875 0.013669064748201438
0 0.4609375 0.4 0.0107421875 0.011510791366906475
0 0.451171875 0.43381294964028777 0.013671875 0.010071942446043165
0 0.4384765625 0.41294964028776976 0.01171875 0.007913669064748202
0 0.4990234375 0.4381294964028777 0.0126953125 0.007913669064748202
0 0.4052734375 0.41510791366906474 0.0107421875 0.010071942446043165
0 0.359375 0.4143884892086331 0.009765625 0.00935251798561151
0 0.185546875 0.34532374100719426 0.0107421875 0.01079136690647482
0 0.462890625 0.3856115107913669 0.0126953125 0.01223021582733813
0 0.4658203125 0.37194244604316545 0.009765625 0.01079136690647482
0 0.4599609375 0.3532374100719424 0.009765625 0.010071942446043165
0 0.4560546875 0.3446043165467626 0.0087890625 0.007194244604316547
0 0.46484375 0.3366906474820144 0.0087890625 0.01079136690647482
0 0.4541015625 0.33093525179856115 0.0078125 0.007913669064748202
0 0.427734375 0.3258992805755396 0.009765625 0.011510791366906475
0 0.41796875 0.32877697841726616 0.009765625 0.010071942446043165
0 0.3955078125 0.31654676258992803 0.009765625 0.008633093525179856
0 0.4296875 0.31510791366906477 0.009765625 0.007913669064748202
0 0.4384765625 0.31654676258992803 0.0087890625 0.010071942446043165
0 0.380859375 0.32014388489208634 0.009765625 0.006474820143884892
0 0.3466796875 0.3194244604316547 0.009765625 0.008633093525179856
0 0.3564453125 0.3143884892086331 0.0107421875 0.007913669064748202
0 0.3251953125 0.3258992805755396 0.0087890625 0.007913669064748202
0 0.322265625 0.31366906474820144 0.0107421875 0.010071942446043165
0 0.3095703125 0.3273381294964029 0.009765625 0.005035971223021582
0 0.2841796875 0.3338129496402878 0.0107421875 0.01079136690647482
0 0.2666015625 0.32446043165467625 0.0107421875 0.01079136690647482
0 0.2509765625 0.33237410071942447 0.0107421875 0.008633093525179856
0 0.2353515625 0.34676258992805753 0.009765625 0.007913669064748202
0 0.2255859375 0.3366906474820144 0.0078125 0.01079136690647482
0 0.228515625 0.33093525179856115 0.0126953125 0.011510791366906475
0 0.1552734375 0.3338129496402878 0.009765625 0.01079136690647482
0 0.1708984375 0.32877697841726616 0.009765625 0.006474820143884892
0 0.1884765625 0.32661870503597124 0.0107421875 0.007913669064748202
0 0.203125 0.33309352517985613 0.009765625 0.008633093525179856
0 0.2197265625 0.3294964028776978 0.009765625 0.008633093525179856
0 0.2236328125 0.31654676258992803 0.009765625 0.008633093525179856
0 0.189453125 0.31366906474820144 0.009765625 0.007194244604316547
0 0.291015625 0.3057553956834532 0.009765625 0.008633093525179856
0 0.3505859375 0.3057553956834532 0.0107421875 0.007913669064748202
0 0.3876953125 0.30863309352517987 0.0087890625 0.007913669064748202
0 0.4150390625 0.3129496402877698 0.0087890625 0.008633093525179856
0 0.404296875 0.3035971223021583 0.0087890625 0.005035971223021582
0 0.44140625 0.30287769784172663 0.0078125 0.006474820143884892
0 0.455078125 0.302158273381295 0.0087890625 0.007913669064748202
0 0.310546875 0.302158273381295 0.0107421875 0.01079136690647482
0 0.25 0.3035971223021583 0.0078125 0.007194244604316547
0 0.2041015625 0.3043165467625899 0.009765625 0.010071942446043165
0 0.1533203125 0.3100719424460432 0.0087890625 0.006474820143884892
0 0.80078125 0.38920863309352516 0.01171875 0.008633093525179856
0 0.8134765625 0.3733812949640288 0.01171875 0.008633093525179856
0 0.78515625 0.36546762589928056 0.0107421875 0.007194244604316547
0 0.7421875 0.3697841726618705 0.009765625 0.011510791366906475
0 0.689453125 0.36762589928057554 0.0126953125 0.01223021582733813
0 0.734375 0.360431654676259 0.0107421875 0.011510791366906475
0 0.7509765625 0.3359712230215827 0.0107421875 0.011510791366906475
0 0.7373046875 0.3431654676258993 0.0126953125 0.007913669064748202
0 0.70703125 0.34388489208633094 0.01171875 0.01079136690647482
0 0.693359375 0.34532374100719426 0.0087890625 0.00935251798561151
0 0.6826171875 0.3597122302158273 0.0107421875 0.007913669064748202
0 0.6669921875 0.3697841726618705 0.01171875 0.008633093525179856
0 0.88671875 0.4223021582733813 0.0107421875 0.007913669064748202
0 0.6630859375 0.35611510791366907 0.0078125 0.007913669064748202
0 0.68359375 0.3273381294964029 0.009765625 0.008633093525179856
0 0.7041015625 0.33237410071942447 0.01171875 0.010071942446043165
0 0.7001953125 0.31798561151079136 0.0078125 0.007913669064748202
0 0.63671875 0.33093525179856115 0.009765625 0.008633093525179856
0 0.650390625 0.3474820143884892 0.0107421875 0.007194244604316547
0 0.6298828125 0.36115107913669064 0.01171875 0.00935251798561151
0 0.61328125 0.379136690647482 0.01171875 0.010071942446043165
0 0.6376953125 0.37985611510791367 0.0078125 0.008633093525179856
0 0.6083984375 0.3683453237410072 0.0107421875 0.007913669064748202
0 0.611328125 0.34532374100719426 0.009765625 0.007913669064748202
0 0.595703125 0.35035971223021584 0.0087890625 0.00935251798561151
0 0.587890625 0.35899280575539566 0.0107421875 0.012949640287769784
0 0.5732421875 0.3712230215827338 0.0107421875 0.01079136690647482
0 0.552734375 0.3683453237410072 0.01171875 0.011510791366906475
0 0.5517578125 0.35899280575539566 0.01171875 0.007913669064748202
0 0.5439453125 0.34676258992805753 0.0107421875 0.0057553956834532375
0 0.5830078125 0.3359712230215827 0.0107421875 0.010071942446043165
0 0.58984375 0.3359712230215827 0.0078125 0.007913669064748202
0 0.58203125 0.31366906474820144 0.0087890625 0.007194244604316547
0 0.5595703125 0.32805755395683456 0.009765625 0.010071942446043165
0 0.6025390625 0.31510791366906477 0.0068359375 0.006474820143884892
0 0.5947265625 0.3 0.0087890625 0.007913669064748202
0 0.5615234375 0.31654676258992803 0.009765625 0.010071942446043165
0 0.529296875 0.3107913669064748 0.0107421875 0.008633093525179856
0 0.54296875 0.33309352517985613 0.0087890625 0.008633093525179856
0 0.53125 0.29784172661870506 0.0107421875 0.00935251798561151
0 0.48828125 0.32446043165467625 0.009765625 0.01223021582733813
0 0.4970703125 0.31654676258992803 0.009765625 0.007913669064748202
0 0.4990234375 0.30863309352517987 0.0087890625 0.007913669064748202
0 0.4755859375 0.3143884892086331 0.0078125 0.010071942446043165
0 0.48046875 0.3079136690647482 0.009765625 0.008633093525179856
0 0.494140625 0.3 0.009765625 0.008633093525179856
0 0.5185546875 0.28992805755395684 0.009765625 0.00935251798561151
0 0.548828125 0.28776978417266186 0.0107421875 0.010071942446043165
0 0.4697265625 0.30071942446043165 0.009765625 0.007913669064748202
0 0.4609375 0.28776978417266186 0.009765625 0.010071942446043165
0 0.474609375 0.2884892086330935 0.0078125 0.008633093525179856
0 0.4951171875 0.28776978417266186 0.0068359375 0.007194244604316547
0 0.509765625 0.2827338129496403 0.0068359375 0.007913669064748202
0 0.435546875 0.2870503597122302 0.009765625 0.008633093525179856
0 0.400390625 0.2956834532374101 0.0078125 0.007194244604316547
0 0.3759765625 0.29856115107913667 0.0078125 0.00935251798561151
0 0.3291015625 0.2992805755395683 0.0087890625 0.008633093525179856
0 0.3642578125 0.2956834532374101 0.0087890625 0.008633093525179856
0 0.3134765625 0.28345323741007195 0.0078125 0.00935251798561151
0 0.41015625 0.28129496402877696 0.009765625 0.010071942446043165
0 0.44921875 0.28129496402877696 0.0087890625 0.008633093525179856
0 0.4267578125 0.27482014388489207 0.0087890625 0.008633093525179856
0 0.4755859375 0.27266187050359714 0.0078125 0.008633093525179856
0 0.5458984375 0.2654676258992806 0.0078125 0.008633093525179856
0 0.5615234375 0.2669064748201439 0.0078125 0.007913669064748202
0 0.5478515625 0.2755395683453237 0.0078125 0.006474820143884892
0 0.43359375 0.2647482014388489 0.0078125 0.008633093525179856
0 0.4736328125 0.2589928057553957 0.0078125 0.007913669064748202
0 0.46484375 0.25971223021582734 0.0087890625 0.008633093525179856
0 0.396484375 0.27697841726618705 0.009765625 0.010071942446043165
0 0.3837890625 0.2827338129496403 0.0087890625 0.00935251798561151
0 0.3271484375 0.2820143884892086 0.0078125 0.008633093525179856
0 0.33203125 0.27841726618705037 0.0087890625 0.008633093525179856
0 0.296875 0.29280575539568343 0.009765625 0.008633093525179856
0 0.3056640625 0.27841726618705037 0.009765625 0.00935251798561151
0 0.3232421875 0.2719424460431655 0.0068359375 0.0057553956834532375
0 0.3427734375 0.26618705035971224 0.0087890625 0.006474820143884892
0 0.35546875 0.2669064748201439 0.0078125 0.007913669064748202
0 0.41796875 0.2654676258992806 0.0087890625 0.007194244604316547
0 0.3603515625 0.260431654676259 0.0078125 0.008633093525179856
0 0.3662109375 0.25611510791366904 0.0087890625 0.007913669064748202
0 0.3857421875 0.2568345323741007 0.009765625 0.00935251798561151
0 0.3984375 0.2568345323741007 0.0078125 0.006474820143884892
0 0.4208984375 0.25611510791366904 0.0087890625 0.007913669064748202
0 0.458984375 0.2489208633093525 0.0087890625 0.007913669064748202
0 0.322265625 0.2517985611510791 0.0068359375 0.006474820143884892
0 0.314453125 0.2474820143884892 0.0078125 0.00935251798561151
0 0.298828125 0.26258992805755393 0.0078125 0.010071942446043165
0 0.6318359375 0.31510791366906477 0.005859375 0.007913669064748202
0 0.4833984375 0.24820143884892087 0.005859375 0.0057553956834532375
0 0.4677734375 0.24028776978417266 0.0078125 0.007194244604316547
0 0.49609375 0.2589928057553957 0.0068359375 0.0057553956834532375
0 0.2685546875 0.2884892086330935 0.009765625 0.007913669064748202
0 0.2294921875 0.2892086330935252 0.0087890625 0.00935251798561151
0 0.2236328125 0.2805755395683453 0.009765625 0.007194244604316547
0 0.26953125 0.2755395683453237 0.0107421875 0.00935251798561151
0 0.2451171875 0.2755395683453237 0.0078125 0.0057553956834532375
0 0.2568359375 0.27050359712230215 0.005859375 0.006474820143884892
0 0.26171875 0.25611510791366904 0.0078125 0.007913669064748202
0 0.2216796875 0.25539568345323743 0.009765625 0.00935251798561151
0 0.23828125 0.2474820143884892 0.0078125 0.007194244604316547
0 0.2529296875 0.2474820143884892 0.0078125 0.007194244604316547
0 0.2744140625 0.25107913669064746 0.0078125 0.007194244604316547
0 0.255859375 0.23597122302158274 0.0087890625 0.007913669064748202
0 0.2080078125 0.24244604316546764 0.0087890625 0.007913669064748202
0 0.2060546875 0.27482014388489207 0.009765625 0.00935251798561151
0 0.19921875 0.2820143884892086 0.009765625 0.010071942446043165
0 0.1845703125 0.3043165467625899 0.0078125 0.0057553956834532375
0 0.1396484375 0.3057553956834532 0.013671875 0.01223021582733813
0 0.10546875 0.3316546762589928 0.0126953125 0.011510791366906475
0 0.087890625 0.32805755395683456 0.0048828125 0.00935251798561151
0 0.091796875 0.32805755395683456 0.0048828125 0.00935251798561151
0 0.0732421875 0.3359712230215827 0.0126953125 0.011510791366906475
0 0.103515625 0.34388489208633094 0.0126953125 0.010071942446043165
0 0.15625 0.34676258992805753 0.0126953125 0.011510791366906475
0 0.05859375 0.320863309352518 0.0087890625 0.01079136690647482
0 0.0517578125 0.33525179856115106 0.01171875 0.01079136690647482
0 0.0439453125 0.3079136690647482 0.0107421875 0.00935251798561151
0 0.0556640625 0.3057553956834532 0.013671875 0.008633093525179856
0 0.125 0.3057553956834532 0.013671875 0.01079136690647482
0 0.09765625 0.3107913669064748 0.0126953125 0.006474820143884892
0 0.1767578125 0.30287769784172663 0.0078125 0.006474820143884892
0 0.1669921875 0.2884892086330935 0.0087890625 0.008633093525179856
0 0.1298828125 0.2956834532374101 0.009765625 0.008633093525179856
0 0.146484375 0.27482014388489207 0.0087890625 0.007194244604316547
0 0.1591796875 0.2669064748201439 0.0068359375 0.005035971223021582
0 0.1884765625 0.2669064748201439 0.0087890625 0.007913669064748202
0 0.140625 0.2633093525179856 0.0078125 0.00935251798561151
0 0.134765625 0.27482014388489207 0.009765625 0.005035971223021582
0 0.125 0.26906474820143883 0.0087890625 0.008633093525179856
0 0.181640625 0.26258992805755393 0.0087890625 0.007913669064748202
0 0.1552734375 0.25107913669064746 0.0087890625 0.006474820143884892
0 0.1904296875 0.24820143884892087 0.0068359375 0.006474820143884892
0 0.185546875 0.25467625899280577 0.0068359375 0.005035971223021582
0 0.1630859375 0.24172661870503598 0.0068359375 0.007194244604316547
0 0.1787109375 0.23381294964028776 0.0078125 0.005035971223021582
0 0.1416015625 0.2381294964028777 0.0078125 0.0057553956834532375
0 0.1396484375 0.2539568345323741 0.009765625 0.007194244604316547
0 0.1201171875 0.258273381294964 0.01171875 0.00935251798561151
0 0.2783203125 0.27697841726618705 0.005859375 0.00935251798561151
0 0.15234375 0.22877697841726619 0.0068359375 0.007194244604316547
0 0.125 0.22805755395683452 0.0068359375 0.006474820143884892
0 0.126953125 0.2446043165467626 0.0078125 0.007913669064748202
0 0.2080078125 0.22805755395683452 0.0068359375 0.007194244604316547
0 0.234375 0.22949640287769785 0.0087890625 0.008633093525179856
0 0.267578125 0.23597122302158274 0.0068359375 0.007194244604316547
0 0.2724609375 0.23309352517985613 0.005859375 0.007194244604316547
0 0.28125 0.24100719424460432 0.0068359375 0.005035971223021582
0 0.2978515625 0.24100719424460432 0.0087890625 0.008633093525179856
0 0.548828125 0.2316546762589928 0.005859375 0.006474820143884892
0 0.59375 0.22589928057553957 0.005859375 0.0057553956834532375
0 0.6220703125 0.21007194244604316 0.005859375 0.007913669064748202
0 0.537109375 0.21510791366906476 0.0078125 0.007913669064748202
0 0.525390625 0.220863309352518 0.0068359375 0.006474820143884892
0 0.513671875 0.23309352517985613 0.005859375 0.0057553956834532375
0 0.51953125 0.22158273381294963 0.005859375 0.007913669064748202
0 0.4951171875 0.2093525179856115 0.005859375 0.007194244604316547
0 0.4873046875 0.1949640287769784 0.0078125 0.005035971223021582
0 0.4501953125 0.24028776978417266 0.0068359375 0.005035971223021582
0 0.466796875 0.22949640287769785 0.0078125 0.006474820143884892
0 0.474609375 0.22661870503597123 0.0068359375 0.007194244604316547
0 0.484375 0.2381294964028777 0.0068359375 0.006474820143884892
0 0.48046875 0.21294964028776978 0.005859375 0.0057553956834532375
0 0.427734375 0.2316546762589928 0.005859375 0.0057553956834532375
0 0.4443359375 0.21726618705035972 0.0087890625 0.007194244604316547
0 0.4521484375 0.21151079136690648 0.0078125 0.005035971223021582
0 0.4580078125 0.20359712230215826 0.0078125 0.006474820143884892
0 0.458984375 0.19640287769784173 0.005859375 0.0057553956834532375
0 0.4462890625 0.20503597122302158 0.0068359375 0.006474820143884892
0 0.4326171875 0.21366906474820144 0.0087890625 0.007194244604316547
0 0.4384765625 0.19928057553956835 0.0078125 0.005035971223021582
0 0.419921875 0.20071942446043164 0.005859375 0.005035971223021582
0 0.4404296875 0.18992805755395684 0.0068359375 0.005035971223021582
0 0.42578125 0.21942446043165467 0.0068359375 0.005035971223021582
0 0.4140625 0.21366906474820144 0.0087890625 0.005035971223021582
0 0.392578125 0.20359712230215826 0.0068359375 0.0057553956834532375
0 0.4013671875 0.19352517985611511 0.0068359375 0.005035971223021582
0 0.3994140625 0.1841726618705036 0.0068359375 0.005035971223021582
0 0.375 0.23884892086330936 0.0078125 0.007194244604316547
0 0.359375 0.22661870503597123 0.0078125 0.007913669064748202
0 0.3779296875 0.2237410071942446 0.0078125 0.008633093525179856
0 0.37109375 0.220863309352518 0.005859375 0.006474820143884892
0 0.345703125 0.23453237410071942 0.0068359375 0.007194244604316547
0 0.3515625 0.17985611510791366 0.005859375 0.0057553956834532375
0 0.3349609375 0.2143884892086331 0.0068359375 0.006474820143884892
0 0.328125 0.21510791366906476 0.0078125 0.007194244604316547
0 0.328125 0.20503597122302158 0.0078125 0.007194244604316547
0 0.322265625 0.22446043165467625 0.0078125 0.0057553956834532375
0 0.2998046875 0.21510791366906476 0.0068359375 0.006474820143884892
0 0.310546875 0.2093525179856115 0.0068359375 0.007194244604316547
0 0.3271484375 0.19136690647482013 0.0068359375 0.007194244604316547
0 0.2685546875 0.22014388489208633 0.0068359375 0.007194244604316547
0 0.2861328125 0.21007194244604316 0.0068359375 0.005035971223021582
0 0.2919921875 0.20359712230215826 0.005859375 0.005035971223021582
0 0.3076171875 0.18633093525179856 0.005859375 0.005035971223021582
0 0.2919921875 0.1841726618705036 0.005859375 0.005035971223021582
0 0.28515625 0.18920863309352517 0.005859375 0.0057553956834532375
0 0.2734375 0.1985611510791367 0.005859375 0.006474820143884892
0 0.265625 0.2 0.005859375 0.007194244604316547
0 0.2294921875 0.21726618705035972 0.0078125 0.007913669064748202
0 0.2373046875 0.2079136690647482 0.0068359375 0.005035971223021582
0 0.2431640625 0.20215827338129497 0.0068359375 0.007913669064748202
0 0.2109375 0.21726618705035972 0.0087890625 0.008633093525179856
0 0.2041015625 0.1985611510791367 0.0078125 0.007194244604316547
0 0.2138671875 0.1841726618705036 0.005859375 0.006474820143884892
0 0.1982421875 0.21294964028776978 0.0078125 0.007913669064748202
0 0.1533203125 0.21007194244604316 0.0068359375 0.007194244604316547
0 0.140625 0.20287769784172663 0.0068359375 0.007194244604316547
0 0.146484375 0.1949640287769784 0.0078125 0.007194244604316547
0 0.12890625 0.19784172661870503 0.0126953125 0.00935251798561151
0 0.16015625 0.1920863309352518 0.0078125 0.007194244604316547
0 0.16796875 0.18201438848920864 0.0068359375 0.0057553956834532375
0 0.17578125 0.1647482014388489 0.0048828125 0.005035971223021582
0 0.173828125 0.15323741007194244 0.0048828125 0.005035971223021582
0 0.2255859375 0.160431654676259 0.0048828125 0.0057553956834532375
0 0.2607421875 0.1553956834532374 0.005859375 0.005035971223021582
0 0.2705078125 0.15683453237410072 0.0048828125 0.005035971223021582
0 0.271484375 0.1683453237410072 0.005859375 0.004316546762589928
0 0.287109375 0.16906474820143885 0.005859375 0.006474820143884892
0 0.3212890625 0.16762589928057553 0.005859375 0.0057553956834532375
0 0.33984375 0.1697841726618705 0.005859375 0.007194244604316547
0 0.3466796875 0.16546762589928057 0.0048828125 0.005035971223021582
0 0.3818359375 0.17194244604316547 0.0048828125 0.0057553956834532375
0 0.376953125 0.160431654676259 0.005859375 0.0057553956834532375
0 0.310546875 0.1553956834532374 0.005859375 0.0057553956834532375
0 0.455078125 0.18129496402877698 0.0068359375 0.006474820143884892
0 0.4306640625 0.17266187050359713 0.0048828125 0.005035971223021582
0 0.435546875 0.15683453237410072 0.005859375 0.005035971223021582
0 0.4189453125 0.16762589928057553 0.005859375 0.0057553956834532375
0 0.4111328125 0.1553956834532374 0.005859375 0.0057553956834532375
0 0.416015625 0.15323741007194244 0.005859375 0.0057553956834532375
0 0.427734375 0.1539568345323741 0.005859375 0.005035971223021582
0 0.40625 0.15179856115107915 0.005859375 0.0057553956834532375
0 0.4013671875 0.1302158273381295 0.0048828125 0.004316546762589928
0 0.3740234375 0.1669064748201439 0.005859375 0.004316546762589928
0 0.345703125 0.1316546762589928 0.0048828125 0.005035971223021582
0 0.3017578125 0.13453237410071942 0.0048828125 0.0035971223021582736
0 0.279296875 0.13884892086330936 0.00390625 0.004316546762589928
0 0.265625 0.1381294964028777 0.005859375 0.0057553956834532375
0 0.4140625 0.13309352517985612 0.0048828125 0.005035971223021582
0 0.029296875 0.7956834532374101 0.021484375 0.007913669064748202
0 0.6826171875 0.4553956834532374 0.0146484375 0.01079136690647482