0 0.9619140625 0.39090909090909093 0.0341796875 0.024025974025974027
0 0.9033203125 0.4577922077922078 0.0517578125 0.03961038961038961
0 0.8671875 0.41233766233766234 0.0322265625 0.02727272727272727
0 0.8759765625 0.37792207792207794 0.029296875 0.024675324675324677
0 0.7685546875 0.38961038961038963 0.0615234375 0.06103896103896104
0 0.5654296875 0.4038961038961039 0.20703125 0.16493506493506493
0 0.298828125 0.32922077922077925 0.1455078125 0.1331168831168831
0 0.701171875 0.41883116883116883 0.1015625 0.09350649350649351
0 0.16015625 0.3538961038961039 0.0625 0.05909090909090909
0 0.1044921875 0.37792207792207794 0.052734375 0.03701298701298701
0 0.0615234375 0.3435064935064935 0.0546875 0.044805194805194806
0 0.01953125 0.35064935064935066 0.037109375 0.03831168831168831