0 0.9404296875 0.3870967741935484 0.021484375 0.04252199413489736
0 0.98828125 0.43255131964809385 0.01171875 0.024926686217008796
0 0.8681640625 0.43841642228739003 0.013671875 0.02346041055718475
0 0.6943359375 0.3387096774193548 0.0234375 0.04985337243401759
0 0.7265625 0.36656891495601174 0.0185546875 0.03812316715542522
0 0.8115234375 0.4736070381231672 0.005859375 0.011730205278592375
0 0.6142578125 0.45161290322580644 0.0107421875 0.01906158357771261
0 0.5380859375 0.43548387096774194 0.013671875 0.02932551319648094
0 0.4580078125 0.3973607038123167 0.0185546875 0.039589442815249266
0 0.3291015625 0.3489736070381232 0.02734375 0.04985337243401759
0 0.376953125 0.4178885630498534 0.013671875 0.02346041055718475
0 0.4814453125 0.4442815249266862 0.009765625 0.020527859237536656
0 0.2392578125 0.4046920821114369 0.0185546875 0.02932551319648094
0 0.1240234375 0.3944281524926686 0.0185546875 0.026392961876832845
0 0.0546875 0.3709677419354839 0.0205078125 0.030791788856304986
0 0.5771484375 0.46774193548387094 0.009765625 0.017595307917888565
0 0.650390625 0.45454545454545453 0.01171875 0.01906158357771261
0 0.1748046875 0.3973607038123167 0.013671875 0.02785923753665689