0 0.021484375 0.22148541114058357 0.0126953125 0.029177718832891247
0 0.033203125 0.23607427055702918 0.01171875 0.01989389920424403
0 0.0703125 0.20954907161803712 0.0146484375 0.026525198938992044
0 0.0966796875 0.17904509283819628 0.009765625 0.01856763925729443
0 0.1005859375 0.20822281167108753 0.0078125 0.011936339522546418
0 0.2412109375 0.22281167108753316 0.0703125 0.13395225464190982
0 0.310546875 0.16578249336870027 0.017578125 0.029177718832891247
0 0.4423828125 0.22281167108753316 0.0654296875 0.10875331564986737
0 0.5224609375 0.14986737400530503 0.0263671875 0.046419098143236075
0 0.6240234375 0.15782493368700265 0.01171875 0.021220159151193633
0 0.755859375 0.13395225464190982 0.068359375 0.129973474801061
0 0.935546875 0.1259946949602122 0.0458984375 0.0649867374005305
0 0.5869140625 0.14986737400530503 0.0224609375 0.04907161803713528
0 0.3447265625 0.22015915119363394 0.015625 0.050397877984084884
0 0.6748046875 0.16710875331564987 0.0068359375 0.011936339522546418