0 0.306640625 0.40625 0.021484375 0.032552083333333336
0 0.1357421875 0.36328125 0.015625 0.022135416666666668
0 0.720703125 0.14973958333333334 0.01953125 0.029947916666666668
0 0.7060546875 0.140625 0.015625 0.02734375
0 0.6396484375 0.16796875 0.01953125 0.024739583333333332
0 0.638671875 0.21744791666666666 0.0234375 0.032552083333333336
0 0.62890625 0.20052083333333334 0.015625 0.026041666666666668
0 0.6689453125 0.20703125 0.015625 0.0234375
0 0.8759765625 0.16666666666666666 0.03125 0.05859375
0 0.98046875 0.17447916666666666 0.03515625 0.03515625
0 0.94921875 0.11979166666666667 0.0263671875 0.041666666666666664
0 0.9462890625 0.08723958333333333 0.0234375 0.03515625
0 0.4775390625 0.3372395833333333 0.017578125 0.028645833333333332
0 0.4150390625 0.3216145833333333 0.013671875 0.028645833333333332
0 0.431640625 0.3216145833333333 0.01953125 0.037760416666666664
0 0.4931640625 0.2877604166666667 0.0166015625 0.029947916666666668
0 0.439453125 0.3880208333333333 0.0234375 0.033854166666666664
0 0.3828125 0.3294270833333333 0.01171875 0.018229166666666668
0 0.35546875 0.3307291666666667 0.015625 0.026041666666666668
0 0.34375 0.3854166666666667 0.03125 0.052083333333333336
0 0.3095703125 0.3606770833333333 0.0166015625 0.033854166666666664
0 0.3388671875 0.2877604166666667 0.0146484375 0.0234375
0 0.3662109375 0.2916666666666667 0.0234375 0.029947916666666668
0 0.3916015625 0.453125 0.04296875 0.05859375
0 0.2138671875 0.3072916666666667 0.0146484375 0.024739583333333332
0 0.26953125 0.3971354166666667 0.0205078125 0.036458333333333336
0 0.2041015625 0.421875 0.0224609375 0.0390625
0 0.1650390625 0.3294270833333333 0.0166015625 0.024739583333333332
0 0.55078125 0.24088541666666666 0.0166015625 0.029947916666666668
0 0.8095703125 0.2513020833333333 0.037109375 0.0703125
0 0.3564453125 0.4609375 0.0283203125 0.049479166666666664
0 0.8232421875 0.3502604166666667 0.048828125 0.0859375
0 0.646484375 0.4934895833333333 0.1455078125 0.234375
0 0.427734375 0.5494791666666666 0.0634765625 0.09895833333333333
0 0.2958984375 0.6692708333333334 0.1064453125 0.16796875
0 0.166015625 0.5833333333333334 0.083984375 0.13151041666666666
0 0.064453125 0.5169270833333334 0.0693359375 0.09895833333333333
0 0.1025390625 0.4114583333333333 0.015625 0.024739583333333332
0 0.1591796875 0.4296875 0.017578125 0.0234375
0 0.2314453125 0.3307291666666667 0.0205078125 0.036458333333333336