0 0.958984375 0.5191740412979351 0.04296875 0.06784660766961652
0 0.8720703125 0.39233038348082594 0.0146484375 0.028023598820058997
0 0.8330078125 0.4631268436578171 0.0244140625 0.03982300884955752
0 0.7861328125 0.41887905604719766 0.0205078125 0.032448377581120944
0 0.7744140625 0.37168141592920356 0.0107421875 0.022123893805309734
0 0.7431640625 0.3864306784660767 0.0126953125 0.022123893805309734
0 0.763671875 0.42625368731563423 0.0126953125 0.029498525073746312
0 0.71875 0.3687315634218289 0.01171875 0.02064896755162242
0 0.7099609375 0.40412979351032446 0.013671875 0.022123893805309734
0 0.6943359375 0.37168141592920356 0.0078125 0.016224188790560472
0 0.6806640625 0.4174041297935103 0.0234375 0.038348082595870206
0 0.7255859375 0.4970501474926254 0.0302734375 0.05604719764011799
0 0.8046875 0.34513274336283184 0.0078125 0.017699115044247787
0 0.830078125 0.3466076696165192 0.0068359375 0.01032448377581121
0 0.8212890625 0.3480825958702065 0.0078125 0.01327433628318584
0 0.5771484375 0.39085545722713866 0.015625 0.02359882005899705
0 0.5341796875 0.4144542772861357 0.0244140625 0.038348082595870206
0 0.4326171875 0.415929203539823 0.013671875 0.029498525073746312
0 0.5029296875 0.5088495575221239 0.0458984375 0.08849557522123894
0 0.36328125 0.4424778761061947 0.02734375 0.045722713864306784
0 0.3173828125 0.4410029498525074 0.041015625 0.06489675516224189
0 0.2490234375 0.40707964601769914 0.025390625 0.0471976401179941
0 0.1904296875 0.4498525073746313 0.0322265625 0.0471976401179941
0 0.1708984375 0.4174041297935103 0.015625 0.025073746312684365
0 0.1396484375 0.42035398230088494 0.009765625 0.02654867256637168
0 0.146484375 0.37610619469026546 0.0087890625 0.02064896755162242
0 0.115234375 0.38200589970501475 0.0107421875 0.017699115044247787
0 0.091796875 0.4336283185840708 0.0302734375 0.048672566371681415
0 0.0634765625 0.39233038348082594 0.0126953125 0.028023598820058997
0 0.025390625 0.3997050147492625 0.01171875 0.028023598820058997
0 0.0126953125 0.41002949852507375 0.0126953125 0.030973451327433628
0 0.00390625 0.4144542772861357 0.0087890625 0.030973451327433628
0 0.0595703125 0.28023598820059 0.009765625 0.022123893805309734
0 0.005859375 0.2920353982300885 0.0087890625 0.02064896755162242
0 0.77734375 0.6533923303834809 0.0576171875 0.10619469026548672