0 0.9326171875 0.1071932299012694 0.0166015625 0.023977433004231313
0 0.865234375 0.09732016925246827 0.015625 0.02538787023977433
0 0.8173828125 0.1071932299012694 0.013671875 0.023977433004231313
0 0.990234375 0.07052186177715092 0.0126953125 0.022566995768688293
0 0.9794921875 0.7221438645980254 0.0322265625 0.05077574047954866
0 0.994140625 0.6417489421720733 0.01171875 0.04372355430183357
0 0.9560546875 0.5867418899858956 0.02734375 0.04231311706629055
0 0.9423828125 0.5176304654442877 0.029296875 0.04231311706629055
0 0.908203125 0.5937940761636107 0.033203125 0.047954866008462625
0 0.8779296875 0.692524682651622 0.03125 0.039492242595204514
0 0.841796875 0.7602256699576869 0.037109375 0.056417489421720736
0 0.8603515625 0.4978843441466855 0.029296875 0.047954866008462625
0 0.798828125 0.5599435825105783 0.0322265625 0.047954866008462625
0 0.7265625 0.5641748942172073 0.0302734375 0.04372355430183357
0 0.705078125 0.5148095909732017 0.029296875 0.045133991537376586
0 0.65234375 0.37376586741889983 0.025390625 0.03244005641748942
0 0.6396484375 0.5430183356840621 0.02734375 0.04231311706629055
0 0.7568359375 0.7390691114245416 0.03125 0.056417489421720736
0 0.650390625 0.7080394922425952 0.033203125 0.05077574047954866
0 0.6123046875 0.7771509167842031 0.0380859375 0.05782792665726375
0 0.603515625 0.6022566995768688 0.029296875 0.05077574047954866
0 0.533203125 0.5825105782792666 0.03125 0.04936530324400564
0 0.5205078125 0.764456981664316 0.0380859375 0.05782792665726375
0 0.4306640625 0.8279266572637518 0.037109375 0.056417489421720736
0 0.3408203125 0.7221438645980254 0.0322265625 0.05218617771509168
0 0.3671875 0.6586741889985895 0.033203125 0.04936530324400564
0 0.3388671875 0.846262341325811 0.0341796875 0.0535966149506347
0 0.41796875 0.7602256699576869 0.033203125 0.0535966149506347
0 0.5595703125 0.68688293370945 0.033203125 0.056417489421720736
0 0.4599609375 0.6572637517630465 0.0341796875 0.0535966149506347
0 0.302734375 0.6177715091678421 0.0302734375 0.05077574047954866
0 0.234375 0.8025387870239774 0.0361328125 0.06346967559943582
0 0.2509765625 0.6981664315937941 0.03125 0.04936530324400564
0 0.142578125 0.7531734837799718 0.0361328125 0.0535966149506347
0 0.0771484375 0.7376586741889986 0.0322265625 0.05500705218617771
0 0.0791015625 0.6445698166431594 0.029296875 0.05500705218617771
0 0.21875 0.5881523272214386 0.029296875 0.05077574047954866
0 0.5224609375 0.4033850493653032 0.0224609375 0.03385049365303244
0 0.466796875 0.38787023977433005 0.021484375 0.039492242595204514
0 0.4169921875 0.36671368124118475 0.0224609375 0.03526093088857546
0 0.392578125 0.42736248236953456 0.0234375 0.0380818053596615
0 0.333984375 0.3921015514809591 0.0224609375 0.036671368124118475
0 0.3642578125 0.3638928067700987 0.01953125 0.04090267983074753
0 0.21484375 0.39633286318758815 0.0234375 0.036671368124118475
0 0.2666015625 0.44287729196050774 0.0234375 0.039492242595204514
0 0.1376953125 0.44428772919605075 0.0244140625 0.04090267983074753
0 0.0830078125 0.4231311706629055 0.021484375 0.03526093088857546
0 0.16015625 0.4019746121297602 0.021484375 0.039492242595204514
0 0.1015625 0.3765867418899859 0.021484375 0.036671368124118475
0 0.19140625 0.31875881523272215 0.021484375 0.0380818053596615
0 0.25390625 0.3469675599435825 0.0166015625 0.029619181946403384
0 0.025390625 0.4076163610719323 0.0244140625 0.03526093088857546
0 0.0458984375 0.3695345557122708 0.0224609375 0.036671368124118475
0 0.0078125 0.32722143864598024 0.015625 0.045133991537376586
0 0.2236328125 0.2933709449929478 0.0146484375 0.03526093088857546
0 0.1455078125 0.5669957686882934 0.02734375 0.045133991537376586
0 0.716796875 0.6375176304654443 0.0322265625 0.0535966149506347
0 0.142578125 0.3004231311706629 0.025390625 0.039492242595204514
0 0.1025390625 0.2947813822284908 0.0185546875 0.036671368124118475
0 0.162109375 0.8645980253878702 0.0400390625 0.05923836389280677
0 0.0166015625 0.6995768688293371 0.033203125 0.06064880112834979
0 0.0087890625 0.44992947813822287 0.0185546875 0.045133991537376586
0 0.8759765625 0.5486600846262342 0.0244140625 0.045133991537376586
0 0.806640625 0.6473906911142454 0.03125 0.05077574047954866
0 0.3642578125 0.5486600846262342 0.0302734375 0.0465444287729196
0 0.009765625 0.6304654442877292 0.01953125 0.047954866008462625