0 0.052734375 0.5938661710037175 0.037109375 0.03903345724907063
0 0.4326171875 0.4795539033457249 0.0390625 0.04553903345724907
0 0.470703125 0.48977695167286245 0.025390625 0.03066914498141264
0 0.4951171875 0.5371747211895911 0.0302734375 0.041821561338289966
0 0.5859375 0.4739776951672863 0.021484375 0.02695167286245353
0 0.5224609375 0.5009293680297398 0.015625 0.020446096654275093
0 0.6572265625 0.5408921933085502 0.03515625 0.040892193308550186
0 0.7548828125 0.4944237918215613 0.029296875 0.0362453531598513
0 0.748046875 0.5650557620817844 0.033203125 0.04368029739776952
0 0.8173828125 0.5157992565055762 0.03515625 0.039962825278810406
0 0.9013671875 0.5306691449814126 0.0322265625 0.039962825278810406
0 0.75 0.7202602230483272 0.033203125 0.0362453531598513