0 0.0224609375 0.1986754966887417 0.0185546875 0.020695364238410598
0 0.0654296875 0.1763245033112583 0.01953125 0.01903973509933775
0 0.1259765625 0.08857615894039735 0.0166015625 0.016556291390728478
0 0.1923828125 0.17880794701986755 0.0185546875 0.019867549668874173
0 0.2880859375 0.08609271523178808 0.013671875 0.014900662251655629
0 0.271484375 0.1945364238410596 0.017578125 0.018211920529801324
0 0.3095703125 0.1804635761589404 0.0185546875 0.01903973509933775
0 0.5185546875 0.08195364238410596 0.0146484375 0.016556291390728478
0 0.4931640625 0.1771523178807947 0.0166015625 0.0173841059602649
0 0.5693359375 0.20198675496688742 0.015625 0.014900662251655629
0 0.5400390625 0.277317880794702 0.0224609375 0.024006622516556293
0 0.7529296875 0.006622516556291391 0.0146484375 0.014072847682119206
0 0.734375 0.08112582781456953 0.0146484375 0.0173841059602649
0 0.9072265625 0.0836092715231788 0.0146484375 0.015728476821192054
0 0.7421875 0.17052980132450332 0.0185546875 0.018211920529801324
0 0.849609375 0.17135761589403972 0.017578125 0.018211920529801324
0 0.7021484375 0.2640728476821192 0.01953125 0.02152317880794702
0 0.80859375 0.21026490066225165 0.015625 0.016556291390728478
0 0.9560546875 0.28394039735099336 0.01953125 0.019867549668874173
0 0.837890625 0.2640728476821192 0.0185546875 0.018211920529801324
0 0.0869140625 0.9122516556291391 0.0283203125 0.028145695364238412
0 0.2255859375 0.9122516556291391 0.0283203125 0.028145695364238412
0 0.369140625 0.9114238410596026 0.02734375 0.03145695364238411
0 0.533203125 0.9114238410596026 0.02734375 0.028145695364238412
0 0.6748046875 0.9039735099337748 0.0263671875 0.03228476821192053
0 0.8466796875 0.9072847682119205 0.0263671875 0.02566225165562914
0 0.9912109375 0.9081125827814569 0.0166015625 0.03145695364238411
0 0.294921875 0.0016556291390728477 0.0146484375 0.0033112582781456954