0 0.0224609375 0.7708638360175696 0.013671875 0.016105417276720352
0 0.0341796875 0.7715959004392386 0.0107421875 0.013177159590043924
0 0.0703125 0.7679355783308931 0.015625 0.014641288433382138
0 0.10546875 0.7657393850658858 0.0185546875 0.016105417276720352
0 0.0859375 0.7620790629575402 0.009765625 0.008784773060029283
0 0.1494140625 0.7701317715959004 0.0146484375 0.012445095168374817
0 0.1650390625 0.7547584187408491 0.0166015625 0.015373352855051245
0 0.2119140625 0.7642752562225475 0.013671875 0.014641288433382138
0 0.234375 0.7642752562225475 0.0126953125 0.013177159590043924
0 0.263671875 0.7591508052708639 0.0126953125 0.013909224011713031
0 0.28515625 0.7569546120058566 0.013671875 0.013177159590043924
0 0.3173828125 0.7708638360175696 0.013671875 0.01171303074670571
0 0.32421875 0.7518301610541728 0.0126953125 0.01171303074670571
0 0.3369140625 0.7620790629575402 0.0146484375 0.018301610541727673
0 0.3525390625 0.7598828696925329 0.01171875 0.010980966325036604
0 0.3955078125 0.753294289897511 0.013671875 0.015373352855051245
0 0.4091796875 0.7598828696925329 0.015625 0.015373352855051245
0 0.4814453125 0.7591508052708639 0.015625 0.016105417276720352
0 0.515625 0.7723279648609077 0.013671875 0.013909224011713031
0 0.52734375 0.7584187408491947 0.0126953125 0.013177159590043924
0 0.501953125 0.7474377745241582 0.009765625 0.010248901903367497
0 0.5576171875 0.7510980966325037 0.015625 0.016105417276720352
0 0.576171875 0.746705710102489 0.01171875 0.010980966325036604
0 0.6044921875 0.7401171303074671 0.015625 0.014641288433382138
0 0.6259765625 0.7591508052708639 0.0146484375 0.012445095168374817
0 0.662109375 0.7496339677891655 0.0166015625 0.017569546120058566
0 0.6806640625 0.7496339677891655 0.013671875 0.013177159590043924
0 0.7294921875 0.7437774524158126 0.0166015625 0.014641288433382138
0 0.79296875 0.7598828696925329 0.0166015625 0.013909224011713031
0 0.8349609375 0.7518301610541728 0.017578125 0.01903367496339678
0 0.921875 0.7664714494875549 0.017578125 0.014641288433382138
0 0.970703125 0.7576866764275256 0.01171875 0.013909224011713031
0 0.9912109375 0.7613469985358712 0.0126953125 0.012445095168374817
0 0.1865234375 0.7598828696925329 0.013671875 0.013177159590043924