0 0.9765625 0.55859375 0.0361328125 0.107421875
0 0.896484375 0.564453125 0.046875 0.115234375
0 0.9248046875 0.53125 0.0341796875 0.10546875
0 0.8251953125 0.47265625 0.052734375 0.123046875
0 0.68359375 0.458984375 0.0634765625 0.138671875
0 0.541015625 0.44140625 0.0615234375 0.138671875
0 0.533203125 0.734375 0.080078125 0.15234375
0 0.4326171875 0.82421875 0.0546875 0.154296875
0 0.34765625 0.44140625 0.0625 0.171875
0 0.265625 0.408203125 0.0693359375 0.193359375
0 0.18359375 0.3046875 0.0732421875 0.177734375