0 0.953125 0.3069679849340866 0.0185546875 0.03954802259887006
0 0.8818359375 0.2994350282485876 0.0205078125 0.03766478342749529
0 0.8232421875 0.295668549905838 0.01953125 0.04519774011299435
0 0.7490234375 0.24293785310734464 0.0224609375 0.05084745762711865
0 0.6591796875 0.2900188323917137 0.0166015625 0.04331450094161959
0 0.5615234375 0.3258003766478343 0.0224609375 0.05273069679849341
0 0.484375 0.3408662900188324 0.021484375 0.04896421845574388
0 0.25390625 0.3785310734463277 0.02734375 0.07156308851224105
0 0.185546875 0.4105461393596987 0.0439453125 0.08097928436911488
0 0.6884765625 0.2655367231638418 0.013671875 0.030131826741996232
0 0.5947265625 0.3107344632768362 0.0146484375 0.035781544256120526
0 0.2880859375 0.3352165725047081 0.0234375 0.06779661016949153