0 0.064453125 0.42184154175588867 0.0166015625 0.042826552462526764
0 0.1103515625 0.5074946466809421 0.0166015625 0.04068522483940043
0 0.171875 0.4411134903640257 0.017578125 0.047109207708779445
0 0.2021484375 0.39828693790149894 0.013671875 0.042826552462526764
0 0.228515625 0.42184154175588867 0.0166015625 0.05353319057815846
0 0.291015625 0.38329764453961457 0.0166015625 0.05353319057815846
0 0.3271484375 0.43683083511777304 0.0224609375 0.057815845824411134
0 0.3251953125 0.37687366167023556 0.0087890625 0.023554603854389723
0 0.35546875 0.3811563169164882 0.0107421875 0.029978586723768737
0 0.392578125 0.35974304068522484 0.01171875 0.027837259100642397
0 0.423828125 0.4197002141327623 0.0234375 0.07066381156316917
0 0.4814453125 0.3961456102783726 0.017578125 0.04925053533190578
0 0.529296875 0.39400428265524623 0.01953125 0.05353319057815846
0 0.5517578125 0.37259100642398285 0.009765625 0.034261241970021415
0 0.6103515625 0.41755888650963596 0.01953125 0.05353319057815846
0 0.650390625 0.3854389721627409 0.009765625 0.034261241970021415
0 0.62890625 0.37259100642398285 0.0107421875 0.03854389721627409
0 0.6650390625 0.40471092077087795 0.0126953125 0.042826552462526764
0 0.7236328125 0.4261241970021413 0.017578125 0.057815845824411134
0 0.7373046875 0.4668094218415418 0.0185546875 0.042826552462526764
0 0.736328125 0.3576017130620985 0.0107421875 0.032119914346895075
0 0.70703125 0.3811563169164882 0.013671875 0.04068522483940043
0 0.7431640625 0.37687366167023556 0.009765625 0.042826552462526764
0 0.7861328125 0.42398286937901497 0.017578125 0.04925053533190578
0 0.8291015625 0.42184154175588867 0.0146484375 0.042826552462526764
0 0.861328125 0.39400428265524623 0.0146484375 0.044967880085653104
0 0.8759765625 0.49464668094218417 0.0166015625 0.042826552462526764
0 0.91796875 0.49678800856531047 0.021484375 0.05353319057815846
0 0.9140625 0.3897216274089936 0.0166015625 0.042826552462526764
0 0.9404296875 0.39186295503211993 0.01171875 0.034261241970021415
0 0.849609375 0.5845824411134903 0.0166015625 0.03854389721627409
0 0.580078125 0.16274089935760172 0.01953125 0.055674518201284794