0 0.2529296875 0.4562334217506631 0.0234375 0.034482758620689655
0 0.19921875 0.4761273209549072 0.0234375 0.034482758620689655
0 0.150390625 0.47480106100795755 0.0224609375 0.034482758620689655
0 0.234375 0.47877984084880637 0.015625 0.023872679045092837
0 0.2822265625 0.47480106100795755 0.0205078125 0.033156498673740056
0 0.3173828125 0.48143236074270557 0.021484375 0.033156498673740056
0 0.09765625 0.5172413793103449 0.0185546875 0.026525198938992044
0 0.0712890625 0.5212201591511937 0.0185546875 0.025198938992042442
0 0.0478515625 0.5291777188328912 0.017578125 0.021220159151193633
0 0.0283203125 0.513262599469496 0.015625 0.022546419098143235
0 0.36328125 0.47480106100795755 0.0224609375 0.03183023872679045
0 0.39453125 0.4827586206896552 0.021484375 0.03183023872679045
0 0.4228515625 0.47214854111405835 0.025390625 0.03183023872679045
0 0.4443359375 0.47745358090185674 0.0205078125 0.03050397877984085
0 0.4677734375 0.48010610079575594 0.0205078125 0.033156498673740056
0 0.49609375 0.4880636604774536 0.017578125 0.03183023872679045
0 0.5283203125 0.47480106100795755 0.021484375 0.03050397877984085
0 0.5458984375 0.48408488063660476 0.017578125 0.027851458885941646
0 0.572265625 0.4986737400530504 0.021484375 0.03050397877984085
0 0.607421875 0.473474801061008 0.021484375 0.03183023872679045
0 0.6201171875 0.48673740053050396 0.0126953125 0.01989389920424403
0 0.640625 0.506631299734748 0.015625 0.01989389920424403
0 0.6884765625 0.46551724137931033 0.0234375 0.03580901856763926
0 0.73046875 0.4124668435013263 0.03125 0.04509283819628647
0 0.802734375 0.4270557029177719 0.0283203125 0.03978779840848806
0 0.849609375 0.46949602122015915 0.013671875 0.027851458885941646
0 0.126953125 0.5039787798408488 0.0166015625 0.029177718832891247