0 0.8916015625 0.2668621700879765 0.03515625 0.06304985337243402
0 0.873046875 0.4398826979472141 0.037109375 0.06158357771260997
0 0.779296875 0.31671554252199413 0.03515625 0.05718475073313783
0 0.8046875 0.13343108504398826 0.037109375 0.05865102639296188
0 0.697265625 0.21994134897360704 0.03515625 0.06744868035190615
0 0.6162109375 0.2903225806451613 0.03515625 0.06158357771260997
0 0.6708984375 0.42668621700879766 0.0419921875 0.07624633431085044
0 0.556640625 0.15395894428152493 0.0341796875 0.06598240469208211
0 0.4326171875 0.15835777126099707 0.03515625 0.06304985337243402
0 0.49609375 0.3343108504398827 0.0361328125 0.06598240469208211
0 0.3759765625 0.30791788856304986 0.03515625 0.0689149560117302
0 0.2861328125 0.2287390029325513 0.03125 0.06158357771260997
0 0.2041015625 0.32404692082111436 0.0380859375 0.06304985337243402
0 0.17578125 0.14809384164222875 0.037109375 0.06158357771260997
0 0.10546875 0.3064516129032258 0.0361328125 0.06451612903225806
0 0.1298828125 0.45894428152492667 0.0322265625 0.05278592375366569
0 0.322265625 0.4208211143695015 0.0400390625 0.06598240469208211