0 0.40625 0.41605839416058393 0.0283203125 0.052554744525547446
0 0.3125 0.4233576642335766 0.0263671875 0.043795620437956206
0 0.2734375 0.42773722627737226 0.015625 0.024817518248175182
0 0.2119140625 0.44525547445255476 0.0341796875 0.06715328467153285
0 0.173828125 0.4467153284671533 0.0263671875 0.043795620437956206
0 0.1455078125 0.3854014598540146 0.015625 0.02335766423357664
0 0.0908203125 0.41605839416058393 0.017578125 0.035036496350364967
0 0.46875 0.32116788321167883 0.19140625 0.32554744525547447
0 0.904296875 0.4145985401459854 0.0166015625 0.02335766423357664
0 0.8701171875 0.4291970802919708 0.0234375 0.042335766423357665
0 0.7666015625 0.4408759124087591 0.0205078125 0.030656934306569343
0 0.7236328125 0.43795620437956206 0.0244140625 0.035036496350364967
0 0.650390625 0.4364963503649635 0.0224609375 0.035036496350364967
0 0.76953125 0.5562043795620438 0.0302734375 0.052554744525547446
0 0.7216796875 0.5474452554744526 0.0302734375 0.05693430656934306
0 0.78125 0.4131386861313869 0.009765625 0.020437956204379562
0 0.01171875 0.4481751824817518 0.0234375 0.059854014598540145
0 0.0771484375 0.4306569343065693 0.0087890625 0.01897810218978102