0 0.0849609375 0.3647214854111406 0.076171875 0.13660477453580902
0 0.0185546875 0.3620689655172414 0.0078125 0.01989389920424403
0 0.125 0.3779840848806366 0.015625 0.038461538461538464
0 0.1630859375 0.3753315649867374 0.015625 0.025198938992042442
0 0.17578125 0.3687002652519894 0.0107421875 0.01856763925729443
0 0.1962890625 0.37002652519893897 0.0126953125 0.01989389920424403
0 0.2080078125 0.3660477453580902 0.01171875 0.014588859416445624
0 0.2373046875 0.3713527851458886 0.013671875 0.025198938992042442
0 0.2705078125 0.3660477453580902 0.0244140625 0.054376657824933686
0 0.337890625 0.39655172413793105 0.02734375 0.04774535809018567
0 0.376953125 0.3249336870026525 0.033203125 0.0636604774535809
0 0.431640625 0.3793103448275862 0.072265625 0.13660477453580902
0 0.58203125 0.35278514588859416 0.0322265625 0.06631299734748011
0 0.638671875 0.363395225464191 0.0224609375 0.04111405835543767
0 0.77734375 0.2984084880636605 0.0576171875 0.13395225464190982
0 0.755859375 0.3660477453580902 0.03515625 0.050397877984084884
0 0.607421875 0.04774535809018567 0.0166015625 0.029177718832891247
0 0.896484375 0.3713527851458886 0.0205078125 0.046419098143236075
0 0.25390625 0.35013262599469497 0.0166015625 0.04376657824933687