0 0.900390625 0.27126099706744866 0.0380859375 0.0689149560117302
0 0.994140625 0.29472140762463345 0.01171875 0.06744868035190615
0 0.7861328125 0.3093841642228739 0.0439453125 0.07038123167155426
0 0.7236328125 0.28885630498533726 0.041015625 0.07917888563049853
0 0.625 0.2844574780058651 0.0390625 0.0747800586510264
0 0.4951171875 0.3035190615835777 0.0439453125 0.07917888563049853
0 0.4208984375 0.21407624633431085 0.0419921875 0.06304985337243402
0 0.3896484375 0.15395894428152493 0.01171875 0.021994134897360705
0 0.416015625 0.3548387096774194 0.0458984375 0.08211143695014662
0 0.32421875 0.31085043988269795 0.0458984375 0.08651026392961877
0 0.2529296875 0.2903225806451613 0.0458984375 0.08651026392961877
0 0.169921875 0.3563049853372434 0.0498046875 0.08651026392961877
0 0.0615234375 0.38269794721407624 0.046875 0.07917888563049853
0 0.0068359375 0.3680351906158358 0.0146484375 0.07771260997067449