0 0.0615234375 0.5895522388059702 0.01953125 0.03731343283582089
0 0.2587890625 0.7029850746268657 0.0185546875 0.03582089552238806
0 0.2861328125 0.5223880597014925 0.0185546875 0.03880597014925373
0 0.4091796875 0.7582089552238805 0.0244140625 0.04776119402985075
0 0.3466796875 0.3805970149253731 0.0166015625 0.026865671641791045
0 0.4619140625 0.3119402985074627 0.0166015625 0.03880597014925373
0 0.533203125 0.5746268656716418 0.0166015625 0.034328358208955224
0 0.609375 0.21492537313432836 0.0185546875 0.034328358208955224
0 0.166015625 0.3761194029850746 0.01953125 0.03283582089552239
0 0.046875 0.07462686567164178 0.0146484375 0.023880597014925373
0 0.1435546875 0.041791044776119404 0.0126953125 0.023880597014925373
0 0.236328125 0.034328358208955224 0.017578125 0.029850746268656716
0 0.3857421875 0.1328358208955224 0.017578125 0.03134328358208955
0 0.6865234375 0.07462686567164178 0.0185546875 0.028358208955223882
0 0.609375 0.03283582089552239 0.0146484375 0.025373134328358207
0 0.7568359375 0.33880597014925373 0.017578125 0.028358208955223882
0 0.5322265625 0.08208955223880597 0.0166015625 0.029850746268656716
0 0.5966796875 0.9656716417910448 0.0224609375 0.04626865671641791