0 0.5126953125 0.3063660477453581 0.01171875 0.021220159151193633
0 0.787109375 0.4151193633952255 0.01171875 0.04376657824933687
0 0.642578125 0.40583554376657827 0.0078125 0.010610079575596816
0 0.6845703125 0.4297082228116711 0.0087890625 0.017241379310344827
0 0.7509765625 0.4297082228116711 0.01953125 0.03713527851458886
0 0.8310546875 0.42838196286472147 0.005859375 0.011936339522546418
0 0.857421875 0.4244031830238727 0.0107421875 0.022546419098143235
0 0.8662109375 0.4217506631299735 0.0126953125 0.025198938992042442
0 0.904296875 0.4389920424403183 0.0341796875 0.05968169761273209
0 0.916015625 0.40450928381962864 0.0224609375 0.04774535809018567
0 0.619140625 0.40716180371352784 0.0068359375 0.011936339522546418
0 0.6025390625 0.41114058355437666 0.00390625 0.007957559681697613
0 0.5634765625 0.41909814323607425 0.00390625 0.007957559681697613
0 0.021484375 0.4230769230769231 0.0107421875 0.023872679045092837
0 0.0546875 0.4270557029177719 0.033203125 0.04774535809018567
0 0.0986328125 0.4151193633952255 0.01171875 0.022546419098143235
0 0.1708984375 0.3925729442970822 0.0263671875 0.0610079575596817
0 0.1845703125 0.40450928381962864 0.005859375 0.011936339522546418
0 0.2314453125 0.4204244031830239 0.0068359375 0.014588859416445624
0 0.24609375 0.41379310344827586 0.009765625 0.01989389920424403
0 0.255859375 0.4124668435013263 0.005859375 0.011936339522546418
0 0.28515625 0.4297082228116711 0.009765625 0.01989389920424403
0 0.3271484375 0.4177718832891247 0.005859375 0.010610079575596816
0 0.36328125 0.4204244031830239 0.0078125 0.013262599469496022
0 0.3466796875 0.42838196286472147 0.00390625 0.007957559681697613
0 0.4677734375 0.3793103448275862 0.0546875 0.09151193633952255
0 0.65625 0.45490716180371354 0.03125 0.054376657824933686