0 0.1845703125 0.3876651982378855 0.0224609375 0.0381791483113069
0 0.2470703125 0.3509544787077827 0.017578125 0.03524229074889868
0 0.3056640625 0.34948604992657856 0.025390625 0.04698972099853157
0 0.275390625 0.3876651982378855 0.0166015625 0.033773861967694566
0 0.26171875 0.3671071953010279 0.01171875 0.027900146842878122
0 0.1416015625 0.3788546255506608 0.015625 0.030837004405286344
0 0.2392578125 0.368575624082232 0.0126953125 0.02643171806167401
0 0.35546875 0.3744493392070485 0.0224609375 0.0381791483113069
0 0.390625 0.3876651982378855 0.015625 0.024963289280469897
0 0.427734375 0.3465491923641703 0.029296875 0.06020558002936858
0 0.4775390625 0.3803230543318649 0.009765625 0.014684287812041116
0 0.498046875 0.3465491923641703 0.021484375 0.04405286343612335
0 0.53515625 0.3406754772393539 0.025390625 0.05433186490455213
0 0.5888671875 0.37738619676945667 0.0048828125 0.013215859030837005
0 0.6396484375 0.3524229074889868 0.0263671875 0.049926578560939794
0 0.68359375 0.3832599118942731 0.015625 0.02936857562408223
0 0.7138671875 0.37151248164464024 0.0234375 0.048458149779735685
0 0.8701171875 0.315712187958884 0.0263671875 0.05286343612334802
0 0.787109375 0.302496328928047 0.0283203125 0.05726872246696035
0 0.7431640625 0.37151248164464024 0.0185546875 0.03524229074889868
0 0.935546875 0.3641703377386197 0.013671875 0.03524229074889868
0 0.9501953125 0.34508076358296624 0.0185546875 0.03671071953010279
0 0.982421875 0.32599118942731276 0.0166015625 0.042584434654919234
0 0.9306640625 0.3333333333333333 0.013671875 0.02936857562408223
0 0.919921875 0.342143906020558 0.009765625 0.023494860499265784
0 0.74609375 0.31718061674008813 0.0078125 0.01762114537444934
0 0.04296875 0.3465491923641703 0.0205078125 0.02643171806167401
0 0.06640625 0.37591776798825255 0.017578125 0.023494860499265784