0 0.1240234375 0.14705882352941177 0.041015625 0.07058823529411765
0 0.236328125 0.20588235294117646 0.025390625 0.04852941176470588
0 0.0517578125 0.19558823529411765 0.015625 0.027941176470588237
0 0.013671875 0.19558823529411765 0.013671875 0.022058823529411766
0 0.009765625 0.2323529411764706 0.0146484375 0.023529411764705882
0 0.154296875 0.19705882352941176 0.013671875 0.023529411764705882
0 0.1826171875 0.22058823529411764 0.0234375 0.03676470588235294
0 0.201171875 0.22205882352941175 0.01171875 0.027941176470588237
0 0.2734375 0.21029411764705883 0.0205078125 0.03529411764705882
0 0.6943359375 0.5161764705882353 0.1328125 0.22647058823529412
0 0.6728515625 0.15294117647058825 0.0595703125 0.11470588235294117
0 0.810546875 0.1426470588235294 0.0400390625 0.07794117647058824
0 0.9296875 0.20147058823529412 0.0146484375 0.033823529411764704
0 0.9560546875 0.19558823529411765 0.015625 0.03823529411764706
0 0.9140625 0.18088235294117647 0.0146484375 0.03235294117647059
0 0.9091796875 0.17352941176470588 0.0087890625 0.025
0 0.86328125 0.21029411764705883 0.015625 0.027941176470588237
0 0.5166015625 0.18823529411764706 0.052734375 0.08970588235294118
0 0.7255859375 0.20294117647058824 0.0078125 0.03823529411764706