0 0.0830078125 0.4778645833333333 0.0341796875 0.061197916666666664
0 0.1318359375 0.4986979166666667 0.017578125 0.028645833333333332
0 0.1259765625 0.4453125 0.013671875 0.0234375
0 0.1611328125 0.4635416666666667 0.0185546875 0.026041666666666668
0 0.1201171875 0.46875 0.01171875 0.016927083333333332
0 0.01953125 0.45703125 0.0146484375 0.024739583333333332
0 0.005859375 0.4635416666666667 0.01171875 0.01953125
0 0.2216796875 0.43359375 0.0185546875 0.03125
0 0.3271484375 0.47265625 0.02734375 0.049479166666666664
0 0.2490234375 0.4453125 0.0107421875 0.01953125
0 0.3671875 0.50390625 0.0283203125 0.0390625
0 0.244140625 0.50390625 0.0234375 0.040364583333333336
0 0.2421875 0.47265625 0.01953125 0.02734375
0 0.2783203125 0.4505208333333333 0.009765625 0.018229166666666668
0 0.3818359375 0.4453125 0.01171875 0.0234375
0 0.3955078125 0.4674479166666667 0.0146484375 0.024739583333333332
0 0.4384765625 0.4453125 0.03515625 0.06901041666666667
0 0.501953125 0.4427083333333333 0.03125 0.07161458333333333
0 0.490234375 0.4361979166666667 0.0185546875 0.053385416666666664
0 0.5771484375 0.4518229166666667 0.0205078125 0.0390625
0 0.6962890625 0.4479166666666667 0.052734375 0.07552083333333333
0 0.65234375 0.3984375 0.005859375 0.01171875
0 0.8134765625 0.4713541666666667 0.064453125 0.109375
0 0.7802734375 0.4166666666666667 0.0205078125 0.04296875
0 0.880859375 0.4453125 0.033203125 0.057291666666666664
0 0.9375 0.45703125 0.046875 0.059895833333333336
0 0.9560546875 0.3776041666666667 0.013671875 0.01953125
0 0.970703125 0.3424479166666667 0.0078125 0.015625
0 0.916015625 0.3567708333333333 0.01171875 0.018229166666666668
0 0.7958984375 0.3606770833333333 0.01171875 0.01953125
0 0.603515625 0.4114583333333333 0.009765625 0.018229166666666668