0 0.8486328125 0.6160583941605839 0.0087890625 0.020437956204379562
0 0.744140625 0.6321167883211679 0.009765625 0.01897810218978102
0 0.7236328125 0.6145985401459854 0.0078125 0.016058394160583942
0 0.6689453125 0.6364963503649635 0.015625 0.026277372262773723
0 0.6865234375 0.621897810218978 0.0087890625 0.01897810218978102
0 0.6962890625 0.6262773722627737 0.0087890625 0.020437956204379562
0 0.60546875 0.6306569343065693 0.0126953125 0.027737226277372264
0 0.6318359375 0.581021897810219 0.0146484375 0.027737226277372264
0 0.6181640625 0.6277372262773723 0.009765625 0.01897810218978102
0 0.470703125 0.6204379562043796 0.0068359375 0.016058394160583942
0 0.4130859375 0.6277372262773723 0.009765625 0.016058394160583942
0 0.3125 0.5824817518248175 0.04296875 0.10072992700729927
0 0.365234375 0.6175182481751825 0.0068359375 0.014598540145985401