0 0.126953125 0.4838709677419355 0.0166015625 0.030791788856304986
0 0.4814453125 0.4897360703812317 0.0234375 0.04252199413489736
0 0.841796875 0.49266862170087977 0.0166015625 0.030791788856304986
0 0.7080078125 0.49266862170087977 0.0166015625 0.03225806451612903
0 0.7607421875 0.4706744868035191 0.01171875 0.02346041055718475
0 0.8935546875 0.46480938416422285 0.0126953125 0.021994134897360705
0 0.724609375 0.45894428152492667 0.0107421875 0.020527859237536656
0 0.8662109375 0.45894428152492667 0.0107421875 0.020527859237536656
0 0.5927734375 0.4838709677419355 0.0166015625 0.02932551319648094
0 0.5205078125 0.4809384164222874 0.0146484375 0.02932551319648094
0 0.4208984375 0.47947214076246336 0.013671875 0.024926686217008796
0 0.392578125 0.4706744868035191 0.01171875 0.024926686217008796
0 0.6748046875 0.4662756598240469 0.0126953125 0.02346041055718475
0 0.658203125 0.4662756598240469 0.0087890625 0.020527859237536656
0 0.9599609375 0.4604105571847507 0.0126953125 0.024926686217008796
0 0.3486328125 0.46920821114369504 0.0126953125 0.026392961876832845
0 0.2919921875 0.45894428152492667 0.01171875 0.021994134897360705
0 0.26171875 0.4750733137829912 0.0126953125 0.02346041055718475
0 0.236328125 0.47947214076246336 0.0078125 0.01466275659824047
0 0.2041015625 0.46480938416422285 0.01171875 0.01906158357771261
0 0.171875 0.4662756598240469 0.0126953125 0.020527859237536656
0 0.0849609375 0.4780058651026393 0.0126953125 0.01906158357771261
0 0.048828125 0.47214076246334313 0.0107421875 0.020527859237536656
0 0.015625 0.47214076246334313 0.01171875 0.01906158357771261