0 0.130859375 0.636896046852123 0.033203125 0.10248901903367497
0 0.3505859375 0.6632503660322109 0.0234375 0.0527086383601757
0 0.3349609375 0.5724743777452416 0.03125 0.048316251830161056
0 0.27734375 0.6398243045387995 0.0166015625 0.0527086383601757
0 0.1982421875 0.6910688140556369 0.0234375 0.07027818448023426
0 0.0732421875 0.47144948755490484 0.015625 0.021961932650073207
0 0.0244140625 0.43923865300146414 0.0068359375 0.010248901903367497
0 0.2080078125 0.5124450951683748 0.0107421875 0.020497803806734993
0 0.2412109375 0.5197657393850659 0.01953125 0.03367496339677892
0 0.3681640625 0.3601756954612006 0.021484375 0.04685212298682284
0 0.4208984375 0.4978038067349927 0.0234375 0.03513909224011713
0 0.384765625 0.5300146412884333 0.017578125 0.036603221083455345
0 0.6044921875 0.6398243045387995 0.037109375 0.06588579795021962
0 0.6748046875 0.46266471449487556 0.0126953125 0.021961932650073207
0 0.8876953125 0.5080527086383602 0.025390625 0.05710102489019034
0 0.8671875 0.5051244509516838 0.0107421875 0.020497803806734993
0 0.91796875 0.4407027818448023 0.0087890625 0.014641288433382138
0 0.9599609375 0.47144948755490484 0.013671875 0.032210834553440704
0 0.9814453125 0.4699853587115666 0.0146484375 0.02635431918008785
0 0.943359375 0.4260614934114202 0.0087890625 0.01171303074670571
0 0.9619140625 0.43045387994143486 0.0068359375 0.014641288433382138
0 0.931640625 0.5534407027818448 0.0302734375 0.06588579795021962
0 0.7431640625 0.595900439238653 0.0498046875 0.09663250366032211