0 0.0947265625 0.8944281524926686 0.1884765625 0.20234604105571846
0 0.208984375 0.6114369501466276 0.0556640625 0.11143695014662756
0 0.2587890625 0.6539589442815249 0.0673828125 0.14222873900293256
0 0.18359375 0.4706744868035191 0.05078125 0.10557184750733138
0 0.224609375 0.42668621700879766 0.02734375 0.05718475073313783
0 0.142578125 0.40615835777126097 0.0224609375 0.04105571847507331
0 0.1337890625 0.46480938416422285 0.0341796875 0.07624633431085044
0 0.08203125 0.4809384164222874 0.03125 0.06304985337243402
0 0.0302734375 0.4530791788856305 0.029296875 0.04985337243401759
0 0.4091796875 0.4970674486803519 0.04296875 0.07331378299120235
0 0.5400390625 0.5982404692082112 0.048828125 0.08064516129032258
0 0.46875 0.4208211143695015 0.033203125 0.07771260997067449
0 0.544921875 0.4501466275659824 0.0302734375 0.06158357771260997
0 0.52734375 0.4413489736070381 0.029296875 0.051319648093841645
0 0.6337890625 0.39882697947214074 0.0283203125 0.05865102639296188
0 0.677734375 0.5058651026392962 0.0615234375 0.13196480938416422
0 0.755859375 0.42668621700879766 0.03125 0.06304985337243402
0 0.8662109375 0.3651026392961877 0.02734375 0.04398826979472141
0 0.908203125 0.33724340175953077 0.0234375 0.04252199413489736
0 0.935546875 0.3181818181818182 0.0224609375 0.04398826979472141
0 0.6181640625 0.3357771260997067 0.01171875 0.026392961876832845
0 0.66796875 0.3255131964809384 0.0126953125 0.02785923753665689
0 0.712890625 0.3343108504398827 0.013671875 0.02785923753665689
0 0.7275390625 0.31378299120234604 0.009765625 0.020527859237536656
0 0.7451171875 0.3064516129032258 0.0087890625 0.016129032258064516
0 0.765625 0.30498533724340177 0.0107421875 0.02346041055718475
0 0.74609375 0.3489736070381232 0.0087890625 0.01906158357771261
0 0.8017578125 0.31378299120234604 0.0087890625 0.011730205278592375
0 0.7919921875 0.30058651026392963 0.0078125 0.013196480938416423
0 0.8359375 0.3093841642228739 0.0068359375 0.011730205278592375
0 0.8740234375 0.3020527859237537 0.0107421875 0.02346041055718475
0 0.9560546875 0.2932551319648094 0.01171875 0.02346041055718475
0 0.9814453125 0.29472140762463345 0.0078125 0.016129032258064516