0 0.8701171875 0.3828125 0.0400390625 0.05859375
0 0.794921875 0.4036458333333333 0.0458984375 0.06901041666666667
0 0.720703125 0.5494791666666666 0.046875 0.07682291666666667
0 0.8203125 0.21614583333333334 0.03125 0.044270833333333336
0 0.95703125 0.2799479166666667 0.0283203125 0.049479166666666664
0 0.4228515625 0.4544270833333333 0.01953125 0.037760416666666664
0 0.375 0.47265625 0.021484375 0.036458333333333336
0 0.3427734375 0.66015625 0.046875 0.06901041666666667
0 0.2001953125 0.5716145833333334 0.0234375 0.033854166666666664
0 0.2763671875 0.5520833333333334 0.017578125 0.03125
0 0.3916015625 0.5846354166666666 0.0234375 0.04296875
0 0.142578125 0.7578125 0.0361328125 0.046875
0 0.0478515625 0.78515625 0.0302734375 0.048177083333333336
0 0.2119140625 0.6419270833333334 0.0263671875 0.046875
0 0.4794921875 0.6614583333333334 0.044921875 0.078125
0 0.13671875 0.5989583333333334 0.01953125 0.036458333333333336
0 0.2177734375 0.57421875 0.0166015625 0.028645833333333332
0 0.580078125 0.3450520833333333 0.0341796875 0.06770833333333333