0 0.0498046875 0.5073313782991202 0.037109375 0.06598240469208211
0 0.1083984375 0.43255131964809385 0.0205078125 0.04252199413489736
0 0.1298828125 0.4413489736070381 0.029296875 0.04985337243401759
0 0.15234375 0.4120234604105572 0.02734375 0.03812316715542522
0 0.1640625 0.4809384164222874 0.0341796875 0.06158357771260997
0 0.2392578125 0.43548387096774194 0.029296875 0.051319648093841645
0 0.2255859375 0.4178885630498534 0.0185546875 0.04838709677419355
0 0.2919921875 0.3548387096774194 0.0224609375 0.03812316715542522
0 0.3310546875 0.41642228739002934 0.0205078125 0.03812316715542522
0 0.365234375 0.48240469208211145 0.0263671875 0.04252199413489736
0 0.3916015625 0.47947214076246336 0.0361328125 0.07331378299120235
0 0.4384765625 0.47214076246334313 0.0361328125 0.06744868035190615
0 0.455078125 0.3812316715542522 0.01953125 0.039589442815249266
0 0.51953125 0.38563049853372433 0.0234375 0.04985337243401759
0 0.533203125 0.46187683284457476 0.03125 0.04838709677419355
0 0.5693359375 0.44868035190615835 0.0166015625 0.039589442815249266
0 0.578125 0.46920821114369504 0.0234375 0.054252199413489736
0 0.669921875 0.5102639296187683 0.0322265625 0.06451612903225806
0 0.7265625 0.5205278592375366 0.0361328125 0.07331378299120235
0 0.71875 0.436950146627566 0.0244140625 0.0469208211143695
0 0.69140625 0.34750733137829914 0.0224609375 0.04398826979472141
0 0.7919921875 0.37390029325513197 0.0205078125 0.04105571847507331
0 0.794921875 0.4604105571847507 0.029296875 0.05571847507331378
0 0.90625 0.5102639296187683 0.0244140625 0.05571847507331378
0 0.892578125 0.5117302052785924 0.0205078125 0.054252199413489736
0 0.9697265625 0.44574780058651026 0.017578125 0.04105571847507331
0 0.9892578125 0.44868035190615835 0.021484375 0.05718475073313783
0 0.896484375 0.4633431085043988 0.0224609375 0.04838709677419355