0 0.384765625 0.2084006462035541 0.0322265625 0.07269789983844911
0 0.30078125 0.20193861066235863 0.0283203125 0.06623586429725363
0 0.21484375 0.20678513731825526 0.02734375 0.05815831987075929
0 0.1240234375 0.210016155088853 0.01953125 0.046849757673667204
0 0.19921875 0.06785137318255251 0.0107421875 0.027463651050080775
0 0.16015625 0.05977382875605816 0.0146484375 0.03231017770597738
0 0.494140625 0.06946688206785137 0.01171875 0.025848142164781908
0 0.5302734375 0.06623586429725363 0.0087890625 0.0210016155088853
0 0.5751953125 0.0420032310177706 0.0107421875 0.024232633279483037
0 0.6689453125 0.0420032310177706 0.0087890625 0.0210016155088853
0 0.5517578125 0.23424878836833601 0.0234375 0.048465266558966075
0 0.693359375 0.23909531502423265 0.0224609375 0.045234248788368334
0 0.75 0.24717285945072698 0.021484375 0.05331179321486268
0 0.7392578125 0.061389337641357025 0.013671875 0.027463651050080775
0 0.7861328125 0.05331179321486268 0.01171875 0.030694668820678513
0 0.5859375 0.06462035541195477 0.013671875 0.029079159935379646
0 0.85546875 0.210016155088853 0.0390625 0.06946688206785137
0 0.9287109375 0.22132471728594508 0.01953125 0.04038772213247173
0 0.990234375 0.25363489499192243 0.0185546875 0.045234248788368334
0 0.0888671875 0.2520193861066236 0.0166015625 0.045234248788368334
0 0.173828125 0.24878836833602586 0.0224609375 0.050080775444264945
0 0.33203125 0.0630048465266559 0.013671875 0.024232633279483037
0 0.177734375 0.045234248788368334 0.01171875 0.030694668820678513