0 0.912109375 0.19558359621451105 0.0458984375 0.0946372239747634
0 0.865234375 0.27602523659305994 0.03125 0.07097791798107256
0 0.7900390625 0.2302839116719243 0.0341796875 0.07413249211356467
0 0.685546875 0.30441640378548895 0.029296875 0.05993690851735016
0 0.7353515625 0.2902208201892745 0.029296875 0.0583596214511041
0 0.98046875 0.03943217665615142 0.015625 0.03627760252365931
0 0.3076171875 0.06466876971608833 0.0185546875 0.03785488958990536
0 0.7001953125 0.27287066246056785 0.0205078125 0.055205047318611984
0 0.4658203125 0.17665615141955837 0.041015625 0.083596214511041
0 0.3349609375 0.31703470031545744 0.0244140625 0.05993690851735016
0 0.35546875 0.2917981072555205 0.0263671875 0.061514195583596214
0 0.29296875 0.2302839116719243 0.02734375 0.050473186119873815
0 0.2265625 0.3470031545741325 0.02734375 0.056782334384858045
0 0.1435546875 0.250788643533123 0.0224609375 0.04416403785488959
0 0.21484375 0.31545741324921134 0.0283203125 0.056782334384858045
0 0.2001953125 0.2697160883280757 0.0244140625 0.04889589905362776
0 0.095703125 0.24132492113564669 0.0390625 0.07570977917981073
0 0.0498046875 0.2697160883280757 0.0283203125 0.04889589905362776
0 0.03125 0.23659305993690852 0.025390625 0.05362776025236593
0 0.6474609375 0.2886435331230284 0.02734375 0.04889589905362776
0 0.6201171875 0.23974763406940064 0.025390625 0.04889589905362776
0 0.9560546875 0.2618296529968454 0.0283203125 0.0583596214511041
0 0.9169921875 0.0473186119873817 0.0146484375 0.02996845425867508
0 0.6904296875 0.0583596214511041 0.0185546875 0.033123028391167195
0 0.62890625 0.07097791798107256 0.0146484375 0.031545741324921134
0 0.5517578125 0.07097791798107256 0.0146484375 0.03470031545741325
0 0.4970703125 0.04889589905362776 0.017578125 0.03470031545741325
0 0.375 0.06466876971608833 0.0185546875 0.03627760252365931