0 0.2333984375 0.33284457478005863 0.1767578125 0.30058651026392963
0 0.5244140625 0.626099706744868 0.0634765625 0.12316715542521994
0 0.6591796875 0.592375366568915 0.0390625 0.0718475073313783
0 0.6953125 0.5425219941348973 0.029296875 0.05278592375366569
0 0.73828125 0.5146627565982405 0.0224609375 0.045454545454545456
0 0.7724609375 0.5190615835777126 0.0166015625 0.024926686217008796
0 0.8994140625 0.5366568914956011 0.013671875 0.020527859237536656
0 0.8544921875 0.5439882697947214 0.0146484375 0.024926686217008796
0 0.798828125 0.5249266862170088 0.013671875 0.026392961876832845
0 0.0205078125 0.45454545454545453 0.0419921875 0.07771260997067449
0 0.75 0.5542521994134897 0.0166015625 0.03812316715542522
0 0.783203125 0.530791788856305 0.009765625 0.02346041055718475