0 0.0341796875 0.3697916666666667 0.0400390625 0.06640625
0 0.1181640625 0.25390625 0.0322265625 0.05078125
0 0.1376953125 0.32421875 0.0361328125 0.061197916666666664
0 0.2412109375 0.3294270833333333 0.0341796875 0.0546875
0 0.30859375 0.2513020833333333 0.0302734375 0.048177083333333336
0 0.3193359375 0.3125 0.0322265625 0.05078125
0 0.380859375 0.3046875 0.0322265625 0.059895833333333336
0 0.451171875 0.2864583333333333 0.0244140625 0.053385416666666664
0 0.4814453125 0.3072916666666667 0.033203125 0.06770833333333333
0 0.5224609375 0.265625 0.0234375 0.028645833333333332
0 0.623046875 0.3059895833333333 0.037109375 0.06380208333333333
0 0.82421875 0.2994791666666667 0.029296875 0.053385416666666664
0 0.7880859375 0.34375 0.044921875 0.07682291666666667
0 0.9697265625 0.2916666666666667 0.0498046875 0.08333333333333333