0 0.1962890625 0.3891402714932127 0.0302734375 0.07088989441930618
0 0.12890625 0.358974358974359 0.025390625 0.049773755656108594
0 0.103515625 0.19909502262443438 0.0185546875 0.03770739064856712
0 0.1376953125 0.17496229260935142 0.017578125 0.043740573152337855
0 0.1669921875 0.1794871794871795 0.009765625 0.024132730015082957
0 0.1865234375 0.21266968325791855 0.01171875 0.02262443438914027
0 0.0712890625 0.14177978883861236 0.0107421875 0.024132730015082957
0 0.1279296875 0.12217194570135746 0.01171875 0.02262443438914027
0 0.1728515625 0.14479638009049775 0.0107421875 0.02262443438914027
0 0.2099609375 0.1191553544494721 0.01171875 0.027149321266968326
0 0.232421875 0.13574660633484162 0.0126953125 0.027149321266968326
0 0.2578125 0.17647058823529413 0.01171875 0.02564102564102564
0 0.28125 0.21266968325791855 0.0185546875 0.033182503770739065
0 0.318359375 0.2066365007541478 0.01953125 0.033182503770739065
0 0.2236328125 0.2986425339366516 0.0224609375 0.04524886877828054
0 0.318359375 0.2865761689291101 0.01953125 0.04072398190045249
0 0.37109375 0.21116138763197587 0.0146484375 0.027149321266968326
0 0.2841796875 0.12217194570135746 0.013671875 0.030165912518853696
0 0.236328125 0.10407239819004525 0.0126953125 0.02865761689291101
0 0.3134765625 0.10105580693815988 0.01171875 0.027149321266968326
0 0.3310546875 0.138763197586727 0.0146484375 0.033182503770739065
0 0.3447265625 0.14479638009049775 0.01171875 0.030165912518853696
0 0.521484375 0.42684766214177977 0.03125 0.06184012066365008
0 0.412109375 0.34238310708898945 0.0263671875 0.05580693815987934
0 0.443359375 0.3212669683257919 0.01953125 0.042232277526395176
0 0.41015625 0.2081447963800905 0.013671875 0.02564102564102564
0 0.40625 0.1568627450980392 0.01171875 0.024132730015082957
0 0.4423828125 0.21568627450980393 0.01171875 0.02865761689291101
0 0.458984375 0.15082956259426847 0.013671875 0.03167420814479638
0 0.4755859375 0.1568627450980392 0.013671875 0.02865761689291101
0 0.49609375 0.18250377073906485 0.015625 0.03167420814479638
0 0.5068359375 0.21266968325791855 0.0126953125 0.03167420814479638
0 0.5185546875 0.138763197586727 0.0126953125 0.027149321266968326
0 0.56640625 0.16289592760180996 0.0126953125 0.030165912518853696
0 0.5791015625 0.167420814479638 0.0146484375 0.03619909502262444
0 0.6083984375 0.138763197586727 0.01171875 0.030165912518853696
0 0.62109375 0.16138763197586728 0.015625 0.04072398190045249
0 0.646484375 0.31070889894419307 0.021484375 0.04675716440422323
0 0.671875 0.2368024132730015 0.0205078125 0.0392156862745098
0 0.6494140625 0.16591251885369532 0.013671875 0.02865761689291101
0 0.6669921875 0.14177978883861236 0.01171875 0.02564102564102564
0 0.677734375 0.13574660633484162 0.013671875 0.03167420814479638
0 0.71875 0.15384615384615385 0.013671875 0.03469079939668175
0 0.7265625 0.27149321266968324 0.015625 0.03167420814479638
0 0.408203125 0.10105580693815988 0.01171875 0.02262443438914027
0 0.7509765625 0.167420814479638 0.0146484375 0.033182503770739065
0 0.7841796875 0.1794871794871795 0.0185546875 0.03469079939668175
0 0.859375 0.2654600301659125 0.0185546875 0.03770739064856712
0 0.76171875 0.41478129713423834 0.0302734375 0.06033182503770739
0 0.748046875 0.27601809954751133 0.015625 0.03469079939668175
0 0.7998046875 0.2609351432880845 0.0185546875 0.03619909502262444
0 0.8349609375 0.19457013574660634 0.0166015625 0.03469079939668175
0 0.8984375 0.17647058823529413 0.0205078125 0.0392156862745098
0 0.9375 0.2187028657616893 0.01953125 0.0392156862745098
0 0.8935546875 0.3273001508295626 0.0224609375 0.042232277526395176
0 0.98828125 0.36199095022624433 0.0234375 0.05429864253393665
0 0.9931640625 0.2956259426847662 0.013671875 0.043740573152337855
0 0.9873046875 0.16591251885369532 0.013671875 0.033182503770739065
0 0.4794921875 0.2187028657616893 0.0205078125 0.04524886877828054
0 0.5625 0.1297134238310709 0.0126953125 0.02262443438914027
0 0.0869140625 0.06184012066365008 0.0078125 0.01809954751131222
0 0.7822265625 0.14177978883861236 0.0146484375 0.024132730015082957
0 0.8564453125 0.2066365007541478 0.015625 0.03770739064856712
0 0.271484375 0.14328808446455504 0.01171875 0.02564102564102564
0 0.2451171875 0.08144796380090498 0.009765625 0.0196078431372549