0 0.572265625 0.9129496402877698 0.0244140625 0.026618705035971222
0 0.33984375 0.8474820143884892 0.01953125 0.020863309352517987
0 0.46875 0.8007194244604317 0.01953125 0.02158273381294964
0 0.5048828125 0.7640287769784173 0.0146484375 0.015827338129496403
0 0.732421875 0.9410071942446043 0.021484375 0.02302158273381295
0 0.2900390625 0.6985611510791367 0.017578125 0.015827338129496403
0 0.8271484375 0.5784172661870504 0.013671875 0.015107913669064749
0 0.8369140625 0.5935251798561151 0.015625 0.015827338129496403
0 0.78515625 0.5345323741007194 0.0146484375 0.012949640287769784
0 0.6875 0.5784172661870504 0.0107421875 0.013669064748201438
0 0.0859375 0.5597122302158274 0.0126953125 0.012949640287769784
0 0.140625 0.5446043165467626 0.01171875 0.011510791366906475
0 0.42578125 0.48992805755395685 0.009765625 0.008633093525179856
0 0.36328125 0.5330935251798561 0.009765625 0.011510791366906475
0 0.373046875 0.5086330935251798 0.009765625 0.010071942446043165
0 0.1220703125 0.862589928057554 0.0146484375 0.01870503597122302
0 0.2626953125 0.9302158273381295 0.017578125 0.020863309352517987
0 0.7080078125 0.5748201438848921 0.0087890625 0.012949640287769784
0 0.7587890625 0.6446043165467625 0.0126953125 0.013669064748201438
0 0.5419921875 0.797841726618705 0.0126953125 0.014388489208633094
0 0.3349609375 0.8877697841726618 0.025390625 0.02446043165467626
0 0.23828125 0.7388489208633093 0.0126953125 0.015827338129496403
0 0.64453125 0.6294964028776978 0.017578125 0.015827338129496403