0 0.041015625 0.435 0.0166015625 0.0475
0 0.1005859375 0.4725 0.021484375 0.0525
0 0.1025390625 0.42 0.015625 0.0325
0 0.1474609375 0.405 0.017578125 0.05
0 0.2080078125 0.385 0.01953125 0.06
0 0.2880859375 0.4425 0.017578125 0.06
0 0.2724609375 0.4475 0.01171875 0.0425
0 0.3662109375 0.41 0.015625 0.06
0 0.4091796875 0.4375 0.0166015625 0.06
0 0.451171875 0.4125 0.01953125 0.0625
0 0.3525390625 0.335 0.0185546875 0.06
0 0.287109375 0.0775 0.01953125 0.05
0 0.5263671875 0.3975 0.009765625 0.0575
0 0.5302734375 0.4975 0.01953125 0.0625
0 0.509765625 0.42 0.01953125 0.065
0 0.5810546875 0.4125 0.01953125 0.0625
0 0.64453125 0.405 0.021484375 0.0625
0 0.68359375 0.4 0.01953125 0.0625
0 0.75390625 0.4475 0.0126953125 0.045
0 0.830078125 0.4025 0.0244140625 0.055
0 0.9013671875 0.455 0.021484375 0.0625
0 0.9697265625 0.4125 0.021484375 0.06
0 0.80859375 0.07 0.0185546875 0.065