0 0.7265625 0.5124450951683748 0.029296875 0.0527086383601757
0 0.6357421875 0.4802342606149341 0.025390625 0.04538799414348463
0 0.5322265625 0.46412884333821375 0.021484375 0.0424597364568082
0 0.408203125 0.47584187408491946 0.0185546875 0.03953147877013177
0 0.2861328125 0.49194729136163984 0.0244140625 0.048316251830161056
0 0.4404296875 0.040995607613469986 0.009765625 0.027818448023426062
0 0.9267578125 0.2562225475841874 0.013671875 0.024890190336749635
0 0.015625 0.6310395314787701 0.0322265625 0.0849194729136164
0 0.05859375 0.582723279648609 0.0400390625 0.07906295754026355
0 0.1162109375 0.5344070278184481 0.0322265625 0.060029282576866766
0 0.15234375 0.7247437774524158 0.041015625 0.09224011713030747
0 0.8447265625 0.5373352855051244 0.03125 0.043923865300146414
0 0.8974609375 0.5578330893118595 0.0234375 0.06734992679355783
0 0.556640625 0.767203513909224 0.0107421875 0.11127379209370425