0 0.7001953125 0.2997032640949555 0.0146484375 0.03115727002967359
0 0.7158203125 0.2997032640949555 0.0126953125 0.03115727002967359
0 0.658203125 0.3086053412462908 0.017578125 0.032640949554896145
0 0.6220703125 0.30118694362017806 0.0234375 0.04154302670623145
0 0.5859375 0.3115727002967359 0.0205078125 0.03115727002967359
0 0.5634765625 0.29673590504451036 0.0146484375 0.026706231454005934
0 0.5380859375 0.30712166172106825 0.0205078125 0.03560830860534125
0 0.5107421875 0.3115727002967359 0.015625 0.032640949554896145
0 0.458984375 0.2952522255192878 0.017578125 0.032640949554896145
0 0.4072265625 0.2997032640949555 0.017578125 0.03412462908011869
0 0.93359375 0.33086053412462907 0.0244140625 0.04302670623145401
0 0.97265625 0.32047477744807124 0.02734375 0.04896142433234421
0 0.09765625 0.28338278931750743 0.0224609375 0.03560830860534125
0 0.04296875 0.3086053412462908 0.0224609375 0.032640949554896145
0 0.0146484375 0.29080118694362017 0.0185546875 0.02967359050445104
0 0.2197265625 0.3056379821958457 0.0244140625 0.06824925816023739
0 0.681640625 0.3219584569732938 0.0205078125 0.032640949554896145
0 0.7451171875 0.29673590504451036 0.01953125 0.03115727002967359
0 0.8037109375 0.3189910979228487 0.0234375 0.04154302670623145
0 0.7802734375 0.29376854599406527 0.0146484375 0.028189910979228485
0 0.826171875 0.314540059347181 0.0166015625 0.03857566765578635
0 0.89453125 0.30712166172106825 0.01953125 0.03412462908011869
0 0.85546875 0.2922848664688427 0.013671875 0.028189910979228485
0 0.0029296875 0.31305637982195844 0.0068359375 0.04154302670623145