0 0.09765625 0.3779411764705882 0.0205078125 0.03823529411764706
0 0.859375 0.3205882352941177 0.0185546875 0.03529411764705882
0 0.787109375 0.34705882352941175 0.01953125 0.029411764705882353
0 0.7646484375 0.3411764705882353 0.01953125 0.03235294117647059
0 0.755859375 0.37058823529411766 0.0166015625 0.029411764705882353
0 0.7265625 0.3558823529411765 0.017578125 0.030882352941176472
0 0.6953125 0.36617647058823527 0.017578125 0.030882352941176472
0 0.6748046875 0.38676470588235295 0.015625 0.03235294117647059
0 0.6337890625 0.36911764705882355 0.017578125 0.03235294117647059
0 0.625 0.4 0.013671875 0.027941176470588237
0 0.607421875 0.3941176470588235 0.015625 0.029411764705882353
0 0.5791015625 0.38382352941176473 0.015625 0.023529411764705882
0 0.556640625 0.4764705882352941 0.015625 0.026470588235294117
0 0.6005859375 0.3720588235294118 0.015625 0.030882352941176472
0 0.5390625 0.3779411764705882 0.015625 0.033823529411764704
0 0.517578125 0.38088235294117645 0.0146484375 0.026470588235294117
0 0.494140625 0.4 0.0166015625 0.03529411764705882
0 0.46875 0.36323529411764705 0.017578125 0.03235294117647059
0 0.4638671875 0.39558823529411763 0.0166015625 0.030882352941176472
0 0.427734375 0.37941176470588234 0.0185546875 0.039705882352941174
0 0.3974609375 0.3764705882352941 0.0166015625 0.03235294117647059
0 0.376953125 0.3897058823529412 0.0166015625 0.027941176470588237
0 0.328125 0.3779411764705882 0.0166015625 0.03235294117647059
0 0.2109375 0.3941176470588235 0.0146484375 0.026470588235294117
0 0.28125 0.38823529411764707 0.0185546875 0.030882352941176472
0 0.2724609375 0.3735294117647059 0.0166015625 0.03235294117647059
0 0.255859375 0.38529411764705884 0.0166015625 0.029411764705882353
0 0.1875 0.37058823529411766 0.01953125 0.03676470588235294
0 0.130859375 0.40294117647058825 0.0185546875 0.027941176470588237