0 0.9794921875 0.34564643799472294 0.0322265625 0.12928759894459102
0 0.8798828125 0.29815303430079154 0.0322265625 0.08970976253298153
0 0.873046875 0.41160949868073876 0.029296875 0.1266490765171504
0 0.7548828125 0.25065963060686014 0.0302734375 0.08179419525065963
0 0.654296875 0.22955145118733508 0.0302734375 0.08179419525065963
0 0.5791015625 0.21635883905013192 0.0234375 0.0633245382585752
0 0.5693359375 0.13720316622691292 0.0146484375 0.04221635883905013
0 0.5126953125 0.16094986807387862 0.0205078125 0.0712401055408971
0 0.51953125 0.41952506596306066 0.025390625 0.15303430079155672
0 0.34375 0.3482849604221636 0.0341796875 0.14775725593667546
0 0.4462890625 0.17150395778364116 0.017578125 0.052770448548812667
0 0.3974609375 0.1345646437994723 0.0166015625 0.06068601583113457
0 0.353515625 0.11345646437994723 0.017578125 0.055408970976253295
0 0.3125 0.11609498680738786 0.0166015625 0.05013192612137203
0 0.2744140625 0.11873350923482849 0.0185546875 0.05013192612137203
0 0.2451171875 0.11873350923482849 0.0146484375 0.044854881266490766
0 0.21484375 0.08970976253298153 0.013671875 0.04221635883905013
0 0.2333984375 0.3113456464379947 0.0322265625 0.13192612137203166
0 0.24609375 0.2955145118733509 0.025390625 0.10554089709762533
0 0.1689453125 0.22691292875989447 0.0283203125 0.10290237467018469
0 0.146484375 0.0712401055408971 0.0146484375 0.05013192612137203
0 0.0966796875 0.09234828496042216 0.015625 0.04221635883905013
0 0.056640625 0.1662269129287599 0.0224609375 0.08179419525065963
0 0.130859375 0.22427440633245382 0.0244140625 0.08179419525065963
0 0.10546875 0.19788918205804748 0.01953125 0.07387862796833773
0 0.0302734375 0.0870712401055409 0.015625 0.047493403693931395