0 0.5029296875 0.4055636896046852 0.0068359375 0.01171303074670571
0 0.4951171875 0.3967789165446559 0.0068359375 0.010248901903367497
0 0.5126953125 0.39092240117130306 0.0068359375 0.013177159590043924
0 0.541015625 0.40263543191800877 0.0068359375 0.013177159590043924
0 0.4453125 0.3923865300146413 0.0078125 0.016105417276720352
0 0.4580078125 0.404099560761347 0.0078125 0.013177159590043924
0 0.4765625 0.44363103953147875 0.0078125 0.01903367496339678
0 0.4501953125 0.4407027818448023 0.0087890625 0.016105417276720352
0 0.431640625 0.4568081991215227 0.009765625 0.017569546120058566
0 0.4140625 0.4773060029282577 0.0107421875 0.027818448023426062
0 0.4951171875 0.47291361639824303 0.0087890625 0.021961932650073207
0 0.4609375 0.46266471449487556 0.0107421875 0.024890190336749635
0 0.478515625 0.4890190336749634 0.0146484375 0.029282576866764276
0 0.4404296875 0.5080527086383602 0.01171875 0.027818448023426062
0 0.482421875 0.5344070278184481 0.0244140625 0.04538799414348463
0 0.52734375 0.49194729136163984 0.01171875 0.027818448023426062
0 0.55859375 0.4685212298682284 0.01171875 0.024890190336749635
0 0.556640625 0.4407027818448023 0.0087890625 0.013177159590043924
0 0.572265625 0.4377745241581259 0.0087890625 0.013177159590043924
0 0.5654296875 0.4407027818448023 0.0048828125 0.01171303074670571
0 0.5927734375 0.4582723279648609 0.009765625 0.017569546120058566
0 0.611328125 0.445095168374817 0.0078125 0.014641288433382138
0 0.6376953125 0.4363103953147877 0.005859375 0.010248901903367497
0 0.63671875 0.4612005856515373 0.0078125 0.016105417276720352
0 0.6708984375 0.45241581259150804 0.0087890625 0.016105417276720352
0 0.638671875 0.486090775988287 0.0107421875 0.02342606149341142
0 0.6083984375 0.48462664714494874 0.0107421875 0.03074670571010249
0 0.5595703125 0.5241581259150805 0.01171875 0.03367496339677892
0 0.625 0.5256222547584187 0.013671875 0.027818448023426062
0 0.6689453125 0.5051244509516838 0.013671875 0.03074670571010249
0 0.6025390625 0.44216691068814057 0.0068359375 0.010248901903367497
0 0.6865234375 0.45973645680819913 0.0087890625 0.017569546120058566
0 0.6787109375 0.48462664714494874 0.0087890625 0.020497803806734993
0 0.703125 0.5080527086383602 0.0146484375 0.02342606149341142
0 0.7294921875 0.5007320644216691 0.009765625 0.024890190336749635
0 0.7275390625 0.4670571010248902 0.0078125 0.016105417276720352
0 0.7080078125 0.45534407027818447 0.0068359375 0.01171303074670571
0 0.7373046875 0.45241581259150804 0.0078125 0.013177159590043924
0 0.7275390625 0.4582723279648609 0.0087890625 0.01171303074670571
0 0.771484375 0.4685212298682284 0.0078125 0.016105417276720352
0 0.7763671875 0.4802342606149341 0.009765625 0.021961932650073207
0 0.80078125 0.4787701317715959 0.0087890625 0.01171303074670571
0 0.8154296875 0.48316251830161056 0.0107421875 0.014641288433382138
0 0.845703125 0.4992679355783309 0.01171875 0.021961932650073207
0 0.8779296875 0.48462664714494874 0.009765625 0.017569546120058566
0 0.8974609375 0.5051244509516838 0.0107421875 0.01903367496339678
0 0.77734375 0.5490483162518301 0.015625 0.03806734992679356
0 0.802734375 0.5358711566617862 0.0146484375 0.03074670571010249
0 0.6865234375 0.5666178623718887 0.0205078125 0.04685212298682284
0 0.7568359375 0.5695461200585652 0.017578125 0.03953147877013177
0 0.9521484375 0.5109809663250366 0.0126953125 0.01903367496339678
0 0.1103515625 0.5124450951683748 0.021484375 0.03806734992679356
0 0.1337890625 0.4699853587115666 0.015625 0.03074670571010249
0 0.166015625 0.4465592972181552 0.01171875 0.02342606149341142
0 0.1845703125 0.4363103953147877 0.01171875 0.020497803806734993
0 0.2197265625 0.45241581259150804 0.0126953125 0.02342606149341142
0 0.2421875 0.4363103953147877 0.0107421875 0.024890190336749635
0 0.2607421875 0.4670571010248902 0.0107421875 0.021961932650073207
0 0.27734375 0.445095168374817 0.01171875 0.020497803806734993
0 0.2958984375 0.4377745241581259 0.0107421875 0.017569546120058566
0 0.33203125 0.4480234260614934 0.01171875 0.017569546120058566
0 0.3701171875 0.4773060029282577 0.01171875 0.027818448023426062
0 0.3896484375 0.424597364568082 0.0078125 0.01903367496339678
0 0.4248046875 0.43484626647144947 0.0107421875 0.014641288433382138
0 0.330078125 0.5666178623718887 0.0263671875 0.0527086383601757
0 0.294921875 0.5183016105417276 0.0185546875 0.036603221083455345
0 0.30859375 0.5036603221083455 0.01171875 0.03074670571010249
0 0.2431640625 0.5095168374816984 0.01953125 0.03367496339677892
0 0.0283203125 0.45534407027818447 0.0185546875 0.03367496339677892
0 0.0947265625 0.4465592972181552 0.013671875 0.02342606149341142
0 0.103515625 0.4480234260614934 0.0107421875 0.020497803806734993
0 0.138671875 0.4407027818448023 0.01171875 0.017569546120058566
0 0.494140625 0.4582723279648609 0.0107421875 0.017569546120058566