0 0.765625 0.30600292825768666 0.025390625 0.0424597364568082
0 0.77734375 0.2796486090775988 0.017578125 0.03367496339677892
0 0.7978515625 0.33528550512445093 0.0185546875 0.03513909224011713
0 0.72265625 0.3191800878477306 0.021484375 0.040995607613469986
0 0.7080078125 0.27232796486090777 0.01953125 0.032210834553440704
0 0.673828125 0.2913616398243045 0.01953125 0.03806734992679356
0 0.6337890625 0.2664714494875549 0.0205078125 0.03513909224011713
0 0.603515625 0.24011713030746706 0.0244140625 0.040995607613469986
0 0.55859375 0.24743777452415813 0.0234375 0.043923865300146414
0 0.5078125 0.26061493411420206 0.0263671875 0.04685212298682284
0 0.494140625 0.22693997071742314 0.0234375 0.043923865300146414
0 0.458984375 0.23572474377745242 0.01953125 0.040995607613469986
0 0.4375 0.23572474377745242 0.021484375 0.04978038067349927
0 0.4150390625 0.2781844802342606 0.0224609375 0.048316251830161056
0 0.3427734375 0.2840409956076135 0.025390625 0.05710102489019034
0 0.357421875 0.38653001464128844 0.0263671875 0.05417276720351391
0 0.453125 0.3616398243045388 0.0263671875 0.04978038067349927
0 0.4892578125 0.41874084919472915 0.02734375 0.04538799414348463
0 0.57421875 0.4333821376281113 0.0361328125 0.06442166910688141
0 0.587890625 0.34992679355783307 0.025390625 0.043923865300146414
0 0.6484375 0.3440702781844802 0.0234375 0.0424597364568082
0 0.6689453125 0.45534407027818447 0.0283203125 0.05856515373352855
0 0.76953125 0.38945827232796487 0.0234375 0.04538799414348463
0 0.80859375 0.4363103953147877 0.025390625 0.0424597364568082
0 0.30078125 0.42313323572474376 0.03125 0.05856515373352855
0 0.26171875 0.32210834553440704 0.0244140625 0.05124450951683748
0 0.208984375 0.2767203513909224 0.025390625 0.048316251830161056
0 0.1923828125 0.48462664714494874 0.0302734375 0.05124450951683748
0 0.3994140625 0.4568081991215227 0.02734375 0.05124450951683748