0 0.9072265625 0.3268229166666667 0.0322265625 0.053385416666666664
0 0.849609375 0.3294270833333333 0.0341796875 0.055989583333333336
0 0.7548828125 0.3424479166666667 0.037109375 0.0625
0 0.6953125 0.3033854166666667 0.029296875 0.049479166666666664
0 0.6865234375 0.35546875 0.0361328125 0.05859375
0 0.5927734375 0.31640625 0.033203125 0.0546875
0 0.5185546875 0.31640625 0.0341796875 0.057291666666666664
0 0.3896484375 0.29296875 0.0322265625 0.053385416666666664
0 0.380859375 0.25390625 0.0234375 0.03515625
0 0.4375 0.3893229166666667 0.0537109375 0.08854166666666667
0 0.2998046875 0.3697916666666667 0.04296875 0.0703125
0 0.2294921875 0.2864583333333333 0.0302734375 0.041666666666666664
0 0.16015625 0.2760416666666667 0.0302734375 0.055989583333333336
0 0.1494140625 0.3307291666666667 0.0361328125 0.055989583333333336
0 0.1083984375 0.3658854166666667 0.05078125 0.08333333333333333
0 0.1796875 0.4895833333333333 0.0576171875 0.0859375