0 0.345703125 0.16829268292682928 0.0263671875 0.04024390243902439
0 0.3720703125 0.1378048780487805 0.021484375 0.02926829268292683
0 0.39453125 0.1073170731707317 0.0166015625 0.02926829268292683
0 0.3984375 0.16951219512195123 0.0283203125 0.04024390243902439
0 0.4072265625 0.18048780487804877 0.029296875 0.0524390243902439
0 0.2548828125 0.09634146341463415 0.017578125 0.025609756097560974
0 0.232421875 0.1024390243902439 0.017578125 0.01707317073170732
0 0.3212890625 0.09146341463414634 0.01953125 0.020731707317073172
0 0.3017578125 0.11097560975609756 0.013671875 0.026829268292682926
0 0.3544921875 0.09268292682926829 0.015625 0.024390243902439025
0 0.3603515625 0.09878048780487805 0.0185546875 0.024390243902439025
0 0.412109375 0.0951219512195122 0.0185546875 0.02926829268292683
0 0.421875 0.1475609756097561 0.0205078125 0.03536585365853658
0 0.4521484375 0.12682926829268293 0.01953125 0.02926829268292683
0 0.455078125 0.09878048780487805 0.0185546875 0.023170731707317073
0 0.4814453125 0.07317073170731707 0.0146484375 0.01707317073170732
0 0.513671875 0.09634146341463415 0.0205078125 0.03048780487804878
0 0.482421875 0.12926829268292683 0.0263671875 0.03780487804878049
0 0.5126953125 0.12804878048780488 0.0185546875 0.02926829268292683
0 0.55078125 0.1378048780487805 0.029296875 0.036585365853658534
0 0.5478515625 0.08414634146341464 0.013671875 0.02195121951219512
0 0.5751953125 0.11341463414634147 0.01953125 0.023170731707317073
0 0.5732421875 0.1402439024390244 0.015625 0.02804878048780488
0 0.6259765625 0.11097560975609756 0.015625 0.02926829268292683
0 0.640625 0.11219512195121951 0.0205078125 0.02804878048780488
0 0.4921875 0.19390243902439025 0.02734375 0.03536585365853658
0 0.4765625 0.23536585365853657 0.029296875 0.05
0 0.576171875 0.26707317073170733 0.0458984375 0.07195121951219512
0 0.5693359375 0.2146341463414634 0.025390625 0.032926829268292684
0 0.240234375 0.45 0.0263671875 0.03536585365853658
0 0.3662109375 0.4036585365853659 0.05078125 0.07560975609756097
0 0.4052734375 0.3097560975609756 0.0361328125 0.05853658536585366
0 0.3623046875 0.22926829268292684 0.0390625 0.06219512195121951
0 0.244140625 0.2890243902439024 0.046875 0.07926829268292683
0 0.1318359375 0.2548780487804878 0.0478515625 0.07560975609756097
0 0.03125 0.3475609756097561 0.0419921875 0.06341463414634146
0 0.0771484375 0.20243902439024392 0.0322265625 0.054878048780487805
0 0.0576171875 0.15853658536585366 0.0205078125 0.032926829268292684
0 0.0166015625 0.17682926829268292 0.0322265625 0.0524390243902439
0 0.0234375 0.1329268292682927 0.01953125 0.02804878048780488
0 0.0673828125 0.1329268292682927 0.0185546875 0.026829268292682926
0 0.10546875 0.13170731707317074 0.0205078125 0.02926829268292683
0 0.1396484375 0.12682926829268293 0.021484375 0.03170731707317073
0 0.123046875 0.1548780487804878 0.0205078125 0.03048780487804878
0 0.15234375 0.16341463414634147 0.02734375 0.042682926829268296
0 0.1845703125 0.13170731707317074 0.017578125 0.025609756097560974
0 0.20703125 0.1073170731707317 0.015625 0.02195121951219512
0 0.2314453125 0.12439024390243902 0.0205078125 0.02926829268292683
0 0.2451171875 0.23170731707317074 0.037109375 0.05853658536585366
0 0.228515625 0.16829268292682928 0.025390625 0.041463414634146344
0 0.30078125 0.16951219512195123 0.029296875 0.045121951219512194
0 0.28125 0.14878048780487804 0.0234375 0.041463414634146344
0 0.3154296875 0.11341463414634147 0.021484375 0.026829268292682926
0 0.6416015625 0.1878048780487805 0.029296875 0.045121951219512194
0 0.6357421875 0.15365853658536585 0.02734375 0.03414634146341464
0 0.673828125 0.21341463414634146 0.033203125 0.06097560975609756
0 0.724609375 0.16585365853658537 0.0283203125 0.04390243902439024
0 0.734375 0.11829268292682926 0.021484375 0.03170731707317073
0 0.734375 0.1 0.017578125 0.025609756097560974
0 0.7978515625 0.1024390243902439 0.0205078125 0.03048780487804878
0 0.7822265625 0.1475609756097561 0.02734375 0.04024390243902439
0 0.755859375 0.2073170731707317 0.0322265625 0.05609756097560976
0 0.83984375 0.16219512195121952 0.03125 0.05121951219512195
0 0.8037109375 0.1378048780487805 0.017578125 0.03048780487804878
0 0.873046875 0.11829268292682926 0.0205078125 0.03170731707317073
0 0.8876953125 0.11341463414634147 0.013671875 0.032926829268292684
0 0.8701171875 0.17073170731707318 0.025390625 0.03536585365853658
0 0.9169921875 0.17073170731707318 0.009765625 0.02804878048780488
0 0.958984375 0.13414634146341464 0.0244140625 0.03170731707317073
0 0.939453125 0.12560975609756098 0.0166015625 0.032926829268292684
0 0.9697265625 0.29024390243902437 0.0458984375 0.08292682926829269
0 0.9072265625 0.31097560975609756 0.0654296875 0.0975609756097561
0 0.84765625 0.42560975609756097 0.06640625 0.11585365853658537
0 0.650390625 0.14268292682926828 0.0185546875 0.03780487804878049
0 0.5849609375 0.13658536585365855 0.0166015625 0.026829268292682926