0 0.751953125 0.4622395833333333 0.0458984375 0.06380208333333333
0 0.708984375 0.3997395833333333 0.0390625 0.059895833333333336
0 0.83203125 0.3854166666666667 0.041015625 0.07552083333333333
0 0.88671875 0.3203125 0.037109375 0.06640625
0 0.8994140625 0.4075520833333333 0.044921875 0.08463541666666667
0 0.7880859375 0.3541666666666667 0.0390625 0.06770833333333333
0 0.666015625 0.3580729166666667 0.0380859375 0.0625
0 0.623046875 0.4140625 0.041015625 0.06901041666666667
0 0.568359375 0.33984375 0.0390625 0.07552083333333333
0 0.4951171875 0.3671875 0.0439453125 0.07942708333333333
0 0.435546875 0.3359375 0.041015625 0.07291666666666667
0 0.37109375 0.3684895833333333 0.0458984375 0.07942708333333333
0 0.30859375 0.39453125 0.0458984375 0.07291666666666667
0 0.2490234375 0.3216145833333333 0.0458984375 0.07161458333333333
0 0.1748046875 0.3606770833333333 0.0498046875 0.0859375
0 0.1025390625 0.34375 0.05078125 0.07552083333333333