0 0.7666015625 0.21791044776119403 0.0126953125 0.023880597014925373
0 0.7548828125 0.19701492537313434 0.0078125 0.022388059701492536
0 0.712890625 0.20298507462686566 0.009765625 0.023880597014925373
0 0.6318359375 0.2 0.0087890625 0.016417910447761194
0 0.5927734375 0.19552238805970149 0.0087890625 0.016417910447761194
0 0.576171875 0.1925373134328358 0.0078125 0.014925373134328358
0 0.541015625 0.191044776119403 0.009765625 0.014925373134328358
0 0.8330078125 0.3253731343283582 0.0439453125 0.0626865671641791
0 0.9150390625 0.24776119402985075 0.0185546875 0.03134328358208955
0 0.916015625 0.3119402985074627 0.02734375 0.056716417910447764
0 0.220703125 0.14029850746268657 0.01171875 0.025373134328358207
0 0.2451171875 0.17164179104477612 0.0068359375 0.014925373134328358
0 0.0927734375 0.20298507462686566 0.01171875 0.020895522388059702
0 0.0390625 0.2044776119402985 0.0126953125 0.023880597014925373
0 0.125 0.31343283582089554 0.0244140625 0.0626865671641791
0 0.150390625 0.21492537313432836 0.0107421875 0.026865671641791045
0 0.1474609375 0.24776119402985075 0.013671875 0.034328358208955224