0 0.1962890625 0.44882860665844637 0.0185546875 0.027127003699136867
0 0.1767578125 0.45006165228113443 0.013671875 0.02219482120838471
0 0.1796875 0.4315659679408138 0.0107421875 0.01726263871763255
0 0.220703125 0.43279901356350187 0.01171875 0.01972872996300863
0 0.63671875 0.44636251541307026 0.0185546875 0.03329223181257707
0 0.646484375 0.4217016029593095 0.0126953125 0.012330456226880395
0 0.67578125 0.41800246609124536 0.015625 0.02096177558569667
0 0.6982421875 0.43773119605425403 0.017578125 0.030826140567200986
0 0.7021484375 0.4130702836004932 0.0087890625 0.009864364981504316
0 0.7216796875 0.436498150431566 0.0107421875 0.013563501849568433
0 0.751953125 0.4784217016029593 0.025390625 0.03945745992601726
0 0.7939453125 0.45376078914919854 0.0234375 0.0345252774352651
0 0.75390625 0.42909987669543775 0.0166015625 0.02219482120838471
0 0.806640625 0.4315659679408138 0.015625 0.029593094944512947
0 0.8974609375 0.4438964241676942 0.0166015625 0.02466091245376079
0 0.9501953125 0.44882860665844637 0.02734375 0.032059186189889025
0 0.9736328125 0.4130702836004932 0.013671875 0.01972872996300863
0 0.2451171875 0.44636251541307026 0.0166015625 0.02466091245376079
0 0.23046875 0.43279901356350187 0.0107421875 0.01726263871763255
0 0.2802734375 0.436498150431566 0.01953125 0.02836004932182491
0 0.3056640625 0.4278668310727497 0.0146484375 0.02219482120838471
0 0.3232421875 0.41800246609124536 0.013671875 0.02096177558569667
0 0.3515625 0.42293464858199753 0.0146484375 0.027127003699136867
0 0.337890625 0.4882860665844636 0.029296875 0.0530209617755857
0 0.306640625 0.49815043156596794 0.0361328125 0.06165228113440197
0 0.103515625 0.6152897657213316 0.0458984375 0.09001233045622688
0 0.076171875 0.531442663378545 0.04296875 0.07644882860665844
0 0.029296875 0.4932182490752158 0.0380859375 0.02836004932182491
0 0.37890625 0.42663378545006164 0.015625 0.02219482120838471
0 0.39453125 0.4401972872996301 0.0185546875 0.027127003699136867
0 0.408203125 0.45006165228113443 0.025390625 0.035758323057953144
0 0.427734375 0.4969173859432799 0.03125 0.029593094944512947
0 0.4501953125 0.4118372379778052 0.015625 0.02342786683107275
0 0.486328125 0.4352651048088779 0.01953125 0.029593094944512947
0 0.5068359375 0.4093711467324291 0.0126953125 0.018495684340320593
0 0.5185546875 0.4401972872996301 0.013671875 0.02342786683107275
0 0.5390625 0.4241676942046856 0.0146484375 0.016029593094944512
0 0.5419921875 0.4155363748458693 0.0107421875 0.013563501849568433
0 0.5361328125 0.4525277435265105 0.01953125 0.030826140567200986
0 0.5771484375 0.4315659679408138 0.017578125 0.029593094944512947
0 0.615234375 0.4254007398273736 0.013671875 0.014796547472256474
0 0.59765625 0.5561035758323057 0.037109375 0.07151664611590629
0 0.6162109375 0.7102342786683107 0.0498046875 0.11713933415536375
0 0.6689453125 0.5092478421701603 0.0244140625 0.05055487053020962
0 0.7607421875 0.4204685573366215 0.0107421875 0.01726263871763255
0 0.8525390625 0.4093711467324291 0.0126953125 0.016029593094944512
0 0.0205078125 0.45006165228113443 0.015625 0.02219482120838471
0 0.11328125 0.4599260172626387 0.0166015625 0.02466091245376079
0 0.609375 0.5240443896424167 0.03125 0.06041923551171394