0 0.8525390625 0.4127604166666667 0.03125 0.048177083333333336
0 0.73046875 0.3763020833333333 0.0302734375 0.048177083333333336
0 0.697265625 0.37890625 0.0244140625 0.048177083333333336
0 0.5947265625 0.3802083333333333 0.0205078125 0.029947916666666668
0 0.529296875 0.3580729166666667 0.013671875 0.029947916666666668
0 0.4765625 0.3489583333333333 0.0146484375 0.032552083333333336
0 0.408203125 0.3372395833333333 0.015625 0.026041666666666668
0 0.453125 0.41015625 0.025390625 0.052083333333333336
0 0.37890625 0.3723958333333333 0.01953125 0.04296875
0 0.341796875 0.33203125 0.021484375 0.037760416666666664
0 0.291015625 0.3567708333333333 0.021484375 0.037760416666666664
0 0.1953125 0.3307291666666667 0.015625 0.028645833333333332
0 0.0888671875 0.3841145833333333 0.037109375 0.0625
0 0.3525390625 0.328125 0.0146484375 0.03125
0 0.5224609375 0.4140625 0.021484375 0.049479166666666664
0 0.45703125 0.390625 0.021484375 0.049479166666666664
0 0.115234375 0.3932291666666667 0.0224609375 0.024739583333333332
0 0.123046875 0.35546875 0.0224609375 0.0234375
0 0.966796875 0.4166666666666667 0.0283203125 0.0625