0 0.8662109375 0.4750499001996008 0.0205078125 0.05189620758483034
0 0.7333984375 0.5269461077844312 0.01953125 0.05588822355289421
0 0.419921875 0.3313373253493014 0.0126953125 0.027944111776447105
0 0.2802734375 0.46506986027944114 0.0146484375 0.03592814371257485
0 0.244140625 0.48902195608782434 0.0146484375 0.03792415169660679
0 0.201171875 0.46506986027944114 0.01171875 0.03792415169660679
0 0.1865234375 0.5508982035928144 0.0205078125 0.05588822355289421
0 0.142578125 0.4750499001996008 0.0126953125 0.033932135728542916
0 0.142578125 0.5409181636726547 0.01953125 0.04790419161676647
0 0.255859375 0.5888223552894212 0.0185546875 0.059880239520958084
0 0.15234375 0.7544910179640718 0.0263671875 0.10778443113772455
0 0.02734375 0.5988023952095808 0.0322265625 0.08782435129740519
0 0.021484375 0.7145708582834331 0.02734375 0.08782435129740519