0 0.0869140625 0.4739583333333333 0.044921875 0.07942708333333333
0 0.18359375 0.4322916666666667 0.044921875 0.08203125
0 0.224609375 0.4153645833333333 0.0322265625 0.06510416666666667
0 0.3203125 0.4114583333333333 0.0283203125 0.037760416666666664
0 0.369140625 0.3971354166666667 0.0166015625 0.03515625
0 0.4404296875 0.4036458333333333 0.0302734375 0.03125
0 0.4443359375 0.3450520833333333 0.0224609375 0.041666666666666664
0 0.482421875 0.3424479166666667 0.0205078125 0.037760416666666664
0 0.5 0.3359375 0.0146484375 0.032552083333333336
0 0.5380859375 0.3333333333333333 0.017578125 0.028645833333333332
0 0.7392578125 0.40625 0.037109375 0.06901041666666667
0 0.791015625 0.4609375 0.0380859375 0.06901041666666667
0 0.6455078125 0.6197916666666666 0.0400390625 0.10416666666666667
0 0.7666015625 0.3736979166666667 0.0244140625 0.048177083333333336
0 0.55859375 0.3359375 0.0126953125 0.0234375
0 0.59375 0.3489583333333333 0.0126953125 0.0234375