0 0.7099609375 0.5208333333333334 0.0478515625 0.08203125
0 0.68359375 0.46484375 0.046875 0.06901041666666667
0 0.546875 0.45703125 0.0380859375 0.06770833333333333
0 0.439453125 0.47265625 0.0322265625 0.061197916666666664
0 0.3369140625 0.4700520833333333 0.0283203125 0.041666666666666664
0 0.3671875 0.4283854166666667 0.029296875 0.04296875
0 0.2841796875 0.4361979166666667 0.0244140625 0.0390625
0 0.2353515625 0.4153645833333333 0.0263671875 0.037760416666666664
0 0.1875 0.4322916666666667 0.021484375 0.03125
0 0.31640625 0.703125 0.0673828125 0.12369791666666667
0 0.6962890625 0.828125 0.0771484375 0.15494791666666666
0 0.0859375 0.5638020833333334 0.0546875 0.08854166666666667
0 0.0244140625 0.4583333333333333 0.021484375 0.029947916666666668
0 0.9697265625 0.5260416666666666 0.0576171875 0.10286458333333333