0 0.935546875 0.4143484626647145 0.015625 0.029282576866764276
0 0.9658203125 0.37774524158125916 0.0078125 0.016105417276720352
0 0.9248046875 0.39824304538799415 0.0087890625 0.01903367496339678
0 0.8876953125 0.3967789165446559 0.01171875 0.02342606149341142
0 0.8701171875 0.3953147877013177 0.01171875 0.021961932650073207
0 0.765625 0.4055636896046852 0.015625 0.03074670571010249
0 0.7568359375 0.38653001464128844 0.009765625 0.020497803806734993
0 0.6259765625 0.4538799414348463 0.0283203125 0.05710102489019034
0 0.7333984375 0.4978038067349927 0.0322265625 0.05710102489019034
0 0.6787109375 0.43045387994143486 0.015625 0.032210834553440704
0 0.7060546875 0.404099560761347 0.0146484375 0.02635431918008785
0 0.361328125 0.37481698389458273 0.0087890625 0.024890190336749635
0 0.345703125 0.36603221083455345 0.01171875 0.017569546120058566
0 0.328125 0.3953147877013177 0.013671875 0.032210834553440704
0 0.30859375 0.39092240117130306 0.015625 0.03513909224011713
0 0.2216796875 0.38653001464128844 0.0126953125 0.02342606149341142
0 0.2236328125 0.465592972181552 0.029296875 0.06149341142020498
0 0.1728515625 0.4055636896046852 0.017578125 0.036603221083455345
0 0.16015625 0.37774524158125916 0.009765625 0.016105417276720352
0 0.1142578125 0.37920937042459735 0.015625 0.029282576866764276
0 0.1025390625 0.404099560761347 0.0205078125 0.03806734992679356
0 0.1318359375 0.5095168374816984 0.0439453125 0.0849194729136164
0 0.298828125 0.36603221083455345 0.0107421875 0.021961932650073207
0 0.6083984375 0.3938506588579795 0.013671875 0.02342606149341142
0 0.5751953125 0.37920937042459735 0.01171875 0.021961932650073207
0 0.525390625 0.3762811127379209 0.0107421875 0.020497803806734993
0 0.380859375 0.41874084919472915 0.01953125 0.0424597364568082
0 0.525390625 0.424597364568082 0.01953125 0.03953147877013177
0 0.4716796875 0.3689604685212299 0.01171875 0.020497803806734993
0 0.4609375 0.3645680819912152 0.0078125 0.014641288433382138
0 0.427734375 0.37920937042459735 0.009765625 0.02342606149341142
0 0.419921875 0.3923865300146413 0.009765625 0.029282576866764276
0 0.439453125 0.5636896046852123 0.033203125 0.08931185944363104
0 0.794921875 0.33382137628111275 0.0087890625 0.017569546120058566
0 0.7236328125 0.3850658857979502 0.0068359375 0.016105417276720352
0 0.640625 0.3923865300146413 0.0087890625 0.014641288433382138
0 0.5927734375 0.37920937042459735 0.0087890625 0.020497803806734993
0 0.56640625 0.3645680819912152 0.005859375 0.013177159590043924
0 0.505859375 0.3557833089311859 0.0068359375 0.014641288433382138
0 0.1923828125 0.3323572474377745 0.0068359375 0.013177159590043924
0 0.2421875 0.3235724743777452 0.0078125 0.014641288433382138
0 0.091796875 0.36603221083455345 0.009765625 0.01903367496339678
0 0.072265625 0.3806734992679356 0.0078125 0.01903367496339678
0 0.0625 0.3762811127379209 0.0087890625 0.01903367496339678