0 0.1787109375 0.3524229074889868 0.01953125 0.02643171806167401
0 0.1376953125 0.3935389133627019 0.0234375 0.03524229074889868
0 0.1259765625 0.3641703377386197 0.015625 0.033773861967694566
0 0.0849609375 0.3303964757709251 0.0185546875 0.02936857562408223
0 0.09765625 0.4170337738619677 0.021484375 0.0381791483113069
0 0.0732421875 0.43759177679882527 0.0263671875 0.04698972099853157
0 0.0595703125 0.36270190895741555 0.0185546875 0.0381791483113069
0 0.037109375 0.31718061674008813 0.021484375 0.030837004405286344
0 0.02734375 0.3876651982378855 0.021484375 0.0381791483113069
0 0.009765625 0.3891336270190896 0.017578125 0.039647577092511016
0 0.2412109375 0.5359765051395007 0.04296875 0.07782672540381791
0 0.326171875 0.33627019089574156 0.017578125 0.0381791483113069
0 0.3203125 0.32305433186490456 0.0146484375 0.020558002936857563
0 0.36328125 0.36270190895741555 0.01953125 0.042584434654919234
0 0.3896484375 0.3641703377386197 0.0234375 0.04552129221732746
0 0.3984375 0.315712187958884 0.0185546875 0.032305433186490456
0 0.4208984375 0.34801762114537443 0.01953125 0.041116005873715125
0 0.0126953125 0.6240822320117474 0.0224609375 0.06020558002936858
0 0.19140625 0.6372980910425844 0.015625 0.055800293685756244
0 0.4052734375 0.5594713656387665 0.017578125 0.049926578560939794
0 0.4775390625 0.3406754772393539 0.025390625 0.0513950073421439
0 0.4609375 0.3392070484581498 0.017578125 0.03524229074889868
0 0.44140625 0.2790014684287812 0.0166015625 0.033773861967694566
0 0.529296875 0.26138032305433184 0.017578125 0.030837004405286344
0 0.5439453125 0.30983847283406757 0.01953125 0.03524229074889868
0 0.509765625 0.34801762114537443 0.029296875 0.048458149779735685
0 0.580078125 0.355359765051395 0.0224609375 0.042584434654919234
0 0.6552734375 0.38179148311306904 0.025390625 0.042584434654919234
0 0.673828125 0.35829662261380324 0.021484375 0.048458149779735685
0 0.78515625 0.32599118942731276 0.017578125 0.04552129221732746
0 0.8330078125 0.33627019089574156 0.021484375 0.041116005873715125
0 0.892578125 0.342143906020558 0.0263671875 0.048458149779735685
0 0.9765625 0.3803230543318649 0.0263671875 0.04405286343612335
0 0.9111328125 0.3245227606461087 0.0185546875 0.04405286343612335
0 0.5888671875 0.5521292217327459 0.0322265625 0.06461086637298091
0 0.67578125 0.434654919236417 0.021484375 0.05433186490455213
0 0.525390625 0.540381791483113 0.0185546875 0.05433186490455213
0 0.9873046875 0.42143906020558003 0.0205078125 0.08223201174743025
0 0.7158203125 0.09985315712187959 0.0400390625 0.0631424375917768
0 0.3955078125 0.8634361233480177 0.025390625 0.0881057268722467
0 0.2529296875 0.4170337738619677 0.021484375 0.049926578560939794
0 0.3212890625 0.39941262848751835 0.025390625 0.055800293685756244
0 0.29296875 0.31718061674008813 0.0205078125 0.033773861967694566
0 0.2509765625 0.3406754772393539 0.0205078125 0.032305433186490456
0 0.2275390625 0.36123348017621143 0.0205078125 0.039647577092511016
0 0.212890625 0.32599118942731276 0.01953125 0.027900146842878122
0 0.189453125 0.3935389133627019 0.0224609375 0.030837004405286344