0 0.24609375 0.3815104166666667 0.0224609375 0.03515625
0 0.2216796875 0.4192708333333333 0.021484375 0.0390625
0 0.189453125 0.4270833333333333 0.0322265625 0.052083333333333336
0 0.0966796875 0.3893229166666667 0.0234375 0.0390625
0 0.0595703125 0.3763020833333333 0.021484375 0.03515625
0 0.2314453125 0.54296875 0.068359375 0.12239583333333333
0 0.15625 0.4856770833333333 0.033203125 0.06510416666666667
0 0.32421875 0.40234375 0.01953125 0.037760416666666664
0 0.3759765625 0.35546875 0.0126953125 0.022135416666666668
0 0.38671875 0.4322916666666667 0.029296875 0.05859375
0 0.435546875 0.4088541666666667 0.0205078125 0.0390625
0 0.4443359375 0.36328125 0.0107421875 0.016927083333333332
0 0.4609375 0.3372395833333333 0.009765625 0.018229166666666668
0 0.5107421875 0.3489583333333333 0.0087890625 0.024739583333333332
0 0.5625 0.33984375 0.017578125 0.0234375
0 0.5810546875 0.3307291666666667 0.0146484375 0.020833333333333332
0 0.59375 0.3346354166666667 0.0107421875 0.01953125
0 0.619140625 0.3294270833333333 0.013671875 0.022135416666666668
0 0.6572265625 0.34765625 0.0166015625 0.03125
0 0.66015625 0.328125 0.013671875 0.022135416666666668
0 0.6884765625 0.3541666666666667 0.0166015625 0.03125
0 0.7548828125 0.328125 0.015625 0.026041666666666668
0 0.658203125 0.4596354166666667 0.041015625 0.0703125
0 0.619140625 0.40625 0.0234375 0.0390625
0 0.4677734375 0.5494791666666666 0.04296875 0.0859375
0 0.8232421875 0.3359375 0.0205078125 0.028645833333333332
0 0.8671875 0.3411458333333333 0.0166015625 0.022135416666666668
0 0.884765625 0.3346354166666667 0.0185546875 0.02734375
0 0.916015625 0.36328125 0.0205078125 0.032552083333333336
0 0.8134765625 0.3736979166666667 0.0224609375 0.036458333333333336
0 0.82421875 0.4296875 0.03125 0.052083333333333336
0 0.978515625 0.36328125 0.0146484375 0.01953125
0 0.3486328125 0.44140625 0.021484375 0.036458333333333336