0 0.3134765625 0.11978465679676985 0.0458984375 0.07267833109017496
0 0.1962890625 0.15746971736204576 0.04296875 0.07133243606998654
0 0.103515625 0.21668909825033647 0.044921875 0.07537012113055182
0 0.240234375 0.5168236877523553 0.052734375 0.08344549125168237
0 0.365234375 0.5087483176312247 0.0595703125 0.0955585464333782
0 0.466796875 0.5545087483176312 0.0537109375 0.07940780619111709
0 0.619140625 0.522207267833109 0.056640625 0.08748317631224764
0 0.7626953125 0.4939434724091521 0.0625 0.09286675639300135
0 0.78125 0.15343203230148048 0.0556640625 0.08882907133243607
0 0.6953125 0.1278600269179004 0.046875 0.08075370121130551
0 0.5947265625 0.17496635262449528 0.0498046875 0.08075370121130551
0 0.4345703125 0.1641991924629879 0.046875 0.06864064602960969