0 0.828125 0.48828125 0.021484375 0.033854166666666664
0 0.7783203125 0.5130208333333334 0.01953125 0.03515625
0 0.73828125 0.5221354166666666 0.0205078125 0.032552083333333336
0 0.703125 0.49609375 0.0224609375 0.033854166666666664
0 0.6591796875 0.5286458333333334 0.025390625 0.037760416666666664
0 0.63671875 0.5143229166666666 0.0185546875 0.032552083333333336
0 0.6025390625 0.5169270833333334 0.0244140625 0.033854166666666664
0 0.5888671875 0.4518229166666667 0.021484375 0.02734375
0 0.5703125 0.5234375 0.021484375 0.03125
0 0.5361328125 0.4700520833333333 0.021484375 0.029947916666666668
0 0.509765625 0.4583333333333333 0.01953125 0.03125
0 0.5205078125 0.5260416666666666 0.021484375 0.037760416666666664
0 0.4716796875 0.53515625 0.0224609375 0.033854166666666664
0 0.4765625 0.4869791666666667 0.021484375 0.0390625
0 0.4873046875 0.4466145833333333 0.01953125 0.029947916666666668
0 0.4453125 0.4427083333333333 0.0205078125 0.03125
0 0.4365234375 0.5247395833333334 0.0205078125 0.032552083333333336
0 0.373046875 0.5455729166666666 0.0244140625 0.033854166666666664
0 0.365234375 0.5104166666666666 0.0234375 0.03125
0 0.3916015625 0.4609375 0.0205078125 0.032552083333333336
0 0.3388671875 0.4609375 0.0185546875 0.029947916666666668
0 0.328125 0.5065104166666666 0.021484375 0.028645833333333332
0 0.314453125 0.5364583333333334 0.0234375 0.033854166666666664
0 0.2802734375 0.5169270833333334 0.0234375 0.03515625
0 0.263671875 0.5481770833333334 0.0244140625 0.03515625
0 0.177734375 0.53125 0.0234375 0.03125
0 0.21484375 0.5078125 0.0205078125 0.032552083333333336
0 0.2255859375 0.5572916666666666 0.0224609375 0.032552083333333336
0 0.5048828125 0.6497395833333334 0.025390625 0.036458333333333336