0 0.9111328125 0.11475409836065574 0.0205078125 0.06323185011709602
0 0.9072265625 0.3583138173302108 0.021484375 0.07494145199063232
0 0.9931640625 0.4637002341920375 0.013671875 0.08196721311475409
0 0.80859375 0.11007025761124122 0.0400390625 0.13348946135831383
0 0.7509765625 0.1756440281030445 0.0400390625 0.1288056206088993
0 0.697265625 0.11943793911007025 0.0361328125 0.10070257611241218
0 0.634765625 0.1920374707259953 0.0390625 0.11943793911007025
0 0.5888671875 0.12412177985948478 0.03515625 0.117096018735363
0 0.5087890625 0.17798594847775176 0.0380859375 0.13114754098360656
0 0.4833984375 0.10772833723653395 0.03125 0.10304449648711944
0 0.4228515625 0.13114754098360656 0.03515625 0.11007025761124122
0 0.357421875 0.1756440281030445 0.0400390625 0.1288056206088993
0 0.3115234375 0.08899297423887588 0.033203125 0.1053864168618267
0 0.25 0.09836065573770492 0.03515625 0.11943793911007025
0 0.1884765625 0.08196721311475409 0.037109375 0.117096018735363
0 0.1318359375 0.1756440281030445 0.044921875 0.1288056206088993