0 0.830078125 0.33715925394548063 0.041015625 0.07173601147776183
0 0.7236328125 0.3242467718794835 0.041015625 0.06025824964131994
0 0.6591796875 0.35724533715925394 0.0390625 0.0703012912482066
0 0.5791015625 0.35437589670014347 0.0400390625 0.06456241032998565
0 0.5419921875 0.3012912482065997 0.0380859375 0.06599713055954089
0 0.4912109375 0.33428981348637016 0.0390625 0.0703012912482066
0 0.3740234375 0.34146341463414637 0.0400390625 0.06599713055954089
0 0.349609375 0.27403156384505023 0.044921875 0.06599713055954089
0 0.2607421875 0.34433285509325684 0.041015625 0.06312769010043041
0 0.2021484375 0.27116212338593976 0.0390625 0.06743185078909612
0 0.1416015625 0.2611190817790531 0.044921875 0.08034433285509325
0 0.123046875 0.35581061692969873 0.048828125 0.08177905308464849