0 0.7177734375 0.3526058631921824 0.01953125 0.017915309446254073
0 0.640625 0.3534201954397394 0.0224609375 0.017915309446254073
0 0.6533203125 0.3705211726384365 0.01953125 0.02035830618892508
0 0.6806640625 0.3762214983713355 0.0224609375 0.021172638436482084
0 0.71875 0.3786644951140065 0.021484375 0.02035830618892508
0 0.748046875 0.38680781758957655 0.0205078125 0.023615635179153095
0 0.767578125 0.38680781758957655 0.0244140625 0.02035830618892508
0 0.7744140625 0.36644951140065146 0.021484375 0.02035830618892508
0 0.6904296875 0.40390879478827363 0.0234375 0.02035830618892508
0 0.7275390625 0.4169381107491857 0.0263671875 0.024429967426710098
0 0.8037109375 0.40879478827361565 0.0244140625 0.021986970684039087
0 0.7763671875 0.44299674267100975 0.0244140625 0.02687296416938111
0 0.8232421875 0.44055374592833874 0.0283203125 0.028501628664495113
0 0.6796875 0.4372964169381108 0.02734375 0.028501628664495113
0 0.6455078125 0.3990228013029316 0.0263671875 0.02768729641693811
0 0.6162109375 0.3754071661237785 0.0205078125 0.019543973941368076
0 0.59765625 0.3509771986970684 0.017578125 0.016286644951140065
0 0.5810546875 0.3762214983713355 0.021484375 0.01710097719869707
0 0.55859375 0.3558631921824104 0.0185546875 0.02035830618892508
0 0.53515625 0.3534201954397394 0.0185546875 0.018729641693811076
0 0.517578125 0.3737785016286645 0.0224609375 0.01710097719869707
0 0.5458984375 0.38436482084690554 0.0205078125 0.02035830618892508
0 0.5732421875 0.4014657980456026 0.0224609375 0.02280130293159609
0 0.611328125 0.4014657980456026 0.021484375 0.021172638436482084
0 0.6376953125 0.4381107491856677 0.025390625 0.021986970684039087
0 0.6650390625 0.46742671009771986 0.02734375 0.029315960912052116
0 0.7470703125 0.4731270358306189 0.0322265625 0.03013029315960912
0 0.5966796875 0.4568403908794788 0.0263671875 0.028501628664495113
0 0.5537109375 0.4258957654723127 0.02734375 0.02687296416938111
0 0.5029296875 0.4177524429967427 0.0244140625 0.025244299674267102
0 0.521484375 0.3998371335504886 0.01953125 0.021986970684039087
0 0.4833984375 0.3770358306188925 0.0205078125 0.019543973941368076
0 0.4794921875 0.3509771986970684 0.01953125 0.018729641693811076
0 0.4599609375 0.43078175895765475 0.0244140625 0.025244299674267102
0 0.48046875 0.41042345276872966 0.0244140625 0.023615635179153095
0 0.501953125 0.46335504885993484 0.0302734375 0.03013029315960912
0 0.5458984375 0.4804560260586319 0.03125 0.030944625407166124
0 0.451171875 0.36319218241042345 0.0205078125 0.01710097719869707
0 0.44140625 0.38192182410423453 0.0244140625 0.021986970684039087
0 0.392578125 0.3550488599348534 0.0224609375 0.023615635179153095
0 0.373046875 0.3566775244299674 0.0185546875 0.017915309446254073
0 0.36328125 0.38273615635179153 0.01953125 0.021172638436482084
0 0.3896484375 0.3982084690553746 0.0244140625 0.021172638436482084
0 0.328125 0.40553745928338764 0.0234375 0.021172638436482084
0 0.3046875 0.3770358306188925 0.0234375 0.021172638436482084
0 0.2890625 0.42833876221498374 0.0263671875 0.024429967426710098
0 0.2939453125 0.40960912052117265 0.0234375 0.02768729641693811
0 0.345703125 0.43322475570032576 0.0263671875 0.025244299674267102
0 0.376953125 0.4226384364820847 0.0263671875 0.023615635179153095
0 0.3984375 0.44381107491856675 0.0283203125 0.030944625407166124
0 0.427734375 0.42915309446254074 0.025390625 0.023615635179153095
0 0.330078125 0.4560260586319218 0.029296875 0.025244299674267102
0 0.2529296875 0.43322475570032576 0.0283203125 0.026058631921824105
0 0.8408203125 0.4771986970684039 0.03125 0.02768729641693811
0 0.86328125 0.5203583061889251 0.0380859375 0.03501628664495114
0 0.82421875 0.5130293159609121 0.03515625 0.030944625407166124
0 0.8037109375 0.5667752442996743 0.0390625 0.035830618892508145
0 0.7431640625 0.5285016286644951 0.037109375 0.03175895765472313
0 0.7021484375 0.511400651465798 0.0302734375 0.030944625407166124
0 0.6806640625 0.5513029315960912 0.0341796875 0.03664495114006515
0 0.63671875 0.5154723127035831 0.0341796875 0.03257328990228013
0 0.5966796875 0.506514657980456 0.03125 0.03175895765472313
0 0.46484375 0.49348534201954397 0.029296875 0.03175895765472313
0 0.4482421875 0.5195439739413681 0.0302734375 0.030944625407166124
0 0.5400390625 0.5211726384364821 0.03125 0.03175895765472313
0 0.5302734375 0.5692182410423453 0.041015625 0.03908794788273615
0 0.3779296875 0.5496742671009772 0.033203125 0.03908794788273615
0 0.345703125 0.49185667752442996 0.0322265625 0.03257328990228013
0 0.3115234375 0.5276872964169381 0.0341796875 0.035830618892508145
0 0.279296875 0.46905537459283386 0.03125 0.03013029315960912
0 0.23828125 0.498371335504886 0.0322265625 0.03175895765472313
0 0.1943359375 0.46498371335504884 0.0283203125 0.02768729641693811
0 0.205078125 0.5382736156351792 0.0341796875 0.030944625407166124
0 0.24609375 0.5985342019543974 0.0361328125 0.03501628664495114
0 0.11328125 0.5700325732899023 0.044921875 0.03908794788273615
0 0.4208984375 0.48534201954397393 0.0322265625 0.02687296416938111
0 0.541015625 0.32003257328990226 0.0068359375 0.010586319218241042
0 0.4453125 0.3306188925081433 0.0068359375 0.008957654723127036
0 0.0166015625 0.3127035830618892 0.009765625 0.012214983713355049
0 0.0439453125 0.2956026058631922 0.0078125 0.009771986970684038