0 0.1259765625 0.0654296875 0.06640625 0.0849609375
0 0.0771484375 0.123046875 0.0625 0.0625
0 0.2587890625 0.080078125 0.0712890625 0.0869140625
0 0.5888671875 0.0888671875 0.0380859375 0.048828125
0 0.603515625 0.0556640625 0.021484375 0.029296875
0 0.6396484375 0.0673828125 0.015625 0.01953125
0 0.52734375 0.0615234375 0.029296875 0.0244140625
0 0.3134765625 0.236328125 0.0146484375 0.021484375
0 0.318359375 0.2080078125 0.0078125 0.01171875
0 0.3203125 0.1796875 0.009765625 0.0126953125
0 0.2978515625 0.18359375 0.0107421875 0.0146484375
0 0.2587890625 0.17578125 0.009765625 0.013671875
0 0.2021484375 0.2119140625 0.0185546875 0.021484375
0 0.2099609375 0.1748046875 0.005859375 0.0078125
0 0.181640625 0.205078125 0.015625 0.0185546875
0 0.18359375 0.23046875 0.0185546875 0.021484375
0 0.1826171875 0.2646484375 0.0146484375 0.015625
0 0.208984375 0.2919921875 0.0244140625 0.0224609375
0 0.2099609375 0.2607421875 0.0078125 0.0078125
0 0.236328125 0.2607421875 0.013671875 0.0166015625
0 0.2607421875 0.26171875 0.0068359375 0.009765625
0 0.2919921875 0.255859375 0.01171875 0.0185546875
0 0.3134765625 0.259765625 0.0126953125 0.015625
0 0.31640625 0.2880859375 0.015625 0.01953125
0 0.287109375 0.2919921875 0.0087890625 0.01171875
0 0.26953125 0.291015625 0.0107421875 0.0166015625
0 0.2333984375 0.2890625 0.01953125 0.0234375
0 0.2890625 0.232421875 0.0166015625 0.0185546875
0 0.291015625 0.208984375 0.0068359375 0.0078125
0 0.263671875 0.2294921875 0.013671875 0.021484375
0 0.23828125 0.2353515625 0.015625 0.0205078125
0 0.205078125 0.2373046875 0.015625 0.021484375
0 0.2060546875 0.3173828125 0.015625 0.0234375
0 0.2294921875 0.3125 0.017578125 0.0244140625
0 0.2900390625 0.31640625 0.01171875 0.021484375
0 0.314453125 0.3134765625 0.0185546875 0.0322265625
0 0.34375 0.2255859375 0.0146484375 0.021484375
0 0.3681640625 0.2216796875 0.009765625 0.0126953125
0 0.390625 0.2138671875 0.0166015625 0.021484375
0 0.40234375 0.20703125 0.01953125 0.0234375
0 0.7451171875 0.2099609375 0.044921875 0.0556640625
0 0.4326171875 0.212890625 0.0146484375 0.01953125
0 0.4443359375 0.2158203125 0.0107421875 0.015625
0 0.490234375 0.2099609375 0.0185546875 0.0224609375
0 0.6552734375 0.2431640625 0.0078125 0.0107421875
0 0.6259765625 0.2333984375 0.0078125 0.009765625
0 0.6279296875 0.2099609375 0.005859375 0.0068359375
0 0.6240234375 0.2197265625 0.0068359375 0.0078125
0 0.513671875 0.205078125 0.0048828125 0.0068359375
0 0.724609375 0.4052734375 0.1376953125 0.17578125
0 0.4560546875 0.412109375 0.083984375 0.1416015625
0 0.3681640625 0.4228515625 0.064453125 0.09765625
0 0.1318359375 0.427734375 0.033203125 0.044921875
0 0.0673828125 0.4599609375 0.025390625 0.0390625
0 0.255859375 0.5751953125 0.0966796875 0.0986328125
0 0.0927734375 0.5830078125 0.1416015625 0.1640625
0 0.4501953125 0.5771484375 0.0966796875 0.0986328125
0 0.64453125 0.56640625 0.0107421875 0.0107421875
0 0.6279296875 0.5830078125 0.0087890625 0.0087890625
0 0.609375 0.5859375 0.005859375 0.0078125
0 0.5908203125 0.5947265625 0.0068359375 0.0078125
0 0.5673828125 0.5947265625 0.0078125 0.0078125
0 0.5478515625 0.591796875 0.0048828125 0.0078125
0 0.529296875 0.5888671875 0.0078125 0.009765625
0 0.5146484375 0.5732421875 0.0068359375 0.0107421875
0 0.5703125 0.36328125 0.0126953125 0.0185546875
0 0.9013671875 0.341796875 0.0087890625 0.009765625
0 0.9130859375 0.341796875 0.005859375 0.0068359375
0 0.9228515625 0.3505859375 0.005859375 0.0078125
0 0.9296875 0.3525390625 0.0048828125 0.0078125
0 0.9521484375 0.3505859375 0.0087890625 0.0087890625
0 0.9599609375 0.3564453125 0.0078125 0.0078125
0 0.96484375 0.369140625 0.0078125 0.0087890625
0 0.9716796875 0.3779296875 0.0087890625 0.0078125
0 0.986328125 0.3994140625 0.0087890625 0.0087890625
0 0.98828125 0.408203125 0.0068359375 0.0087890625
0 0.986328125 0.4208984375 0.005859375 0.0078125
0 0.9833984375 0.4296875 0.0048828125 0.0068359375
0 0.8837890625 0.353515625 0.005859375 0.005859375
0 0.8779296875 0.35546875 0.005859375 0.005859375
0 0.857421875 0.3798828125 0.0078125 0.005859375
0 0.8525390625 0.3857421875 0.0087890625 0.0068359375
0 0.84375 0.396484375 0.0078125 0.005859375
0 0.8427734375 0.4072265625 0.0126953125 0.01171875
0 0.84765625 0.4375 0.009765625 0.0087890625
0 0.8505859375 0.447265625 0.0078125 0.0078125
0 0.8544921875 0.4580078125 0.0107421875 0.0078125
0 0.8623046875 0.466796875 0.009765625 0.0107421875
0 0.91015625 0.490234375 0.0078125 0.009765625
0 0.921875 0.4892578125 0.01171875 0.0107421875
0 0.9462890625 0.478515625 0.0107421875 0.0087890625
0 0.955078125 0.4736328125 0.0087890625 0.0087890625
0 0.9677734375 0.466796875 0.0087890625 0.0087890625
0 0.9736328125 0.4599609375 0.0107421875 0.009765625
0 0.771484375 0.5517578125 0.041015625 0.0498046875
0 0.79296875 0.509765625 0.02734375 0.017578125
0 0.73046875 0.568359375 0.0390625 0.0478515625
0 0.232421875 0.6748046875 0.017578125 0.01953125
0 0.2919921875 0.6826171875 0.01171875 0.0146484375
0 0.2626953125 0.6826171875 0.0146484375 0.0126953125
0 0.3203125 0.6845703125 0.0126953125 0.01171875
0 0.3154296875 0.7060546875 0.01171875 0.021484375
0 0.2626953125 0.69921875 0.0166015625 0.0205078125
0 0.2119140625 0.708984375 0.017578125 0.0205078125
0 0.1806640625 0.7041015625 0.0244140625 0.0322265625
0 0.2109375 0.734375 0.0087890625 0.0126953125
0 0.2373046875 0.7333984375 0.015625 0.0205078125
0 0.291015625 0.7333984375 0.015625 0.0166015625
0 0.3193359375 0.7353515625 0.01953125 0.0166015625
0 0.3193359375 0.7607421875 0.0107421875 0.0146484375
0 0.1279296875 0.7177734375 0.013671875 0.017578125
0 0.2919921875 0.7587890625 0.013671875 0.0185546875
0 0.2626953125 0.7607421875 0.015625 0.0244140625
0 0.20703125 0.7626953125 0.0146484375 0.01953125
0 0.1806640625 0.7568359375 0.01953125 0.029296875
0 0.1845703125 0.7890625 0.013671875 0.01953125
0 0.2373046875 0.787109375 0.01953125 0.0224609375
0 0.263671875 0.78515625 0.015625 0.0205078125
0 0.3193359375 0.7841796875 0.01171875 0.017578125
0 0.2109375 0.8134765625 0.015625 0.01953125
0 0.2607421875 0.814453125 0.0166015625 0.0244140625
0 0.318359375 0.8193359375 0.0234375 0.03125
0 0.181640625 0.8154296875 0.0224609375 0.0244140625
0 0.2998046875 0.8134765625 0.0078125 0.0126953125
0 0.1513671875 0.69921875 0.013671875 0.013671875
0 0.162109375 0.708984375 0.009765625 0.0185546875
0 0.1015625 0.7041015625 0.0126953125 0.015625
0 0.09375 0.6875 0.0107421875 0.0126953125
0 0.08984375 0.7080078125 0.009765625 0.0087890625
0 0.072265625 0.7099609375 0.0126953125 0.0107421875
0 0.0673828125 0.6962890625 0.01171875 0.01171875
0 0.0576171875 0.7119140625 0.013671875 0.015625
0 0.0361328125 0.708984375 0.0126953125 0.0146484375
0 0.412109375 0.9267578125 0.060546875 0.0732421875
0 0.69921875 0.892578125 0.0322265625 0.037109375
0 0.7548828125 0.875 0.02734375 0.0400390625
0 0.974609375 0.736328125 0.025390625 0.0234375
0 0.181640625 0.181640625 0.0166015625 0.01953125
0 0.1298828125 0.697265625 0.0126953125 0.0146484375