0 0.259765625 0.6445698166431594 0.017578125 0.03385049365303244
0 0.2958984375 0.6290550070521862 0.015625 0.03526093088857546
0 0.306640625 0.61212976022567 0.017578125 0.03385049365303244
0 0.3271484375 0.6488011283497884 0.017578125 0.03244005641748942
0 0.3388671875 0.5980253878702397 0.017578125 0.031029619181946404
0 0.3642578125 0.6050775740479548 0.0146484375 0.03244005641748942
0 0.4091796875 0.61212976022567 0.0166015625 0.02679830747531735
0 0.4521484375 0.61212976022567 0.015625 0.02538787023977433
0 0.4990234375 0.6304654442877292 0.017578125 0.03244005641748942
0 0.529296875 0.6050775740479548 0.015625 0.028208744710860368
0 0.484375 0.7517630465444288 0.0205078125 0.03526093088857546
0 0.458984375 0.6530324400564175 0.015625 0.03244005641748942
0 0.41015625 0.6530324400564175 0.0185546875 0.03244005641748942
0 0.37109375 0.6586741889985895 0.0185546875 0.03385049365303244
0 0.4248046875 0.7461212976022567 0.01953125 0.03526093088857546
0 0.263671875 0.5980253878702397 0.01953125 0.03244005641748942
0 0.2001953125 0.6064880112834978 0.01953125 0.03526093088857546
0 0.181640625 0.6403385049365303 0.0185546875 0.036671368124118475
0 0.1376953125 0.6234132581100141 0.0224609375 0.03385049365303244
0 0.09765625 0.6488011283497884 0.021484375 0.03244005641748942
0 0.13671875 0.7433004231311706 0.0234375 0.04090267983074753
0 0.201171875 0.7729196050775741 0.0205078125 0.04090267983074753
0 0.28515625 0.770098730606488 0.01953125 0.036671368124118475
0 0.361328125 0.7545839210155149 0.0185546875 0.03526093088857546
0 0.88671875 0.6036671368124118 0.01953125 0.0380818053596615
0 0.8369140625 0.6064880112834978 0.0205078125 0.0380818053596615
0 0.80859375 0.6050775740479548 0.0185546875 0.03385049365303244
0 0.779296875 0.6304654442877292 0.017578125 0.03526093088857546
0 0.763671875 0.614950634696756 0.017578125 0.03244005641748942
0 0.740234375 0.6290550070521862 0.017578125 0.03385049365303244
0 0.7099609375 0.6417489421720733 0.0185546875 0.03244005641748942
0 0.685546875 0.6234132581100141 0.0185546875 0.03244005641748942
0 0.66015625 0.6417489421720733 0.017578125 0.028208744710860368
0 0.63671875 0.6262341325811002 0.0166015625 0.028208744710860368
0 0.6064453125 0.5909732016925247 0.017578125 0.029619181946403384
0 0.580078125 0.609308885754584 0.0166015625 0.03244005641748942
0 0.607421875 0.6375176304654443 0.0185546875 0.03244005641748942
0 0.5517578125 0.6544428772919605 0.017578125 0.03244005641748942
0 0.66796875 0.7418899858956276 0.0205078125 0.039492242595204514
0 0.759765625 0.763046544428773 0.021484375 0.036671368124118475
0 0.822265625 0.765867418899859 0.0234375 0.04090267983074753
0 0.603515625 0.7559943582510579 0.021484375 0.03244005641748942
0 0.54296875 0.7531734837799718 0.01953125 0.03526093088857546