0 0.8994140625 0.2868217054263566 0.033203125 0.06976744186046512
0 0.8271484375 0.30387596899224806 0.0322265625 0.07441860465116279
0 0.875 0.42170542635658914 0.037109375 0.07286821705426356
0 0.79296875 0.5193798449612403 0.03125 0.07286821705426356
0 0.6904296875 0.5286821705426357 0.0283203125 0.06511627906976744
0 0.6162109375 0.524031007751938 0.03125 0.07131782945736434
0 0.763671875 0.262015503875969 0.0322265625 0.05736434108527132
0 0.697265625 0.2992248062015504 0.03125 0.06511627906976744
0 0.6240234375 0.30387596899224806 0.0302734375 0.06046511627906977
0 0.5517578125 0.30697674418604654 0.0302734375 0.06821705426356589
0 0.486328125 0.2930232558139535 0.0322265625 0.06666666666666667
0 0.40625 0.26046511627906976 0.0302734375 0.06356589147286822
0 0.322265625 0.2651162790697674 0.03125 0.06356589147286822
0 0.2490234375 0.2651162790697674 0.03125 0.06666666666666667
0 0.1669921875 0.2744186046511628 0.0302734375 0.06356589147286822
0 0.0849609375 0.2961240310077519 0.03125 0.06356589147286822
0 0.541015625 0.5162790697674419 0.03125 0.06046511627906977
0 0.451171875 0.5317829457364341 0.033203125 0.07286821705426356
0 0.35546875 0.517829457364341 0.0341796875 0.06046511627906977
0 0.267578125 0.5100775193798449 0.0322265625 0.06821705426356589
0 0.1826171875 0.5007751937984496 0.033203125 0.06511627906976744
0 0.0966796875 0.4170542635658915 0.0322265625 0.07596899224806201