0 0.12890625 0.414721723518851 0.025390625 0.05565529622980251
0 0.1484375 0.3770197486535009 0.0234375 0.05745062836624776
0 0.1884765625 0.40754039497307004 0.0205078125 0.04129263913824058
0 0.2314453125 0.3859964093357271 0.025390625 0.0466786355475763
0 0.20703125 0.3339317773788151 0.0263671875 0.059245960502693
0 0.2783203125 0.34290843806104127 0.025390625 0.05565529622980251
0 0.314453125 0.362657091561939 0.0244140625 0.05565529622980251
0 0.3447265625 0.3303411131059246 0.0224609375 0.05385996409335727
0 0.390625 0.3752244165170557 0.0244140625 0.059245960502693
0 0.421875 0.31956912028725315 0.0283203125 0.06642728904847396
0 0.470703125 0.37163375224416517 0.025390625 0.06642728904847396
0 0.4921875 0.31597845601436264 0.0234375 0.059245960502693
0 0.51953125 0.35547576301615796 0.025390625 0.06104129263913824
0 0.556640625 0.3464991023339318 0.02734375 0.05745062836624776
0 0.6123046875 0.3608617594254937 0.0234375 0.05745062836624776
0 0.6005859375 0.3052064631956912 0.0234375 0.05385996409335727
0 0.6767578125 0.3357271095152603 0.0224609375 0.05745062836624776
0 0.7021484375 0.34470377019748655 0.0244140625 0.04847396768402154
0 0.712890625 0.2800718132854578 0.0244140625 0.05745062836624776
0 0.775390625 0.30700179533213645 0.0263671875 0.0718132854578097
0 0.8603515625 0.30341113105924594 0.02734375 0.06642728904847396