0 0.740234375 0.37549407114624506 0.046875 0.08432147562582346
0 0.6376953125 0.4769433465085639 0.0537109375 0.09881422924901186
0 0.1884765625 0.13570487483530963 0.052734375 0.08563899868247694
0 0.55078125 0.1963109354413702 0.0322265625 0.05533596837944664
0 0.4248046875 0.16337285902503293 0.037109375 0.057971014492753624
0 0.896484375 0.12384716732542819 0.033203125 0.06455862977602109
0 0.7373046875 0.16337285902503293 0.02734375 0.05006587615283267
0 0.029296875 0.19367588932806323 0.0283203125 0.048748353096179184
0 0.015625 0.26613965744400525 0.025390625 0.04479578392621871
0 0.322265625 0.22397891963109354 0.0244140625 0.043478260869565216
0 0.6064453125 0.21080368906455862 0.025390625 0.05006587615283267