0 0.404296875 0.1451831750339213 0.0458984375 0.08005427408412483
0 0.36328125 0.2537313432835821 0.0419921875 0.06784260515603799
0 0.24609375 0.2672998643147897 0.041015625 0.05834464043419267
0 0.1357421875 0.45725915875169604 0.0419921875 0.07191316146540028
0 0.26953125 0.48575305291723203 0.0419921875 0.06377204884667571
0 0.5712890625 0.14246947082767977 0.0419921875 0.0773405698778833
0 0.5068359375 0.2537313432835821 0.0400390625 0.06919945725915876
0 0.6484375 0.26594301221166894 0.041015625 0.06377204884667571
0 0.384765625 0.4694708276797829 0.044921875 0.07191316146540028
0 0.505859375 0.4626865671641791 0.0458984375 0.07598371777476255
0 0.6201171875 0.47489823609226595 0.0390625 0.0814111261872456
0 0.7353515625 0.5020352781546812 0.044921875 0.06919945725915876
0 0.732421875 0.19402985074626866 0.0419921875 0.07462686567164178
0 0.798828125 0.2618724559023066 0.04296875 0.06784260515603799
0 0.8466796875 0.46675712347354137 0.04296875 0.06648575305291723