0 0.970703125 0.6953125 0.0068359375 0.033854166666666664
0 0.955078125 0.640625 0.0087890625 0.028645833333333332
0 0.94921875 0.6927083333333334 0.0087890625 0.026041666666666668
0 0.935546875 0.7135416666666666 0.0078125 0.026041666666666668
0 0.931640625 0.6588541666666666 0.0078125 0.026041666666666668
0 0.9296875 0.609375 0.0068359375 0.026041666666666668
0 0.9267578125 0.5833333333333334 0.0068359375 0.020833333333333332
0 0.923828125 0.5520833333333334 0.0078125 0.0234375
0 0.912109375 0.5182291666666666 0.0078125 0.0234375
0 0.9091796875 0.5703125 0.0068359375 0.0234375
0 0.904296875 0.5625 0.0068359375 0.018229166666666668
0 0.912109375 0.6197916666666666 0.0078125 0.020833333333333332
0 0.90625 0.6510416666666666 0.0087890625 0.026041666666666668
0 0.9140625 0.6901041666666666 0.0087890625 0.026041666666666668
0 0.900390625 0.6901041666666666 0.0068359375 0.0234375
0 0.8857421875 0.6536458333333334 0.0078125 0.0234375
0 0.8935546875 0.6197916666666666 0.0078125 0.026041666666666668
0 0.8857421875 0.5703125 0.0068359375 0.0234375
0 0.87890625 0.5989583333333334 0.0078125 0.020833333333333332
0 0.8681640625 0.5755208333333334 0.0078125 0.026041666666666668
0 0.888671875 0.53125 0.0078125 0.026041666666666668
0 0.89453125 0.5208333333333334 0.005859375 0.0234375
0 0.873046875 0.4973958333333333 0.0078125 0.0234375
0 0.8642578125 0.5234375 0.0078125 0.026041666666666668
0 0.8486328125 0.4947916666666667 0.0078125 0.0234375
0 0.8427734375 0.5520833333333334 0.0078125 0.020833333333333332
0 0.8486328125 0.5729166666666666 0.0068359375 0.0234375
0 0.861328125 0.6197916666666666 0.0078125 0.026041666666666668
0 0.8525390625 0.6510416666666666 0.0078125 0.026041666666666668
0 0.8662109375 0.6588541666666666 0.0068359375 0.020833333333333332
0 0.8798828125 0.6875 0.0087890625 0.0234375
0 0.8583984375 0.6979166666666666 0.0078125 0.0234375
0 0.837890625 0.6848958333333334 0.0078125 0.0234375
0 0.8291015625 0.6354166666666666 0.0078125 0.026041666666666668
0 0.8359375 0.5989583333333334 0.0068359375 0.028645833333333332
0 0.8330078125 0.5625 0.0078125 0.018229166666666668
0 0.822265625 0.546875 0.0068359375 0.026041666666666668
0 0.828125 0.5052083333333334 0.0068359375 0.0234375
0 0.8037109375 0.5 0.0078125 0.0234375
0 0.8037109375 0.5390625 0.0078125 0.0234375
0 0.8134765625 0.5651041666666666 0.0078125 0.026041666666666668
0 0.8125 0.6015625 0.0078125 0.028645833333333332
0 0.8056640625 0.6380208333333334 0.0087890625 0.028645833333333332
0 0.7919921875 0.6015625 0.0078125 0.0234375
0 0.791015625 0.5494791666666666 0.0078125 0.028645833333333332
0 0.77734375 0.5234375 0.0078125 0.0234375
0 0.783203125 0.4869791666666667 0.0068359375 0.0234375
0 0.7705078125 0.5625 0.0078125 0.0234375
0 0.7705078125 0.6067708333333334 0.0068359375 0.020833333333333332
0 0.787109375 0.6380208333333334 0.0068359375 0.0234375
0 0.7998046875 0.6822916666666666 0.0068359375 0.028645833333333332
0 0.818359375 0.6953125 0.0078125 0.0234375
0 0.7724609375 0.6822916666666666 0.0087890625 0.026041666666666668
0 0.76171875 0.6875 0.0087890625 0.0234375
0 0.76171875 0.6432291666666666 0.0068359375 0.020833333333333332
0 0.75 0.609375 0.0078125 0.020833333333333332
0 0.7509765625 0.5703125 0.0068359375 0.0234375
0 0.7509765625 0.5208333333333334 0.0068359375 0.026041666666666668
0 0.7578125 0.4921875 0.0068359375 0.026041666666666668
0 0.7333984375 0.4947916666666667 0.0078125 0.0234375
0 0.7255859375 0.5234375 0.0068359375 0.0234375
0 0.728515625 0.5598958333333334 0.0078125 0.0234375
0 0.7373046875 0.6119791666666666 0.0078125 0.026041666666666668
0 0.73046875 0.6380208333333334 0.0087890625 0.026041666666666668
0 0.740234375 0.6822916666666666 0.0087890625 0.026041666666666668
0 0.7197265625 0.6875 0.0087890625 0.028645833333333332
0 0.6943359375 0.6744791666666666 0.0078125 0.026041666666666668
0 0.705078125 0.6328125 0.009765625 0.0234375
0 0.712890625 0.609375 0.0078125 0.026041666666666668
0 0.705078125 0.5598958333333334 0.0078125 0.026041666666666668
0 0.697265625 0.5286458333333334 0.0078125 0.026041666666666668
0 0.681640625 0.5494791666666666 0.0087890625 0.026041666666666668
0 0.681640625 0.5078125 0.0068359375 0.026041666666666668
0 0.70703125 0.4921875 0.0087890625 0.020833333333333332
0 0.6689453125 0.5208333333333334 0.0087890625 0.0234375
0 0.658203125 0.5625 0.0087890625 0.020833333333333332
0 0.6611328125 0.6041666666666666 0.0078125 0.026041666666666668
0 0.6865234375 0.6067708333333334 0.0078125 0.020833333333333332
0 0.669921875 0.6770833333333334 0.0078125 0.028645833333333332
0 0.671875 0.6380208333333334 0.0078125 0.0234375
0 0.6494140625 0.6484375 0.0087890625 0.026041666666666668
0 0.6435546875 0.6822916666666666 0.0087890625 0.026041666666666668
0 0.6201171875 0.6979166666666666 0.0087890625 0.0234375
0 0.623046875 0.6432291666666666 0.0078125 0.026041666666666668
0 0.6181640625 0.6067708333333334 0.005859375 0.020833333333333332
0 0.6435546875 0.59375 0.0078125 0.026041666666666668
0 0.634765625 0.5651041666666666 0.0078125 0.0234375
0 0.642578125 0.5260416666666666 0.0087890625 0.026041666666666668
0 0.6201171875 0.5390625 0.0078125 0.020833333333333332
0 0.625 0.4947916666666667 0.0078125 0.020833333333333332
0 0.6552734375 0.5026041666666666 0.0068359375 0.026041666666666668
0 0.6103515625 0.4895833333333333 0.0068359375 0.0234375
0 0.6103515625 0.5520833333333334 0.0078125 0.0234375
0 0.59765625 0.6328125 0.0087890625 0.0234375
0 0.5947265625 0.5130208333333334 0.0068359375 0.0234375
0 0.5869140625 0.4973958333333333 0.0078125 0.020833333333333332
0 0.5888671875 0.5546875 0.0068359375 0.0234375
0 0.5966796875 0.5963541666666666 0.0078125 0.0234375
0 0.576171875 0.6380208333333334 0.0087890625 0.026041666666666668
0 0.572265625 0.671875 0.0068359375 0.026041666666666668
0 0.5869140625 0.6953125 0.0068359375 0.0234375
0 0.5400390625 0.6744791666666666 0.0078125 0.020833333333333332
0 0.5439453125 0.6380208333333334 0.0087890625 0.026041666666666668
0 0.5576171875 0.5989583333333334 0.0078125 0.026041666666666668
0 0.57421875 0.5833333333333334 0.0068359375 0.0234375
0 0.56640625 0.5520833333333334 0.0068359375 0.026041666666666668
0 0.5595703125 0.515625 0.0087890625 0.0234375
0 0.5654296875 0.4791666666666667 0.0078125 0.0234375
0 0.5439453125 0.4791666666666667 0.0078125 0.020833333333333332
0 0.544921875 0.5520833333333334 0.0078125 0.026041666666666668
0 0.5361328125 0.5989583333333334 0.0078125 0.0234375
0 0.5263671875 0.6510416666666666 0.0087890625 0.026041666666666668
0 0.5126953125 0.625 0.0078125 0.0234375
0 0.5126953125 0.6692708333333334 0.0068359375 0.028645833333333332
0 0.5146484375 0.5833333333333334 0.0068359375 0.0234375
0 0.5302734375 0.5520833333333334 0.0078125 0.026041666666666668
0 0.5205078125 0.5104166666666666 0.0078125 0.026041666666666668
0 0.5224609375 0.4765625 0.0068359375 0.020833333333333332
0 0.5 0.4739583333333333 0.0068359375 0.0234375
0 0.4931640625 0.5130208333333334 0.0068359375 0.026041666666666668
0 0.505859375 0.5390625 0.0087890625 0.026041666666666668
0 0.4951171875 0.59375 0.0068359375 0.0234375
0 0.494140625 0.6354166666666666 0.0068359375 0.026041666666666668
0 0.482421875 0.65625 0.0078125 0.0234375
0 0.46875 0.6432291666666666 0.0087890625 0.0234375
0 0.45703125 0.6640625 0.0087890625 0.0234375
0 0.4453125 0.6380208333333334 0.0078125 0.026041666666666668
0 0.447265625 0.59375 0.0087890625 0.026041666666666668
0 0.47265625 0.5807291666666666 0.0078125 0.0234375
0 0.482421875 0.5442708333333334 0.0078125 0.026041666666666668
0 0.466796875 0.5130208333333334 0.0078125 0.0234375
0 0.474609375 0.4739583333333333 0.0068359375 0.0234375
0 0.447265625 0.4895833333333333 0.0078125 0.020833333333333332
0 0.4541015625 0.5416666666666666 0.0078125 0.028645833333333332
0 0.4267578125 0.5520833333333334 0.0078125 0.0234375
0 0.431640625 0.515625 0.0078125 0.0234375
0 0.423828125 0.6354166666666666 0.0068359375 0.0234375
0 0.4267578125 0.6796875 0.0068359375 0.0234375
0 0.4150390625 0.4791666666666667 0.0078125 0.0234375
0 0.390625 0.5130208333333334 0.0068359375 0.026041666666666668
0 0.390625 0.4895833333333333 0.0068359375 0.020833333333333332
0 0.400390625 0.5625 0.0068359375 0.026041666666666668
0 0.4189453125 0.59375 0.0078125 0.026041666666666668
0 0.40234375 0.6276041666666666 0.0078125 0.026041666666666668
0 0.4013671875 0.6796875 0.0087890625 0.0234375
0 0.3798828125 0.6875 0.0087890625 0.0234375
0 0.37890625 0.6380208333333334 0.0078125 0.026041666666666668
0 0.3740234375 0.5807291666666666 0.0078125 0.0234375
0 0.3720703125 0.546875 0.0078125 0.026041666666666668
0 0.36328125 0.5208333333333334 0.005859375 0.0234375
0 0.3681640625 0.5052083333333334 0.0068359375 0.020833333333333332
0 0.34375 0.484375 0.0078125 0.0234375
0 0.3291015625 0.5442708333333334 0.0078125 0.0234375
0 0.3525390625 0.546875 0.0078125 0.0234375
0 0.330078125 0.5234375 0.0078125 0.020833333333333332
0 0.318359375 0.4895833333333333 0.0068359375 0.0234375
0 0.318359375 0.5833333333333334 0.0068359375 0.0234375
0 0.34765625 0.5885416666666666 0.0087890625 0.0234375
0 0.357421875 0.6328125 0.0087890625 0.0234375
0 0.36328125 0.6848958333333334 0.0078125 0.026041666666666668
0 0.33203125 0.6875 0.0078125 0.026041666666666668
0 0.3369140625 0.6432291666666666 0.0078125 0.0234375
0 0.3125 0.6432291666666666 0.0078125 0.0234375
0 0.3134765625 0.6848958333333334 0.0087890625 0.026041666666666668
0 0.2939453125 0.6328125 0.0087890625 0.0234375
0 0.2890625 0.6666666666666666 0.0087890625 0.026041666666666668
0 0.296875 0.5911458333333334 0.0068359375 0.0234375
0 0.306640625 0.5703125 0.0068359375 0.026041666666666668
0 0.302734375 0.5208333333333334 0.0068359375 0.018229166666666668
0 0.294921875 0.5078125 0.0068359375 0.020833333333333332
0 0.28125 0.5130208333333334 0.0068359375 0.020833333333333332
0 0.2734375 0.4973958333333333 0.0078125 0.0234375
0 0.259765625 0.5494791666666666 0.0068359375 0.020833333333333332
0 0.2734375 0.5911458333333334 0.0078125 0.026041666666666668
0 0.283203125 0.5677083333333334 0.0078125 0.0234375
0 0.263671875 0.5234375 0.0068359375 0.020833333333333332
0 0.2734375 0.6380208333333334 0.0078125 0.0234375
0 0.2646484375 0.6796875 0.0078125 0.026041666666666668
0 0.2470703125 0.6666666666666666 0.0087890625 0.0234375
0 0.2490234375 0.5911458333333334 0.0078125 0.026041666666666668
0 0.25390625 0.5 0.0078125 0.020833333333333332
0 0.2275390625 0.5 0.005859375 0.020833333333333332
0 0.2392578125 0.5234375 0.0068359375 0.020833333333333332
0 0.232421875 0.546875 0.0068359375 0.020833333333333332
0 0.212890625 0.5234375 0.0078125 0.020833333333333332
0 0.208984375 0.5651041666666666 0.0078125 0.020833333333333332
0 0.2333984375 0.5989583333333334 0.0078125 0.020833333333333332
0 0.23828125 0.6276041666666666 0.0068359375 0.0234375
0 0.2294921875 0.6692708333333334 0.0087890625 0.026041666666666668
0 0.220703125 0.640625 0.0078125 0.0234375
0 0.2119140625 0.6119791666666666 0.0078125 0.0234375
0 0.1962890625 0.5911458333333334 0.0078125 0.026041666666666668
0 0.1875 0.5755208333333334 0.0078125 0.026041666666666668
0 0.1953125 0.5442708333333334 0.005859375 0.020833333333333332
0 0.1806640625 0.5416666666666666 0.0068359375 0.020833333333333332
0 0.1865234375 0.4947916666666667 0.0068359375 0.020833333333333332
0 0.2080078125 0.4921875 0.005859375 0.0234375
0 0.162109375 0.5390625 0.005859375 0.020833333333333332
0 0.173828125 0.5 0.0078125 0.020833333333333332
0 0.1689453125 0.5651041666666666 0.0068359375 0.020833333333333332
0 0.1748046875 0.5911458333333334 0.0068359375 0.0234375
0 0.181640625 0.6458333333333334 0.0068359375 0.020833333333333332
0 0.205078125 0.6458333333333334 0.0078125 0.0234375
0 0.2099609375 0.6848958333333334 0.0078125 0.028645833333333332
0 0.1865234375 0.6796875 0.0087890625 0.026041666666666668
0 0.1591796875 0.6666666666666666 0.0068359375 0.026041666666666668
0 0.1669921875 0.6380208333333334 0.0068359375 0.0234375
0 0.15234375 0.5833333333333334 0.0087890625 0.026041666666666668
0 0.1455078125 0.5703125 0.0078125 0.0234375
0 0.134765625 0.5286458333333334 0.0068359375 0.0234375
0 0.146484375 0.5 0.0068359375 0.020833333333333332
0 0.119140625 0.4791666666666667 0.0068359375 0.026041666666666668
0 0.1259765625 0.5651041666666666 0.0068359375 0.0234375
0 0.134765625 0.5963541666666666 0.0068359375 0.020833333333333332
0 0.1201171875 0.5911458333333334 0.0078125 0.020833333333333332
0 0.107421875 0.5677083333333334 0.0078125 0.0234375
0 0.10546875 0.5260416666666666 0.0068359375 0.0234375
0 0.0986328125 0.59375 0.0068359375 0.0234375
0 0.0810546875 0.5703125 0.0068359375 0.0234375
0 0.0771484375 0.6041666666666666 0.0068359375 0.020833333333333332
0 0.0732421875 0.6328125 0.0068359375 0.0234375
0 0.083984375 0.6770833333333334 0.0068359375 0.0234375
0 0.0986328125 0.6380208333333334 0.0068359375 0.0234375
0 0.1142578125 0.6666666666666666 0.0078125 0.026041666666666668
0 0.1279296875 0.6484375 0.0068359375 0.0234375
0 0.1357421875 0.6796875 0.0068359375 0.0234375
0 0.1494140625 0.640625 0.0068359375 0.026041666666666668
0 0.1181640625 0.6432291666666666 0.005859375 0.0234375
0 0.0625 0.6744791666666666 0.0087890625 0.026041666666666668
0 0.0537109375 0.6328125 0.0078125 0.0234375
0 0.0595703125 0.5963541666666666 0.0078125 0.0234375
0 0.04296875 0.65625 0.0078125 0.026041666666666668
0 0.39453125 0.5989583333333334 0.0087890625 0.028645833333333332