0 0.3466796875 0.3932291666666667 0.0087890625 0.014322916666666666
0 0.337890625 0.3958333333333333 0.0078125 0.014322916666666666
0 0.3193359375 0.3880208333333333 0.0107421875 0.010416666666666666
0 0.3193359375 0.3697916666666667 0.0078125 0.010416666666666666
0 0.30859375 0.3854166666666667 0.0078125 0.01171875
0 0.2333984375 0.41796875 0.0146484375 0.024739583333333332
0 0.236328125 0.4348958333333333 0.013671875 0.01953125
0 0.2529296875 0.41015625 0.009765625 0.020833333333333332
0 0.2451171875 0.3880208333333333 0.0107421875 0.018229166666666668
0 0.2685546875 0.390625 0.0107421875 0.020833333333333332
0 0.27734375 0.4010416666666667 0.0087890625 0.015625
0 0.291015625 0.38671875 0.0087890625 0.015625
0 0.205078125 0.4127604166666667 0.01953125 0.032552083333333336
0 0.1884765625 0.41796875 0.0107421875 0.024739583333333332
0 0.1748046875 0.44140625 0.0263671875 0.024739583333333332
0 0.1494140625 0.43359375 0.0224609375 0.033854166666666664
0 0.1083984375 0.4791666666666667 0.0185546875 0.040364583333333336
0 0.0830078125 0.47265625 0.025390625 0.04296875
0 0.0458984375 0.4908854166666667 0.025390625 0.049479166666666664
0 0.6474609375 0.4153645833333333 0.013671875 0.022135416666666668
0 0.6474609375 0.390625 0.0087890625 0.010416666666666666
0 0.66015625 0.3776041666666667 0.0078125 0.01171875
0 0.6220703125 0.3893229166666667 0.0068359375 0.013020833333333334
0 0.580078125 0.3880208333333333 0.01171875 0.020833333333333332
0 0.5068359375 0.3723958333333333 0.0087890625 0.013020833333333334
0 0.7802734375 0.40625 0.009765625 0.01953125
0 0.7685546875 0.4127604166666667 0.0107421875 0.018229166666666668
0 0.7548828125 0.3997395833333333 0.0068359375 0.014322916666666666
0 0.7392578125 0.3997395833333333 0.009765625 0.014322916666666666
0 0.7236328125 0.3919270833333333 0.005859375 0.014322916666666666
0 0.94921875 0.4921875 0.0283203125 0.044270833333333336
0 0.9208984375 0.5286458333333334 0.015625 0.0234375
0 0.8720703125 0.47265625 0.015625 0.020833333333333332
0 0.859375 0.453125 0.0224609375 0.03125
0 0.806640625 0.4388020833333333 0.015625 0.0234375
0 0.79296875 0.421875 0.0087890625 0.024739583333333332
0 0.7314453125 0.39453125 0.0078125 0.014322916666666666