0 0.1962890625 0.1491442542787286 0.015625 0.028117359413202935
0 0.2333984375 0.13202933985330073 0.01953125 0.028117359413202935
0 0.27734375 0.09902200488997555 0.017578125 0.029339853300733496
0 0.259765625 0.2114914425427873 0.015625 0.03178484107579462
0 0.302734375 0.21515892420537897 0.0166015625 0.029339853300733496
0 0.302734375 0.26894865525672373 0.0146484375 0.017114914425427872
0 0.2001953125 0.2114914425427873 0.01953125 0.02444987775061125
0 0.166015625 0.17114914425427874 0.015625 0.02689486552567237
0 0.1162109375 0.17970660146699266 0.0146484375 0.023227383863080684
0 0.142578125 0.20660146699266504 0.0166015625 0.02689486552567237
0 0.0908203125 0.2273838630806846 0.015625 0.02444987775061125
0 0.548828125 0.1430317848410758 0.0166015625 0.02567237163814181
0 0.5068359375 0.11124694376528117 0.015625 0.03178484107579462
0 0.45703125 0.11735941320293398 0.013671875 0.02444987775061125
0 0.42578125 0.12591687041564792 0.015625 0.02689486552567237
0 0.5087890625 0.1687041564792176 0.0126953125 0.019559902200488997
0 0.5537109375 0.19559902200489 0.015625 0.03178484107579462
0 0.4951171875 0.2139364303178484 0.015625 0.02689486552567237
0 0.466796875 0.19437652811735942 0.01171875 0.022004889975550123
0 0.431640625 0.18948655256723718 0.0166015625 0.030562347188264057
0 0.6748046875 0.10880195599022005 0.01171875 0.022004889975550123
0 0.6982421875 0.10146699266503667 0.009765625 0.018337408312958436
0 0.7158203125 0.12102689486552567 0.01171875 0.019559902200488997
0 0.7373046875 0.097799511002445 0.0107421875 0.019559902200488997
0 0.7626953125 0.10880195599022005 0.01171875 0.018337408312958436
0 0.7861328125 0.08679706601466992 0.009765625 0.019559902200488997
0 0.8076171875 0.1234718826405868 0.01171875 0.022004889975550123
0 0.8359375 0.1039119804400978 0.0107421875 0.02078239608801956
0 0.853515625 0.12469437652811736 0.01171875 0.02078239608801956
0 0.89453125 0.13080684596577016 0.0126953125 0.017114914425427872
0 0.8681640625 0.18337408312958436 0.01171875 0.02078239608801956
0 0.9072265625 0.20048899755501223 0.01171875 0.018337408312958436
0 0.8076171875 0.18337408312958436 0.0107421875 0.018337408312958436
0 0.7646484375 0.17603911980440098 0.01171875 0.018337408312958436
0 0.724609375 0.1784841075794621 0.01171875 0.02078239608801956
0 0.720703125 0.2310513447432763 0.0126953125 0.017114914425427872
0 0.771484375 0.2237163814180929 0.01171875 0.022004889975550123
0 0.8251953125 0.2334963325183374 0.0126953125 0.019559902200488997
0 0.87890625 0.24205378973105135 0.0126953125 0.02078239608801956
0 0.6806640625 0.17359413202933985 0.0126953125 0.02078239608801956
0 0.66796875 0.2273838630806846 0.013671875 0.023227383863080684
0 0.66015625 0.2665036674816626 0.0107421875 0.017114914425427872
0 0.7197265625 0.2591687041564792 0.0107421875 0.017114914425427872
0 0.1220703125 0.7212713936430318 0.01171875 0.019559902200488997
0 0.1748046875 0.6735941320293398 0.0107421875 0.018337408312958436
0 0.2236328125 0.6858190709046454 0.0126953125 0.018337408312958436
0 0.177734375 0.7188264058679706 0.0107421875 0.018337408312958436
0 0.2236328125 0.7188264058679706 0.01171875 0.02078239608801956
0 0.1982421875 0.7750611246943765 0.01171875 0.02078239608801956
0 0.240234375 0.773838630806846 0.0107421875 0.019559902200488997
0 0.1435546875 0.7775061124694377 0.013671875 0.022004889975550123
0 0.1064453125 0.7762836185819071 0.013671875 0.019559902200488997
0 0.0810546875 0.8227383863080685 0.0146484375 0.02444987775061125
0 0.0947265625 0.8655256723716381 0.01171875 0.018337408312958436
0 0.142578125 0.8533007334963325 0.0126953125 0.022004889975550123
0 0.1865234375 0.8557457212713936 0.0126953125 0.022004889975550123
0 0.2197265625 0.8618581907090465 0.01171875 0.019559902200488997
0 0.26953125 0.8569682151589242 0.0126953125 0.019559902200488997
0 0.326171875 0.863080684596577 0.0126953125 0.023227383863080684
0 0.365234375 0.8288508557457213 0.013671875 0.02444987775061125
0 0.4169921875 0.8361858190709046 0.013671875 0.023227383863080684
0 0.427734375 0.8838630806845966 0.0126953125 0.022004889975550123
0 0.2685546875 0.6858190709046454 0.0126953125 0.018337408312958436
0 0.2783203125 0.7212713936430318 0.01171875 0.02078239608801956
0 0.3173828125 0.687041564792176 0.013671875 0.018337408312958436
0 0.3623046875 0.6833740831295844 0.0146484375 0.019559902200488997
0 0.375 0.7298288508557457 0.0126953125 0.022004889975550123
0 0.41015625 0.7249388753056235 0.013671875 0.02078239608801956
0 0.3271484375 0.726161369193154 0.013671875 0.023227383863080684
0 0.3447265625 0.7726161369193154 0.013671875 0.019559902200488997
0 0.2900390625 0.7762836185819071 0.01171875 0.017114914425427872
0 0.3896484375 0.7787286063569682 0.01171875 0.022004889975550123
0 0.443359375 0.7787286063569682 0.0146484375 0.018337408312958436
0 0.09375 0.4669926650366748 0.0205078125 0.029339853300733496
0 0.1171875 0.460880195599022 0.015625 0.023227383863080684
0 0.15234375 0.480440097799511 0.015625 0.02567237163814181
0 0.1689453125 0.4731051344743276 0.0107421875 0.023227383863080684
0 0.205078125 0.480440097799511 0.0146484375 0.02078239608801956
0 0.146484375 0.5330073349633252 0.0166015625 0.02567237163814181
0 0.1943359375 0.36674816625916873 0.0146484375 0.02444987775061125
0 0.2333984375 0.3899755501222494 0.013671875 0.022004889975550123
0 0.2060546875 0.4254278728606357 0.0126953125 0.022004889975550123
0 0.2841796875 0.3606356968215159 0.0146484375 0.02689486552567237
0 0.287109375 0.39853300733496333 0.015625 0.02444987775061125
0 0.2353515625 0.45232273838630804 0.0126953125 0.022004889975550123
0 0.2802734375 0.43643031784841074 0.0126953125 0.023227383863080684
0 0.263671875 0.4779951100244499 0.0146484375 0.022004889975550123
0 0.1455078125 0.5733496332518337 0.015625 0.02444987775061125
0 0.21875 0.5733496332518337 0.0107421875 0.017114914425427872
0 0.22265625 0.5366748166259169 0.015625 0.02689486552567237
0 0.2861328125 0.5244498777506112 0.0166015625 0.028117359413202935
0 0.3271484375 0.38753056234718825 0.013671875 0.02078239608801956
0 0.369140625 0.3863080684596577 0.013671875 0.017114914425427872
0 0.41015625 0.3899755501222494 0.01171875 0.02444987775061125
0 0.3603515625 0.4156479217603912 0.013671875 0.023227383863080684
0 0.3212890625 0.42053789731051344 0.013671875 0.022004889975550123
0 0.318359375 0.4743276283618582 0.0146484375 0.02567237163814181
0 0.3564453125 0.4547677261613692 0.01171875 0.023227383863080684
0 0.384765625 0.47555012224938875 0.013671875 0.02444987775061125
0 0.4013671875 0.441320293398533 0.0126953125 0.023227383863080684
0 0.4375 0.40097799511002447 0.0146484375 0.022004889975550123
0 0.458984375 0.37286063569682154 0.0146484375 0.023227383863080684
0 0.4814453125 0.40464547677261614 0.0166015625 0.029339853300733496
0 0.43359375 0.4743276283618582 0.0166015625 0.02689486552567237
0 0.4775390625 0.4743276283618582 0.015625 0.02567237163814181
0 0.4169921875 0.5 0.01171875 0.018337408312958436
0 0.396484375 0.5733496332518337 0.01171875 0.013447432762836185
0 0.3974609375 0.5317848410757946 0.0146484375 0.02444987775061125
0 0.345703125 0.5342298288508558 0.0166015625 0.02689486552567237
0 0.4541015625 0.5330073349633252 0.0146484375 0.02567237163814181
0 0.5244140625 0.5342298288508558 0.0146484375 0.02444987775061125
0 0.5244140625 0.5745721271393643 0.013671875 0.019559902200488997
0 0.525390625 0.38753056234718825 0.013671875 0.022004889975550123
0 0.544921875 0.4193154034229829 0.0146484375 0.02078239608801956
0 0.525390625 0.42665036674816625 0.01171875 0.019559902200488997
0 0.5390625 0.46943765281173594 0.015625 0.029339853300733496
0 0.5732421875 0.4315403422982885 0.0107421875 0.02078239608801956
0 0.5908203125 0.4132029339853301 0.01171875 0.02078239608801956
0 0.6025390625 0.39119804400978 0.0126953125 0.022004889975550123
0 0.611328125 0.4449877750611247 0.01171875 0.018337408312958436
0 0.5859375 0.4792176039119804 0.015625 0.023227383863080684
0 0.5830078125 0.530562347188264 0.0146484375 0.02444987775061125
0 0.609375 0.5647921760391198 0.0107421875 0.017114914425427872
0 0.6728515625 0.5403422982885085 0.015625 0.02567237163814181
0 0.6708984375 0.5806845965770171 0.0126953125 0.018337408312958436
0 0.6328125 0.4731051344743276 0.0146484375 0.028117359413202935
0 0.6787109375 0.4767726161369193 0.0146484375 0.02444987775061125
0 0.6298828125 0.4058679706601467 0.0126953125 0.022004889975550123
0 0.6591796875 0.36797066014669927 0.013671875 0.02444987775061125
0 0.673828125 0.4180929095354523 0.013671875 0.02689486552567237
0 0.7080078125 0.37286063569682154 0.013671875 0.02689486552567237
0 0.7060546875 0.41442542787286063 0.01171875 0.02444987775061125
0 0.7265625 0.4828850855745721 0.0126953125 0.023227383863080684
0 0.740234375 0.4278728606356968 0.0126953125 0.02444987775061125
0 0.7529296875 0.4034229828850856 0.0146484375 0.02567237163814181
0 0.78125 0.4180929095354523 0.0146484375 0.023227383863080684
0 0.828125 0.41442542787286063 0.0146484375 0.023227383863080684
0 0.7724609375 0.48166259168704156 0.013671875 0.022004889975550123
0 0.80859375 0.4706601466992665 0.015625 0.02689486552567237
0 0.732421875 0.5403422982885085 0.015625 0.02567237163814181
0 0.798828125 0.5427872860635696 0.015625 0.02444987775061125
0 0.8642578125 0.39975550122249387 0.013671875 0.018337408312958436
0 0.87890625 0.39853300733496333 0.015625 0.028117359413202935
0 0.9189453125 0.4731051344743276 0.015625 0.02689486552567237
0 0.8662109375 0.46943765281173594 0.0146484375 0.02689486552567237
0 0.869140625 0.4963325183374083 0.0146484375 0.02078239608801956
0 0.8662109375 0.5366748166259169 0.0166015625 0.02444987775061125
0 0.5390625 0.7787286063569682 0.0166015625 0.022004889975550123
0 0.5771484375 0.6943765281173594 0.013671875 0.018337408312958436
0 0.57421875 0.7652811735941321 0.01171875 0.017114914425427872
0 0.5888671875 0.815403422982885 0.013671875 0.022004889975550123
0 0.609375 0.7053789731051344 0.01171875 0.02078239608801956
0 0.6396484375 0.71760391198044 0.01171875 0.02078239608801956
0 0.626953125 0.7665036674816625 0.0126953125 0.018337408312958436
0 0.630859375 0.8166259168704156 0.015625 0.02689486552567237
0 0.681640625 0.7665036674816625 0.0107421875 0.017114914425427872
0 0.6923828125 0.8215158924205379 0.013671875 0.02444987775061125
0 0.6083984375 0.6723716381418093 0.01171875 0.02078239608801956
0 0.6484375 0.6784841075794621 0.0126953125 0.023227383863080684
0 0.6923828125 0.6772616136919315 0.01171875 0.02444987775061125
0 0.7392578125 0.687041564792176 0.01171875 0.017114914425427872
0 0.669921875 0.7053789731051344 0.01171875 0.018337408312958436
0 0.71875 0.715158924205379 0.01171875 0.018337408312958436
0 0.6923828125 0.706601466992665 0.0078125 0.01589242053789731
0 0.7412109375 0.7640586797066015 0.0126953125 0.02444987775061125
0 0.7529296875 0.8166259168704156 0.013671875 0.02444987775061125
0 0.787109375 0.7652811735941321 0.0126953125 0.023227383863080684
0 0.8271484375 0.773838630806846 0.0126953125 0.023227383863080684
0 0.771484375 0.676039119804401 0.01171875 0.019559902200488997
0 0.8173828125 0.676039119804401 0.0126953125 0.019559902200488997
0 0.8701171875 0.6797066014669927 0.013671875 0.022004889975550123
0 0.7744140625 0.7200488997555012 0.009765625 0.017114914425427872
0 0.8251953125 0.7212713936430318 0.01171875 0.02078239608801956
0 0.8720703125 0.71760391198044 0.01171875 0.019559902200488997
0 0.8759765625 0.7750611246943765 0.01171875 0.018337408312958436
0 0.9130859375 0.7750611246943765 0.0126953125 0.02444987775061125
0 0.90234375 0.7995110024449877 0.01171875 0.01589242053789731
0 0.841796875 0.823960880195599 0.01171875 0.019559902200488997
0 0.8984375 0.8276283618581907 0.0146484375 0.02078239608801956
0 0.9013671875 0.8581907090464548 0.0107421875 0.019559902200488997
0 0.8037109375 0.8606356968215159 0.0126953125 0.019559902200488997
0 0.8193359375 0.8679706601466992 0.013671875 0.019559902200488997
0 0.734375 0.5721271393643031 0.0146484375 0.01589242053789731
0 0.8125 0.5696821515892421 0.013671875 0.019559902200488997
0 0.7529296875 0.8606356968215159 0.0107421875 0.01589242053789731