0 0.0791015625 0.36826347305389223 0.03125 0.05538922155688623
0 0.1064453125 0.33682634730538924 0.0234375 0.04640718562874251
0 0.15625 0.36077844311377244 0.025390625 0.04640718562874251
0 0.2197265625 0.35179640718562877 0.021484375 0.04640718562874251
0 0.2421875 0.38323353293413176 0.021484375 0.04341317365269461
0 0.2626953125 0.36077844311377244 0.0205078125 0.04940119760479042
0 0.2978515625 0.33532934131736525 0.0185546875 0.041916167664670656
0 0.087890625 0.5059880239520959 0.029296875 0.05389221556886228
0 0.1884765625 0.48353293413173654 0.029296875 0.06736526946107785
0 0.294921875 0.4805389221556886 0.0263671875 0.04940119760479042
0 0.3134765625 0.3787425149700599 0.0224609375 0.04491017964071856
0 0.3447265625 0.36676646706586824 0.0185546875 0.040419161676646706
0 0.37890625 0.3592814371257485 0.0244140625 0.04341317365269461
0 0.4287109375 0.36227544910179643 0.01953125 0.040419161676646706
0 0.4638671875 0.38772455089820357 0.0224609375 0.04491017964071856
0 0.48828125 0.3532934131736527 0.021484375 0.038922155688622756
0 0.5283203125 0.36676646706586824 0.0224609375 0.0344311377245509
0 0.44921875 0.4820359281437126 0.025390625 0.059880239520958084
0 0.3740234375 0.49550898203592814 0.0224609375 0.04640718562874251
0 0.5361328125 0.49700598802395207 0.0244140625 0.0374251497005988
0 0.607421875 0.4820359281437126 0.0244140625 0.04790419161676647
0 0.560546875 0.3727544910179641 0.0244140625 0.04940119760479042
0 0.607421875 0.3413173652694611 0.01953125 0.03592814371257485
0 0.6328125 0.38922155688622756 0.0234375 0.0374251497005988
0 0.6650390625 0.3712574850299401 0.01953125 0.0374251497005988
0 0.6875 0.405688622754491 0.0224609375 0.040419161676646706
0 0.7255859375 0.3712574850299401 0.01953125 0.041916167664670656
0 0.74609375 0.3907185628742515 0.0205078125 0.040419161676646706
0 0.7958984375 0.36377245508982037 0.0234375 0.04491017964071856
0 0.826171875 0.40119760479041916 0.0263671875 0.04790419161676647
0 0.7744140625 0.5074850299401198 0.0263671875 0.04640718562874251
0 0.6826171875 0.5029940119760479 0.0244140625 0.04940119760479042
0 0.845703125 0.36377245508982037 0.021484375 0.040419161676646706
0 0.8662109375 0.38323353293413176 0.0263671875 0.04640718562874251
0 0.9033203125 0.4086826347305389 0.0263671875 0.05389221556886228
0 0.94921875 0.3937125748502994 0.02734375 0.05239520958083832
0 0.8623046875 0.5479041916167665 0.0263671875 0.04790419161676647