0 0.255859375 0.36036036036036034 0.0361328125 0.04391891891891892
0 0.2392578125 0.36824324324324326 0.0419921875 0.07545045045045046
0 0.08203125 0.26576576576576577 0.0869140625 0.11711711711711711
0 0.5400390625 0.2635135135135135 0.0751953125 0.11486486486486487
0 0.3193359375 0.33783783783783783 0.0380859375 0.05405405405405406
0 0.349609375 0.36373873873873874 0.033203125 0.041666666666666664
0 0.45703125 0.34684684684684686 0.0341796875 0.04279279279279279
0 0.6025390625 0.3322072072072072 0.0263671875 0.038288288288288286
0 0.626953125 0.34234234234234234 0.03515625 0.04279279279279279
0 0.6435546875 0.3322072072072072 0.02734375 0.036036036036036036
0 0.798828125 0.2849099099099099 0.0361328125 0.05405405405405406
0 0.826171875 0.32094594594594594 0.0380859375 0.05067567567567568
0 0.87890625 0.26126126126126126 0.052734375 0.0686936936936937
0 0.9208984375 0.25675675675675674 0.033203125 0.05518018018018018