0 0.1416015625 0.4992679355783309 0.033203125 0.060029282576866766
0 0.236328125 0.48462664714494874 0.03125 0.06881405563689605
0 0.064453125 0.424597364568082 0.037109375 0.06442166910688141
0 0.0859375 0.37042459736456806 0.0322265625 0.06442166910688141
0 0.169921875 0.4055636896046852 0.037109375 0.06442166910688141
0 0.19140625 0.3616398243045388 0.03125 0.06442166910688141
0 0.2548828125 0.3850658857979502 0.033203125 0.06149341142020498
0 0.306640625 0.43045387994143486 0.03125 0.07613469985358712
0 0.2158203125 0.2708638360175695 0.0302734375 0.0527086383601757
0 0.3017578125 0.31771595900439237 0.03125 0.06588579795021962
0 0.349609375 0.24743777452415813 0.0283203125 0.06442166910688141
0 0.3798828125 0.3440702781844802 0.0341796875 0.0629575402635432
0 0.4296875 0.31771595900439237 0.0302734375 0.05710102489019034
0 0.4736328125 0.22840409956076135 0.02734375 0.05710102489019034
0 0.4970703125 0.31771595900439237 0.0341796875 0.07320644216691069
0 0.5615234375 0.31478770131771594 0.0302734375 0.048316251830161056
0 0.5849609375 0.4333821376281113 0.029296875 0.05856515373352855
0 0.6279296875 0.4011713030746706 0.03125 0.06588579795021962
0 0.6552734375 0.34992679355783307 0.0302734375 0.06588579795021962
0 0.642578125 0.2562225475841874 0.029296875 0.05124450951683748
0 0.490234375 0.43045387994143486 0.029296875 0.05710102489019034
0 0.677734375 0.45241581259150804 0.03515625 0.06881405563689605
0 0.771484375 0.4816983894582723 0.03125 0.05856515373352855
0 0.8671875 0.49487554904831627 0.033203125 0.06149341142020498
0 0.80859375 0.383601756954612 0.02734375 0.05856515373352855
0 0.8447265625 0.44363103953147875 0.0322265625 0.06734992679355783
0 0.7138671875 0.3806734992679356 0.0283203125 0.05417276720351391
0 0.7548828125 0.3718887262079063 0.029296875 0.048316251830161056
0 0.7333984375 0.2884333821376281 0.0302734375 0.05856515373352855
0 0.818359375 0.2869692532942899 0.02734375 0.06588579795021962
0 0.9423828125 0.47291361639824303 0.0302734375 0.05710102489019034
0 0.4052734375 0.424597364568082 0.0302734375 0.05856515373352855