0 0.296875 0.6350037397157816 0.025390625 0.02019446522064323
0 0.3681640625 0.6282722513089005 0.0244140625 0.02019446522064323
0 0.2138671875 0.6275243081525804 0.025390625 0.02019446522064323
0 0.1611328125 0.6245325355272999 0.03125 0.02468212415856395
0 0.228515625 0.5886312640239342 0.0283203125 0.02692595362752431
0 0.318359375 0.5886312640239342 0.02734375 0.02617801047120419
0 0.41015625 0.5946148092744952 0.025390625 0.02169035153328347
0 0.2490234375 0.700074794315632 0.0302734375 0.02468212415856395
0 0.3720703125 0.7053103964098728 0.03125 0.027673896783844427
0 0.4892578125 0.6993268511593119 0.02734375 0.02916978309648467
0 0.560546875 0.6080777860882572 0.0244140625 0.02393418100224383
0 0.6005859375 0.6357516828721017 0.0234375 0.02393418100224383
0 0.51953125 0.6402393418100224 0.0283203125 0.020942408376963352
0 0.4921875 0.5893792071802543 0.0224609375 0.02169035153328347
0 0.4345703125 0.6305160807778609 0.025390625 0.02243829468960359
0 0.849609375 0.6148092744951383 0.0302734375 0.031413612565445025
0 0.7314453125 0.700074794315632 0.033203125 0.03216155572176515
0 0.61328125 0.6925953627524308 0.0302734375 0.02916978309648467
0 0.755859375 0.6222887060583395 0.025390625 0.02243829468960359
0 0.8046875 0.5983545250560958 0.0263671875 0.02243829468960359
0 0.7138671875 0.6043380703066566 0.0244140625 0.020942408376963352
0 0.673828125 0.6297681376215407 0.02734375 0.025430067314884067
0 0.6328125 0.6088257292445775 0.0234375 0.02019446522064323
0 0.6484375 0.5781600598354525 0.0224609375 0.01795063575168287
0 0.814453125 0.5340314136125655 0.0244140625 0.02318623784592371
0 0.7724609375 0.4846671652954376 0.0234375 0.020942408376963352
0 0.7265625 0.46896035901271504 0.0234375 0.018698578908002993
0 0.689453125 0.5011219147344802 0.025390625 0.02393418100224383
0 0.767578125 0.531787584143605 0.021484375 0.020942408376963352
0 0.720703125 0.5452505609573672 0.0263671875 0.02468212415856395
0 0.6376953125 0.4801795063575168 0.021484375 0.02169035153328347
0 0.640625 0.5430067314884068 0.021484375 0.02169035153328347
0 0.5986328125 0.5235602094240838 0.0244140625 0.020942408376963352
0 0.5546875 0.47643979057591623 0.0244140625 0.020942408376963352
0 0.509765625 0.49588631264023936 0.0234375 0.02243829468960359
0 0.486328125 0.550486163051608 0.0283203125 0.02617801047120419
0 0.4482421875 0.487658937920718 0.021484375 0.02019446522064323
0 0.44140625 0.5736724008975318 0.025390625 0.02243829468960359
0 0.560546875 0.5407629020194465 0.025390625 0.02318623784592371
0 0.376953125 0.4779356768885565 0.0244140625 0.01944652206432311
0 0.3623046875 0.5138369483919222 0.025390625 0.02019446522064323
0 0.404296875 0.5459985041136873 0.0224609375 0.018698578908002993
0 0.2724609375 0.46297681376215405 0.0224609375 0.01944652206432311
0 0.3037109375 0.5280478683620045 0.0234375 0.02019446522064323
0 0.2138671875 0.5325355272999253 0.02734375 0.02169035153328347
0 0.2060546875 0.4869109947643979 0.0234375 0.02243829468960359
0 0.36328125 0.5572176514584891 0.0244140625 0.02243829468960359
0 0.2626953125 0.5587135377711294 0.0234375 0.02318623784592371
0 0.298828125 0.49214659685863876 0.0234375 0.02318623784592371