0 0.974609375 0.370712401055409 0.029296875 0.044854881266490766
0 0.8369140625 0.24010554089709762 0.033203125 0.05013192612137203
0 0.8896484375 0.37730870712401055 0.03125 0.044854881266490766
0 0.8134765625 0.4472295514511873 0.0302734375 0.04353562005277045
0 0.7431640625 0.39050131926121373 0.03125 0.047493403693931395
0 0.71484375 0.31926121372031663 0.0263671875 0.036939313984168866
0 0.8505859375 0.6134564643799473 0.037109375 0.052770448548812667
0 0.7724609375 0.6451187335092349 0.0390625 0.059366754617414245
0 0.61328125 0.2519788918205805 0.029296875 0.047493403693931395
0 0.5927734375 0.3482849604221636 0.0322265625 0.048812664907651716
0 0.5556640625 0.39577836411609496 0.0361328125 0.06464379947229551
0 0.4970703125 0.21503957783641162 0.03515625 0.06068601583113457
0 0.3720703125 0.36675461741424803 0.0400390625 0.059366754617414245
0 0.2265625 0.24538258575197888 0.0234375 0.044854881266490766
0 0.328125 0.25065963060686014 0.0234375 0.044854881266490766
0 0.1015625 0.20580474934036938 0.0400390625 0.06728232189973615
0 0.4482421875 0.6174142480211082 0.03515625 0.06200527704485488
0 0.28515625 0.6728232189973615 0.0439453125 0.06596306068601583
0 0.1884765625 0.420844327176781 0.0224609375 0.032981530343007916
0 0.1728515625 0.36807387862796836 0.02734375 0.04353562005277045
0 0.04296875 0.3654353562005277 0.046875 0.07255936675461741