0 0.7939453125 0.5416666666666666 0.01953125 0.033854166666666664
0 0.8388671875 0.5690104166666666 0.0078125 0.015625
0 0.935546875 0.5716145833333334 0.0263671875 0.0390625
0 0.6904296875 0.58984375 0.05078125 0.07942708333333333
0 0.6591796875 0.5416666666666666 0.0302734375 0.049479166666666664
0 0.6201171875 0.5182291666666666 0.017578125 0.032552083333333336
0 0.580078125 0.5234375 0.0185546875 0.032552083333333336
0 0.490234375 0.5299479166666666 0.0205078125 0.037760416666666664
0 0.40234375 0.5325520833333334 0.0283203125 0.041666666666666664
0 0.375 0.5130208333333334 0.01953125 0.0390625
0 0.0732421875 0.5065104166666666 0.0205078125 0.03125
0 0.13671875 0.5260416666666666 0.0146484375 0.03125
0 0.1806640625 0.5104166666666666 0.0146484375 0.028645833333333332
0 0.154296875 0.5182291666666666 0.0087890625 0.015625
0 0.171875 0.51953125 0.00390625 0.009114583333333334
0 0.30078125 0.515625 0.0185546875 0.029947916666666668
0 0.2626953125 0.48828125 0.0224609375 0.048177083333333336