0 0.833984375 0.48717948717948717 0.03515625 0.05429864253393665
0 0.763671875 0.3152337858220211 0.0224609375 0.04072398190045249
0 0.70703125 0.3076923076923077 0.021484375 0.03619909502262444
0 0.7314453125 0.5052790346907994 0.0322265625 0.05731523378582202
0 0.6494140625 0.3257918552036199 0.021484375 0.0392156862745098
0 0.6044921875 0.33031674208144796 0.01953125 0.03469079939668175
0 0.5478515625 0.3152337858220211 0.0244140625 0.0392156862745098
0 0.486328125 0.32428355957767724 0.021484375 0.043740573152337855
0 0.439453125 0.33031674208144796 0.0205078125 0.04072398190045249
0 0.380859375 0.32428355957767724 0.0234375 0.0392156862745098
0 0.447265625 0.4917043740573152 0.0263671875 0.04072398190045249
0 0.5537109375 0.49019607843137253 0.0244140625 0.04524886877828054
0 0.36328125 0.4841628959276018 0.025390625 0.049773755656108594