0 0.8916015625 0.2372093023255814 0.04296875 0.07441860465116279
0 0.794921875 0.22790697674418606 0.0390625 0.07131782945736434
0 0.693359375 0.21705426356589147 0.0400390625 0.07441860465116279
0 0.6259765625 0.18449612403100776 0.0390625 0.06201550387596899
0 0.587890625 0.27906976744186046 0.0439453125 0.07441860465116279
0 0.53515625 0.20310077519379846 0.041015625 0.06976744186046512
0 0.4541015625 0.289922480620155 0.0390625 0.06821705426356589
0 0.412109375 0.19844961240310077 0.0419921875 0.07286821705426356
0 0.3251953125 0.23255813953488372 0.041015625 0.07596899224806201
0 0.2900390625 0.15813953488372093 0.0400390625 0.06666666666666667
0 0.2021484375 0.13333333333333333 0.041015625 0.07131782945736434
0 0.17578125 0.23875968992248062 0.052734375 0.09457364341085271