0 0.9384765625 0.5272373540856031 0.0947265625 0.07263294422827497
0 0.9638671875 0.46368352788586253 0.056640625 0.04474708171206226
0 0.9033203125 0.4669260700389105 0.05078125 0.04085603112840467
0 0.8408203125 0.4649805447470817 0.052734375 0.035667963683527884
0 0.8330078125 0.5077821011673151 0.0732421875 0.058365758754863814
0 0.7861328125 0.4766536964980545 0.04296875 0.03631647211413749
0 0.7490234375 0.5006485084306096 0.0693359375 0.05642023346303502
0 0.6572265625 0.45006485084306097 0.048828125 0.03761348897535668
0 0.6123046875 0.4915693904020752 0.060546875 0.04798962386511025
0 0.4599609375 0.48443579766536965 0.0634765625 0.05382619974059663
0 0.2919921875 0.4591439688715953 0.046875 0.03696498054474708
0 0.2880859375 0.5051880674448768 0.060546875 0.04734111543450065
0 0.2177734375 0.4974059662775616 0.0517578125 0.04474708171206226
0 0.1708984375 0.4766536964980545 0.0498046875 0.041504539559014265
0 0.10546875 0.490272373540856 0.0537109375 0.04928664072632944
0 0.1064453125 0.45590142671854733 0.04296875 0.031776913099870296
0 0.48046875 0.7542153047989624 0.0732421875 0.06939040207522698
0 0.2529296875 0.7036316472114138 0.078125 0.0622568093385214
0 0.716796875 0.48638132295719844 0.056640625 0.040207522697795074
0 0.0224609375 0.4649805447470817 0.037109375 0.04345006485084306