0 0.2421875 0.19921875 0.0361328125 0.049479166666666664
0 0.337890625 0.21223958333333334 0.03125 0.049479166666666664
0 0.359375 0.2682291666666667 0.03515625 0.053385416666666664
0 0.3310546875 0.3203125 0.037109375 0.053385416666666664
0 0.263671875 0.27734375 0.03515625 0.049479166666666664
0 0.6240234375 0.23567708333333334 0.03125 0.048177083333333336
0 0.4052734375 0.19921875 0.03125 0.044270833333333336
0 0.8046875 0.2890625 0.044921875 0.07682291666666667
0 0.6796875 0.2916666666666667 0.0439453125 0.06901041666666667
0 0.5830078125 0.2981770833333333 0.037109375 0.053385416666666664
0 0.462890625 0.26171875 0.044921875 0.07161458333333333
0 0.595703125 0.17838541666666666 0.0302734375 0.045572916666666664
0 0.6611328125 0.17838541666666666 0.0302734375 0.041666666666666664
0 0.7021484375 0.20572916666666666 0.033203125 0.049479166666666664
0 0.7216796875 0.14713541666666666 0.0283203125 0.04296875
0 0.693359375 0.11979166666666667 0.02734375 0.041666666666666664
0 0.6396484375 0.13671875 0.03125 0.049479166666666664
0 0.587890625 0.09375 0.0283203125 0.044270833333333336
0 0.5517578125 0.1171875 0.0302734375 0.04296875
0 0.5302734375 0.171875 0.03515625 0.0546875
0 0.5 0.11588541666666667 0.02734375 0.052083333333333336
0 0.439453125 0.08854166666666667 0.029296875 0.037760416666666664
0 0.390625 0.08723958333333333 0.0302734375 0.045572916666666664
0 0.341796875 0.10677083333333333 0.0302734375 0.045572916666666664
0 0.298828125 0.13932291666666666 0.0341796875 0.046875