0 0.1328125 0.5412107950401167 0.04296875 0.03792851932895697
0 0.18359375 0.5455871626549964 0.037109375 0.03355215171407731
0 0.31640625 0.5514223194748359 0.0537109375 0.05032822757111598
0 0.353515625 0.574033552151714 0.025390625 0.021152443471918306
0 0.412109375 0.5543398978847557 0.037109375 0.034281546316557256
0 0.5654296875 0.574762946754194 0.0615234375 0.049598832968636035
0 0.6015625 0.563092633114515 0.0185546875 0.024799416484318017
0 0.681640625 0.5550692924872356 0.0439453125 0.040846097738876735
0 0.720703125 0.5419401896425966 0.037109375 0.04157549234135667
0 0.7529296875 0.6287381473377097 0.06640625 0.058351568198395334
0 0.8212890625 0.574762946754194 0.046875 0.0525164113785558
0 0.87890625 0.5237053245805982 0.0341796875 0.032093362509117436
0 0.9423828125 0.5667396061269147 0.0498046875 0.0437636761487965
0 0.5166015625 0.562363238512035 0.021484375 0.029905178701677606
0 0.482421875 0.5594456601021153 0.01953125 0.024799416484318017
0 0.9267578125 0.5733041575492341 0.041015625 0.029175784099197667