0 0.8818359375 0.34765625 0.04296875 0.061197916666666664
0 0.7890625 0.3893229166666667 0.044921875 0.06770833333333333
0 0.72265625 0.35546875 0.044921875 0.059895833333333336
0 0.63671875 0.3958333333333333 0.0390625 0.06510416666666667
0 0.58203125 0.3489583333333333 0.0400390625 0.057291666666666664
0 0.5283203125 0.3984375 0.0390625 0.06380208333333333
0 0.484375 0.3463541666666667 0.0400390625 0.05078125
0 0.427734375 0.40234375 0.0390625 0.057291666666666664
0 0.376953125 0.34765625 0.0390625 0.0546875
0 0.3271484375 0.3658854166666667 0.0419921875 0.055989583333333336
0 0.248046875 0.3645833333333333 0.037109375 0.053385416666666664
0 0.205078125 0.4010416666666667 0.04296875 0.06510416666666667