0 0.896484375 0.2791946308724832 0.03125 0.07114093959731543
0 0.880859375 0.23087248322147652 0.0380859375 0.06442953020134229
0 0.755859375 0.23355704697986576 0.0400390625 0.06040268456375839
0 0.7216796875 0.15570469798657718 0.0400390625 0.06442953020134229
0 0.6513671875 0.21208053691275167 0.037109375 0.05906040268456376
0 0.595703125 0.11409395973154363 0.0400390625 0.06711409395973154
0 0.5263671875 0.20939597315436242 0.03515625 0.06577181208053691
0 0.4638671875 0.10738255033557047 0.0390625 0.06442953020134229
0 0.294921875 0.12348993288590604 0.044921875 0.0697986577181208
0 0.3017578125 0.23087248322147652 0.0390625 0.0738255033557047
0 0.4267578125 0.2134228187919463 0.029296875 0.06577181208053691
0 0.2255859375 0.24563758389261744 0.0458984375 0.08187919463087248
0 0.58984375 0.40939597315436244 0.0498046875 0.08187919463087248
0 0.79296875 0.5194630872483221 0.0478515625 0.07919463087248323
0 0.443359375 0.4899328859060403 0.046875 0.06711409395973154
0 0.275390625 0.5758389261744966 0.0498046875 0.07516778523489932
0 0.15625 0.17315436241610738 0.0400390625 0.06711409395973154
0 0.0859375 0.22684563758389262 0.0458984375 0.0738255033557047