0 0.1015625 0.32150313152400833 0.025390625 0.07933194154488518
0 0.119140625 0.3048016701461378 0.02734375 0.07515657620041753
0 0.212890625 0.3277661795407098 0.033203125 0.07515657620041753
0 0.25390625 0.2860125260960334 0.0244140625 0.06889352818371608
0 0.3134765625 0.27348643006263046 0.033203125 0.07515657620041753
0 0.525390625 0.2567849686847599 0.0244140625 0.06680584551148225
0 0.4765625 0.24217118997912318 0.02734375 0.060542797494780795
0 0.4306640625 0.2588726513569937 0.029296875 0.06471816283924843
0 0.3720703125 0.1440501043841336 0.0244140625 0.05845511482254697
0 0.7412109375 0.2776617954070981 0.0283203125 0.05845511482254697
0 0.6640625 0.2776617954070981 0.0283203125 0.06263048016701461
0 0.5947265625 0.2776617954070981 0.0283203125 0.06263048016701461
0 0.5654296875 0.23382045929018788 0.0263671875 0.05845511482254697
0 0.5146484375 0.21085594989561587 0.02734375 0.060542797494780795
0 0.7080078125 0.21294363256784968 0.0234375 0.06680584551148225
0 0.9248046875 0.16701461377870563 0.0234375 0.054279749478079335
0 0.8935546875 0.24217118997912318 0.02734375 0.06471816283924843
0 0.849609375 0.22755741127348644 0.025390625 0.060542797494780795
0 0.798828125 0.18580375782881003 0.025390625 0.06263048016701461
0 0.802734375 0.11064718162839249 0.0224609375 0.06263048016701461
0 0.7861328125 0.2651356993736952 0.025390625 0.060542797494780795