0 0.3681640625 0.1796875 0.0458984375 0.13541666666666666
0 0.314453125 0.17447916666666666 0.037109375 0.11458333333333333
0 0.265625 0.09635416666666667 0.0478515625 0.15104166666666666
0 0.20703125 0.1328125 0.0498046875 0.171875
0 0.6103515625 0.21875 0.0361328125 0.09895833333333333
0 0.658203125 0.421875 0.0380859375 0.109375
0 0.54296875 0.24479166666666666 0.037109375 0.1015625
0 0.4208984375 0.23177083333333334 0.041015625 0.13541666666666666
0 0.44921875 0.23958333333333334 0.0361328125 0.11458333333333333
0 0.5234375 0.4791666666666667 0.041015625 0.1171875
0 0.9267578125 0.421875 0.0322265625 0.09375
0 0.826171875 0.3359375 0.0380859375 0.09895833333333333
0 0.732421875 0.2265625 0.037109375 0.109375
0 0.673828125 0.7760416666666666 0.0400390625 0.12239583333333333
0 0.60546875 0.8359375 0.044921875 0.15104166666666666
0 0.482421875 0.859375 0.0458984375 0.140625
0 0.8486328125 0.796875 0.0400390625 0.1171875