0 0.97265625 0.06349206349206349 0.009765625 0.015873015873015872
0 0.923828125 0.04497354497354497 0.0087890625 0.013227513227513227
0 0.90625 0.06481481481481481 0.009765625 0.017195767195767195
0 0.7744140625 0.062169312169312166 0.0087890625 0.01455026455026455
0 0.7314453125 0.06349206349206349 0.0087890625 0.01455026455026455
0 0.728515625 0.11243386243386243 0.017578125 0.026455026455026454
0 0.615234375 0.042328042328042326 0.0068359375 0.009259259259259259
0 0.6455078125 0.047619047619047616 0.005859375 0.007936507936507936
0 0.5966796875 0.09391534391534391 0.013671875 0.022486772486772486
0 0.7841796875 0.2328042328042328 0.0302734375 0.046296296296296294
0 0.7236328125 0.2804232804232804 0.0458984375 0.06481481481481481
0 0.6064453125 0.24338624338624337 0.056640625 0.08465608465608465
0 0.9931640625 0.2328042328042328 0.0126953125 0.05555555555555555
0 0.935546875 0.4801587301587302 0.072265625 0.10052910052910052
0 0.8896484375 0.4444444444444444 0.05859375 0.051587301587301584
0 0.0458984375 0.533068783068783 0.0771484375 0.10582010582010581
0 0.1611328125 0.03835978835978836 0.005859375 0.011904761904761904