0 0.2451171875 0.6943231441048034 0.060546875 0.12372634643377002
0 0.2919921875 0.8951965065502183 0.0556640625 0.09024745269286755
0 0.1142578125 0.7074235807860262 0.0810546875 0.12518195050946143
0 0.568359375 0.2430858806404658 0.04296875 0.06695778748180495
0 0.4365234375 0.1950509461426492 0.052734375 0.07860262008733625
0 0.5126953125 0.27365356622998543 0.046875 0.08442503639010189
0 0.3408203125 0.2678311499272198 0.052734375 0.08005822416302766
0 0.1337890625 0.2590975254730713 0.0634765625 0.1091703056768559
0 0.814453125 0.23871906841339155 0.06640625 0.10480349344978165
0 0.724609375 0.2663755458515284 0.056640625 0.09898107714701601
0 0.6494140625 0.2052401746724891 0.048828125 0.08005822416302766
0 0.638671875 0.6754002911208151 0.068359375 0.12954876273653565
0 0.5703125 0.5225618631732168 0.0634765625 0.10625909752547306
0 0.47265625 0.6244541484716157 0.0634765625 0.12518195050946143