0 0.0869140625 0.2625152625152625 0.060546875 0.11233211233211234
0 0.125 0.21245421245421245 0.052734375 0.08791208791208792
0 0.11328125 0.115995115995116 0.041015625 0.06837606837606838
0 0.189453125 0.19536019536019536 0.046875 0.07448107448107448
0 0.2490234375 0.13797313797313798 0.0419921875 0.07203907203907203
0 0.24609375 0.2625152625152625 0.0498046875 0.09035409035409035
0 0.3349609375 0.3137973137973138 0.0595703125 0.0927960927960928
0 0.314453125 0.20024420024420025 0.0498046875 0.07936507936507936
0 0.3203125 0.10989010989010989 0.0390625 0.06715506715506715
0 0.390625 0.14774114774114774 0.04296875 0.07692307692307693
0 0.427734375 0.2771672771672772 0.048828125 0.08913308913308914
0 0.5791015625 0.315018315018315 0.056640625 0.09035409035409035
0 0.7197265625 0.28083028083028083 0.0537109375 0.09401709401709402
0 0.8935546875 0.29426129426129427 0.0615234375 0.10500610500610501
0 0.81640625 0.18315018315018314 0.0498046875 0.08424908424908426
0 0.705078125 0.12576312576312576 0.0458984375 0.07448107448107448
0 0.7646484375 0.06471306471306472 0.0390625 0.07814407814407814
0 0.646484375 0.10134310134310134 0.0458984375 0.0757020757020757
0 0.615234375 0.15873015873015872 0.0458984375 0.08913308913308914
0 0.625 0.2661782661782662 0.0439453125 0.08547008547008547
0 0.45703125 0.1916971916971917 0.0419921875 0.0695970695970696
0 0.47265625 0.09645909645909646 0.0419921875 0.05982905982905983
0 0.5556640625 0.11721611721611722 0.04296875 0.06349206349206349