0 0.2177734375 0.4167893961708395 0.03125 0.055964653902798235
0 0.1650390625 0.38438880706921946 0.021484375 0.044182621502209134
0 0.1611328125 0.3446244477172312 0.015625 0.022091310751104567
0 0.150390625 0.390279823269514 0.0146484375 0.03240058910162003
0 0.201171875 0.37260677466863035 0.0244140625 0.035346097201767304
0 0.23046875 0.35640648011782033 0.0185546875 0.030927835051546393
0 0.240234375 0.4167893961708395 0.0185546875 0.041237113402061855
0 0.2666015625 0.41384388807069217 0.025390625 0.045655375552282766
0 0.298828125 0.4050073637702504 0.0205078125 0.03829160530191458
0 0.2880859375 0.4050073637702504 0.015625 0.026509572901325478
0 0.3193359375 0.41237113402061853 0.015625 0.030927835051546393
0 0.29296875 0.4683357879234168 0.025390625 0.047128129602356406
0 0.25390625 0.4374079528718704 0.01171875 0.01914580265095729
0 0.349609375 0.43446244477172313 0.0205078125 0.039764359351988215
0 0.3486328125 0.3873343151693667 0.0185546875 0.029455081001472753
0 0.3779296875 0.41237113402061853 0.0146484375 0.023564064801178203
0 0.388671875 0.44035346097201766 0.01953125 0.030927835051546393
0 0.369140625 0.3755522827687776 0.0166015625 0.033873343151693665
0 0.396484375 0.3946980854197349 0.015625 0.029455081001472753
0 0.408203125 0.41237113402061853 0.0166015625 0.035346097201767304
0 0.4267578125 0.41973490427098675 0.017578125 0.036818851251840944
0 0.443359375 0.40942562592047127 0.0166015625 0.029455081001472753
0 0.4228515625 0.3799705449189985 0.0166015625 0.030927835051546393
0 0.466796875 0.4020618556701031 0.0166015625 0.039764359351988215
0 0.478515625 0.38438880706921946 0.015625 0.030927835051546393
0 0.4951171875 0.38880706921944036 0.013671875 0.027982326951399118
0 0.490234375 0.41973490427098675 0.015625 0.029455081001472753
0 0.50390625 0.43151693667157587 0.0185546875 0.036818851251840944
0 0.5234375 0.4167893961708395 0.013671875 0.026509572901325478
0 0.5185546875 0.38438880706921946 0.013671875 0.026509572901325478
0 0.541015625 0.3946980854197349 0.015625 0.029455081001472753
0 0.5498046875 0.40942562592047127 0.0146484375 0.029455081001472753
0 0.5625 0.41384388807069217 0.017578125 0.033873343151693665
0 0.58984375 0.4212076583210604 0.017578125 0.036818851251840944
0 0.60546875 0.39322533136966126 0.017578125 0.03240058910162003
0 0.537109375 0.44329896907216493 0.01953125 0.033873343151693665
0 0.810546875 0.39911634756995584 0.037109375 0.0662739322533137
0 0.7333984375 0.4329896907216495 0.029296875 0.054491899852724596
0 0.6884765625 0.4270986745213549 0.029296875 0.05154639175257732
0 0.642578125 0.39764359351988215 0.01953125 0.036818851251840944
0 0.6220703125 0.406480117820324 0.0166015625 0.026509572901325478
0 0.705078125 0.614138438880707 0.033203125 0.06480117820324006
0 0.630859375 0.5817378497790869 0.0283203125 0.050073637702503684
0 0.57421875 0.5581737849779087 0.0234375 0.044182621502209134
0 0.578125 0.48600883652430044 0.0234375 0.039764359351988215
0 0.609375 0.4889543446244477 0.0302734375 0.054491899852724596
0 0.5205078125 0.561119293078056 0.0205078125 0.039764359351988215
0 0.4814453125 0.5552282768777614 0.01953125 0.036818851251840944
0 0.4833984375 0.5036818851251841 0.015625 0.029455081001472753
0 0.43359375 0.5360824742268041 0.0185546875 0.039764359351988215
0 0.427734375 0.5905743740795287 0.0224609375 0.044182621502209134
0 0.3857421875 0.5640648011782032 0.0224609375 0.042709867452135494
0 0.3486328125 0.5876288659793815 0.025390625 0.055964653902798235
0 0.2666015625 0.5905743740795287 0.02734375 0.048600883652430045
0 0.1923828125 0.5861561119293078 0.0322265625 0.054491899852724596
0 0.1513671875 0.6332842415316642 0.0400390625 0.07216494845360824
0 0.1005859375 0.5640648011782032 0.0166015625 0.029455081001472753
0 0.626953125 0.7290132547864506 0.0263671875 0.050073637702503684
0 0.5791015625 0.6406480117820325 0.02734375 0.061855670103092786
0 0.5703125 0.7260677466863034 0.021484375 0.047128129602356406
0 0.4853515625 0.6833578792341679 0.0244140625 0.041237113402061855