0 0.24609375 0.0576 0.017578125 0.04
0 0.26953125 0.0656 0.0205078125 0.048
0 0.3349609375 0.0752 0.01953125 0.0464
0 0.361328125 0.112 0.017578125 0.0432
0 0.3779296875 0.1216 0.021484375 0.0512
0 0.3994140625 0.0656 0.0205078125 0.04
0 0.3154296875 0.1216 0.0205078125 0.0496
0 0.2802734375 0.1712 0.0263671875 0.0544
0 0.2265625 0.184 0.0244140625 0.0496
0 0.3056640625 0.1968 0.025390625 0.056
0 0.3603515625 0.1728 0.021484375 0.0512
0 0.4111328125 0.1824 0.0244140625 0.0496
0 0.42578125 0.1168 0.0205078125 0.0496
0 0.4609375 0.1808 0.0224609375 0.0528
0 0.4736328125 0.072 0.01953125 0.0416
0 0.5 0.0896 0.021484375 0.0432
0 0.52734375 0.056 0.017578125 0.0432
0 0.564453125 0.0672 0.01953125 0.0464
0 0.603515625 0.0976 0.0205078125 0.0448
0 0.5869140625 0.1488 0.0224609375 0.0528
0 0.5087890625 0.128 0.0244140625 0.0448
0 0.517578125 0.192 0.025390625 0.0448
0 0.48828125 0.2432 0.0244140625 0.0544
0 0.572265625 0.2192 0.02734375 0.0592
0 0.611328125 0.2208 0.0234375 0.0512
0 0.6376953125 0.0592 0.0205078125 0.0368
0 0.654296875 0.2544 0.02734375 0.0592
0 0.6669921875 0.0672 0.01953125 0.0416
0 0.728515625 0.048 0.01953125 0.04
0 0.744140625 0.0864 0.0224609375 0.0384
0 0.8154296875 0.0624 0.0205078125 0.0416
0 0.8203125 0.1184 0.0224609375 0.0512
0 0.8251953125 0.1744 0.0244140625 0.0464
0 0.7685546875 0.1584 0.021484375 0.048
0 0.720703125 0.1392 0.0205078125 0.0432
0 0.697265625 0.136 0.0224609375 0.0432
0 0.7109375 0.192 0.0234375 0.0496
0 0.748046875 0.2224 0.025390625 0.0576
0 0.822265625 0.232 0.029296875 0.0592
0 0.91015625 0.2736 0.025390625 0.0576
0 0.806640625 0.3232 0.0322265625 0.0576
0 0.791015625 0.3104 0.017578125 0.0352
0 0.75 0.3776 0.0302734375 0.0768
0 0.650390625 0.3472 0.0322265625 0.064
0 0.7294921875 0.296 0.029296875 0.0688
0 0.6142578125 0.3056 0.0283203125 0.0608
0 0.55078125 0.3936 0.0302734375 0.0704
0 0.5302734375 0.3024 0.0302734375 0.0688
0 0.453125 0.3536 0.0322265625 0.0672
0 0.42578125 0.3024 0.029296875 0.0608
0 0.357421875 0.2784 0.025390625 0.0448
0 0.40234375 0.2384 0.0263671875 0.0512
0 0.35546875 0.3904 0.0322265625 0.0688
0 0.322265625 0.3248 0.029296875 0.0656
0 0.2177734375 0.2576 0.02734375 0.0496
0 0.21875 0.3248 0.0283203125 0.0608
0 0.2734375 0.4288 0.03515625 0.072
0 0.181640625 0.4256 0.0302734375 0.0656
0 0.1435546875 0.3152 0.025390625 0.0528
0 0.181640625 0.2224 0.02734375 0.048
0 0.078125 0.3312 0.03125 0.072