0 0.1083984375 0.3786549707602339 0.033203125 0.06140350877192982
0 0.19140625 0.27485380116959063 0.03515625 0.06725146198830409
0 0.1611328125 0.4166666666666667 0.03515625 0.06725146198830409
0 0.30859375 0.34649122807017546 0.03125 0.06140350877192982
0 0.2490234375 0.5233918128654971 0.03515625 0.06725146198830409
0 0.2978515625 0.4605263157894737 0.03125 0.059941520467836254
0 0.396484375 0.3654970760233918 0.0322265625 0.05847953216374269
0 0.4609375 0.49415204678362573 0.037109375 0.07017543859649122
0 0.4853515625 0.3391812865497076 0.0302734375 0.059941520467836254
0 0.517578125 0.40350877192982454 0.0302734375 0.059941520467836254
0 0.55859375 0.31140350877192985 0.0322265625 0.059941520467836254
0 0.6083984375 0.33187134502923976 0.03125 0.05847953216374269
0 0.5966796875 0.49415204678362573 0.037109375 0.07163742690058479
0 0.6748046875 0.3128654970760234 0.03515625 0.07748538011695906
0 0.7431640625 0.3845029239766082 0.03515625 0.07456140350877193
0 0.767578125 0.5029239766081871 0.0341796875 0.06432748538011696
0 0.8623046875 0.40497076023391815 0.041015625 0.08187134502923976
0 0.9013671875 0.30409356725146197 0.0361328125 0.06286549707602339