0 0.728515625 0.37920937042459735 0.033203125 0.07174231332357248
0 0.685546875 0.2913616398243045 0.0390625 0.06881405563689605
0 0.6015625 0.3733528550512445 0.037109375 0.07027818448023426
0 0.5576171875 0.33382137628111275 0.037109375 0.07759882869692533
0 0.49609375 0.3528550512445095 0.0380859375 0.0746705710102489
0 0.4580078125 0.26207906295754024 0.0380859375 0.07613469985358712
0 0.271484375 0.3294289897510981 0.0341796875 0.05710102489019034
0 0.3837890625 0.2986822840409956 0.02734375 0.06149341142020498
0 0.31640625 0.3279648609077599 0.0263671875 0.05856515373352855
0 0.3134765625 0.45095168374816985 0.0302734375 0.05417276720351391
0 0.4189453125 0.3294289897510981 0.025390625 0.0527086383601757