0 0.0908203125 0.3997395833333333 0.0234375 0.040364583333333336
0 0.1279296875 0.4283854166666667 0.021484375 0.033854166666666664
0 0.1943359375 0.3932291666666667 0.0234375 0.037760416666666664
0 0.2392578125 0.4309895833333333 0.0205078125 0.029947916666666668
0 0.2822265625 0.3828125 0.0224609375 0.037760416666666664
0 0.326171875 0.3997395833333333 0.0234375 0.036458333333333336
0 0.3427734375 0.4361979166666667 0.021484375 0.03515625
0 0.1318359375 0.5299479166666666 0.0146484375 0.02734375
0 0.2451171875 0.4908854166666667 0.01953125 0.03125
0 0.6416015625 0.20182291666666666 0.09375 0.16276041666666666
0 0.7861328125 0.3190104166666667 0.0849609375 0.12369791666666667