0 0.3994140625 0.6017569546120058 0.0185546875 0.032210834553440704
0 0.4892578125 0.4333821376281113 0.0244140625 0.043923865300146414
0 0.3154296875 0.5051244509516838 0.0205078125 0.055636896046852125
0 0.373046875 0.6178623718887262 0.0185546875 0.029282576866764276
0 0.3623046875 0.5710102489019033 0.017578125 0.03074670571010249
0 0.724609375 0.5285505124450952 0.0224609375 0.05417276720351391
0 0.7080078125 0.6822840409956076 0.015625 0.02635431918008785
0 0.673828125 0.6808199121522694 0.0146484375 0.024890190336749635
0 0.099609375 0.7349926793557833 0.0126953125 0.021961932650073207
0 0.0732421875 0.7306002928257687 0.013671875 0.020497803806734993
0 0.0048828125 0.7232796486090776 0.009765625 0.021961932650073207