0 0.154296875 0.14192708333333334 0.04296875 0.07942708333333333
0 0.15234375 0.2760416666666667 0.0439453125 0.08203125
0 0.2529296875 0.17708333333333334 0.0439453125 0.0859375
0 0.326171875 0.3020833333333333 0.0458984375 0.08072916666666667
0 0.4140625 0.19140625 0.0400390625 0.07291666666666667
0 0.326171875 0.13802083333333334 0.0419921875 0.07161458333333333
0 0.513671875 0.13802083333333334 0.0419921875 0.07291666666666667
0 0.5966796875 0.1953125 0.0380859375 0.06640625
0 0.5166015625 0.2890625 0.0458984375 0.08203125
0 0.693359375 0.13802083333333334 0.0439453125 0.06901041666666667
0 0.7568359375 0.19270833333333334 0.04296875 0.078125
0 0.6875 0.2955729166666667 0.046875 0.07682291666666667
0 0.869140625 0.14192708333333334 0.046875 0.07942708333333333
0 0.8544921875 0.2955729166666667 0.048828125 0.08072916666666667