0 0.904296875 0.2875605815831987 0.029296875 0.0630048465266559
0 0.83203125 0.19224555735056542 0.02734375 0.05331179321486268
0 0.7724609375 0.3182552504038772 0.0283203125 0.061389337641357025
0 0.8359375 0.4991922455573506 0.0283203125 0.05977382875605816
0 0.7197265625 0.5008077544426495 0.0283203125 0.05815831987075929
0 0.6767578125 0.30048465266558966 0.0283203125 0.05815831987075929
0 0.72265625 0.19709208400646203 0.025390625 0.051696284329563816
0 0.6123046875 0.19547657512116318 0.0263671875 0.051696284329563816
0 0.60546875 0.5040387722132472 0.029296875 0.05815831987075929
0 0.546875 0.31179321486268174 0.0283203125 0.051696284329563816
0 0.46875 0.18739903069466882 0.02734375 0.051696284329563816
0 0.376953125 0.30210016155088854 0.0283203125 0.05977382875605816
0 0.46875 0.4701130856219709 0.0341796875 0.06623586429725363
0 0.322265625 0.4862681744749596 0.029296875 0.061389337641357025
0 0.3037109375 0.2035541195476575 0.0263671875 0.051696284329563816
0 0.2431640625 0.2988691437802908 0.0302734375 0.05977382875605816
0 0.1767578125 0.18739903069466882 0.02734375 0.05492730210016155
0 0.060546875 0.18739903069466882 0.0283203125 0.051696284329563816
0 0.1201171875 0.2827140549273021 0.0302734375 0.05815831987075929
0 0.2001953125 0.5024232633279483 0.0322265625 0.061389337641357025
0 0.0859375 0.49596122778675283 0.033203125 0.05492730210016155