0 0.3955078125 0.3020833333333333 0.03515625 0.05078125
0 0.3330078125 0.52734375 0.0419921875 0.053385416666666664
0 0.26953125 0.28515625 0.0341796875 0.05078125
0 0.3369140625 0.3684895833333333 0.0126953125 0.0234375
0 0.1728515625 0.24739583333333334 0.0322265625 0.059895833333333336
0 0.0869140625 0.2864583333333333 0.03125 0.046875
0 0.1357421875 0.52734375 0.0419921875 0.0625
0 0.017578125 0.5221354166666666 0.03515625 0.05859375
0 0.8330078125 0.2981770833333333 0.0439453125 0.07161458333333333
0 0.689453125 0.2994791666666667 0.0400390625 0.06770833333333333
0 0.7451171875 0.5690104166666666 0.0478515625 0.06640625
0 0.595703125 0.29296875 0.0361328125 0.0546875
0 0.6630859375 0.5807291666666666 0.044921875 0.06640625
0 0.54296875 0.57421875 0.04296875 0.061197916666666664
0 0.5087890625 0.2825520833333333 0.033203125 0.049479166666666664
0 0.498046875 0.5104166666666666 0.044921875 0.0625