0 0.1318359375 0.45925925925925926 0.0302734375 0.054814814814814816
0 0.189453125 0.45925925925925926 0.0283203125 0.04888888888888889
0 0.24609375 0.4474074074074074 0.0283203125 0.05037037037037037
0 0.3271484375 0.42962962962962964 0.0283203125 0.054814814814814816
0 0.3916015625 0.45185185185185184 0.0283203125 0.045925925925925926
0 0.451171875 0.43555555555555553 0.0263671875 0.047407407407407405
0 0.5126953125 0.4474074074074074 0.0302734375 0.054814814814814816
0 0.5859375 0.4325925925925926 0.029296875 0.04888888888888889
0 0.646484375 0.45185185185185184 0.02734375 0.05185185185185185
0 0.7080078125 0.4192592592592593 0.02734375 0.04888888888888889
0 0.7919921875 0.4414814814814815 0.033203125 0.057777777777777775
0 0.84375 0.4311111111111111 0.0302734375 0.05037037037037037
0 0.9111328125 0.4444444444444444 0.0302734375 0.054814814814814816