0 0.3076171875 0.5746527777777778 0.072265625 0.140625
0 0.3408203125 0.3506944444444444 0.046875 0.10243055555555555
0 0.1005859375 0.3680555555555556 0.0595703125 0.109375
0 0.5478515625 0.4375 0.048828125 0.10243055555555555
0 0.6650390625 0.3697916666666667 0.0419921875 0.08506944444444445
0 0.4716796875 0.2916666666666667 0.041015625 0.08854166666666667
0 0.5634765625 0.359375 0.0439453125 0.09375
0 0.6220703125 0.3177083333333333 0.037109375 0.07118055555555555
0 0.9013671875 0.3229166666666667 0.044921875 0.08854166666666667
0 0.884765625 0.4930555555555556 0.0478515625 0.0954861111111111
0 0.7841796875 0.328125 0.041015625 0.0798611111111111
0 0.44921875 0.6059027777777778 0.05859375 0.11979166666666667