0 0.1474609375 0.6822840409956076 0.015625 0.02342606149341142
0 0.173828125 0.8184480234260615 0.015625 0.02342606149341142
0 0.1982421875 0.6910688140556369 0.015625 0.027818448023426062
0 0.2265625 0.6910688140556369 0.015625 0.024890190336749635
0 0.2490234375 0.8125915080527086 0.015625 0.02635431918008785
0 0.2705078125 0.7027818448023426 0.01171875 0.021961932650073207
0 0.306640625 0.8125915080527086 0.0126953125 0.016105417276720352
0 0.3056640625 0.6896046852122987 0.01171875 0.020497803806734993
0 0.3427734375 0.6910688140556369 0.013671875 0.021961932650073207
0 0.375 0.7364568081991215 0.01171875 0.021961932650073207
0 0.3798828125 0.6793557833089312 0.0146484375 0.02342606149341142
0 0.4140625 0.7027818448023426 0.01171875 0.021961932650073207
0 0.390625 0.8111273792093704 0.013671875 0.02342606149341142
0 0.4501953125 0.7130307467057101 0.0107421875 0.017569546120058566
0 0.490234375 0.7130307467057101 0.0126953125 0.02342606149341142
0 0.5361328125 0.7174231332357247 0.01171875 0.021961932650073207
0 0.5556640625 0.7130307467057101 0.01171875 0.020497803806734993
0 0.5908203125 0.6061493411420205 0.01953125 0.032210834553440704
0 0.646484375 0.7349926793557833 0.0107421875 0.016105417276720352
0 0.6611328125 0.7218155197657394 0.0126953125 0.021961932650073207
0 0.7177734375 0.6969253294289898 0.0126953125 0.020497803806734993
0 0.70703125 0.6969253294289898 0.0078125 0.013177159590043924
0 0.7412109375 0.6939970717423133 0.01171875 0.01903367496339678
0 0.7314453125 0.8125915080527086 0.0166015625 0.02342606149341142
0 0.7685546875 0.6720351390922401 0.0185546875 0.02342606149341142
0 0.8193359375 0.6661786237188873 0.013671875 0.027818448023426062
0 0.875 0.657393850658858 0.0166015625 0.027818448023426062
0 0.8046875 0.8184480234260615 0.0166015625 0.02635431918008785
0 0.4892578125 0.6032210834553441 0.0087890625 0.013177159590043924
0 0.4775390625 0.616398243045388 0.0048828125 0.007320644216691069
0 0.79296875 0.4084919472913616 0.005859375 0.014641288433382138
0 0.8212890625 0.40263543191800877 0.0048828125 0.013177159590043924
0 0.5029296875 0.39092240117130306 0.0078125 0.016105417276720352
0 0.513671875 0.41142020497803805 0.0068359375 0.013177159590043924
0 0.4736328125 0.4055636896046852 0.0068359375 0.013177159590043924