0 0.091796875 0.22136222910216719 0.0283203125 0.06037151702786378
0 0.2177734375 0.23374613003095976 0.029296875 0.06346749226006192
0 0.302734375 0.26160990712074306 0.03125 0.058823529411764705
0 0.40234375 0.26625386996904027 0.0263671875 0.04179566563467492
0 0.484375 0.2739938080495356 0.0234375 0.05263157894736842
0 0.5537109375 0.2724458204334365 0.0263671875 0.05417956656346749
0 0.634765625 0.2585139318885449 0.02734375 0.05727554179566564
0 0.693359375 0.28637770897832815 0.025390625 0.05108359133126935
0 0.76953125 0.29256965944272445 0.025390625 0.05263157894736842
0 0.865234375 0.25386996904024767 0.0283203125 0.05727554179566564
0 0.908203125 0.3761609907120743 0.0302734375 0.06811145510835913
0 0.8232421875 0.3715170278637771 0.0283203125 0.058823529411764705
0 0.765625 0.43034055727554177 0.02734375 0.058823529411764705
0 0.708984375 0.42724458204334365 0.02734375 0.05727554179566564
0 0.658203125 0.43034055727554177 0.025390625 0.05263157894736842
0 0.6015625 0.42569659442724456 0.0234375 0.05572755417956656
0 0.541015625 0.43343653250773995 0.02734375 0.058823529411764705
0 0.4814453125 0.42260061919504643 0.0263671875 0.058823529411764705
0 0.427734375 0.43034055727554177 0.025390625 0.05727554179566564
0 0.361328125 0.43808049535603716 0.02734375 0.05417956656346749
0 0.2890625 0.39628482972136225 0.0302734375 0.06037151702786378
0 0.2197265625 0.3622291021671827 0.02734375 0.05572755417956656
0 0.1357421875 0.3746130030959752 0.0263671875 0.06037151702786378
0 0.05859375 0.39473684210526316 0.03125 0.06037151702786378