0 0.2021484375 0.39098837209302323 0.0380859375 0.06831395348837209
0 0.2109375 0.2601744186046512 0.0341796875 0.06686046511627906
0 0.3310546875 0.28924418604651164 0.03515625 0.061046511627906974
0 0.3173828125 0.40406976744186046 0.0361328125 0.07122093023255814
0 0.396484375 0.39244186046511625 0.0390625 0.07412790697674419
0 0.4326171875 0.311046511627907 0.0341796875 0.06976744186046512
0 0.4755859375 0.39680232558139533 0.033203125 0.06976744186046512
0 0.537109375 0.2747093023255814 0.0341796875 0.056686046511627904
0 0.533203125 0.3648255813953488 0.0341796875 0.06540697674418605
0 0.646484375 0.3125 0.0390625 0.059593023255813955
0 0.705078125 0.3691860465116279 0.03515625 0.059593023255813955
0 0.7958984375 0.3706395348837209 0.0400390625 0.06976744186046512
0 0.837890625 0.32994186046511625 0.0380859375 0.06540697674418605
0 0.8798828125 0.35755813953488375 0.0400390625 0.0625