0 0.97265625 0.6632503660322109 0.017578125 0.013177159590043924
0 0.4482421875 0.6559297218155198 0.0166015625 0.03074670571010249
0 0.5673828125 0.7101024890190337 0.0126953125 0.02342606149341142
0 0.58984375 0.6925329428989752 0.015625 0.029282576866764276
0 0.693359375 0.7101024890190337 0.015625 0.032210834553440704
0 0.2705078125 0.5768667642752562 0.005859375 0.01171303074670571
0 0.4697265625 0.5856515373352855 0.0068359375 0.01171303074670571
0 0.4443359375 0.5607613469985359 0.0068359375 0.01171303074670571
0 0.404296875 0.5563689604685212 0.005859375 0.010248901903367497
0 0.2626953125 0.6222547584187409 0.0087890625 0.01903367496339678
0 0.1640625 0.5915080527086384 0.005859375 0.01171303074670571