0 0.23046875 0.5377604166666666 0.0908203125 0.15755208333333334
0 0.2470703125 0.3450520833333333 0.0615234375 0.0859375
0 0.3505859375 0.3216145833333333 0.056640625 0.078125
0 0.40234375 0.6276041666666666 0.0947265625 0.12369791666666667
0 0.4716796875 0.3802083333333333 0.05859375 0.08463541666666667
0 0.5927734375 0.3606770833333333 0.0478515625 0.0703125
0 0.5546875 0.515625 0.0703125 0.11458333333333333
0 0.6484375 0.6419270833333334 0.076171875 0.1328125
0 0.7041015625 0.3971354166666667 0.0556640625 0.0703125
0 0.8017578125 0.4166666666666667 0.064453125 0.09505208333333333
0 0.9609375 0.5143229166666666 0.0400390625 0.07682291666666667
0 0.0048828125 0.3294270833333333 0.009765625 0.018229166666666668
0 0.05859375 0.3372395833333333 0.01171875 0.01953125
0 0.1376953125 0.3619791666666667 0.015625 0.0234375
0 0.080078125 0.3971354166666667 0.0107421875 0.024739583333333332
0 0.3818359375 0.3463541666666667 0.00390625 0.010416666666666666
0 0.732421875 0.34375 0.01171875 0.014322916666666666