0 0.1787109375 0.4937799043062201 0.0576171875 0.07272727272727272
0 0.3525390625 0.41626794258373206 0.03515625 0.0354066985645933
0 0.404296875 0.3712918660287081 0.025390625 0.0354066985645933
0 0.5458984375 0.34832535885167465 0.0234375 0.024880382775119617
0 0.599609375 0.3263157894736842 0.01953125 0.023923444976076555
0 0.634765625 0.3138755980861244 0.017578125 0.022966507177033493
0 0.5712890625 0.27177033492822966 0.0078125 0.010526315789473684
0 0.6669921875 0.2985645933014354 0.015625 0.01818181818181818
0 0.69140625 0.2909090909090909 0.013671875 0.01722488038277512
0 0.708984375 0.2755980861244019 0.01171875 0.013397129186602871
0 0.7216796875 0.2822966507177033 0.01171875 0.015311004784688996
0 0.830078125 0.2679425837320574 0.009765625 0.011483253588516746
0 0.8388671875 0.2736842105263158 0.01171875 0.012440191387559809
0 0.83984375 0.3119617224880383 0.0166015625 0.02200956937799043
0 0.8662109375 0.30813397129186604 0.015625 0.015311004784688996
0 0.9130859375 0.276555023923445 0.0107421875 0.012440191387559809
0 0.8388671875 0.36555023923444974 0.0263671875 0.027751196172248804
0 0.8935546875 0.3598086124401914 0.0244140625 0.02583732057416268
0 0.7578125 0.5282296650717704 0.05078125 0.05645933014354067
0 0.890625 0.44019138755980863 0.037109375 0.03444976076555024