0 0.556640625 0.16331994645247658 0.02734375 0.040160642570281124
0 0.4775390625 0.19544846050870146 0.0283203125 0.04417670682730924
0 0.404296875 0.1539491298527443 0.02734375 0.038821954484605084
0 0.490234375 0.37751004016064255 0.0390625 0.05622489959839357
0 0.580078125 0.35475234270414996 0.033203125 0.05220883534136546
0 0.3916015625 0.35207496653279785 0.0341796875 0.05220883534136546
0 0.64453125 0.31459170013386883 0.0322265625 0.04819277108433735
0 0.708984375 0.27710843373493976 0.0263671875 0.041499330655957165
0 0.8583984375 0.3855421686746988 0.025390625 0.038821954484605084
0 0.8154296875 0.4243641231593039 0.029296875 0.041499330655957165
0 0.74609375 0.46318607764390896 0.0390625 0.05220883534136546
0 0.6953125 0.5234270414993306 0.0390625 0.05622489959839357
0 0.5703125 0.5997322623828648 0.044921875 0.06559571619812583
0 0.4599609375 0.6144578313253012 0.0439453125 0.07630522088353414
0 0.3505859375 0.5327978580990629 0.0380859375 0.05488621151271754
0 0.2568359375 0.2824631860776439 0.0283203125 0.0428380187416332
0 0.322265625 0.31994645247657294 0.0322265625 0.04551539491298527
0 0.248046875 0.46184738955823296 0.0361328125 0.0535475234270415
0 0.1865234375 0.41365461847389556 0.0322265625 0.04551539491298527
0 0.1455078125 0.36813922356091033 0.02734375 0.0428380187416332