0 0.87890625 0.35520684736091296 0.03515625 0.07132667617689016
0 0.7705078125 0.33951497860199714 0.03125 0.05420827389443652
0 0.7138671875 0.3152639087018545 0.0322265625 0.04992867332382311
0 0.6484375 0.28815977175463625 0.0302734375 0.04850213980028531
0 0.6484375 0.3537803138373752 0.033203125 0.04992867332382311
0 0.572265625 0.4222539229671897 0.029296875 0.052781740370898715
0 0.5439453125 0.30527817403708984 0.0244140625 0.0442225392296719
0 0.4697265625 0.28245363766048504 0.0263671875 0.047075606276747506
0 0.4775390625 0.38516405135520687 0.0283203125 0.052781740370898715
0 0.4560546875 0.34236804564907275 0.02734375 0.04992867332382311
0 0.3896484375 0.4094151212553495 0.03125 0.05420827389443652
0 0.3671875 0.32952924393723254 0.0283203125 0.05135520684736091
0 0.3017578125 0.38516405135520687 0.029296875 0.05420827389443652
0 0.2314453125 0.41797432239657634 0.033203125 0.05563480741797432
0 0.1796875 0.34236804564907275 0.0361328125 0.052781740370898715
0 0.099609375 0.3908701854493581 0.0341796875 0.05420827389443652