0 0.572265625 0.3411458333333333 0.0361328125 0.06510416666666667
0 0.677734375 0.4778645833333333 0.041015625 0.059895833333333336
0 0.546875 0.4765625 0.0439453125 0.0625
0 0.5419921875 0.21223958333333334 0.0341796875 0.049479166666666664
0 0.4189453125 0.14583333333333334 0.0341796875 0.06640625
0 0.36328125 0.22916666666666666 0.03515625 0.05859375
0 0.4453125 0.27734375 0.0361328125 0.055989583333333336
0 0.283203125 0.28125 0.0341796875 0.0546875
0 0.3173828125 0.15755208333333334 0.03515625 0.052083333333333336
0 0.23046875 0.19401041666666666 0.0361328125 0.057291666666666664
0 0.2177734375 0.3177083333333333 0.0439453125 0.0625
0 0.177734375 0.2708333333333333 0.037109375 0.059895833333333336
0 0.109375 0.3177083333333333 0.03515625 0.05859375
0 0.140625 0.5677083333333334 0.0390625 0.0625
0 0.2998046875 0.48046875 0.03515625 0.0625
0 0.3935546875 0.4778645833333333 0.0419921875 0.0703125
0 0.44921875 0.51953125 0.0380859375 0.05859375
0 0.8798828125 0.3372395833333333 0.037109375 0.057291666666666664
0 0.9169921875 0.4934895833333333 0.0419921875 0.057291666666666664
0 0.7958984375 0.4739583333333333 0.0400390625 0.0546875
0 0.77734375 0.3268229166666667 0.041015625 0.0625
0 0.771484375 0.140625 0.0390625 0.0546875
0 0.6708984375 0.2526041666666667 0.0361328125 0.057291666666666664
0 0.6318359375 0.17838541666666666 0.033203125 0.048177083333333336