0 0.0361328125 0.45374449339207046 0.0146484375 0.02936857562408223
0 0.17578125 0.49632892804698975 0.0126953125 0.024963289280469897
0 0.2373046875 0.4948604992657856 0.0146484375 0.024963289280469897
0 0.294921875 0.4889867841409692 0.009765625 0.022026431718061675
0 0.3154296875 0.4948604992657856 0.01171875 0.01908957415565345
0 0.3505859375 0.49045521292217326 0.009765625 0.020558002936857563
0 0.37109375 0.4831130690161527 0.0078125 0.016152716593245228
0 0.4052734375 0.4889867841409692 0.0078125 0.016152716593245228
0 0.4248046875 0.48604992657856094 0.0087890625 0.01908957415565345
0 0.501953125 0.48604992657856094 0.0107421875 0.023494860499265784
0 0.5107421875 0.5007342143906021 0.009765625 0.020558002936857563
0 0.615234375 0.4845814977973568 0.01171875 0.020558002936857563
0 0.6396484375 0.5139500734214391 0.021484375 0.039647577092511016
0 0.5712890625 0.47283406754772395 0.0068359375 0.014684287812041116
0 0.5791015625 0.47577092511013214 0.0068359375 0.014684287812041116
0 0.451171875 0.4919236417033774 0.013671875 0.024963289280469897
0 0.4892578125 0.4831130690161527 0.0078125 0.014684287812041116
0 0.7646484375 0.5051395007342144 0.021484375 0.03671071953010279
0 0.78125 0.47430249632892807 0.009765625 0.020558002936857563
0 0.83984375 0.4977973568281938 0.015625 0.033773861967694566
0 0.8291015625 0.5521292217327459 0.015625 0.039647577092511016
0 0.88671875 0.4845814977973568 0.013671875 0.027900146842878122
0 0.9072265625 0.5066079295154186 0.0126953125 0.033773861967694566
0 0.96484375 0.49632892804698975 0.015625 0.030837004405286344
0 0.95703125 0.47283406754772395 0.009765625 0.01908957415565345
0 0.9912109375 0.47283406754772395 0.0087890625 0.01762114537444934
0 0.5615234375 0.48604992657856094 0.0078125 0.01908957415565345