0 0.0546875 0.22807017543859648 0.005859375 0.013157894736842105
0 0.06640625 0.19883040935672514 0.0068359375 0.01023391812865497
0 0.1083984375 0.20029239766081872 0.005859375 0.013157894736842105
0 0.142578125 0.22514619883040934 0.0146484375 0.024853801169590642
0 0.142578125 0.24853801169590642 0.0146484375 0.027777777777777776
0 0.07421875 0.2543859649122807 0.0048828125 0.007309941520467836
0 0.208984375 0.2573099415204678 0.0048828125 0.008771929824561403
0 0.2236328125 0.25584795321637427 0.00390625 0.007309941520467836
0 0.244140625 0.2046783625730994 0.00390625 0.01023391812865497
0 0.2607421875 0.1871345029239766 0.005859375 0.011695906432748537
0 0.2607421875 0.20760233918128654 0.0048828125 0.01023391812865497
0 0.2763671875 0.20175438596491227 0.00390625 0.008771929824561403
0 0.2880859375 0.20614035087719298 0.0048828125 0.01023391812865497
0 0.296875 0.20029239766081872 0.0048828125 0.011695906432748537
0 0.3251953125 0.19736842105263158 0.0048828125 0.011695906432748537
0 0.3212890625 0.20175438596491227 0.0048828125 0.008771929824561403
0 0.337890625 0.21052631578947367 0.0048828125 0.008771929824561403
0 0.337890625 0.25146198830409355 0.01171875 0.021929824561403508
0 0.2890625 0.24561403508771928 0.017578125 0.03508771929824561
0 0.3056640625 0.2631578947368421 0.0146484375 0.03070175438596491
0 0.2548828125 0.26608187134502925 0.0048828125 0.01023391812865497
0 0.3466796875 0.19883040935672514 0.0068359375 0.011695906432748537
0 0.36328125 0.21052631578947367 0.0048828125 0.01023391812865497
0 0.3671875 0.2046783625730994 0.00390625 0.011695906432748537
0 0.4091796875 0.21637426900584794 0.0146484375 0.029239766081871343
0 0.4345703125 0.24269005847953215 0.0185546875 0.038011695906432746
0 0.4248046875 0.2046783625730994 0.0048828125 0.01023391812865497
0 0.4375 0.20906432748538012 0.00390625 0.008771929824561403
0 0.447265625 0.20906432748538012 0.00390625 0.005847953216374269
0 0.4619140625 0.20614035087719298 0.0048828125 0.008771929824561403
0 0.4814453125 0.20614035087719298 0.0078125 0.011695906432748537
0 0.494140625 0.2134502923976608 0.0078125 0.013157894736842105
0 0.4765625 0.23830409356725146 0.015625 0.033625730994152045
0 0.5615234375 0.30116959064327486 0.017578125 0.03070175438596491
0 0.5927734375 0.23830409356725146 0.0166015625 0.038011695906432746
0 0.5771484375 0.23976608187134502 0.0166015625 0.033625730994152045
0 0.5576171875 0.21783625730994152 0.0078125 0.019005847953216373
0 0.5927734375 0.20614035087719298 0.0068359375 0.014619883040935672
0 0.626953125 0.20906432748538012 0.0068359375 0.01608187134502924
0 0.6474609375 0.21052631578947367 0.0068359375 0.01608187134502924
0 0.66015625 0.21198830409356725 0.0029296875 0.0043859649122807015
0 0.6708984375 0.2134502923976608 0.0029296875 0.005847953216374269
0 0.6748046875 0.33771929824561403 0.009765625 0.014619883040935672
0 0.6826171875 0.31140350877192985 0.0087890625 0.02046783625730994
0 0.7587890625 0.27923976608187134 0.01953125 0.04678362573099415
0 0.7919921875 0.2733918128654971 0.0078125 0.014619883040935672
0 0.7822265625 0.3304093567251462 0.0078125 0.017543859649122806
0 0.830078125 0.19883040935672514 0.0087890625 0.019005847953216373
0 0.8515625 0.21052631578947367 0.0068359375 0.011695906432748537
0 0.8720703125 0.20614035087719298 0.005859375 0.019005847953216373
0 0.9169921875 0.3230994152046784 0.0244140625 0.04824561403508772
0 0.994140625 0.24707602339181287 0.0048828125 0.01023391812865497
0 0.01953125 0.20175438596491227 0.0068359375 0.01608187134502924