0 0.21875 0.2109375 0.0458984375 0.07682291666666667
0 0.2880859375 0.19791666666666666 0.0419921875 0.09114583333333333
0 0.4091796875 0.18229166666666666 0.0419921875 0.08072916666666667
0 0.548828125 0.2942708333333333 0.0380859375 0.06640625
0 0.650390625 0.2825520833333333 0.0458984375 0.078125
0 0.462890625 0.5390625 0.0498046875 0.07552083333333333
0 0.537109375 0.5559895833333334 0.044921875 0.05859375
0 0.6279296875 0.5677083333333334 0.0546875 0.08463541666666667
0 0.8779296875 0.40234375 0.01171875 0.01953125
0 0.04296875 0.2916666666666667 0.005859375 0.009114583333333334
0 0.0087890625 0.2708333333333333 0.0126953125 0.028645833333333332