0 0.1767578125 0.3023255813953488 0.0185546875 0.031007751937984496
0 0.22265625 0.2930232558139535 0.0234375 0.03875968992248062
0 0.302734375 0.24806201550387597 0.017578125 0.037209302325581395
0 0.3564453125 0.26046511627906976 0.01953125 0.040310077519379844
0 0.4326171875 0.19534883720930232 0.017578125 0.037209302325581395
0 0.416015625 0.2558139534883721 0.017578125 0.03255813953488372
0 0.388671875 0.2713178294573643 0.0185546875 0.037209302325581395
0 0.4501953125 0.2682170542635659 0.01953125 0.040310077519379844
0 0.490234375 0.26046511627906976 0.0166015625 0.03255813953488372
0 0.4033203125 0.31627906976744186 0.0205078125 0.03875968992248062
0 0.36328125 0.324031007751938 0.0185546875 0.04186046511627907
0 0.32421875 0.29457364341085274 0.017578125 0.037209302325581395
0 0.4814453125 0.32558139534883723 0.0185546875 0.037209302325581395
0 0.2451171875 0.34108527131782945 0.01953125 0.03875968992248062
0 0.3095703125 0.351937984496124 0.0185546875 0.04186046511627907
0 0.2587890625 0.42170542635658914 0.0224609375 0.046511627906976744
0 0.32421875 0.4263565891472868 0.021484375 0.04186046511627907
0 0.1640625 0.3798449612403101 0.021484375 0.037209302325581395
0 0.15625 0.49767441860465117 0.0224609375 0.043410852713178294
0 0.220703125 0.5069767441860465 0.0224609375 0.04806201550387597
0 0.3251953125 0.5147286821705427 0.0224609375 0.04806201550387597
0 0.3798828125 0.38449612403100775 0.01953125 0.03875968992248062
0 0.416015625 0.3705426356589147 0.01953125 0.03255813953488372
0 0.5078125 0.34108527131782945 0.0185546875 0.04186046511627907
0 0.54296875 0.31627906976744186 0.017578125 0.043410852713178294
0 0.44140625 0.4124031007751938 0.021484375 0.04186046511627907
0 0.376953125 0.4666666666666667 0.0205078125 0.037209302325581395
0 0.4560546875 0.4558139534883721 0.0205078125 0.04186046511627907
0 0.5087890625 0.4325581395348837 0.017578125 0.04186046511627907
0 0.486328125 0.5193798449612403 0.0224609375 0.043410852713178294
0 0.53125 0.4992248062015504 0.0205078125 0.040310077519379844
0 0.525390625 0.25736434108527134 0.0185546875 0.034108527131782945
0 0.609375 0.32868217054263565 0.021484375 0.040310077519379844
0 0.6171875 0.25116279069767444 0.0185546875 0.037209302325581395
0 0.5751953125 0.3689922480620155 0.0205078125 0.046511627906976744
0 0.556640625 0.462015503875969 0.0205078125 0.04496124031007752
0 0.5810546875 0.4434108527131783 0.017578125 0.037209302325581395
0 0.625 0.4635658914728682 0.021484375 0.04496124031007752
0 0.6337890625 0.3937984496124031 0.0185546875 0.04806201550387597
0 0.5625 0.524031007751938 0.0185546875 0.03875968992248062
0 0.595703125 0.5069767441860465 0.01953125 0.04186046511627907
0 0.63671875 0.5147286821705427 0.021484375 0.043410852713178294
0 0.677734375 0.49612403100775193 0.0185546875 0.04186046511627907
0 0.7001953125 0.5271317829457365 0.0205078125 0.04496124031007752
0 0.677734375 0.3922480620155039 0.0185546875 0.040310077519379844
0 0.7177734375 0.4186046511627907 0.0205078125 0.043410852713178294
0 0.75390625 0.46511627906976744 0.021484375 0.04186046511627907
0 0.7802734375 0.5069767441860465 0.0185546875 0.03875968992248062
0 0.810546875 0.5209302325581395 0.0244140625 0.05116279069767442
0 0.8662109375 0.48372093023255813 0.0224609375 0.04806201550387597
0 0.73828125 0.3627906976744186 0.017578125 0.040310077519379844
0 0.78515625 0.2713178294573643 0.0166015625 0.03875968992248062
0 0.7138671875 0.3023255813953488 0.0205078125 0.04186046511627907
0 0.3896484375 0.5317829457364341 0.0234375 0.04496124031007752