0 0.2392578125 0.2327469553450609 0.033203125 0.05006765899864682
0 0.361328125 0.2381596752368065 0.033203125 0.06495263870094722
0 0.26171875 0.41271989174560214 0.041015625 0.06765899864682003
0 0.3818359375 0.40866035182679294 0.0361328125 0.06630581867388363
0 0.4658203125 0.22056833558863329 0.0341796875 0.05277401894451962
0 0.5859375 0.2530446549391069 0.0322265625 0.05277401894451962
0 0.681640625 0.2746955345060893 0.0302734375 0.05142083897158322
0 0.515625 0.46008119079837617 0.0380859375 0.05953991880920163
0 0.6103515625 0.4952638700947226 0.03515625 0.05142083897158322
0 0.6845703125 0.4979702300405954 0.033203125 0.056833558863328824
0 0.8349609375 0.34776725304465494 0.0087890625 0.017591339648173207
0 0.888671875 0.3382949932341001 0.0078125 0.017591339648173207