0 0.013671875 0.38799414348462663 0.0283203125 0.05124450951683748
0 0.0693359375 0.404099560761347 0.029296875 0.04538799414348463
0 0.140625 0.4582723279648609 0.0234375 0.043923865300146414
0 0.1806640625 0.43923865300146414 0.021484375 0.0424597364568082
0 0.1044921875 0.6266471449487555 0.029296875 0.04685212298682284
0 0.2412109375 0.5285505124450952 0.01953125 0.036603221083455345
0 0.2685546875 0.44216691068814057 0.0224609375 0.0424597364568082
0 0.24609375 0.45973645680819913 0.017578125 0.029282576866764276
0 0.3447265625 0.45095168374816985 0.0234375 0.03953147877013177
0 0.365234375 0.4172767203513909 0.017578125 0.036603221083455345
0 0.400390625 0.4480234260614934 0.0224609375 0.0424597364568082
0 0.23828125 0.6734992679355783 0.033203125 0.0424597364568082
0 0.505859375 0.35724743777452417 0.0302734375 0.060029282576866766
0 0.58203125 0.4743777452415813 0.025390625 0.040995607613469986
0 0.6357421875 0.4333821376281113 0.0185546875 0.032210834553440704
0 0.671875 0.493411420204978 0.021484375 0.036603221083455345
0 0.73046875 0.6222547584187409 0.03125 0.05417276720351391
0 0.71875 0.4685212298682284 0.0185546875 0.03367496339677892
0 0.75 0.4407027818448023 0.0234375 0.036603221083455345
0 0.8017578125 0.5095168374816984 0.0205078125 0.036603221083455345
0 0.8349609375 0.47291361639824303 0.0263671875 0.040995607613469986
0 0.8857421875 0.44216691068814057 0.025390625 0.03367496339677892
0 0.9638671875 0.404099560761347 0.0263671875 0.04538799414348463
0 0.9697265625 0.6427525622254758 0.033203125 0.05417276720351391
0 0.28125 0.22693997071742314 0.0166015625 0.01903367496339678
0 0.69140625 0.23865300146412885 0.0166015625 0.01903367496339678
0 0.470703125 0.31478770131771594 0.0107421875 0.016105417276720352
0 0.4931640625 0.2913616398243045 0.013671875 0.02342606149341142
0 0.587890625 0.4055636896046852 0.0048828125 0.016105417276720352
0 0.9208984375 0.4568081991215227 0.0166015625 0.029282576866764276