0 0.2158203125 0.2869692532942899 0.0146484375 0.029282576866764276
0 0.3037109375 0.35431918008784774 0.015625 0.03367496339677892
0 0.4404296875 0.24743777452415813 0.0166015625 0.027818448023426062
0 0.5302734375 0.41142020497803805 0.0146484375 0.03074670571010249
0 0.5400390625 0.45534407027818447 0.013671875 0.029282576866764276
0 0.4833984375 0.49633967789165445 0.013671875 0.029282576866764276
0 0.591796875 0.6998535871156661 0.015625 0.03074670571010249
0 0.5947265625 0.7613469985358712 0.0146484375 0.03074670571010249
0 0.51953125 0.6207906295754027 0.015625 0.032210834553440704
0 0.5947265625 0.5153733528550513 0.0166015625 0.03074670571010249
0 0.5673828125 0.5651537335285505 0.015625 0.03367496339677892
0 0.6875 0.4787701317715959 0.017578125 0.032210834553440704
0 0.73046875 0.4363103953147877 0.0166015625 0.03074670571010249
0 0.662109375 0.36603221083455345 0.0166015625 0.032210834553440704