0 0.3447265625 0.44246575342465755 0.0322265625 0.0547945205479452
0 0.4814453125 0.48356164383561645 0.02734375 0.0547945205479452
0 0.1796875 0.42191780821917807 0.0126953125 0.019178082191780823
0 0.2587890625 0.410958904109589 0.01171875 0.019178082191780823
0 0.2763671875 0.4054794520547945 0.0068359375 0.015068493150684932
0 0.31640625 0.4232876712328767 0.009765625 0.0136986301369863
0 0.3759765625 0.4273972602739726 0.0107421875 0.019178082191780823
0 0.4326171875 0.4246575342465753 0.01171875 0.01780821917808219
0 0.3642578125 0.4328767123287671 0.005859375 0.015068493150684932
0 0.533203125 0.42876712328767125 0.0068359375 0.009589041095890411
0 0.548828125 0.4438356164383562 0.0087890625 0.012328767123287671
0 0.6064453125 0.42054794520547945 0.009765625 0.015068493150684932
0 0.6630859375 0.4506849315068493 0.0087890625 0.0136986301369863
0 0.6865234375 0.4452054794520548 0.0048828125 0.00684931506849315