0 0.83203125 0.04725415070242656 0.0302734375 0.03959131545338442
0 0.8037109375 0.140485312899106 0.0302734375 0.03065134099616858
0 0.76953125 0.09450830140485313 0.0224609375 0.035759897828863345
0 0.751953125 0.19029374201787994 0.0234375 0.037037037037037035
0 0.689453125 0.2835249042145594 0.0302734375 0.038314176245210725
0 0.5966796875 0.15708812260536398 0.0283203125 0.0421455938697318
0 0.6552734375 0.09067688378033206 0.0166015625 0.020434227330779056
0 0.5400390625 0.10472541507024266 0.015625 0.024265644955300127
0 0.5458984375 0.28735632183908044 0.0302734375 0.033205619412515965
0 0.4921875 0.12388250319284802 0.0166015625 0.02937420178799489
0 0.4697265625 0.13793103448275862 0.021484375 0.033205619412515965
0 0.4501953125 0.08812260536398467 0.0146484375 0.02937420178799489
0 0.4072265625 0.23116219667943805 0.0224609375 0.0280970625798212
0 0.44921875 0.21966794380587484 0.01953125 0.035759897828863345
0 0.3310546875 0.1979565772669221 0.0244140625 0.04342273307790549
0 0.328125 0.07151979565772669 0.0166015625 0.02937420178799489
0 0.212890625 0.1826309067688378 0.0263671875 0.04086845466155811
0 0.126953125 0.18007662835249041 0.02734375 0.035759897828863345
0 0.150390625 0.26947637292464877 0.0361328125 0.037037037037037035
0 0.0859375 0.25925925925925924 0.0302734375 0.037037037037037035
0 0.2587890625 0.2656449553001277 0.0205078125 0.02937420178799489
0 0.3662109375 0.3652618135376756 0.025390625 0.037037037037037035
0 0.6962890625 0.5300127713920817 0.03515625 0.035759897828863345
0 0.591796875 0.5427841634738186 0.0205078125 0.034482758620689655
0 0.494140625 0.6066411238825032 0.0166015625 0.02937420178799489
0 0.4658203125 0.5504469987228607 0.0205078125 0.037037037037037035
0 0.3310546875 0.6679438058748404 0.03125 0.04725415070242656