0 0.1376953125 0.2689295039164491 0.044921875 0.07180156657963446
0 0.2177734375 0.24281984334203655 0.041015625 0.07702349869451697
0 0.318359375 0.22715404699738903 0.037109375 0.06657963446475196
0 0.271484375 0.3681462140992167 0.046875 0.08224543080939947
0 0.3974609375 0.3733681462140992 0.04296875 0.07571801566579635
0 0.43359375 0.2193211488250653 0.0439453125 0.07571801566579635
0 0.5419921875 0.21279373368146215 0.0419921875 0.0731070496083551
0 0.5322265625 0.3642297650130548 0.04296875 0.07963446475195822
0 0.65625 0.2362924281984334 0.0419921875 0.07180156657963446
0 0.69140625 0.3524804177545692 0.0478515625 0.09007832898172324
0 0.765625 0.2454308093994778 0.0380859375 0.0731070496083551
0 0.83203125 0.2780678851174935 0.0458984375 0.0835509138381201