0 0.0107421875 0.203125 0.0078125 0.010416666666666666
0 0.28125 0.2903645833333333 0.0078125 0.009114583333333334
0 0.240234375 0.22916666666666666 0.0068359375 0.010416666666666666
0 0.1728515625 0.21223958333333334 0.005859375 0.010416666666666666
0 0.1572265625 0.203125 0.0068359375 0.010416666666666666
0 0.3251953125 0.28515625 0.0078125 0.010416666666666666
0 0.2353515625 0.3463541666666667 0.0166015625 0.022135416666666668
0 0.615234375 0.26953125 0.0107421875 0.018229166666666668
0 0.6669921875 0.2591145833333333 0.009765625 0.015625
0 0.6865234375 0.24479166666666666 0.0166015625 0.0234375
0 0.7607421875 0.24348958333333334 0.013671875 0.01953125
0 0.8896484375 0.21484375 0.017578125 0.028645833333333332
0 0.0986328125 0.13802083333333334 0.005859375 0.0078125
0 0.4140625 0.4010416666666667 0.060546875 0.07291666666666667
0 0.173828125 0.3515625 0.02734375 0.036458333333333336