0 0.1396484375 0.1644640234948605 0.0634765625 0.11747430249632893
0 0.3896484375 0.2966226138032305 0.0576171875 0.09691629955947137
0 0.5234375 0.3069016152716593 0.0498046875 0.08223201174743025
0 0.7001953125 0.42584434654919234 0.03125 0.06607929515418502
0 0.732421875 0.49926578560939794 0.0263671875 0.0513950073421439
0 0.23046875 0.7209985315712188 0.0078125 0.01762114537444934
0 0.2392578125 0.7195301027900147 0.0078125 0.01908957415565345
0 0.2255859375 0.4390602055800294 0.029296875 0.05433186490455213
0 0.5595703125 0.5726872246696035 0.017578125 0.032305433186490456
0 0.40234375 0.6798825256975036 0.0048828125 0.011747430249632892
0 0.40234375 0.6637298091042585 0.005859375 0.013215859030837005
0 0.521484375 0.6666666666666666 0.005859375 0.00881057268722467
0 0.564453125 0.6872246696035242 0.0078125 0.014684287812041116
0 0.57421875 0.6798825256975036 0.00390625 0.007342143906020558
0 0.5810546875 0.6798825256975036 0.0068359375 0.011747430249632892
0 0.5712890625 0.7459618208516887 0.01171875 0.01762114537444934
0 0.8251953125 0.7826725403817915 0.0078125 0.01908957415565345
0 0.8369140625 0.7797356828193832 0.0107421875 0.016152716593245228
0 0.8466796875 0.7694566813509545 0.005859375 0.013215859030837005
0 0.8525390625 0.7841409691629956 0.0087890625 0.01762114537444934
0 0.8583984375 0.775330396475771 0.0068359375 0.013215859030837005
0 0.8701171875 0.7782672540381792 0.009765625 0.020558002936857563
0 0.8876953125 0.775330396475771 0.0078125 0.014684287812041116
0 0.89453125 0.7841409691629956 0.0087890625 0.016152716593245228
0 0.9140625 0.788546255506608 0.0087890625 0.016152716593245228
0 0.9306640625 0.7870778267254038 0.0087890625 0.01762114537444934
0 0.9462890625 0.7856093979441997 0.0107421875 0.01908957415565345
0 0.9755859375 0.7900146842878121 0.0126953125 0.01908957415565345
0 0.8251953125 0.7033773861967695 0.0048828125 0.011747430249632892
0 0.833984375 0.6960352422907489 0.0068359375 0.014684287812041116
0 0.8427734375 0.7019089574155654 0.0087890625 0.016152716593245228
0 0.853515625 0.7077826725403817 0.005859375 0.010279001468428781
0 0.857421875 0.7430249632892805 0.0078125 0.013215859030837005
0 0.8818359375 0.7694566813509545 0.0078125 0.014684287812041116
0 0.86328125 0.7004405286343612 0.0087890625 0.011747430249632892
0 0.87109375 0.6945668135095447 0.005859375 0.011747430249632892
0 0.8857421875 0.6945668135095447 0.0087890625 0.016152716593245228
0 0.8701171875 0.7180616740088106 0.0087890625 0.013215859030837005
0 0.8876953125 0.7195301027900147 0.0078125 0.014684287812041116
0 0.8984375 0.7151248164464024 0.0068359375 0.014684287812041116
0 0.9072265625 0.6989720998531571 0.0078125 0.011747430249632892
0 0.9013671875 0.6945668135095447 0.0068359375 0.011747430249632892
0 0.9208984375 0.6916299559471366 0.0078125 0.01762114537444934
0 0.931640625 0.6989720998531571 0.0078125 0.013215859030837005
0 0.9423828125 0.6960352422907489 0.0078125 0.016152716593245228
0 0.9560546875 0.7048458149779736 0.0087890625 0.01762114537444934
0 0.9677734375 0.7224669603524229 0.0078125 0.014684287812041116
0 0.9833984375 0.7033773861967695 0.0087890625 0.016152716593245228
0 0.994140625 0.7004405286343612 0.0068359375 0.01762114537444934
0 0.9736328125 0.71071953010279 0.0087890625 0.014684287812041116
0 0.9658203125 0.6989720998531571 0.0068359375 0.016152716593245228
0 0.408203125 0.7400881057268722 0.0068359375 0.010279001468428781