0 0.8984375 0.22565687789799072 0.0517578125 0.09582689335394126
0 0.8212890625 0.2642967542503864 0.0498046875 0.080370942812983
0 0.7568359375 0.32457496136012365 0.0478515625 0.08346213292117466
0 0.6875 0.2936630602782071 0.041015625 0.08500772797527048
0 0.599609375 0.3075734157650695 0.0478515625 0.08964451313755796
0 0.59765625 0.14992272024729522 0.0400390625 0.080370942812983
0 0.5458984375 0.24574961360123648 0.04296875 0.08346213292117466
0 0.451171875 0.25656877897990726 0.0458984375 0.08809891808346214
0 0.3818359375 0.20865533230293662 0.04296875 0.08191653786707882
0 0.36328125 0.1205564142194745 0.0390625 0.0865533230293663
0 0.314453125 0.250386398763524 0.0439453125 0.08964451313755796
0 0.232421875 0.25193199381761977 0.044921875 0.08964451313755796
0 0.1943359375 0.31530139103554866 0.044921875 0.08191653786707882
0 0.2119140625 0.4853168469860896 0.044921875 0.08346213292117466
0 0.1044921875 0.23647604327666152 0.046875 0.08964451313755796
0 0.3388671875 0.4899536321483771 0.0478515625 0.0865533230293663
0 0.4912109375 0.45904173106646057 0.0517578125 0.09119010819165378
0 0.6357421875 0.49304482225656876 0.0400390625 0.09273570324574962
0 0.7568359375 0.5038639876352395 0.044921875 0.0865533230293663
0 0.8408203125 0.6893353941267388 0.0498046875 0.10973724884080371
0 0.63671875 0.6568778979907264 0.052734375 0.10973724884080371
0 0.392578125 0.6491499227202473 0.05078125 0.09891808346213292
0 0.1953125 0.6259659969088099 0.0517578125 0.10046367851622875