0 0.1416015625 0.12932604735883424 0.017578125 0.03825136612021858
0 0.169921875 0.2204007285974499 0.0205078125 0.052823315118397086
0 0.2001953125 0.2586520947176685 0.0205078125 0.04553734061930783
0 0.1357421875 0.2459016393442623 0.021484375 0.04553734061930783
0 0.1513671875 0.22404371584699453 0.017578125 0.04553734061930783
0 0.1103515625 0.24225865209471767 0.01953125 0.051001821493624776
0 0.2001953125 0.20036429872495445 0.0166015625 0.04007285974499089
0 0.220703125 0.21493624772313297 0.0205078125 0.051001821493624776
0 0.2255859375 0.14025500910746813 0.017578125 0.04189435336976321
0 0.263671875 0.1366120218579235 0.01953125 0.04918032786885246
0 0.2705078125 0.2204007285974499 0.0205078125 0.04553734061930783
0 0.255859375 0.2568306010928962 0.01953125 0.052823315118397086
0 0.2919921875 0.21129326047358835 0.01953125 0.051001821493624776
0 0.3115234375 0.2185792349726776 0.025390625 0.0546448087431694
0 0.333984375 0.1111111111111111 0.0205078125 0.04918032786885246
0 0.3583984375 0.1912568306010929 0.0224609375 0.056466302367941715
0 0.3994140625 0.2204007285974499 0.025390625 0.061930783242258654
0 0.435546875 0.2204007285974499 0.0224609375 0.061930783242258654
0 0.4716796875 0.21129326047358835 0.0224609375 0.056466302367941715
0 0.4794921875 0.0965391621129326 0.0185546875 0.051001821493624776
0 0.4560546875 0.06557377049180328 0.0166015625 0.04918032786885246
0 0.4111328125 0.058287795992714025 0.017578125 0.04371584699453552
0 0.4072265625 0.11657559198542805 0.01953125 0.04918032786885246
0 0.521484375 0.2167577413479053 0.0224609375 0.060109289617486336
0 0.546875 0.24225865209471767 0.0234375 0.058287795992714025
0 0.591796875 0.2586520947176685 0.01953125 0.0546448087431694
0 0.6015625 0.2040072859744991 0.021484375 0.04371584699453552
0 0.5751953125 0.12021857923497267 0.0224609375 0.051001821493624776
0 0.513671875 0.0546448087431694 0.01953125 0.04553734061930783
0 0.5771484375 0.06375227686703097 0.017578125 0.04553734061930783
0 0.630859375 0.06739526411657559 0.017578125 0.04918032786885246
0 0.6552734375 0.12750455373406194 0.01953125 0.04735883424408015
0 0.6982421875 0.061930783242258654 0.0185546875 0.04918032786885246
0 0.767578125 0.08014571948998178 0.021484375 0.04371584699453552
0 0.7841796875 0.16029143897996356 0.0185546875 0.04189435336976321
0 0.7919921875 0.2604735883424408 0.0244140625 0.061930783242258654
0 0.7529296875 0.2550091074681239 0.0224609375 0.058287795992714025
0 0.7158203125 0.22586520947176686 0.0224609375 0.04553734061930783
0 0.6884765625 0.2568306010928962 0.0234375 0.061930783242258654
0 0.71875 0.2786885245901639 0.0224609375 0.056466302367941715
0 0.6474609375 0.2604735883424408 0.0234375 0.056466302367941715
0 0.83984375 0.07832422586520947 0.01953125 0.04918032786885246
0 0.8642578125 0.12750455373406194 0.0185546875 0.0546448087431694
0 0.826171875 0.22586520947176686 0.021484375 0.0546448087431694
0 0.84375 0.26229508196721313 0.025390625 0.056466302367941715
0 0.8857421875 0.2659380692167577 0.0205078125 0.056466302367941715
0 0.9091796875 0.2604735883424408 0.0224609375 0.060109289617486336
0 0.9326171875 0.15482695810564662 0.021484375 0.04189435336976321
0 0.8740234375 0.4080145719489982 0.0234375 0.061930783242258654
0 0.892578125 0.6229508196721312 0.033203125 0.08014571948998178
0 0.78515625 0.4080145719489982 0.025390625 0.06557377049180328
0 0.748046875 0.5956284153005464 0.0322265625 0.08743169398907104
0 0.6904296875 0.48633879781420764 0.0263671875 0.07285974499089254
0 0.6962890625 0.3770491803278688 0.02734375 0.07650273224043716
0 0.6337890625 0.6120218579234973 0.033203125 0.07832422586520947
0 0.5869140625 0.48451730418943534 0.0283203125 0.07650273224043716
0 0.607421875 0.40437158469945356 0.0244140625 0.0546448087431694
0 0.5341796875 0.6247723132969034 0.0322265625 0.08014571948998178
0 0.4951171875 0.48451730418943534 0.029296875 0.07103825136612021
0 0.533203125 0.4080145719489982 0.0283203125 0.0692167577413479
0 0.4541015625 0.39162112932604737 0.025390625 0.06739526411657559
0 0.4072265625 0.6065573770491803 0.03125 0.07468123861566485
0 0.384765625 0.4644808743169399 0.0302734375 0.07468123861566485
0 0.376953125 0.4134790528233151 0.01953125 0.04371584699453552
0 0.318359375 0.3970856102003643 0.0244140625 0.058287795992714025
0 0.294921875 0.5009107468123861 0.02734375 0.07468123861566485
0 0.2802734375 0.5901639344262295 0.0322265625 0.08378870673952642
0 0.1865234375 0.5774134790528234 0.02734375 0.06739526411657559
0 0.236328125 0.3879781420765027 0.0234375 0.06375227686703097
0 0.1767578125 0.48816029143898 0.029296875 0.07468123861566485
0 0.16796875 0.37158469945355194 0.0263671875 0.06375227686703097
0 0.0830078125 0.4663023679417122 0.0283203125 0.0692167577413479
0 0.0927734375 0.5865209471766849 0.0283203125 0.06739526411657559