0 0.978515625 0.3880208333333333 0.025390625 0.037760416666666664
0 0.9658203125 0.4635416666666667 0.03515625 0.0546875
0 0.9736328125 0.5403645833333334 0.033203125 0.0546875
0 0.986328125 0.6510416666666666 0.02734375 0.052083333333333336
0 0.8564453125 0.5247395833333334 0.03515625 0.053385416666666664
0 0.8681640625 0.453125 0.0341796875 0.0546875
0 0.8935546875 0.3528645833333333 0.025390625 0.037760416666666664
0 0.775390625 0.3828125 0.029296875 0.041666666666666664
0 0.681640625 0.3736979166666667 0.0244140625 0.0390625
0 0.654296875 0.359375 0.0234375 0.03515625
0 0.6982421875 0.4375 0.0263671875 0.041666666666666664
0 0.6259765625 0.4283854166666667 0.0263671875 0.04296875
0 0.5966796875 0.3424479166666667 0.0263671875 0.0390625
0 0.5048828125 0.359375 0.0244140625 0.037760416666666664
0 0.591796875 0.4700520833333333 0.0302734375 0.044270833333333336
0 0.63671875 0.4869791666666667 0.033203125 0.04296875
0 0.7607421875 0.5611979166666666 0.0322265625 0.049479166666666664
0 0.7275390625 0.5442708333333334 0.033203125 0.046875
0 0.68359375 0.5611979166666666 0.0341796875 0.052083333333333336
0 0.62109375 0.5807291666666666 0.03125 0.049479166666666664
0 0.5693359375 0.5651041666666666 0.03125 0.048177083333333336
0 0.5869140625 0.54296875 0.0263671875 0.053385416666666664
0 0.5361328125 0.4908854166666667 0.0263671875 0.0390625
0 0.53515625 0.578125 0.0283203125 0.05078125
0 0.5048828125 0.5638020833333334 0.03125 0.044270833333333336
0 0.48828125 0.5546875 0.0283203125 0.040364583333333336
0 0.498046875 0.5182291666666666 0.0234375 0.036458333333333336
0 0.45703125 0.5299479166666666 0.01953125 0.029947916666666668
0 0.4326171875 0.54296875 0.0244140625 0.046875
0 0.4619140625 0.3854166666666667 0.0234375 0.036458333333333336
0 0.3974609375 0.3958333333333333 0.0244140625 0.03515625
0 0.4619140625 0.6158854166666666 0.0283203125 0.046875
0 0.4521484375 0.5703125 0.025390625 0.04296875
0 0.3955078125 0.5338541666666666 0.029296875 0.05078125
0 0.353515625 0.51953125 0.029296875 0.048177083333333336
0 0.3505859375 0.4466145833333333 0.0244140625 0.037760416666666664
0 0.3125 0.4635416666666667 0.0244140625 0.03515625
0 0.2744140625 0.44921875 0.0263671875 0.037760416666666664
0 0.267578125 0.3841145833333333 0.0244140625 0.040364583333333336
0 0.2392578125 0.51953125 0.033203125 0.05078125
0 0.31640625 0.5416666666666666 0.0322265625 0.05078125
0 0.1884765625 0.5143229166666666 0.0302734375 0.044270833333333336
0 0.1435546875 0.4934895833333333 0.029296875 0.045572916666666664
0 0.107421875 0.5078125 0.025390625 0.0390625
0 0.078125 0.5013020833333334 0.0283203125 0.041666666666666664
0 0.0546875 0.4166666666666667 0.03125 0.045572916666666664
0 0.0302734375 0.5091145833333334 0.033203125 0.048177083333333336
0 0.0146484375 0.4973958333333333 0.02734375 0.048177083333333336
0 0.7294921875 0.5091145833333334 0.0234375 0.057291666666666664