0 0.197265625 0.10248901903367497 0.03125 0.048316251830161056
0 0.365234375 0.1259150805270864 0.0341796875 0.0629575402635432
0 0.4365234375 0.2108345534407028 0.033203125 0.07027818448023426
0 0.478515625 0.1493411420204978 0.02734375 0.0527086383601757
0 0.5849609375 0.1478770131771596 0.029296875 0.0527086383601757
0 0.697265625 0.17130307467057102 0.03515625 0.06442166910688141
0 0.775390625 0.1595900439238653 0.03515625 0.06588579795021962
0 0.7880859375 0.28111273792093705 0.0322265625 0.06149341142020498
0 0.8486328125 0.3645680819912152 0.037109375 0.06588579795021962
0 0.609375 0.2342606149341142 0.0302734375 0.06149341142020498
0 0.6796875 0.26939970717423134 0.0263671875 0.055636896046852125
0 0.6904296875 0.3616398243045388 0.029296875 0.0527086383601757
0 0.7646484375 0.38653001464128844 0.033203125 0.05856515373352855
0 0.6357421875 0.32210834553440704 0.0283203125 0.05856515373352855
0 0.5771484375 0.3162518301610542 0.0302734375 0.06442166910688141
0 0.5068359375 0.30453879941434847 0.0380859375 0.07320644216691069
0 0.541015625 0.2108345534407028 0.0302734375 0.06149341142020498
0 0.34765625 0.24743777452415813 0.0302734375 0.06442166910688141
0 0.2490234375 0.1581259150805271 0.0361328125 0.07759882869692533
0 0.2783203125 0.2913616398243045 0.0302734375 0.06149341142020498
0 0.248046875 0.363103953147877 0.037109375 0.07759882869692533
0 0.1474609375 0.3308931185944363 0.044921875 0.07320644216691069
0 0.154296875 0.465592972181552 0.044921875 0.08052708638360176
0 0.3115234375 0.4773060029282577 0.03125 0.05856515373352855
0 0.3544921875 0.5168374816983895 0.0341796875 0.0746705710102489
0 0.439453125 0.4289897510980966 0.03125 0.07320644216691069
0 0.3642578125 0.3513909224011713 0.0322265625 0.07027818448023426
0 0.4765625 0.3206442166910688 0.025390625 0.03074670571010249
0 0.5419921875 0.43923865300146414 0.03515625 0.05710102489019034
0 0.609375 0.424597364568082 0.0263671875 0.04538799414348463
0 0.6708984375 0.43923865300146414 0.0302734375 0.06149341142020498
0 0.6044921875 0.554904831625183 0.0341796875 0.06149341142020498
0 0.6884765625 0.6442166910688141 0.041015625 0.07906295754026355
0 0.8720703125 0.5021961932650073 0.033203125 0.0527086383601757
0 0.841796875 0.46266471449487556 0.041015625 0.05124450951683748
0 0.53125 0.6339677891654466 0.0322265625 0.04978038067349927
0 0.447265625 0.5739385065885798 0.03125 0.048316251830161056
0 0.3896484375 0.6178623718887262 0.0361328125 0.06442166910688141
0 0.294921875 0.6076134699853587 0.037109375 0.06881405563689605
0 0.2255859375 0.616398243045388 0.0341796875 0.07027818448023426
0 0.482421875 0.7745241581259151 0.0361328125 0.0746705710102489
0 0.59765625 0.7833089311859444 0.0341796875 0.06734992679355783