0 0.1181640625 0.13982300884955753 0.0126953125 0.021238938053097345
0 0.091796875 0.20176991150442478 0.0107421875 0.02831858407079646
0 0.1025390625 0.25486725663716814 0.0126953125 0.03185840707964602
0 0.1298828125 0.23893805309734514 0.0107421875 0.024778761061946902
0 0.1337890625 0.20707964601769913 0.0107421875 0.019469026548672566
0 0.15234375 0.20707964601769913 0.009765625 0.019469026548672566
0 0.1416015625 0.16991150442477876 0.009765625 0.021238938053097345
0 0.1513671875 0.15575221238938053 0.0078125 0.01592920353982301
0 0.166015625 0.16106194690265488 0.0087890625 0.023008849557522124
0 0.1767578125 0.17876106194690267 0.01171875 0.023008849557522124
0 0.17578125 0.22123893805309736 0.0107421875 0.023008849557522124
0 0.1669921875 0.2672566371681416 0.0107421875 0.023008849557522124
0 0.162109375 0.3309734513274336 0.01171875 0.03008849557522124
0 0.130859375 0.30442477876106194 0.01171875 0.024778761061946902
0 0.0869140625 0.2938053097345133 0.0126953125 0.03185840707964602
0 0.0771484375 0.3327433628318584 0.0126953125 0.03008849557522124
0 0.0537109375 0.3787610619469027 0.013671875 0.03008849557522124
0 0.10546875 0.3929203539823009 0.0146484375 0.02831858407079646
0 0.1220703125 0.3415929203539823 0.0126953125 0.02831858407079646
0 0.14453125 0.36106194690265486 0.013671875 0.02654867256637168
0 0.16015625 0.40530973451327434 0.009765625 0.02654867256637168
0 0.1796875 0.40176991150442476 0.0126953125 0.023008849557522124
0 0.1953125 0.368141592920354 0.0126953125 0.023008849557522124
0 0.1982421875 0.32212389380530976 0.0107421875 0.023008849557522124
0 0.2099609375 0.29557522123893804 0.0107421875 0.02654867256637168
0 0.22265625 0.30796460176991153 0.0078125 0.021238938053097345
0 0.2353515625 0.31150442477876106 0.0107421875 0.017699115044247787
0 0.25390625 0.3185840707964602 0.0107421875 0.02654867256637168
0 0.22265625 0.35398230088495575 0.0107421875 0.023008849557522124
0 0.23046875 0.39646017699115044 0.0126953125 0.02654867256637168
0 0.2509765625 0.384070796460177 0.0107421875 0.023008849557522124
0 0.267578125 0.3893805309734513 0.013671875 0.02654867256637168
0 0.2724609375 0.35929203539823007 0.0107421875 0.023008849557522124
0 0.2939453125 0.37168141592920356 0.0126953125 0.024778761061946902
0 0.296875 0.4265486725663717 0.0126953125 0.023008849557522124
0 0.3193359375 0.3769911504424779 0.013671875 0.03185840707964602
0 0.337890625 0.40530973451327434 0.01171875 0.023008849557522124
0 0.326171875 0.46017699115044247 0.0126953125 0.02831858407079646
0 0.26953125 0.45663716814159294 0.013671875 0.02654867256637168
0 0.2353515625 0.4831858407079646 0.013671875 0.03008849557522124
0 0.1953125 0.44601769911504424 0.0126953125 0.02831858407079646
0 0.177734375 0.4761061946902655 0.0146484375 0.02831858407079646
0 0.1533203125 0.44778761061946903 0.0126953125 0.023008849557522124
0 0.1328125 0.4778761061946903 0.013671875 0.033628318584070796
0 0.095703125 0.4725663716814159 0.0146484375 0.03185840707964602
0 0.0986328125 0.4353982300884956 0.0126953125 0.02654867256637168
0 0.08203125 0.5256637168141592 0.0185546875 0.035398230088495575
0 0.0380859375 0.5451327433628319 0.017578125 0.033628318584070796
0 0.044921875 0.6672566371681415 0.01953125 0.035398230088495575
0 0.0869140625 0.7044247787610619 0.0185546875 0.03893805309734513
0 0.1259765625 0.720353982300885 0.015625 0.035398230088495575
0 0.1591796875 0.6690265486725664 0.017578125 0.03185840707964602
0 0.140625 0.6389380530973451 0.017578125 0.03008849557522124
0 0.103515625 0.6265486725663717 0.017578125 0.02831858407079646
0 0.11328125 0.5805309734513274 0.013671875 0.03185840707964602
0 0.14453125 0.584070796460177 0.0166015625 0.03716814159292035
0 0.1845703125 0.5964601769911504 0.0146484375 0.035398230088495575
0 0.20703125 0.6407079646017699 0.0146484375 0.03008849557522124
0 0.2333984375 0.6778761061946903 0.0166015625 0.03893805309734513
0 0.1865234375 0.6938053097345133 0.017578125 0.04070796460176991
0 0.1611328125 0.5380530973451327 0.017578125 0.03185840707964602
0 0.19921875 0.5309734513274337 0.0146484375 0.04070796460176991
0 0.2421875 0.536283185840708 0.0146484375 0.03185840707964602
0 0.2314453125 0.5769911504424778 0.015625 0.033628318584070796
0 0.2568359375 0.6194690265486725 0.015625 0.035398230088495575
0 0.28515625 0.6566371681415929 0.0185546875 0.03185840707964602
0 0.318359375 0.6761061946902654 0.015625 0.035398230088495575
0 0.3525390625 0.6265486725663717 0.017578125 0.03893805309734513
0 0.3857421875 0.647787610619469 0.017578125 0.03893805309734513
0 0.39453125 0.5769911504424778 0.015625 0.033628318584070796
0 0.373046875 0.5398230088495575 0.0126953125 0.024778761061946902
0 0.341796875 0.5663716814159292 0.015625 0.035398230088495575
0 0.3115234375 0.5486725663716814 0.015625 0.033628318584070796
0 0.302734375 0.5858407079646017 0.0146484375 0.03008849557522124
0 0.2724609375 0.5646017699115045 0.0166015625 0.033628318584070796
0 0.271484375 0.49734513274336284 0.0126953125 0.03008849557522124
0 0.3056640625 0.5008849557522124 0.01171875 0.02831858407079646
0 0.349609375 0.4920353982300885 0.0126953125 0.03185840707964602
0 0.3984375 0.4920353982300885 0.0146484375 0.035398230088495575
0 0.3798828125 0.4495575221238938 0.0126953125 0.03008849557522124
0 0.37109375 0.3893805309734513 0.013671875 0.035398230088495575
0 0.412109375 0.40176991150442476 0.0126953125 0.02831858407079646
0 0.439453125 0.40707964601769914 0.01171875 0.02831858407079646
0 0.46484375 0.4424778761061947 0.0126953125 0.02654867256637168
0 0.474609375 0.5079646017699115 0.0146484375 0.033628318584070796
0 0.44921875 0.47079646017699117 0.0146484375 0.033628318584070796
0 0.31640625 0.30619469026548674 0.013671875 0.033628318584070796
0 0.35546875 0.3309734513274336 0.0126953125 0.02831858407079646
0 0.3447265625 0.2867256637168142 0.0107421875 0.023008849557522124
0 0.3369140625 0.2831858407079646 0.009765625 0.024778761061946902
0 0.3056640625 0.2778761061946903 0.0087890625 0.019469026548672566
0 0.2890625 0.30619469026548674 0.0107421875 0.02654867256637168
0 0.271484375 0.2814159292035398 0.0087890625 0.023008849557522124
0 0.25 0.2814159292035398 0.0087890625 0.021238938053097345
0 0.2607421875 0.22654867256637168 0.0087890625 0.023008849557522124
0 0.2822265625 0.2407079646017699 0.0107421875 0.01592920353982301
0 0.236328125 0.22123893805309736 0.0107421875 0.023008849557522124
0 0.2177734375 0.23539823008849559 0.0126953125 0.02654867256637168
0 0.2080078125 0.19823008849557522 0.0107421875 0.02654867256637168
0 0.22265625 0.16991150442477876 0.009765625 0.023008849557522124
0 0.216796875 0.13982300884955753 0.0078125 0.019469026548672566
0 0.2041015625 0.15221238938053097 0.0078125 0.021238938053097345
0 0.1806640625 0.1079646017699115 0.0107421875 0.023008849557522124
0 0.2275390625 0.11327433628318584 0.0078125 0.017699115044247787
0 0.244140625 0.13982300884955753 0.0078125 0.019469026548672566
0 0.2646484375 0.16460176991150444 0.0087890625 0.019469026548672566
0 0.2626953125 0.1911504424778761 0.0078125 0.017699115044247787
0 0.27734375 0.18584070796460178 0.0078125 0.019469026548672566
0 0.2978515625 0.19823008849557522 0.0078125 0.019469026548672566
0 0.3125 0.18584070796460178 0.0107421875 0.021238938053097345
0 0.3017578125 0.15575221238938053 0.0087890625 0.023008849557522124
0 0.2919921875 0.1168141592920354 0.0087890625 0.023008849557522124
0 0.271484375 0.11504424778761062 0.0078125 0.01415929203539823
0 0.3173828125 0.10619469026548672 0.0078125 0.019469026548672566
0 0.33203125 0.11858407079646018 0.0087890625 0.019469026548672566
0 0.3525390625 0.12920353982300886 0.009765625 0.023008849557522124
0 0.361328125 0.10088495575221239 0.0078125 0.017699115044247787
0 0.330078125 0.08141592920353982 0.0068359375 0.019469026548672566
0 0.3857421875 0.1079646017699115 0.005859375 0.01415929203539823
0 0.3974609375 0.10265486725663717 0.0078125 0.01415929203539823
0 0.4150390625 0.07787610619469026 0.0087890625 0.019469026548672566
0 0.4111328125 0.10973451327433628 0.0078125 0.019469026548672566
0 0.4326171875 0.11150442477876106 0.0078125 0.017699115044247787
0 0.44921875 0.10442477876106195 0.0078125 0.019469026548672566
0 0.4462890625 0.1415929203539823 0.0078125 0.017699115044247787
0 0.431640625 0.16460176991150444 0.0078125 0.019469026548672566
0 0.416015625 0.13982300884955753 0.0087890625 0.01415929203539823
0 0.400390625 0.15221238938053097 0.0087890625 0.019469026548672566
0 0.38671875 0.1504424778761062 0.0078125 0.021238938053097345
0 0.3671875 0.15752212389380532 0.0078125 0.01415929203539823
0 0.337890625 0.17168141592920355 0.0087890625 0.023008849557522124
0 0.322265625 0.1504424778761062 0.0078125 0.019469026548672566
0 0.3515625 0.19823008849557522 0.0078125 0.019469026548672566
0 0.3642578125 0.22654867256637168 0.0078125 0.021238938053097345
0 0.3876953125 0.23716814159292035 0.0078125 0.021238938053097345
0 0.38671875 0.18938053097345134 0.0087890625 0.017699115044247787
0 0.3154296875 0.2336283185840708 0.0087890625 0.02654867256637168
0 0.326171875 0.22654867256637168 0.0078125 0.02654867256637168
0 0.34765625 0.25486725663716814 0.0087890625 0.019469026548672566
0 0.37109375 0.27079646017699116 0.0087890625 0.024778761061946902
0 0.3876953125 0.2991150442477876 0.0087890625 0.021238938053097345
0 0.3984375 0.3292035398230089 0.0087890625 0.03008849557522124
0 0.46875 0.35929203539823007 0.0146484375 0.03008849557522124
0 0.4453125 0.3168141592920354 0.01171875 0.03185840707964602
0 0.40625 0.21415929203539824 0.0068359375 0.017699115044247787
0 0.439453125 0.19469026548672566 0.0087890625 0.019469026548672566
0 0.44140625 0.2336283185840708 0.009765625 0.017699115044247787
0 0.4150390625 0.23008849557522124 0.0078125 0.019469026548672566
0 0.4404296875 0.26017699115044246 0.009765625 0.023008849557522124
0 0.404296875 0.26371681415929205 0.009765625 0.023008849557522124
0 0.421875 0.2991150442477876 0.009765625 0.023008849557522124
0 0.4658203125 0.3008849557522124 0.0107421875 0.023008849557522124
0 0.4873046875 0.27079646017699116 0.01171875 0.03008849557522124
0 0.5029296875 0.30619469026548674 0.0107421875 0.02831858407079646
0 0.5419921875 0.32212389380530976 0.01171875 0.03185840707964602
0 0.5283203125 0.2743362831858407 0.0107421875 0.021238938053097345
0 0.5244140625 0.22300884955752212 0.0087890625 0.023008849557522124
0 0.5048828125 0.21238938053097345 0.0107421875 0.021238938053097345
0 0.4775390625 0.23008849557522124 0.0107421875 0.023008849557522124
0 0.462890625 0.2088495575221239 0.0107421875 0.023008849557522124
0 0.47265625 0.15752212389380532 0.005859375 0.017699115044247787
0 0.4970703125 0.16991150442477876 0.0068359375 0.01415929203539823
0 0.5078125 0.15575221238938053 0.0068359375 0.019469026548672566
0 0.484375 0.12035398230088495 0.009765625 0.021238938053097345
0 0.5 0.09911504424778761 0.0078125 0.017699115044247787
0 0.5205078125 0.08141592920353982 0.0078125 0.017699115044247787
0 0.5224609375 0.10973451327433628 0.0068359375 0.01592920353982301
0 0.47265625 0.07964601769911504 0.0068359375 0.01592920353982301
0 0.5556640625 0.09734513274336283 0.0078125 0.019469026548672566
0 0.5390625 0.10088495575221239 0.0078125 0.023008849557522124
0 0.5458984375 0.14513274336283186 0.0078125 0.019469026548672566
0 0.5712890625 0.16991150442477876 0.0078125 0.019469026548672566
0 0.5390625 0.19469026548672566 0.0078125 0.023008849557522124
0 0.5283203125 0.17345132743362832 0.0078125 0.019469026548672566
0 0.5771484375 0.1911504424778761 0.009765625 0.023008849557522124
0 0.5869140625 0.1433628318584071 0.0107421875 0.021238938053097345
0 0.576171875 0.11327433628318584 0.0087890625 0.021238938053097345
0 0.5947265625 0.09911504424778761 0.0078125 0.023008849557522124
0 0.578125 0.07079646017699115 0.0087890625 0.01592920353982301
0 0.6162109375 0.08141592920353982 0.0068359375 0.01592920353982301
0 0.630859375 0.0831858407079646 0.0087890625 0.023008849557522124
0 0.6123046875 0.10265486725663717 0.0078125 0.023008849557522124
0 0.642578125 0.1168141592920354 0.0078125 0.01592920353982301
0 0.6240234375 0.15221238938053097 0.0078125 0.019469026548672566
0 0.615234375 0.17345132743362832 0.0078125 0.019469026548672566
0 0.623046875 0.1929203539823009 0.009765625 0.02654867256637168
0 0.6533203125 0.15575221238938053 0.0078125 0.02654867256637168
0 0.6708984375 0.16991150442477876 0.0087890625 0.023008849557522124
0 0.6494140625 0.0743362831858407 0.0078125 0.023008849557522124
0 0.677734375 0.09380530973451327 0.0087890625 0.023008849557522124
0 0.6708984375 0.08495575221238938 0.0078125 0.021238938053097345
0 0.658203125 0.23716814159292035 0.0087890625 0.023008849557522124
0 0.6376953125 0.24424778761061947 0.01171875 0.024778761061946902
0 0.60546875 0.23893805309734514 0.009765625 0.024778761061946902
0 0.5673828125 0.23716814159292035 0.0078125 0.023008849557522124
0 0.576171875 0.27256637168141595 0.0087890625 0.02654867256637168
0 0.6142578125 0.2831858407079646 0.0107421875 0.02654867256637168
0 0.642578125 0.2973451327433628 0.01171875 0.02654867256637168
0 0.6572265625 0.3309734513274336 0.0107421875 0.02654867256637168
0 0.611328125 0.3309734513274336 0.0107421875 0.024778761061946902
0 0.5732421875 0.31327433628318585 0.01171875 0.023008849557522124
0 0.556640625 0.36283185840707965 0.0107421875 0.023008849557522124
0 0.5947265625 0.3663716814159292 0.0126953125 0.02831858407079646
0 0.6279296875 0.37168141592920356 0.0107421875 0.024778761061946902
0 0.611328125 0.40353982300884955 0.0087890625 0.023008849557522124
0 0.6318359375 0.42123893805309737 0.01171875 0.023008849557522124
0 0.658203125 0.40707964601769914 0.0107421875 0.02831858407079646
0 0.673828125 0.44424778761061945 0.01171875 0.02831858407079646
0 0.5947265625 0.44778761061946903 0.0146484375 0.03185840707964602
0 0.5732421875 0.40353982300884955 0.0146484375 0.03185840707964602
0 0.484375 0.41415929203539825 0.009765625 0.02831858407079646
0 0.51171875 0.38761061946902653 0.01171875 0.03008849557522124
0 0.5087890625 0.4407079646017699 0.0107421875 0.02831858407079646
0 0.5390625 0.41238938053097346 0.013671875 0.02654867256637168
0 0.55859375 0.4743362831858407 0.013671875 0.03185840707964602
0 0.509765625 0.49734513274336284 0.0146484375 0.033628318584070796
0 0.5361328125 0.5292035398230088 0.015625 0.03716814159292035
0 0.583984375 0.5132743362831859 0.015625 0.03893805309734513
0 0.611328125 0.5168141592920354 0.013671875 0.03008849557522124
0 0.6513671875 0.5433628318584071 0.0146484375 0.02654867256637168
0 0.6611328125 0.48672566371681414 0.01171875 0.02654867256637168
0 0.6298828125 0.5752212389380531 0.013671875 0.03008849557522124
0 0.5537109375 0.6194690265486725 0.017578125 0.047787610619469026
0 0.5927734375 0.6283185840707964 0.013671875 0.033628318584070796
0 0.658203125 0.6176991150442478 0.015625 0.047787610619469026
0 0.494140625 0.6159292035398231 0.017578125 0.03893805309734513
0 0.4609375 0.5858407079646017 0.0185546875 0.035398230088495575
0 0.4287109375 0.5486725663716814 0.0146484375 0.03716814159292035
0 0.439453125 0.6584070796460177 0.0146484375 0.033628318584070796
0 0.6962890625 0.08141592920353982 0.0087890625 0.01415929203539823
0 0.697265625 0.10442477876106195 0.0078125 0.019469026548672566
0 0.7080078125 0.11150442477876106 0.009765625 0.023008849557522124
0 0.728515625 0.09026548672566372 0.005859375 0.010619469026548672
0 0.7392578125 0.11150442477876106 0.009765625 0.024778761061946902
0 0.751953125 0.1079646017699115 0.0087890625 0.019469026548672566
0 0.7783203125 0.10973451327433628 0.0087890625 0.01592920353982301
0 0.783203125 0.13274336283185842 0.0078125 0.017699115044247787
0 0.775390625 0.1504424778761062 0.0078125 0.023008849557522124
0 0.7392578125 0.1433628318584071 0.009765625 0.017699115044247787
0 0.70703125 0.14690265486725665 0.0087890625 0.021238938053097345
0 0.693359375 0.16283185840707964 0.0087890625 0.017699115044247787
0 0.6904296875 0.22300884955752212 0.009765625 0.017699115044247787
0 0.6845703125 0.25309734513274335 0.0146484375 0.033628318584070796
0 0.720703125 0.2 0.0078125 0.01415929203539823
0 0.7138671875 0.2247787610619469 0.009765625 0.02654867256637168
0 0.7265625 0.23185840707964603 0.01171875 0.02831858407079646
0 0.763671875 0.2513274336283186 0.0107421875 0.024778761061946902
0 0.7900390625 0.18938053097345134 0.0107421875 0.023008849557522124
0 0.8095703125 0.1752212389380531 0.0078125 0.021238938053097345
0 0.8017578125 0.14690265486725665 0.0078125 0.017699115044247787
0 0.826171875 0.1415929203539823 0.0078125 0.023008849557522124
0 0.8369140625 0.17345132743362832 0.0078125 0.017699115044247787
0 0.849609375 0.16991150442477876 0.009765625 0.024778761061946902
0 0.8603515625 0.20707964601769913 0.01171875 0.02654867256637168
0 0.8798828125 0.20707964601769913 0.0107421875 0.017699115044247787
0 0.87890625 0.26017699115044246 0.0126953125 0.02831858407079646
0 0.8359375 0.2672566371681416 0.009765625 0.024778761061946902
0 0.79296875 0.24424778761061947 0.0087890625 0.017699115044247787
0 0.8828125 0.32212389380530976 0.0126953125 0.03185840707964602
0 0.9208984375 0.368141592920354 0.0146484375 0.02654867256637168
0 0.943359375 0.40707964601769914 0.013671875 0.02654867256637168
0 0.8701171875 0.36106194690265486 0.013671875 0.03716814159292035
0 0.82421875 0.3734513274336283 0.013671875 0.033628318584070796
0 0.81640625 0.3309734513274336 0.0126953125 0.02831858407079646
0 0.798828125 0.2778761061946903 0.009765625 0.019469026548672566
0 0.7724609375 0.29557522123893804 0.0126953125 0.02831858407079646
0 0.783203125 0.3380530973451327 0.01171875 0.03008849557522124
0 0.8056640625 0.4230088495575221 0.013671875 0.033628318584070796
0 0.8603515625 0.44424778761061945 0.0146484375 0.03008849557522124
0 0.873046875 0.41061946902654867 0.013671875 0.02654867256637168
0 0.9013671875 0.4902654867256637 0.015625 0.03008849557522124
0 0.931640625 0.4831858407079646 0.0146484375 0.03185840707964602
0 0.955078125 0.5185840707964602 0.017578125 0.035398230088495575
0 0.9326171875 0.5628318584070796 0.015625 0.035398230088495575
0 0.93359375 0.6761061946902654 0.0185546875 0.035398230088495575
0 0.8857421875 0.6088495575221239 0.01953125 0.03893805309734513
0 0.873046875 0.5539823008849557 0.0166015625 0.033628318584070796
0 0.826171875 0.5504424778761062 0.0146484375 0.033628318584070796
0 0.833984375 0.5026548672566372 0.0166015625 0.02654867256637168
0 0.79296875 0.49557522123893805 0.017578125 0.035398230088495575
0 0.7509765625 0.49911504424778763 0.0166015625 0.033628318584070796
0 0.75390625 0.44424778761061945 0.0126953125 0.03008849557522124
0 0.763671875 0.3823008849557522 0.0126953125 0.023008849557522124
0 0.72265625 0.35575221238938054 0.0126953125 0.02654867256637168
0 0.7138671875 0.415929203539823 0.0126953125 0.03008849557522124
0 0.7041015625 0.45663716814159294 0.0166015625 0.03008849557522124
0 0.69140625 0.5185840707964602 0.0146484375 0.033628318584070796
0 0.75 0.5628318584070796 0.01953125 0.03893805309734513
0 0.79296875 0.5964601769911504 0.0166015625 0.03185840707964602
0 0.8349609375 0.6336283185840708 0.017578125 0.04247787610619469
0 0.904296875 0.7557522123893805 0.021484375 0.05132743362831858
0 0.8486328125 0.7168141592920354 0.021484375 0.04601769911504425
0 0.7255859375 0.6548672566371682 0.0185546875 0.03716814159292035
0 0.7880859375 0.6654867256637168 0.0185546875 0.05132743362831858
0 0.693359375 0.6123893805309735 0.0185546875 0.03893805309734513
0 0.70703125 0.7097345132743362 0.0185546875 0.03893805309734513
0 0.6845703125 0.3185840707964602 0.009765625 0.023008849557522124
0 0.6953125 0.3504424778761062 0.01171875 0.02831858407079646
0 0.7275390625 0.27964601769911507 0.0107421875 0.02654867256637168
0 0.744140625 0.30442477876106194 0.0126953125 0.02654867256637168
0 0.67578125 0.14690265486725665 0.0087890625 0.017699115044247787
0 0.7548828125 0.215929203539823 0.009765625 0.023008849557522124
0 0.7587890625 0.16991150442477876 0.0107421875 0.023008849557522124
0 0.8095703125 0.2247787610619469 0.009765625 0.019469026548672566