0 0.0244140625 0.21428571428571427 0.015625 0.05291005291005291
0 0.060546875 0.24603174603174602 0.0126953125 0.05291005291005291
0 0.0908203125 0.22486772486772486 0.0146484375 0.05555555555555555
0 0.080078125 0.15608465608465608 0.0126953125 0.042328042328042326
0 0.1142578125 0.1402116402116402 0.0166015625 0.05291005291005291
0 0.1396484375 0.164021164021164 0.0146484375 0.047619047619047616
0 0.1513671875 0.21957671957671956 0.0146484375 0.04497354497354497
0 0.1552734375 0.32275132275132273 0.0146484375 0.042328042328042326
0 0.14453125 0.35978835978835977 0.015625 0.06084656084656084
0 0.10546875 0.28835978835978837 0.015625 0.06349206349206349
0 0.0888671875 0.36243386243386244 0.0166015625 0.06084656084656084
0 0.0498046875 0.3333333333333333 0.015625 0.042328042328042326
0 0.03125 0.3783068783068783 0.0166015625 0.0582010582010582
0 0.033203125 0.31216931216931215 0.0146484375 0.047619047619047616
0 0.193359375 0.3439153439153439 0.0146484375 0.03968253968253968
0 0.1826171875 0.3915343915343915 0.0146484375 0.05555555555555555
0 0.2265625 0.36243386243386244 0.0166015625 0.06084656084656084
0 0.251953125 0.31746031746031744 0.015625 0.05291005291005291
0 0.26953125 0.4074074074074074 0.015625 0.05291005291005291
0 0.2802734375 0.34656084656084657 0.0146484375 0.047619047619047616
0 0.240234375 0.23015873015873015 0.0185546875 0.05026455026455026
0 0.2001953125 0.2037037037037037 0.0146484375 0.06084656084656084
0 0.1904296875 0.1164021164021164 0.015625 0.05555555555555555
0 0.232421875 0.12169312169312169 0.0126953125 0.05026455026455026
0 0.26953125 0.164021164021164 0.013671875 0.05026455026455026
0 0.287109375 0.19576719576719576 0.0166015625 0.0582010582010582
0 0.294921875 0.12169312169312169 0.0146484375 0.05026455026455026
0 0.3359375 0.15873015873015872 0.0126953125 0.04497354497354497
0 0.3486328125 0.2037037037037037 0.015625 0.05291005291005291
0 0.359375 0.2962962962962963 0.015625 0.07407407407407407
0 0.322265625 0.32275132275132273 0.017578125 0.05555555555555555
0 0.3193359375 0.3968253968253968 0.0166015625 0.06084656084656084
0 0.36328125 0.42328042328042326 0.015625 0.06084656084656084
0 0.3896484375 0.42328042328042326 0.015625 0.0582010582010582
0 0.35546875 0.5661375661375662 0.0166015625 0.06613756613756613
0 0.4091796875 0.5714285714285714 0.0185546875 0.06349206349206349
0 0.47265625 0.5687830687830688 0.01953125 0.06613756613756613
0 0.529296875 0.5714285714285714 0.017578125 0.06349206349206349
0 0.498046875 0.3915343915343915 0.01953125 0.06613756613756613
0 0.46484375 0.4444444444444444 0.0166015625 0.06084656084656084
0 0.44140625 0.4021164021164021 0.015625 0.05026455026455026
0 0.4189453125 0.3835978835978836 0.017578125 0.0582010582010582
0 0.431640625 0.3253968253968254 0.015625 0.06084656084656084
0 0.388671875 0.328042328042328 0.0146484375 0.05291005291005291
0 0.388671875 0.22486772486772486 0.015625 0.0582010582010582
0 0.41796875 0.1931216931216931 0.0126953125 0.05291005291005291
0 0.443359375 0.25925925925925924 0.0146484375 0.05291005291005291
0 0.419921875 0.12169312169312169 0.015625 0.06084656084656084
0 0.365234375 0.1111111111111111 0.0146484375 0.05555555555555555
0 0.4658203125 0.12962962962962962 0.015625 0.0582010582010582
0 0.501953125 0.1164021164021164 0.015625 0.05026455026455026
0 0.5107421875 0.17195767195767195 0.0146484375 0.05026455026455026
0 0.5361328125 0.14285714285714285 0.013671875 0.04497354497354497
0 0.529296875 0.23544973544973544 0.0146484375 0.04497354497354497
0 0.525390625 0.32275132275132273 0.015625 0.05291005291005291
0 0.5458984375 0.2962962962962963 0.01171875 0.0582010582010582
0 0.4931640625 0.24603174603174602 0.015625 0.06349206349206349
0 0.4716796875 0.1931216931216931 0.013671875 0.05291005291005291
0 0.548828125 0.164021164021164 0.0107421875 0.05026455026455026
0 0.5546875 0.4470899470899471 0.0126953125 0.06084656084656084
0 0.8369140625 0.3994708994708995 0.017578125 0.06084656084656084
0 0.876953125 0.42592592592592593 0.015625 0.04497354497354497
0 0.857421875 0.36772486772486773 0.015625 0.04497354497354497
0 0.9169921875 0.4444444444444444 0.0146484375 0.05291005291005291
0 0.95703125 0.41798941798941797 0.0166015625 0.05555555555555555
0 0.994140625 0.4312169312169312 0.01171875 0.06349206349206349
0 0.9560546875 0.3306878306878307 0.0166015625 0.06084656084656084
0 0.9404296875 0.24338624338624337 0.0146484375 0.04497354497354497
0 0.9736328125 0.2037037037037037 0.015625 0.05291005291005291
0 0.98828125 0.1402116402116402 0.0126953125 0.047619047619047616
0 0.9501953125 0.12698412698412698 0.0126953125 0.03968253968253968
0 0.91015625 0.13756613756613756 0.015625 0.05026455026455026
0 0.8798828125 0.17724867724867724 0.0126953125 0.042328042328042326
0 0.8955078125 0.24603174603174602 0.015625 0.05026455026455026
0 0.8974609375 0.29365079365079366 0.0146484375 0.05291005291005291
0 0.8603515625 0.24338624338624337 0.01171875 0.047619047619047616
0 0.810546875 0.21164021164021163 0.013671875 0.05291005291005291
0 0.8310546875 0.15873015873015872 0.013671875 0.04497354497354497
0 0.78125 0.10846560846560846 0.0166015625 0.05555555555555555
0 0.759765625 0.16666666666666666 0.0146484375 0.047619047619047616
0 0.771484375 0.20899470899470898 0.015625 0.0582010582010582
0 0.7744140625 0.32275132275132273 0.0166015625 0.0582010582010582
0 0.8037109375 0.3333333333333333 0.015625 0.06084656084656084
0 0.7666015625 0.37566137566137564 0.015625 0.06349206349206349
0 0.7265625 0.21693121693121692 0.0166015625 0.0582010582010582
0 0.73046875 0.14814814814814814 0.015625 0.047619047619047616
0 0.7021484375 0.13227513227513227 0.015625 0.05026455026455026
0 0.6767578125 0.12433862433862433 0.0146484375 0.05555555555555555
0 0.693359375 0.20634920634920634 0.0146484375 0.05026455026455026
0 0.7236328125 0.3306878306878307 0.015625 0.06349206349206349
0 0.68359375 0.35185185185185186 0.0166015625 0.0582010582010582
0 0.69140625 0.4497354497354497 0.0166015625 0.0582010582010582
0 0.6396484375 0.43386243386243384 0.0166015625 0.0582010582010582
0 0.60546875 0.42063492063492064 0.0166015625 0.0582010582010582
0 0.6142578125 0.29894179894179895 0.015625 0.06613756613756613
0 0.5908203125 0.2037037037037037 0.015625 0.06613756613756613
0 0.6025390625 0.14285714285714285 0.0146484375 0.05026455026455026
0 0.5791015625 0.1455026455026455 0.013671875 0.05555555555555555
0 0.5703125 0.3253968253968254 0.01171875 0.0582010582010582
0 0.58203125 0.5687830687830688 0.01953125 0.06613756613756613
0 0.63671875 0.11904761904761904 0.0146484375 0.05555555555555555
0 0.6552734375 0.18783068783068782 0.013671875 0.05555555555555555
0 0.6435546875 0.2328042328042328 0.013671875 0.05026455026455026
0 0.7392578125 0.42857142857142855 0.015625 0.042328042328042326
0 0.0400390625 0.1349206349206349 0.0146484375 0.05291005291005291
0 0.00390625 0.30423280423280424 0.0078125 0.05026455026455026
0 0.474609375 0.3492063492063492 0.0166015625 0.047619047619047616