0 0.9169921875 0.4166666666666667 0.021484375 0.037760416666666664
0 0.873046875 0.39453125 0.0224609375 0.036458333333333336
0 0.8134765625 0.4309895833333333 0.021484375 0.03515625
0 0.78515625 0.4283854166666667 0.0234375 0.03515625
0 0.8076171875 0.3828125 0.01953125 0.032552083333333336
0 0.71484375 0.4140625 0.0234375 0.03515625
0 0.7373046875 0.3763020833333333 0.01953125 0.032552083333333336
0 0.66796875 0.4401041666666667 0.0234375 0.033854166666666664
0 0.6884765625 0.4127604166666667 0.0205078125 0.03125
0 0.626953125 0.4440104166666667 0.0205078125 0.032552083333333336
0 0.607421875 0.41796875 0.0205078125 0.029947916666666668
0 0.5888671875 0.3880208333333333 0.0205078125 0.03515625
0 0.556640625 0.3776041666666667 0.017578125 0.026041666666666668
0 0.5107421875 0.3958333333333333 0.0185546875 0.03125
0 0.537109375 0.4244791666666667 0.021484375 0.03125
0 0.5048828125 0.44140625 0.01953125 0.028645833333333332
0 0.4716796875 0.4361979166666667 0.021484375 0.02734375
0 0.44921875 0.3658854166666667 0.0205078125 0.029947916666666668
0 0.4287109375 0.4140625 0.021484375 0.03515625
0 0.3984375 0.4010416666666667 0.0224609375 0.03515625
0 0.33984375 0.41796875 0.0205078125 0.033854166666666664
0 0.3115234375 0.3658854166666667 0.021484375 0.036458333333333336
0 0.25390625 0.4010416666666667 0.025390625 0.040364583333333336
0 0.212890625 0.3893229166666667 0.0205078125 0.03515625
0 0.166015625 0.4270833333333333 0.0234375 0.032552083333333336
0 0.134765625 0.3997395833333333 0.0244140625 0.036458333333333336
0 0.5810546875 0.4518229166666667 0.0224609375 0.036458333333333336