0 0.3134765625 0.3851091142490372 0.0263671875 0.04749679075738126
0 0.326171875 0.44801026957637996 0.0302734375 0.051347881899871634
0 0.3671875 0.43645699614890887 0.0283203125 0.044929396662387676
0 0.390625 0.3940949935815148 0.0244140625 0.04621309370988447
0 0.4248046875 0.3940949935815148 0.01953125 0.038510911424903725
0 0.4453125 0.42618741976893454 0.0224609375 0.037227214377406934
0 0.486328125 0.4441591784338896 0.037109375 0.057766367137355584
0 0.505859375 0.4017971758664955 0.025390625 0.04621309370988447
0 0.55859375 0.42618741976893454 0.0283203125 0.05391527599486521
0 0.5830078125 0.37869062901155326 0.025390625 0.03979460847240052
0 0.478515625 0.5263157894736842 0.03515625 0.06546854942233633
0 0.59375 0.5160462130937099 0.037109375 0.05648267008985879
0 0.6123046875 0.4300385109114249 0.0302734375 0.05648267008985879
0 0.64453125 0.39666238767650835 0.0302734375 0.05006418485237484
0 0.6904296875 0.40051347881899874 0.0244140625 0.038510911424903725
0 0.736328125 0.43517329910141206 0.0302734375 0.057766367137355584
0 0.7626953125 0.40436456996148906 0.0234375 0.04236200256739409
0 0.7822265625 0.4338896020539153 0.0263671875 0.04621309370988447
0 0.8134765625 0.43645699614890887 0.0361328125 0.059050064184852376
0 0.87109375 0.45057766367137353 0.044921875 0.08087291399229782
0 0.7216796875 0.5057766367137355 0.0361328125 0.06290115532734275
0 0.1025390625 0.4839537869062901 0.0341796875 0.059050064184852376
0 0.1865234375 0.5353016688061617 0.0322265625 0.06033376123234917
0 0.216796875 0.4993581514762516 0.0283203125 0.05391527599486521
0 0.2373046875 0.4441591784338896 0.0283203125 0.055198973042362
0 0.298828125 0.5044929396662388 0.0400390625 0.06161745827984596
0 0.2646484375 0.40949935815147626 0.0283203125 0.044929396662387676