0 0.984375 0.3125 0.021484375 0.037760416666666664
0 0.9462890625 0.3359375 0.029296875 0.041666666666666664
0 0.9619140625 0.2734375 0.0224609375 0.037760416666666664
0 0.943359375 0.24348958333333334 0.0166015625 0.024739583333333332
0 0.994140625 0.2734375 0.0107421875 0.0390625
0 0.935546875 0.27734375 0.0234375 0.0390625
0 0.8955078125 0.3294270833333333 0.0263671875 0.040364583333333336
0 0.8203125 0.3138020833333333 0.03125 0.044270833333333336
0 0.8466796875 0.2903645833333333 0.021484375 0.036458333333333336
0 0.8251953125 0.2552083333333333 0.0185546875 0.032552083333333336
0 0.8447265625 0.2552083333333333 0.017578125 0.032552083333333336
0 0.83203125 0.21354166666666666 0.0205078125 0.029947916666666668
0 0.794921875 0.2708333333333333 0.021484375 0.041666666666666664
0 0.7587890625 0.2578125 0.0205078125 0.032552083333333336
0 0.75 0.22135416666666666 0.01953125 0.029947916666666668
0 0.759765625 0.3190104166666667 0.0224609375 0.036458333333333336
0 0.787109375 0.40625 0.0322265625 0.055989583333333336
0 0.6806640625 0.4010416666666667 0.0341796875 0.048177083333333336
0 0.71484375 0.32421875 0.0244140625 0.045572916666666664
0 0.681640625 0.2903645833333333 0.0244140625 0.036458333333333336
0 0.017578125 0.3411458333333333 0.025390625 0.0390625
0 0.6982421875 0.22265625 0.0185546875 0.029947916666666668
0 0.6806640625 0.22005208333333334 0.0205078125 0.029947916666666668
0 0.7333984375 0.2578125 0.0166015625 0.029947916666666668
0 0.166015625 0.2721354166666667 0.0263671875 0.040364583333333336
0 0.142578125 0.3151041666666667 0.021484375 0.04296875
0 0.111328125 0.30859375 0.0224609375 0.03515625
0 0.0771484375 0.24479166666666666 0.021484375 0.03515625
0 0.0947265625 0.2786458333333333 0.0185546875 0.03125
0 0.0517578125 0.26953125 0.025390625 0.04296875
0 0.060546875 0.34375 0.02734375 0.041666666666666664
0 0.8798828125 0.2526041666666667 0.021484375 0.03125
0 0.904296875 0.2591145833333333 0.01953125 0.029947916666666668
0 0.6298828125 0.32421875 0.0263671875 0.0390625
0 0.62890625 0.2786458333333333 0.0224609375 0.03125
0 0.626953125 0.24479166666666666 0.0185546875 0.029947916666666668
0 0.6015625 0.4036458333333333 0.033203125 0.0546875
0 0.6005859375 0.2942708333333333 0.0234375 0.0390625
0 0.599609375 0.2630208333333333 0.0185546875 0.028645833333333332
0 0.5791015625 0.25 0.017578125 0.029947916666666668
0 0.552734375 0.25390625 0.025390625 0.03515625
0 0.5615234375 0.3138020833333333 0.0244140625 0.0390625
0 0.5322265625 0.3072916666666667 0.021484375 0.03515625
0 0.5 0.3072916666666667 0.0244140625 0.0390625
0 0.5029296875 0.27734375 0.0146484375 0.03125
0 0.529296875 0.26953125 0.0205078125 0.032552083333333336
0 0.501953125 0.2604166666666667 0.0185546875 0.029947916666666668
0 0.478515625 0.2916666666666667 0.0205078125 0.03515625
0 0.453125 0.28125 0.0166015625 0.03515625
0 0.486328125 0.3619791666666667 0.0263671875 0.044270833333333336
0 0.521484375 0.46875 0.03125 0.044270833333333336
0 0.451171875 0.3580729166666667 0.02734375 0.04296875
0 0.4287109375 0.28125 0.0224609375 0.036458333333333336
0 0.4501953125 0.24869791666666666 0.017578125 0.024739583333333332
0 0.400390625 0.2825520833333333 0.0166015625 0.032552083333333336
0 0.384765625 0.3138020833333333 0.025390625 0.040364583333333336
0 0.419921875 0.3294270833333333 0.021484375 0.028645833333333332
0 0.40234375 0.37109375 0.025390625 0.044270833333333336
0 0.3544921875 0.3658854166666667 0.0244140625 0.04296875
0 0.01171875 0.28125 0.021484375 0.032552083333333336
0 0.068359375 0.5768229166666666 0.0322265625 0.045572916666666664
0 0.12109375 0.5013020833333334 0.02734375 0.046875
0 0.66796875 0.24869791666666666 0.0234375 0.036458333333333336
0 0.3603515625 0.2981770833333333 0.021484375 0.040364583333333336
0 0.3291015625 0.31640625 0.01953125 0.032552083333333336
0 0.3115234375 0.3463541666666667 0.0263671875 0.045572916666666664
0 0.357421875 0.45703125 0.0283203125 0.046875
0 0.42578125 0.4752604166666667 0.0302734375 0.046875
0 0.3369140625 0.2526041666666667 0.0205078125 0.02734375
0 0.4072265625 0.2591145833333333 0.0166015625 0.02734375
0 0.30859375 0.24479166666666666 0.021484375 0.029947916666666668
0 0.2919921875 0.2838541666666667 0.01953125 0.032552083333333336
0 0.2529296875 0.3411458333333333 0.0224609375 0.0390625
0 0.2734375 0.4440104166666667 0.0302734375 0.049479166666666664
0 0.1865234375 0.4557291666666667 0.03125 0.048177083333333336
0 0.2158203125 0.3346354166666667 0.0263671875 0.0390625
0 0.244140625 0.2565104166666667 0.017578125 0.03125
0 0.267578125 0.2955729166666667 0.0205078125 0.03515625
0 0.28125 0.2591145833333333 0.0224609375 0.03125
0 0.2216796875 0.2565104166666667 0.0166015625 0.026041666666666668
0 0.201171875 0.2591145833333333 0.0205078125 0.032552083333333336
0 0.1875 0.2981770833333333 0.0166015625 0.026041666666666668
0 0.2265625 0.3020833333333333 0.021484375 0.03515625
0 0.1689453125 0.3294270833333333 0.0205078125 0.036458333333333336
0 0.3388671875 0.2877604166666667 0.0166015625 0.033854166666666664