0 0.11328125 0.5768229166666666 0.0380859375 0.05859375
0 0.2041015625 0.51953125 0.03515625 0.048177083333333336
0 0.2880859375 0.515625 0.033203125 0.045572916666666664
0 0.36328125 0.54296875 0.0341796875 0.044270833333333336
0 0.41015625 0.5026041666666666 0.0283203125 0.0390625
0 0.4609375 0.5169270833333334 0.0283203125 0.04296875
0 0.53515625 0.5143229166666666 0.029296875 0.05078125
0 0.20703125 0.2578125 0.0361328125 0.05078125
0 0.3017578125 0.3658854166666667 0.029296875 0.044270833333333336
0 0.37109375 0.375 0.029296875 0.041666666666666664
0 0.447265625 0.3671875 0.029296875 0.041666666666666664
0 0.521484375 0.3567708333333333 0.02734375 0.041666666666666664
0 0.5888671875 0.3658854166666667 0.0283203125 0.040364583333333336
0 0.666015625 0.3072916666666667 0.03125 0.045572916666666664
0 0.728515625 0.33984375 0.033203125 0.040364583333333336
0 0.802734375 0.2786458333333333 0.0361328125 0.053385416666666664
0 0.80859375 0.5533854166666666 0.0400390625 0.053385416666666664
0 0.712890625 0.5416666666666666 0.0341796875 0.052083333333333336
0 0.626953125 0.5208333333333334 0.033203125 0.045572916666666664