0 0.1279296875 0.4102941176470588 0.0205078125 0.041176470588235294
0 0.076171875 0.4102941176470588 0.01953125 0.03529411764705882
0 0.0234375 0.40441176470588236 0.0166015625 0.027941176470588237
0 0.046875 0.41911764705882354 0.0146484375 0.023529411764705882
0 0.2265625 0.4161764705882353 0.021484375 0.039705882352941174
0 0.2548828125 0.4 0.0107421875 0.020588235294117647
0 0.306640625 0.4176470588235294 0.0166015625 0.026470588235294117
0 0.3271484375 0.4279411764705882 0.015625 0.030882352941176472
0 0.361328125 0.4308823529411765 0.0224609375 0.041176470588235294
0 0.4990234375 0.45588235294117646 0.0185546875 0.03823529411764706
0 0.5732421875 0.41911764705882354 0.0244140625 0.03823529411764706
0 0.611328125 0.38382352941176473 0.02734375 0.04852941176470588
0 0.640625 0.42205882352941176 0.0166015625 0.027941176470588237
0 0.7626953125 0.43823529411764706 0.0283203125 0.054411764705882354
0 0.8076171875 0.4338235294117647 0.021484375 0.04264705882352941
0 0.9912109375 0.4279411764705882 0.0166015625 0.052941176470588235