0 0.1025390625 0.34699853587115664 0.0244140625 0.04685212298682284
0 0.1689453125 0.3074670571010249 0.029296875 0.055636896046852125
0 0.2568359375 0.33528550512445093 0.0244140625 0.0527086383601757
0 0.322265625 0.2913616398243045 0.0263671875 0.05417276720351391
0 0.400390625 0.28257686676427524 0.0263671875 0.06149341142020498
0 0.4951171875 0.30453879941434847 0.0244140625 0.05710102489019034
0 0.583984375 0.3001464128843338 0.02734375 0.05124450951683748
0 0.6826171875 0.3001464128843338 0.0302734375 0.05710102489019034
0 0.740234375 0.34553440702781846 0.0234375 0.05124450951683748
0 0.8271484375 0.2796486090775988 0.0283203125 0.055636896046852125
0 0.892578125 0.3308931185944363 0.0283203125 0.04978038067349927
0 0.8662109375 0.4289897510980966 0.0283203125 0.05710102489019034
0 0.765625 0.4377745241581259 0.0283203125 0.048316251830161056
0 0.712890625 0.43484626647144947 0.0263671875 0.0527086383601757
0 0.697265625 0.5007320644216691 0.0244140625 0.03513909224011713
0 0.8203125 0.5651537335285505 0.0302734375 0.05856515373352855
0 0.6455078125 0.5841874084919473 0.025390625 0.05124450951683748
0 0.609375 0.46266471449487556 0.0263671875 0.040995607613469986
0 0.525390625 0.424597364568082 0.0234375 0.048316251830161056
0 0.466796875 0.4143484626647145 0.0263671875 0.055636896046852125
0 0.3828125 0.42020497803806733 0.0244140625 0.04978038067349927
0 0.3017578125 0.46266471449487556 0.0244140625 0.04978038067349927
0 0.2314453125 0.4538799414348463 0.025390625 0.05124450951683748
0 0.1484375 0.5885797950219619 0.02734375 0.04978038067349927
0 0.1904296875 0.6295754026354319 0.0244140625 0.040995607613469986
0 0.2353515625 0.5856515373352855 0.025390625 0.05124450951683748
0 0.2958984375 0.5856515373352855 0.025390625 0.0424597364568082
0 0.3525390625 0.6002928257686676 0.0224609375 0.03806734992679356
0 0.4091796875 0.5651537335285505 0.021484375 0.04538799414348463
0 0.576171875 0.5783308931185944 0.029296875 0.05124450951683748