0 0.2880859375 0.19661458333333334 0.009765625 0.018229166666666668
0 0.3212890625 0.20963541666666666 0.009765625 0.016927083333333332
0 0.24609375 0.27734375 0.01953125 0.033854166666666664
0 0.224609375 0.20442708333333334 0.01171875 0.015625
0 0.228515625 0.14192708333333334 0.0068359375 0.013020833333333334
0 0.2685546875 0.15364583333333334 0.009765625 0.014322916666666666
0 0.2646484375 0.13671875 0.0068359375 0.014322916666666666
0 0.2802734375 0.11067708333333333 0.009765625 0.013020833333333334
0 0.2529296875 0.11979166666666667 0.009765625 0.016927083333333332
0 0.158203125 0.13541666666666666 0.0205078125 0.03515625
0 0.181640625 0.08203125 0.0078125 0.015625
0 0.21484375 0.078125 0.005859375 0.014322916666666666
0 0.236328125 0.06380208333333333 0.0068359375 0.013020833333333334
0 0.2119140625 0.055989583333333336 0.0068359375 0.01171875
0 0.1796875 0.02734375 0.0107421875 0.018229166666666668
0 0.177734375 0.052083333333333336 0.0078125 0.016927083333333332
0 0.1875 0.059895833333333336 0.0078125 0.015625
0 0.28515625 0.07552083333333333 0.0078125 0.018229166666666668
0 0.2607421875 0.0703125 0.0048828125 0.009114583333333334
0 0.2998046875 0.06770833333333333 0.0068359375 0.01171875
0 0.328125 0.07291666666666667 0.0068359375 0.014322916666666666
0 0.3115234375 0.11458333333333333 0.009765625 0.016927083333333332
0 0.3359375 0.12760416666666666 0.0078125 0.01953125
0 0.345703125 0.09765625 0.0078125 0.015625
0 0.3759765625 0.109375 0.0078125 0.013020833333333334
0 0.3779296875 0.09765625 0.0078125 0.014322916666666666
0 0.3623046875 0.06510416666666667 0.0087890625 0.013020833333333334
0 0.384765625 0.07161458333333333 0.0087890625 0.014322916666666666
0 0.40625 0.078125 0.0078125 0.014322916666666666
0 0.421875 0.09635416666666667 0.0087890625 0.015625
0 0.3984375 0.12890625 0.009765625 0.016927083333333332
0 0.392578125 0.1640625 0.0078125 0.015625
0 0.3515625 0.13020833333333334 0.0087890625 0.014322916666666666
0 0.4443359375 0.10026041666666667 0.0068359375 0.013020833333333334
0 0.4326171875 0.07291666666666667 0.005859375 0.013020833333333334
0 0.453125 0.059895833333333336 0.0068359375 0.010416666666666666
0 0.484375 0.078125 0.0068359375 0.013020833333333334
0 0.513671875 0.078125 0.005859375 0.01171875
0 0.4931640625 0.09895833333333333 0.0068359375 0.010416666666666666
0 0.48046875 0.09765625 0.0078125 0.010416666666666666
0 0.484375 0.12109375 0.0078125 0.014322916666666666
0 0.49609375 0.17317708333333334 0.0078125 0.014322916666666666
0 0.51171875 0.1015625 0.0078125 0.01171875
0 0.4638671875 0.20572916666666666 0.0107421875 0.018229166666666668
0 0.0615234375 0.061197916666666664 0.0244140625 0.03515625
0 0.0322265625 0.049479166666666664 0.0244140625 0.03515625
0 0.0751953125 0.0390625 0.0107421875 0.014322916666666666
0 0.0830078125 0.028645833333333332 0.0126953125 0.018229166666666668
0 0.673828125 0.014322916666666666 0.0068359375 0.013020833333333334
0 0.6591796875 0.01953125 0.0087890625 0.014322916666666666
0 0.6494140625 0.018229166666666668 0.0078125 0.01171875
0 0.63671875 0.022135416666666668 0.005859375 0.010416666666666666
0 0.6279296875 0.020833333333333332 0.0078125 0.010416666666666666
0 0.5654296875 0.08333333333333333 0.0068359375 0.010416666666666666
0 0.5849609375 0.0859375 0.0078125 0.013020833333333334
0 0.533203125 0.0703125 0.0068359375 0.01171875
0 0.5458984375 0.20963541666666666 0.009765625 0.014322916666666666
0 0.603515625 0.21354166666666666 0.0087890625 0.013020833333333334
0 0.6240234375 0.16796875 0.009765625 0.01171875
0 0.6669921875 0.16276041666666666 0.0087890625 0.016927083333333332
0 0.7080078125 0.18229166666666666 0.009765625 0.014322916666666666
0 0.748046875 0.203125 0.009765625 0.015625
0 0.7666015625 0.19661458333333334 0.009765625 0.014322916666666666
0 0.791015625 0.20703125 0.0078125 0.013020833333333334
0 0.7890625 0.24609375 0.009765625 0.015625
0 0.763671875 0.25 0.009765625 0.015625
0 0.7421875 0.12760416666666666 0.0068359375 0.010416666666666666
0 0.720703125 0.11458333333333333 0.0068359375 0.01171875
0 0.7646484375 0.07161458333333333 0.0068359375 0.013020833333333334
0 0.779296875 0.06510416666666667 0.0068359375 0.013020833333333334
0 0.72265625 0.049479166666666664 0.005859375 0.009114583333333334
0 0.7421875 0.036458333333333336 0.005859375 0.010416666666666666
0 0.69921875 0.04296875 0.0087890625 0.013020833333333334
0 0.6787109375 0.036458333333333336 0.0068359375 0.009114583333333334
0 0.6923828125 0.09375 0.0087890625 0.01171875
0 0.8349609375 0.07942708333333333 0.0078125 0.014322916666666666
0 0.8046875 0.109375 0.0087890625 0.013020833333333334
0 0.8642578125 0.07552083333333333 0.0078125 0.015625
0 0.8896484375 0.08463541666666667 0.0078125 0.013020833333333334
0 0.890625 0.15755208333333334 0.0078125 0.015625
0 0.9208984375 0.1640625 0.005859375 0.013020833333333334
0 0.9423828125 0.12890625 0.0048828125 0.010416666666666666
0 0.9658203125 0.13020833333333334 0.0078125 0.01171875
0 0.9326171875 0.10546875 0.0048828125 0.010416666666666666
0 0.8876953125 0.23046875 0.009765625 0.016927083333333332
0 0.8701171875 0.23958333333333334 0.0087890625 0.013020833333333334
0 0.8388671875 0.2799479166666667 0.0087890625 0.014322916666666666
0 0.787109375 0.3268229166666667 0.0068359375 0.015625
0 0.8076171875 0.3229166666666667 0.0078125 0.014322916666666666
0 0.9326171875 0.24479166666666666 0.0068359375 0.013020833333333334
0 0.9326171875 0.22135416666666666 0.009765625 0.01171875
0 0.98046875 0.27734375 0.0087890625 0.016927083333333332
0 0.9638671875 0.3046875 0.0078125 0.014322916666666666
0 0.955078125 0.30078125 0.0078125 0.013020833333333334
0 0.9267578125 0.296875 0.0087890625 0.015625
0 0.912109375 0.3046875 0.0087890625 0.013020833333333334
0 0.87109375 0.2903645833333333 0.0087890625 0.0078125
0 0.90234375 0.3424479166666667 0.0068359375 0.01171875
0 0.9521484375 0.3216145833333333 0.0078125 0.009114583333333334
0 0.9931640625 0.3151041666666667 0.009765625 0.014322916666666666
0 0.9658203125 0.16927083333333334 0.009765625 0.014322916666666666
0 0.9931640625 0.26953125 0.0087890625 0.014322916666666666
0 0.982421875 0.2552083333333333 0.0087890625 0.014322916666666666
0 0.994140625 0.11197916666666667 0.0078125 0.010416666666666666
0 0.9658203125 0.11588541666666667 0.0068359375 0.010416666666666666
0 0.859375 0.25390625 0.0087890625 0.015625
0 0.19921875 0.15494791666666666 0.0087890625 0.015625
0 0.197265625 0.171875 0.0087890625 0.015625
0 0.4951171875 0.3411458333333333 0.0361328125 0.052083333333333336
0 0.673828125 0.33203125 0.0390625 0.057291666666666664
0 0.595703125 0.296875 0.013671875 0.01953125
0 0.138671875 0.0625 0.013671875 0.018229166666666668
0 0.8701171875 0.19140625 0.0087890625 0.015625
0 0.8271484375 0.22786458333333334 0.0166015625 0.020833333333333332
0 0.751953125 0.06770833333333333 0.0078125 0.01171875
0 0.455078125 0.078125 0.009765625 0.016927083333333332