0 0.1064453125 0.5745614035087719 0.03125 0.059941520467836254
0 0.22265625 0.46345029239766083 0.033203125 0.06871345029239766
0 0.2294921875 0.652046783625731 0.04296875 0.07602339181286549
0 0.34765625 0.6418128654970761 0.0380859375 0.07309941520467836
0 0.3466796875 0.5614035087719298 0.0283203125 0.04678362573099415
0 0.4306640625 0.5511695906432749 0.025390625 0.04824561403508772
0 0.33203125 0.4780701754385965 0.03515625 0.07309941520467836
0 0.283203125 0.4473684210526316 0.0234375 0.04678362573099415
0 0.5185546875 0.8070175438596491 0.03125 0.039473684210526314
0 0.625 0.72953216374269 0.03515625 0.05555555555555555
0 0.6904296875 0.6973684210526315 0.03125 0.043859649122807015
0 0.814453125 0.5730994152046783 0.0126953125 0.019005847953216373
0 0.8232421875 0.5760233918128655 0.0078125 0.017543859649122806
0 0.8408203125 0.6228070175438597 0.009765625 0.019005847953216373
0 0.8994140625 0.6827485380116959 0.01171875 0.01608187134502924
0 0.9072265625 0.6769005847953217 0.0068359375 0.01608187134502924
0 0.9130859375 0.6637426900584795 0.0107421875 0.021929824561403508
0 0.9296875 0.5818713450292398 0.0107421875 0.03070175438596491
0 0.8994140625 0.5994152046783626 0.0048828125 0.014619883040935672
0 0.0322265625 0.3260233918128655 0.0224609375 0.03216374269005848
0 0.00390625 0.22807017543859648 0.0078125 0.04093567251461988
0 0.00390625 0.16812865497076024 0.0078125 0.021929824561403508
0 0.0478515625 0.18421052631578946 0.0146484375 0.023391812865497075
0 0.162109375 0.3391812865497076 0.013671875 0.03070175438596491
0 0.2158203125 0.34941520467836257 0.0166015625 0.029239766081871343
0 0.154296875 0.24269005847953215 0.0087890625 0.019005847953216373
0 0.21484375 0.25 0.0087890625 0.019005847953216373
0 0.234375 0.2719298245614035 0.0107421875 0.019005847953216373
0 0.259765625 0.2850877192982456 0.009765625 0.019005847953216373
0 0.2607421875 0.27485380116959063 0.0087890625 0.01608187134502924
0 0.1767578125 0.2631578947368421 0.009765625 0.017543859649122806
0 0.3857421875 0.3611111111111111 0.0126953125 0.021929824561403508
0 0.4169921875 0.3260233918128655 0.0185546875 0.027777777777777776
0 0.4326171875 0.32748538011695905 0.0146484375 0.033625730994152045
0 0.38671875 0.2573099415204678 0.01171875 0.023391812865497075
0 0.3544921875 0.30701754385964913 0.0068359375 0.017543859649122806
0 0.2890625 0.2997076023391813 0.0107421875 0.019005847953216373
0 0.2978515625 0.30116959064327486 0.0048828125 0.013157894736842105
0 0.328125 0.30994152046783624 0.0068359375 0.017543859649122806
0 0.31640625 0.2982456140350877 0.0087890625 0.017543859649122806
0 0.3388671875 0.3435672514619883 0.005859375 0.014619883040935672
0 0.46875 0.38742690058479534 0.0078125 0.019005847953216373
0 0.4873046875 0.4137426900584795 0.005859375 0.01608187134502924
0 0.4970703125 0.3713450292397661 0.0048828125 0.01023391812865497
0 0.5166015625 0.3932748538011696 0.0068359375 0.014619883040935672
0 0.5107421875 0.3757309941520468 0.0048828125 0.008771929824561403
0 0.515625 0.41812865497076024 0.0078125 0.01608187134502924
0 0.525390625 0.42251461988304095 0.0068359375 0.014619883040935672
0 0.5380859375 0.4195906432748538 0.0078125 0.01608187134502924
0 0.5537109375 0.41812865497076024 0.0068359375 0.014619883040935672
0 0.568359375 0.3991228070175439 0.00390625 0.007309941520467836
0 0.564453125 0.44883040935672514 0.0107421875 0.017543859649122806
0 0.5751953125 0.4371345029239766 0.0068359375 0.014619883040935672
0 0.486328125 0.4546783625730994 0.0107421875 0.021929824561403508
0 0.4716796875 0.44298245614035087 0.0068359375 0.017543859649122806
0 0.5068359375 0.44590643274853803 0.0107421875 0.023391812865497075
0 0.55078125 0.4605263157894737 0.01171875 0.02046783625730994
0 0.5634765625 0.49122807017543857 0.013671875 0.029239766081871343
0 0.6025390625 0.4868421052631579 0.0107421875 0.029239766081871343
0 0.705078125 0.5190058479532164 0.009765625 0.019005847953216373
0 0.6865234375 0.5102339181286549 0.01171875 0.01608187134502924
0 0.697265625 0.4824561403508772 0.0048828125 0.01023391812865497
0 0.7314453125 0.5423976608187134 0.0126953125 0.02631578947368421
0 0.734375 0.49853801169590645 0.0068359375 0.011695906432748537
0 0.7138671875 0.5497076023391813 0.0078125 0.017543859649122806
0 0.6806640625 0.4444444444444444 0.0205078125 0.038011695906432746
0 0.619140625 0.4824561403508772 0.0078125 0.014619883040935672
0 0.60546875 0.4415204678362573 0.005859375 0.013157894736842105
0 0.615234375 0.4473684210526316 0.0078125 0.01608187134502924
0 0.6103515625 0.4283625730994152 0.0048828125 0.01023391812865497
0 0.68359375 0.4766081871345029 0.0048828125 0.011695906432748537
0 0.5078125 0.3961988304093567 0.0068359375 0.013157894736842105
0 0.4794921875 0.3845029239766082 0.005859375 0.013157894736842105
0 0.8779296875 0.5730994152046783 0.00390625 0.007309941520467836
0 0.8681640625 0.5745614035087719 0.005859375 0.011695906432748537