0 0.0751953125 0.4049479166666667 0.060546875 0.10546875
0 0.078125 0.4973958333333333 0.033203125 0.0625
0 0.1904296875 0.4778645833333333 0.046875 0.08984375
0 0.28125 0.4270833333333333 0.0439453125 0.08072916666666667
0 0.40234375 0.4322916666666667 0.041015625 0.09375
0 0.484375 0.5130208333333334 0.0380859375 0.06901041666666667
0 0.4658203125 0.46875 0.03515625 0.05859375
0 0.609375 0.4752604166666667 0.0439453125 0.0859375
0 0.6396484375 0.4244791666666667 0.0341796875 0.06640625
0 0.7431640625 0.4908854166666667 0.0419921875 0.0703125
0 0.7861328125 0.4830729166666667 0.033203125 0.057291666666666664
0 0.822265625 0.4075520833333333 0.0361328125 0.06380208333333333
0 0.9013671875 0.4361979166666667 0.0341796875 0.10026041666666667