0 0.072265625 0.38698010849909587 0.0244140625 0.059674502712477394
0 0.091796875 0.3074141048824593 0.0244140625 0.05786618444846293
0 0.1357421875 0.321880650994575 0.0234375 0.059674502712477394
0 0.146484375 0.40325497287522605 0.0244140625 0.06148282097649186
0 0.1181640625 0.4701627486437613 0.0146484375 0.0379746835443038
0 0.2177734375 0.41229656419529837 0.0244140625 0.06871609403254973
0 0.1748046875 0.3128390596745027 0.0244140625 0.05605786618444846
0 0.21484375 0.3471971066907776 0.0224609375 0.05063291139240506
0 0.244140625 0.34900542495479203 0.021484375 0.054249547920433995
0 0.228515625 0.26582278481012656 0.0205078125 0.054249547920433995
0 0.298828125 0.23508137432188064 0.021484375 0.059674502712477394
0 0.2978515625 0.32007233273056057 0.0224609375 0.05244122965641953
0 0.2763671875 0.37613019891500904 0.0244140625 0.0650994575045208
0 0.3408203125 0.379746835443038 0.0234375 0.054249547920433995
0 0.2998046875 0.45750452079566006 0.0244140625 0.06329113924050633
0 0.3720703125 0.29294755877034356 0.021484375 0.06329113924050633
0 0.376953125 0.22965641952983726 0.0224609375 0.06148282097649186
0 0.4375 0.32007233273056057 0.0234375 0.05063291139240506
0 0.4501953125 0.2585895117540687 0.021484375 0.05244122965641953
0 0.498046875 0.32007233273056057 0.0234375 0.05786618444846293
0 0.51953125 0.25316455696202533 0.0224609375 0.054249547920433995
0 0.412109375 0.3670886075949367 0.0224609375 0.059674502712477394
0 0.486328125 0.37613019891500904 0.01953125 0.05605786618444846
0 0.5654296875 0.35804701627486435 0.01953125 0.05605786618444846
0 0.56640625 0.2875226039783002 0.01953125 0.05244122965641953
0 0.6005859375 0.2730560578661845 0.021484375 0.05244122965641953
0 0.5390625 0.4177215189873418 0.0205078125 0.05244122965641953
0 0.5869140625 0.43399638336347196 0.02734375 0.05605786618444846
0 0.3671875 0.4430379746835443 0.0234375 0.05605786618444846
0 0.62890625 0.32007233273056057 0.0224609375 0.06148282097649186
0 0.6611328125 0.25678119349005424 0.0244140625 0.06148282097649186
0 0.7294921875 0.2585895117540687 0.0244140625 0.059674502712477394
0 0.798828125 0.2694394213381555 0.021484375 0.05244122965641953
0 0.822265625 0.3291139240506329 0.0244140625 0.06148282097649186
0 0.7666015625 0.3743218806509946 0.0205078125 0.05063291139240506
0 0.8134765625 0.40867992766726946 0.025390625 0.05605786618444846
0 0.701171875 0.3562386980108499 0.0234375 0.054249547920433995
0 0.7421875 0.38698010849909587 0.0224609375 0.05244122965641953
0 0.6083984375 0.38517179023508136 0.0205078125 0.054249547920433995
0 0.6767578125 0.3996383363471971 0.021484375 0.05605786618444846
0 0.8623046875 0.2875226039783002 0.021484375 0.04701627486437613
0 0.87890625 0.3743218806509946 0.0244140625 0.06329113924050633
0 0.900390625 0.3399638336347197 0.0205078125 0.048824593128390596
0 0.947265625 0.39421338155515373 0.021484375 0.05786618444846293
0 0.9248046875 0.4593128390596745 0.0263671875 0.05786618444846293
0 0.8564453125 0.47377938517179025 0.0224609375 0.05244122965641953
0 0.794921875 0.4665461121157324 0.0244140625 0.05786618444846293
0 0.7197265625 0.4629294755877034 0.021484375 0.05786618444846293
0 0.6591796875 0.47739602169981915 0.0234375 0.06329113924050633
0 0.5029296875 0.4376130198915009 0.0234375 0.05786618444846293
0 0.431640625 0.4538878842676311 0.025390625 0.05244122965641953