0 0.943359375 0.291015625 0.0224609375 0.017578125
0 0.931640625 0.3196614583333333 0.0234375 0.018229166666666668
0 0.8740234375 0.2610677083333333 0.01953125 0.016276041666666668
0 0.9033203125 0.3919270833333333 0.0302734375 0.022135416666666668
0 0.8544921875 0.3684895833333333 0.0283203125 0.020833333333333332
0 0.79296875 0.3509114583333333 0.0244140625 0.022135416666666668
0 0.716796875 0.3033854166666667 0.0234375 0.018880208333333332
0 0.685546875 0.2916666666666667 0.0224609375 0.01953125
0 0.64453125 0.2591145833333333 0.01953125 0.018229166666666668
0 0.8466796875 0.4309895833333333 0.0302734375 0.024088541666666668
0 0.7509765625 0.3815104166666667 0.0302734375 0.026692708333333332
0 0.71484375 0.3717447916666667 0.029296875 0.022135416666666668
0 0.7041015625 0.349609375 0.0263671875 0.022135416666666668
0 0.5615234375 0.2975260416666667 0.021484375 0.016927083333333332
0 0.5302734375 0.3313802083333333 0.0244140625 0.018229166666666668
0 0.5087890625 0.310546875 0.0224609375 0.016927083333333332
0 0.4697265625 0.28125 0.0224609375 0.017578125
0 0.4921875 0.2591145833333333 0.0185546875 0.014322916666666666
0 0.46484375 0.2506510416666667 0.0185546875 0.014322916666666666
0 0.3974609375 0.2552083333333333 0.01953125 0.014973958333333334
0 0.369140625 0.2838541666666667 0.0205078125 0.016276041666666668
0 0.384765625 0.3053385416666667 0.0244140625 0.017578125
0 0.4326171875 0.3157552083333333 0.0244140625 0.017578125
0 0.423828125 0.3391927083333333 0.0263671875 0.01953125
0 0.5244140625 0.3580729166666667 0.0224609375 0.01953125
0 0.3408203125 0.3346354166666667 0.0224609375 0.017578125
0 0.322265625 0.2962239583333333 0.0234375 0.014973958333333334
0 0.3203125 0.255859375 0.0205078125 0.016276041666666668
0 0.2578125 0.267578125 0.01953125 0.015625
0 0.171875 0.2779947916666667 0.0234375 0.016927083333333332
0 0.166015625 0.3040364583333333 0.0234375 0.013671875
0 0.1201171875 0.3209635416666667 0.025390625 0.016927083333333332
0 0.2099609375 0.3203125 0.025390625 0.018880208333333332
0 0.28515625 0.3125 0.0244140625 0.018880208333333332
0 0.28125 0.35546875 0.0263671875 0.021484375
0 0.251953125 0.3346354166666667 0.0263671875 0.020833333333333332
0 0.1845703125 0.369140625 0.029296875 0.01953125
0 0.353515625 0.3619791666666667 0.0283203125 0.020182291666666668
0 0.4013671875 0.3639322916666667 0.0283203125 0.020182291666666668
0 0.8134765625 0.4713541666666667 0.0380859375 0.028645833333333332
0 0.8515625 0.5227864583333334 0.037109375 0.029296875
0 0.73828125 0.5006510416666666 0.0380859375 0.030598958333333332
0 0.6796875 0.4576822916666667 0.033203125 0.026041666666666668
0 0.7080078125 0.4296875 0.0283203125 0.0234375
0 0.6142578125 0.4303385416666667 0.03125 0.0234375
0 0.5205078125 0.4694010416666667 0.03125 0.0234375
0 0.6025390625 0.490234375 0.033203125 0.027994791666666668
0 0.5751953125 0.5345052083333334 0.037109375 0.030598958333333332
0 0.708984375 0.560546875 0.041015625 0.031901041666666664
0 0.806640625 0.5983072916666666 0.0390625 0.0390625
0 0.693359375 0.6165364583333334 0.044921875 0.037109375
0 0.5673828125 0.6015625 0.037109375 0.03125
0 0.4970703125 0.5638020833333334 0.0380859375 0.031901041666666664
0 0.3310546875 0.3880208333333333 0.0263671875 0.021484375
0 0.310546875 0.4140625 0.02734375 0.0234375
0 0.251953125 0.4205729166666667 0.0341796875 0.026692708333333332
0 0.2451171875 0.38671875 0.029296875 0.024088541666666668
0 0.173828125 0.4088541666666667 0.03125 0.020833333333333332
0 0.171875 0.46875 0.03515625 0.024088541666666668
0 0.2509765625 0.509765625 0.037109375 0.028645833333333332
0 0.4052734375 0.5026041666666666 0.0302734375 0.022786458333333332
0 0.416015625 0.4694010416666667 0.0283203125 0.01953125
0 0.380859375 0.4296875 0.03125 0.026692708333333332
0 0.45703125 0.5162760416666666 0.0361328125 0.03125
0 0.8330078125 0.6647135416666666 0.0478515625 0.040364583333333336
0 0.6787109375 0.7161458333333334 0.0439453125 0.041015625
0 0.51953125 0.6731770833333334 0.0478515625 0.041015625
0 0.4453125 0.638671875 0.0419921875 0.038411458333333336
0 0.33203125 0.6569010416666666 0.046875 0.036458333333333336
0 0.2412109375 0.6061197916666666 0.0419921875 0.033203125
0 0.201171875 0.71484375 0.0498046875 0.044270833333333336
0 0.376953125 0.5911458333333334 0.0400390625 0.028645833333333332
0 0.33984375 0.53515625 0.03515625 0.029296875
0 0.8662109375 0.568359375 0.0361328125 0.033854166666666664
0 0.9228515625 0.3515625 0.0283203125 0.020833333333333332
0 0.5595703125 0.37109375 0.01953125 0.016927083333333332
0 0.4912109375 0.4290364583333333 0.03125 0.02734375
0 0.4443359375 0.39453125 0.0283203125 0.024088541666666668
0 0.2939453125 0.4674479166666667 0.033203125 0.02734375
0 0.1669921875 0.328125 0.029296875 0.021484375
0 0.5625 0.2682291666666667 0.015625 0.013671875