0 0.458984375 0.26525198938992045 0.025390625 0.04907161803713528
0 0.41015625 0.3793103448275862 0.0263671875 0.04907161803713528
0 0.353515625 0.44562334217506633 0.0380859375 0.07294429708222812
0 0.2431640625 0.40318302387267907 0.0380859375 0.054376657824933686
0 0.4541015625 0.4005305039787798 0.03515625 0.05702917771883289
0 0.525390625 0.3594164456233422 0.0302734375 0.058355437665782495
0 0.5576171875 0.42572944297082227 0.033203125 0.054376657824933686
0 0.6396484375 0.43103448275862066 0.0322265625 0.0623342175066313
0 0.7392578125 0.4482758620689655 0.03515625 0.04509283819628647
0 0.7724609375 0.40716180371352784 0.0302734375 0.046419098143236075
0 0.732421875 0.3050397877984085 0.0322265625 0.0623342175066313
0 0.634765625 0.26657824933687 0.0283203125 0.054376657824933686
0 0.626953125 0.33687002652519893 0.02734375 0.050397877984084884
0 0.5556640625 0.2917771883289125 0.0302734375 0.05305039787798409