0 0.93359375 0.5486111111111112 0.009765625 0.019097222222222224
0 0.90234375 0.5399305555555556 0.0107421875 0.022569444444444444
0 0.8681640625 0.5399305555555556 0.01171875 0.024305555555555556
0 0.8466796875 0.5451388888888888 0.0107421875 0.019097222222222224
0 0.80859375 0.5434027777777778 0.0107421875 0.022569444444444444
0 0.7861328125 0.5434027777777778 0.009765625 0.022569444444444444
0 0.2177734375 0.2899305555555556 0.0068359375 0.013888888888888888
0 0.1806640625 0.2951388888888889 0.005859375 0.012152777777777778
0 0.1533203125 0.2708333333333333 0.0078125 0.013888888888888888
0 0.1201171875 0.296875 0.0048828125 0.010416666666666666
0 0.0859375 0.2881944444444444 0.0078125 0.015625
0 0.0703125 0.2986111111111111 0.005859375 0.010416666666666666
0 0.2177734375 0.5399305555555556 0.0068359375 0.013888888888888888
0 0.1953125 0.5381944444444444 0.0087890625 0.020833333333333332
0 0.1650390625 0.5434027777777778 0.009765625 0.022569444444444444
0 0.13671875 0.5434027777777778 0.0107421875 0.020833333333333332
0 0.109375 0.5451388888888888 0.009765625 0.024305555555555556
0 0.0849609375 0.546875 0.009765625 0.020833333333333332
0 0.06640625 0.5399305555555556 0.009765625 0.020833333333333332
0 0.4873046875 0.6128472222222222 0.056640625 0.1076388888888889
0 0.32421875 0.4756944444444444 0.07421875 0.19270833333333334
0 0.5703125 0.2690972222222222 0.009765625 0.019097222222222224
0 0.5419921875 0.2829861111111111 0.0087890625 0.017361111111111112
0 0.5126953125 0.2881944444444444 0.009765625 0.019097222222222224
0 0.46875 0.2795138888888889 0.0087890625 0.019097222222222224
0 0.4384765625 0.2586805555555556 0.009765625 0.020833333333333332
0 0.9248046875 0.2725694444444444 0.0146484375 0.026041666666666668
0 0.8759765625 0.2690972222222222 0.0126953125 0.029513888888888888
0 0.828125 0.265625 0.013671875 0.027777777777777776
0 0.78125 0.3229166666666667 0.0146484375 0.026041666666666668
0 0.751953125 0.4322916666666667 0.0146484375 0.029513888888888888
0 0.7373046875 0.4409722222222222 0.0166015625 0.029513888888888888
0 0.7060546875 0.4340277777777778 0.0146484375 0.03125
0 0.6875 0.46875 0.015625 0.03298611111111111
0 0.6357421875 0.4479166666666667 0.0185546875 0.041666666666666664
0 0.6103515625 0.4427083333333333 0.017578125 0.034722222222222224