0 0.3779296875 0.24686192468619247 0.0224609375 0.04184100418410042
0 0.43359375 0.2649930264993027 0.0283203125 0.0599721059972106
0 0.4755859375 0.23291492329149233 0.03125 0.04881450488145049
0 0.5703125 0.1589958158995816 0.0234375 0.04602510460251046
0 0.251953125 0.37796373779637377 0.0322265625 0.05439330543933055
0 0.3359375 0.36541143654114366 0.0322265625 0.0599721059972106
0 0.4208984375 0.36262203626220363 0.02734375 0.04881450488145049
0 0.4755859375 0.400278940027894 0.02734375 0.03905160390516039
0 0.5517578125 0.38354253835425384 0.0302734375 0.05299860529986053
0 0.609375 0.4086471408647141 0.0302734375 0.04741980474198047
0 0.384765625 0.496513249651325 0.0283203125 0.0502092050209205
0 0.52734375 0.5690376569037657 0.0322265625 0.06694560669456066
0 0.6064453125 0.5509065550906556 0.0302734375 0.0599721059972106
0 0.7177734375 0.36262203626220363 0.03125 0.058577405857740586
0 0.7509765625 0.5285913528591353 0.02734375 0.05439330543933055
0 0.796875 0.5899581589958159 0.029296875 0.044630404463040445
0 0.7509765625 0.6108786610878661 0.025390625 0.043235704323570434
0 0.666015625 0.5523012552301255 0.0244140625 0.04881450488145049
0 0.294921875 0.6094839609483961 0.037109375 0.06555090655509066
0 0.375 0.6582984658298466 0.0322265625 0.06415620641562064
0 0.271484375 0.6624825662482566 0.025390625 0.03765690376569038
0 0.4814453125 0.6262203626220363 0.025390625 0.043235704323570434
0 0.5888671875 0.6889818688981869 0.0283203125 0.05160390516039052