0 0.78125 0.2785923753665689 0.04296875 0.0747800586510264
0 0.7626953125 0.4736070381231672 0.0576171875 0.08357771260997067
0 0.6904296875 0.19208211143695014 0.048828125 0.08651026392961877
0 0.6162109375 0.24780058651026393 0.0478515625 0.08504398826979472
0 0.6337890625 0.45454545454545453 0.056640625 0.10117302052785923
0 0.5078125 0.47214076246334313 0.05078125 0.08944281524926687
0 0.49609375 0.15395894428152493 0.05078125 0.08944281524926687
0 0.3994140625 0.1935483870967742 0.0478515625 0.07624633431085044
0 0.3955078125 0.44574780058651026 0.0556640625 0.0967741935483871
0 0.24609375 0.4530791788856305 0.05078125 0.09090909090909091
0 0.3330078125 0.2287390029325513 0.0439453125 0.07331378299120235
0 0.2412109375 0.22580645161290322 0.046875 0.07771260997067449
0 0.177734375 0.250733137829912 0.044921875 0.07624633431085044