0 0.1337890625 0.3949329359165425 0.0380859375 0.06855439642324888
0 0.1982421875 0.4157973174366617 0.0361328125 0.06706408345752608
0 0.2763671875 0.4366616989567809 0.0361328125 0.06706408345752608
0 0.3291015625 0.3472429210134128 0.033203125 0.07004470938897168
0 0.3486328125 0.43815201192250375 0.02734375 0.05216095380029806
0 0.3828125 0.4187779433681073 0.03515625 0.07004470938897168
0 0.43359375 0.38002980625931443 0.033203125 0.06408345752608048
0 0.4716796875 0.4128166915052161 0.0234375 0.043219076005961254
0 0.5693359375 0.4426229508196721 0.03515625 0.05961251862891207
0 0.638671875 0.39940387481371087 0.029296875 0.05812220566318927
0 0.697265625 0.36959761549925485 0.033203125 0.06408345752608048
0 0.76953125 0.39046199701937406 0.0322265625 0.06259314456035768
0 0.8046875 0.3263785394932936 0.0302734375 0.04769001490312966
0 0.859375 0.4247391952309985 0.0283203125 0.06557377049180328
0 0.8212890625 0.6214605067064084 0.025390625 0.04918032786885246
0 0.7041015625 0.587183308494784 0.029296875 0.04769001490312966
0 0.6455078125 0.5782414307004471 0.0302734375 0.05365126676602087