0 0.98046875 0.5765379113018598 0.0283203125 0.04148783977110158
0 0.84375 0.5107296137339056 0.0185546875 0.031473533619456366
0 0.943359375 0.4721030042918455 0.0166015625 0.024320457796852647
0 0.994140625 0.4592274678111588 0.0107421875 0.01430615164520744
0 0.9677734375 0.4248927038626609 0.0068359375 0.010014306151645207
0 0.9931640625 0.41917024320457796 0.0048828125 0.008583690987124463
0 0.447265625 0.48068669527896996 0.0126953125 0.022889842632331903
0 0.4619140625 0.4563662374821173 0.0107421875 0.017167381974248927
0 0.478515625 0.4434907010014306 0.0087890625 0.012875536480686695
0 0.29296875 0.47782546494992845 0.013671875 0.02145922746781116
0 0.3349609375 0.4563662374821173 0.0087890625 0.01859799713876967
0 0.3671875 0.4434907010014306 0.0078125 0.017167381974248927
0 0.3916015625 0.43490701001430615 0.005859375 0.010014306151645207
0 0.4111328125 0.4234620886981402 0.0068359375 0.011444921316165951
0 0.4267578125 0.4220314735336195 0.0048828125 0.00715307582260372
0 0.34375 0.43061516452074394 0.0068359375 0.011444921316165951
0 0.31640625 0.43919885550786836 0.0087890625 0.012875536480686695
0 0.2998046875 0.4263233190271817 0.005859375 0.008583690987124463
0 0.3671875 0.4220314735336195 0.0048828125 0.008583690987124463
0 0.3857421875 0.4177396280400572 0.0048828125 0.008583690987124463
0 0.3984375 0.41201716738197425 0.0048828125 0.00715307582260372
0 0.439453125 0.41487839771101576 0.005859375 0.00715307582260372
0 0.4873046875 0.43490701001430615 0.0078125 0.010014306151645207
0 0.5703125 0.4334763948497854 0.005859375 0.010014306151645207
0 0.638671875 0.4206008583690987 0.0048828125 0.010014306151645207
0 0.6240234375 0.41917024320457796 0.0048828125 0.00715307582260372
0 0.0654296875 0.5793991416309013 0.029296875 0.03719599427753934
0 0.205078125 0.5121602288984263 0.01953125 0.030042918454935622
0 0.169921875 0.474964234620887 0.013671875 0.024320457796852647
0 0.197265625 0.44635193133047213 0.0087890625 0.012875536480686695
0 0.2412109375 0.4592274678111588 0.0087890625 0.017167381974248927
0 0.2880859375 0.4520743919885551 0.0087890625 0.012875536480686695
0 0.26953125 0.42775393419170243 0.0068359375 0.008583690987124463
0 0.123046875 0.463519313304721 0.009765625 0.015736766809728183
0 0.1630859375 0.44206008583690987 0.0078125 0.010014306151645207
0 0.140625 0.4334763948497854 0.0068359375 0.012875536480686695
0 0.0400390625 0.5221745350500715 0.0224609375 0.024320457796852647
0 0.03125 0.4864091559370529 0.015625 0.020028612303290415
0 0.0078125 0.463519313304721 0.01171875 0.01430615164520744
0 0.025390625 0.4492131616595136 0.0078125 0.012875536480686695
0 0.1064453125 0.45064377682403434 0.009765625 0.012875536480686695
0 0.0927734375 0.4434907010014306 0.0068359375 0.011444921316165951
0 0.2041015625 0.43204577968526464 0.0068359375 0.010014306151645207
0 0.18359375 0.4234620886981402 0.0068359375 0.010014306151645207
0 0.07421875 0.43061516452074394 0.0048828125 0.008583690987124463
0 0.064453125 0.43061516452074394 0.0048828125 0.008583690987124463
0 0.0546875 0.4248927038626609 0.005859375 0.00715307582260372
0 0.12109375 0.4234620886981402 0.00390625 0.00715307582260372
0 0.109375 0.4248927038626609 0.00390625 0.005722460658082976
0 0.1640625 0.4206008583690987 0.0048828125 0.00715307582260372
0 0.1982421875 0.4177396280400572 0.0048828125 0.008583690987124463
0 0.2197265625 0.4206008583690987 0.0048828125 0.00715307582260372
0 0.1484375 0.4177396280400572 0.0048828125 0.005722460658082976
0 0.7890625 0.41201716738197425 0.00390625 0.008583690987124463
0 0.7958984375 0.40486409155937053 0.0029296875 0.00715307582260372
0 0.8173828125 0.413447782546495 0.00390625 0.00715307582260372
0 0.767578125 0.4034334763948498 0.00390625 0.00715307582260372
0 0.77734375 0.4034334763948498 0.0029296875 0.005722460658082976
0 0.7333984375 0.41201716738197425 0.00390625 0.005722460658082976
0 0.734375 0.39914163090128757 0.0029296875 0.005722460658082976
0 0.7197265625 0.4062947067238913 0.00390625 0.00715307582260372
0 0.8828125 0.41487839771101576 0.0048828125 0.008583690987124463
0 0.875 0.40915593705293274 0.0048828125 0.00715307582260372
0 0.853515625 0.40915593705293274 0.00390625 0.008583690987124463
0 0.935546875 0.40915593705293274 0.00390625 0.00715307582260372
0 0.908203125 0.44635193133047213 0.0087890625 0.01430615164520744
0 0.9375 0.43490701001430615 0.0078125 0.01430615164520744
0 0.9208984375 0.41917024320457796 0.005859375 0.010014306151645207
0 0.94921875 0.41201716738197425 0.005859375 0.008583690987124463
0 0.9091796875 0.4105865522174535 0.005859375 0.008583690987124463
0 0.892578125 0.4248927038626609 0.0087890625 0.012875536480686695
0 0.8583984375 0.4592274678111588 0.013671875 0.020028612303290415
0 0.7744140625 0.48068669527896996 0.013671875 0.01859799713876967
0 0.794921875 0.4434907010014306 0.0087890625 0.015736766809728183
0 0.7255859375 0.46208869814020026 0.0107421875 0.015736766809728183
0 0.68359375 0.43919885550786836 0.0068359375 0.01430615164520744
0 0.7626953125 0.4363376251788269 0.0068359375 0.01430615164520744
0 0.7802734375 0.4206008583690987 0.0048828125 0.00715307582260372
0 0.8505859375 0.43776824034334766 0.0048828125 0.012875536480686695
0 0.8466796875 0.41630901287553645 0.005859375 0.00715307582260372
0 0.8125 0.4248927038626609 0.0078125 0.010014306151645207
0 0.7353515625 0.4234620886981402 0.0068359375 0.010014306151645207
0 0.708984375 0.41917024320457796 0.0068359375 0.008583690987124463
0 0.693359375 0.4105865522174535 0.0048828125 0.008583690987124463
0 0.6669921875 0.4334763948497854 0.0068359375 0.012875536480686695
0 0.6494140625 0.4248927038626609 0.005859375 0.010014306151645207
0 0.759765625 0.41201716738197425 0.005859375 0.010014306151645207
0 0.748046875 0.7367668097281831 0.0400390625 0.06437768240343347
0 0.6943359375 0.5836909871244635 0.0283203125 0.045779685264663805
0 0.6240234375 0.5278969957081545 0.015625 0.02861230329041488
0 0.59375 0.48497854077253216 0.015625 0.027181688125894134
0 0.5869140625 0.4563662374821173 0.009765625 0.01859799713876967
0 0.5810546875 0.4434907010014306 0.0087890625 0.01430615164520744
0 0.357421875 0.7339055793991416 0.0390625 0.055793991416309016
0 0.408203125 0.5765379113018598 0.02734375 0.04148783977110158
0 0.4404296875 0.5121602288984263 0.0166015625 0.02575107296137339