0 0.056640625 0.2922173274596182 0.0361328125 0.07048458149779736
0 0.15625 0.302496328928047 0.037109375 0.06607929515418502
0 0.3095703125 0.18208516886930984 0.033203125 0.06607929515418502
0 0.2900390625 0.25697503671071953 0.037109375 0.07488986784140969
0 0.3681640625 0.3039647577092511 0.0361328125 0.06901615271659324
0 0.37890625 0.15859030837004406 0.03125 0.06754772393538913
0 0.40625 0.2276064610866373 0.0361328125 0.07488986784140969
0 0.4453125 0.15565345080763582 0.02734375 0.06020558002936858
0 0.509765625 0.2055800293685756 0.0341796875 0.0763582966226138
0 0.46875 0.2657856093979442 0.0390625 0.0763582966226138
0 0.544921875 0.16886930983847284 0.029296875 0.05433186490455213
0 0.5693359375 0.2745961820851689 0.037109375 0.07929515418502203
0 0.576171875 0.14243759177679882 0.0283203125 0.05726872246696035
0 0.5546875 0.34801762114537443 0.0380859375 0.08370044052863436
0 0.6142578125 0.13362701908957417 0.0341796875 0.06901615271659324
0 0.6142578125 0.22466960352422907 0.0341796875 0.07048458149779736
0 0.673828125 0.24522760646108663 0.04296875 0.0763582966226138
0 0.66796875 0.11894273127753303 0.029296875 0.05873715124816446
0 0.708984375 0.1644640234948605 0.0322265625 0.06167400881057269
0 0.685546875 0.38472834067547723 0.0390625 0.07929515418502203
0 0.75390625 0.13509544787077826 0.03125 0.05726872246696035
0 0.779296875 0.19089574155653452 0.041015625 0.06901615271659324
0 0.771484375 0.2511013215859031 0.0380859375 0.07488986784140969
0 0.84375 0.17180616740088106 0.03515625 0.0631424375917768
0 0.8984375 0.1512481644640235 0.0302734375 0.055800293685756244
0 0.89453125 0.28928046989721 0.041015625 0.07488986784140969