0 0.046875 0.2526041666666667 0.033203125 0.036458333333333336
0 0.0419921875 0.29296875 0.03125 0.052083333333333336
0 0.1669921875 0.2903645833333333 0.0322265625 0.055989583333333336
0 0.046875 0.3736979166666667 0.0400390625 0.061197916666666664
0 0.1162109375 0.4427083333333333 0.03515625 0.06901041666666667
0 0.2041015625 0.3111979166666667 0.0283203125 0.046875
0 0.205078125 0.4388020833333333 0.0517578125 0.0859375
0 0.2568359375 0.37109375 0.03125 0.052083333333333336
0 0.2626953125 0.45703125 0.0478515625 0.06510416666666667
0 0.0361328125 0.4921875 0.0390625 0.07291666666666667
0 0.3046875 0.5078125 0.0439453125 0.06770833333333333
0 0.333984375 0.4075520833333333 0.0302734375 0.053385416666666664
0 0.373046875 0.4010416666666667 0.046875 0.07552083333333333
0 0.41796875 0.2994791666666667 0.03125 0.044270833333333336
0 0.4404296875 0.3932291666666667 0.052734375 0.10286458333333333
0 0.4580078125 0.4908854166666667 0.05078125 0.09635416666666667
0 0.529296875 0.4322916666666667 0.0400390625 0.055989583333333336
0 0.5595703125 0.4466145833333333 0.0390625 0.044270833333333336
0 0.5859375 0.41015625 0.0419921875 0.061197916666666664
0 0.6220703125 0.49609375 0.04296875 0.057291666666666664
0 0.642578125 0.4166666666666667 0.0380859375 0.06380208333333333
0 0.6982421875 0.4309895833333333 0.03515625 0.053385416666666664
0 0.7236328125 0.4869791666666667 0.0361328125 0.06770833333333333
0 0.7626953125 0.4700520833333333 0.0322265625 0.057291666666666664
0 0.82421875 0.40625 0.0400390625 0.06901041666666667
0 0.849609375 0.4127604166666667 0.029296875 0.0625
0 0.8955078125 0.3919270833333333 0.0361328125 0.057291666666666664
0 0.8896484375 0.4440104166666667 0.0361328125 0.057291666666666664
0 0.80859375 0.5013020833333334 0.0419921875 0.06901041666666667
0 0.888671875 0.515625 0.04296875 0.06770833333333333
0 0.9287109375 0.4296875 0.0234375 0.04296875
0 0.94921875 0.5104166666666666 0.037109375 0.057291666666666664
0 0.1220703125 0.3020833333333333 0.0361328125 0.06510416666666667