0 0.0302734375 0.22580645161290322 0.044921875 0.09970674486803519
0 0.1484375 0.28005865102639294 0.041015625 0.07917888563049853
0 0.072265625 0.46480938416422285 0.05859375 0.11436950146627566
0 0.271484375 0.44574780058651026 0.0654296875 0.15102639296187684
0 0.306640625 0.32111436950146627 0.0439453125 0.08211143695014662
0 0.4013671875 0.27419354838709675 0.048828125 0.10997067448680352
0 0.498046875 0.5029325513196481 0.0703125 0.14076246334310852
0 0.603515625 0.22727272727272727 0.0546875 0.10117302052785923
0 0.6484375 0.2756598240469208 0.0341796875 0.0718475073313783
0 0.70703125 0.31378299120234604 0.025390625 0.060117302052785926
0 0.7578125 0.2536656891495601 0.0400390625 0.10263929618768329
0 0.8837890625 0.2536656891495601 0.046875 0.09237536656891496
0 0.890625 0.49266862170087977 0.08203125 0.17888563049853373