0 0.0537109375 0.7447916666666666 0.017578125 0.03515625
0 0.1240234375 0.7473958333333334 0.0166015625 0.037760416666666664
0 0.2060546875 0.7369791666666666 0.0185546875 0.03515625
0 0.2890625 0.7317708333333334 0.0185546875 0.037760416666666664
0 0.3681640625 0.7278645833333334 0.017578125 0.036458333333333336
0 0.455078125 0.7513020833333334 0.01953125 0.0390625
0 0.5341796875 0.7239583333333334 0.0234375 0.04296875
0 0.626953125 0.7408854166666666 0.0205078125 0.040364583333333336
0 0.720703125 0.7317708333333334 0.0234375 0.044270833333333336
0 0.8251953125 0.7395833333333334 0.025390625 0.04296875
0 0.927734375 0.7239583333333334 0.0234375 0.045572916666666664