0 0.1455078125 0.7484008528784648 0.0078125 0.023454157782515993
0 0.1767578125 0.746268656716418 0.0087890625 0.02771855010660981
0 0.263671875 0.7420042643923241 0.0078125 0.023454157782515993
0 0.33984375 0.7420042643923241 0.0078125 0.021321961620469083
0 0.365234375 0.7292110874200426 0.0068359375 0.021321961620469083
0 0.39453125 0.7249466950959488 0.0068359375 0.023454157782515993
0 0.4443359375 0.7249466950959488 0.0068359375 0.021321961620469083
0 0.435546875 0.7164179104477612 0.005859375 0.023454157782515993
0 0.5029296875 0.7142857142857143 0.0078125 0.02771855010660981
0 0.5458984375 0.7142857142857143 0.0087890625 0.02771855010660981
0 0.5419921875 0.7057569296375267 0.0068359375 0.023454157782515993
0 0.5693359375 0.7100213219616205 0.0087890625 0.02771855010660981
0 0.5927734375 0.720682302771855 0.0078125 0.023454157782515993
0 0.603515625 0.7334754797441365 0.0078125 0.021321961620469083
0 0.6328125 0.7100213219616205 0.0087890625 0.021321961620469083
0 0.646484375 0.7100213219616205 0.0068359375 0.023454157782515993
0 0.669921875 0.7057569296375267 0.009765625 0.02771855010660981
0 0.7138671875 0.7121535181236673 0.0107421875 0.03624733475479744
0 0.7265625 0.6929637526652452 0.0107421875 0.029850746268656716
0 0.75 0.6844349680170576 0.0107421875 0.031982942430703626
0 0.7802734375 0.6908315565031983 0.009765625 0.0255863539445629
0 0.9267578125 0.31343283582089554 0.0107421875 0.02771855010660981
0 0.1064453125 0.5565031982942431 0.0068359375 0.019189765458422176
0 0.138671875 0.5650319829424307 0.0078125 0.0255863539445629