0 0.021484375 0.4348958333333333 0.04296875 0.08463541666666667
0 0.0615234375 0.4205729166666667 0.0439453125 0.08854166666666667
0 0.060546875 0.3684895833333333 0.0419921875 0.07942708333333333
0 0.087890625 0.3997395833333333 0.029296875 0.046875
0 0.119140625 0.3815104166666667 0.0341796875 0.052083333333333336
0 0.154296875 0.3880208333333333 0.0302734375 0.049479166666666664
0 0.1982421875 0.38671875 0.0390625 0.07291666666666667
0 0.38671875 0.23177083333333334 0.07421875 0.13411458333333334
0 0.734375 0.4283854166666667 0.0244140625 0.036458333333333336
0 0.8251953125 0.4661458333333333 0.01953125 0.03515625
0 0.859375 0.4518229166666667 0.01953125 0.028645833333333332
0 0.900390625 0.4270833333333333 0.0244140625 0.036458333333333336
0 0.869140625 0.4453125 0.0107421875 0.022135416666666668
0 0.65234375 0.10416666666666667 0.013671875 0.02734375
0 0.802734375 0.14583333333333334 0.0107421875 0.01953125