0 0.4365234375 0.37727272727272726 0.0712890625 0.06883116883116883
0 0.5185546875 0.38766233766233765 0.0703125 0.06168831168831169
0 0.2333984375 0.5876623376623377 0.02734375 0.025324675324675326
0 0.685546875 0.5941558441558441 0.0224609375 0.01753246753246753
0 0.728515625 0.5798701298701299 0.0234375 0.015584415584415584
0 0.7080078125 0.5824675324675325 0.009765625 0.007792207792207792
0 0.74609375 0.575974025974026 0.009765625 0.00909090909090909
0 0.7646484375 0.587012987012987 0.0244140625 0.01818181818181818
0 0.783203125 0.5837662337662337 0.0107421875 0.008441558441558441
0 0.728515625 0.6103896103896104 0.025390625 0.01948051948051948
0 0.787109375 0.624025974025974 0.02734375 0.02207792207792208
0 0.8037109375 0.6012987012987013 0.0224609375 0.01753246753246753
0 0.8115234375 0.5805194805194805 0.01171875 0.01038961038961039
0 0.80078125 0.5792207792207792 0.0078125 0.007142857142857143
0 0.826171875 0.5889610389610389 0.025390625 0.02012987012987013
0 0.8515625 0.5811688311688312 0.0166015625 0.012987012987012988
0 0.853515625 0.5746753246753247 0.0146484375 0.01038961038961039
0 0.880859375 0.6071428571428571 0.0263671875 0.02012987012987013
0 0.9755859375 0.5889610389610389 0.033203125 0.02727272727272727
0 0.8984375 0.5798701298701299 0.0126953125 0.011688311688311689
0 0.8818359375 0.5961038961038961 0.0146484375 0.012337662337662338
0 0.638671875 0.4863636363636364 0.0048828125 0.004545454545454545
0 0.6533203125 0.4655844155844156 0.0048828125 0.004545454545454545
0 0.6669921875 0.4837662337662338 0.005859375 0.003896103896103896
0 0.6728515625 0.4733766233766234 0.0048828125 0.004545454545454545
0 0.7021484375 0.4818181818181818 0.005859375 0.005194805194805195
0 0.7451171875 0.4727272727272727 0.005859375 0.005194805194805195
0 0.7578125 0.4805194805194805 0.005859375 0.005844155844155844
0 0.775390625 0.4811688311688312 0.0068359375 0.005194805194805195
0 0.640625 0.5103896103896104 0.0078125 0.007142857142857143