0 0.0341796875 0.06323529411764706 0.0068359375 0.014705882352941176
0 0.05078125 0.06470588235294118 0.0087890625 0.014705882352941176
0 0.1064453125 0.07058823529411765 0.01171875 0.022058823529411766
0 0.1455078125 0.0661764705882353 0.0107421875 0.01764705882352941
0 0.205078125 0.0838235294117647 0.0068359375 0.011764705882352941
0 0.23828125 0.0838235294117647 0.0078125 0.016176470588235296
0 0.2607421875 0.08235294117647059 0.0078125 0.01911764705882353
0 0.2685546875 0.08676470588235294 0.005859375 0.014705882352941176
0 0.2998046875 0.08676470588235294 0.0078125 0.014705882352941176
0 0.3349609375 0.10441176470588236 0.009765625 0.01764705882352941
0 0.3701171875 0.09117647058823529 0.0078125 0.016176470588235296
0 0.2822265625 0.18235294117647058 0.0078125 0.01764705882352941
0 0.3291015625 0.18676470588235294 0.01171875 0.022058823529411766
0 0.36328125 0.18676470588235294 0.01171875 0.020588235294117647
0 0.3916015625 0.11323529411764706 0.0087890625 0.016176470588235296
0 0.4453125 0.10882352941176471 0.0068359375 0.011764705882352941
0 0.4794921875 0.11470588235294117 0.009765625 0.016176470588235296
0 0.51171875 0.12205882352941176 0.0078125 0.016176470588235296
0 0.548828125 0.12205882352941176 0.0087890625 0.01911764705882353
0 0.6015625 0.2161764705882353 0.0087890625 0.020588235294117647
0 0.5576171875 0.21764705882352942 0.009765625 0.020588235294117647
0 0.4990234375 0.20441176470588235 0.01171875 0.022058823529411766
0 0.7060546875 0.18382352941176472 0.0078125 0.01764705882352941
0 0.744140625 0.16470588235294117 0.009765625 0.01764705882352941
0 0.7978515625 0.24558823529411763 0.029296875 0.06764705882352941
0 0.9375 0.6058823529411764 0.029296875 0.058823529411764705
0 0.9541015625 0.5367647058823529 0.013671875 0.01911764705882353
0 0.9951171875 0.5529411764705883 0.009765625 0.03676470588235294
0 0.740234375 0.6 0.029296875 0.06470588235294118
0 0.7626953125 0.575 0.0185546875 0.033823529411764704
0 0.77734375 0.5544117647058824 0.017578125 0.03676470588235294
0 0.7705078125 0.5220588235294118 0.013671875 0.027941176470588237
0 0.7060546875 0.5705882352941176 0.015625 0.051470588235294115
0 0.72265625 0.5455882352941176 0.0126953125 0.027941176470588237
0 0.6728515625 0.4573529411764706 0.009765625 0.022058823529411766
0 0.6474609375 0.5852941176470589 0.03125 0.07058823529411765
0 0.6103515625 0.538235294117647 0.0166015625 0.03823529411764706
0 0.65625 0.5352941176470588 0.0205078125 0.04264705882352941
0 0.6318359375 0.4455882352941177 0.0107421875 0.020588235294117647
0 0.568359375 0.47941176470588237 0.01171875 0.022058823529411766
0 0.60546875 0.4470588235294118 0.0087890625 0.014705882352941176
0 0.52734375 0.4441176470588235 0.009765625 0.022058823529411766
0 0.5615234375 0.4441176470588235 0.009765625 0.01911764705882353
0 0.587890625 0.6529411764705882 0.0322265625 0.06764705882352941
0 0.56640625 0.6014705882352941 0.025390625 0.04411764705882353
0 0.5390625 0.6235294117647059 0.0283203125 0.058823529411764705
0 0.5234375 0.5676470588235294 0.0263671875 0.04852941176470588
0 0.5078125 0.5955882352941176 0.0244140625 0.054411764705882354
0 0.5361328125 0.55 0.021484375 0.04264705882352941
0 0.5576171875 0.5676470588235294 0.0185546875 0.03823529411764706
0 0.3974609375 0.4441176470588235 0.009765625 0.01911764705882353
0 0.46875 0.5308823529411765 0.015625 0.03529411764705882
0 0.47265625 0.47058823529411764 0.0078125 0.022058823529411766
0 0.4814453125 0.6470588235294118 0.0380859375 0.07205882352941176
0 0.443359375 0.5705882352941176 0.0224609375 0.04852941176470588
0 0.4736328125 0.5558823529411765 0.021484375 0.052941176470588235
0 0.46484375 0.425 0.0048828125 0.016176470588235296
0 0.4306640625 0.4514705882352941 0.0087890625 0.01764705882352941
0 0.3701171875 0.43529411764705883 0.009765625 0.022058823529411766
0 0.3759765625 0.5264705882352941 0.0205078125 0.03235294117647059
0 0.3955078125 0.5823529411764706 0.0205078125 0.041176470588235294
0 0.421875 0.6558823529411765 0.029296875 0.06764705882352941
0 0.3837890625 0.6279411764705882 0.0263671875 0.057352941176470586
0 0.3505859375 0.6102941176470589 0.029296875 0.06323529411764706
0 0.33203125 0.6676470588235294 0.03125 0.07058823529411765
0 0.314453125 0.6147058823529412 0.029296875 0.0661764705882353
0 0.267578125 0.6279411764705882 0.02734375 0.057352941176470586
0 0.2861328125 0.5147058823529411 0.0185546875 0.03823529411764706
0 0.337890625 0.5911764705882353 0.0263671875 0.061764705882352944
0 0.306640625 0.4588235294117647 0.01171875 0.022058823529411766
0 0.3330078125 0.4602941176470588 0.009765625 0.01764705882352941
0 0.259765625 0.4441176470588235 0.0078125 0.016176470588235296
0 0.3583984375 0.45294117647058824 0.0078125 0.01764705882352941
0 0.173828125 0.4455882352941177 0.009765625 0.023529411764705882
0 0.185546875 0.5338235294117647 0.0185546875 0.03823529411764706
0 0.208984375 0.5529411764705883 0.025390625 0.045588235294117645
0 0.2587890625 0.5808823529411765 0.02734375 0.057352941176470586
0 0.2109375 0.4117647058823529 0.0068359375 0.016176470588235296
0 0.21875 0.5176470588235295 0.013671875 0.03529411764705882
0 0.162109375 0.5294117647058824 0.015625 0.039705882352941174
0 0.13671875 0.5544117647058824 0.0283203125 0.060294117647058824
0 0.177734375 0.6176470588235294 0.0234375 0.06764705882352941
0 0.2177734375 0.6161764705882353 0.03125 0.06470588235294118
0 0.2353515625 0.6808823529411765 0.03515625 0.08823529411764706
0 0.119140625 0.6720588235294118 0.0380859375 0.060294117647058824
0 0.0341796875 0.6411764705882353 0.041015625 0.08823529411764706
0 0.0771484375 0.6029411764705882 0.0341796875 0.060294117647058824
0 0.0087890625 0.5470588235294118 0.0146484375 0.03823529411764706
0 0.09375 0.5470588235294118 0.0234375 0.058823529411764705
0 0.1103515625 0.5882352941176471 0.0224609375 0.058823529411764705
0 0.0390625 0.45441176470588235 0.0107421875 0.022058823529411766
0 0.0498046875 0.40294117647058825 0.0068359375 0.01764705882352941
0 0.1416015625 0.4117647058823529 0.009765625 0.020588235294117647
0 0.1396484375 0.46176470588235297 0.013671875 0.023529411764705882
0 0.1171875 0.40588235294117647 0.0068359375 0.01911764705882353
0 0.2373046875 0.4602941176470588 0.0078125 0.016176470588235296
0 0.4384765625 0.09558823529411764 0.009765625 0.016176470588235296