0 0.1318359375 0.9786585365853658 0.0087890625 0.013719512195121951
0 0.0625 0.9801829268292683 0.009765625 0.012195121951219513
0 0.0537109375 0.9695121951219512 0.009765625 0.01524390243902439
0 0.0322265625 0.9634146341463414 0.0087890625 0.01524390243902439
0 0.072265625 0.9557926829268293 0.01171875 0.018292682926829267
0 0.1025390625 0.9100609756097561 0.009765625 0.018292682926829267
0 0.08984375 0.9176829268292683 0.0078125 0.01524390243902439
0 0.0595703125 0.8673780487804879 0.0087890625 0.01676829268292683
0 0.26171875 0.9451219512195121 0.0078125 0.01524390243902439
0 0.1279296875 0.7560975609756098 0.005859375 0.012195121951219513
0 0.0859375 0.7301829268292683 0.005859375 0.012195121951219513
0 0.05859375 0.7439024390243902 0.0087890625 0.018292682926829267
0 0.25 0.7850609756097561 0.0068359375 0.013719512195121951
0 0.201171875 0.7911585365853658 0.005859375 0.010670731707317074
0 0.2451171875 0.8277439024390244 0.005859375 0.010670731707317074
0 0.1328125 0.6661585365853658 0.0068359375 0.01676829268292683
0 0.1865234375 0.5914634146341463 0.0078125 0.012195121951219513
0 0.2001953125 0.5564024390243902 0.005859375 0.012195121951219513
0 0.322265625 0.7347560975609756 0.0068359375 0.01524390243902439
0 0.30859375 0.649390243902439 0.0068359375 0.010670731707317074
0 0.19921875 0.5030487804878049 0.005859375 0.010670731707317074
0 0.099609375 0.4954268292682927 0.005859375 0.010670731707317074
0 0.2939453125 0.48323170731707316 0.00390625 0.009146341463414634
0 0.2646484375 0.4573170731707317 0.0029296875 0.006097560975609756
0 0.2646484375 0.4740853658536585 0.0048828125 0.012195121951219513
0 0.2060546875 0.4451219512195122 0.00390625 0.006097560975609756
0 0.15625 0.510670731707317 0.0068359375 0.012195121951219513
0 0.1806640625 0.4298780487804878 0.005859375 0.010670731707317074
0 0.208984375 0.40853658536585363 0.00390625 0.006097560975609756
0 0.2314453125 0.41615853658536583 0.0048828125 0.007621951219512195
0 0.16796875 0.3932926829268293 0.005859375 0.010670731707317074
0 0.1474609375 0.3948170731707317 0.00390625 0.007621951219512195
0 0.501953125 0.9298780487804879 0.009765625 0.021341463414634148
0 0.4853515625 0.9298780487804879 0.0078125 0.01676829268292683
0 0.4853515625 0.8551829268292683 0.0068359375 0.01524390243902439
0 0.58203125 0.8490853658536586 0.0087890625 0.01524390243902439
0 0.5068359375 0.7698170731707317 0.0087890625 0.01524390243902439
0 0.4169921875 0.7362804878048781 0.0068359375 0.01524390243902439
0 0.3583984375 0.36128048780487804 0.0048828125 0.007621951219512195
0 0.28515625 0.36890243902439024 0.0048828125 0.007621951219512195
0 0.146484375 0.3399390243902439 0.0048828125 0.010670731707317074
0 0.822265625 0.8399390243902439 0.0078125 0.01676829268292683