0 0.76171875 0.359375 0.02734375 0.045572916666666664
0 0.603515625 0.65625 0.0283203125 0.044270833333333336
0 0.55859375 0.6380208333333334 0.013671875 0.01953125
0 0.5888671875 0.6158854166666666 0.009765625 0.014322916666666666
0 0.615234375 0.6106770833333334 0.0087890625 0.014322916666666666
0 0.6357421875 0.6080729166666666 0.005859375 0.01171875
0 0.55078125 0.6119791666666666 0.0107421875 0.015625
0 0.5 0.6510416666666666 0.0126953125 0.018229166666666668
0 0.490234375 0.63671875 0.01171875 0.018229166666666668
0 0.51953125 0.62890625 0.0126953125 0.016927083333333332
0 0.2861328125 0.6419270833333334 0.0205078125 0.033854166666666664
0 0.3359375 0.6354166666666666 0.015625 0.026041666666666668
0 0.3642578125 0.6119791666666666 0.015625 0.02734375
0 0.3935546875 0.6223958333333334 0.0166015625 0.02734375