0 0.96875 0.6627604166666666 0.0107421875 0.01953125
0 0.9951171875 0.6536458333333334 0.0068359375 0.01171875
0 0.9814453125 0.66796875 0.01171875 0.018229166666666668
0 0.98828125 0.6471354166666666 0.0068359375 0.013020833333333334
0 0.9892578125 0.6354166666666666 0.0068359375 0.01171875
0 0.951171875 0.6380208333333334 0.0048828125 0.010416666666666666
0 0.921875 0.6393229166666666 0.0068359375 0.01171875
0 0.91015625 0.6458333333333334 0.0068359375 0.010416666666666666
0 0.8818359375 0.66015625 0.0068359375 0.010416666666666666
0 0.8486328125 0.65625 0.0126953125 0.018229166666666668
0 0.416015625 0.6341145833333334 0.005859375 0.010416666666666666
0 0.43359375 0.6341145833333334 0.0068359375 0.0078125
0 0.455078125 0.62890625 0.005859375 0.01171875
0 0.400390625 0.6263020833333334 0.0068359375 0.0078125
0 0.369140625 0.6145833333333334 0.0048828125 0.009114583333333334
0 0.169921875 0.62109375 0.0087890625 0.013020833333333334
0 0.2177734375 0.6171875 0.0078125 0.014322916666666666
0 0.171875 0.609375 0.0068359375 0.015625
0 0.7998046875 0.6315104166666666 0.0048828125 0.010416666666666666
0 0.7041015625 0.6458333333333334 0.005859375 0.01171875
0 0.8154296875 0.6302083333333334 0.0029296875 0.0078125
0 0.765625 0.6484375 0.005859375 0.010416666666666666
0 0.779296875 0.6236979166666666 0.00390625 0.009114583333333334
0 0.3564453125 0.62109375 0.00390625 0.009114583333333334
0 0.42578125 0.6223958333333334 0.0078125 0.010416666666666666
0 0.1572265625 0.6393229166666666 0.0078125 0.013020833333333334