0 0.236328125 0.8768328445747801 0.01171875 0.021994134897360705
0 0.2587890625 0.841642228739003 0.0126953125 0.020527859237536656
0 0.2861328125 0.7947214076246334 0.0087890625 0.016129032258064516
0 0.1904296875 0.7947214076246334 0.0107421875 0.01466275659824047
0 0.197265625 0.7653958944281525 0.0087890625 0.017595307917888565
0 0.037109375 0.8856304985337243 0.0087890625 0.016129032258064516
0 0.107421875 0.8548387096774194 0.009765625 0.01906158357771261
0 0.224609375 0.6114369501466276 0.005859375 0.013196480938416423
0 0.2880859375 0.6436950146627566 0.0087890625 0.013196480938416423
0 0.1376953125 0.6187683284457478 0.0068359375 0.011730205278592375
0 0.140625 0.5909090909090909 0.0048828125 0.011730205278592375
0 0.0478515625 0.5469208211143695 0.0068359375 0.013196480938416423
0 0.068359375 0.5410557184750733 0.0048828125 0.010263929618768328
0 0.064453125 0.5542521994134897 0.005859375 0.008797653958944282
0 0.18359375 0.6129032258064516 0.0048828125 0.010263929618768328
0 0.1572265625 0.41935483870967744 0.0048828125 0.008797653958944282
0 0.1884765625 0.47214076246334313 0.0048828125 0.008797653958944282
0 0.2353515625 0.46774193548387094 0.0048828125 0.010263929618768328
0 0.283203125 0.4736070381231672 0.0068359375 0.011730205278592375
0 0.4775390625 0.5219941348973607 0.005859375 0.010263929618768328
0 0.462890625 0.5190615835777126 0.0048828125 0.011730205278592375
0 0.47265625 0.4809384164222874 0.0029296875 0.007331378299120235
0 0.4814453125 0.4574780058651026 0.0048828125 0.005865102639296188
0 0.267578125 0.10703812316715543 0.013671875 0.026392961876832845
0 0.11328125 0.7082111436950147 0.0087890625 0.01466275659824047
0 0.5595703125 0.7228739002932552 0.0107421875 0.017595307917888565
0 0.9462890625 0.4252199413489736 0.00390625 0.007331378299120235
0 0.9736328125 0.41642228739002934 0.0048828125 0.008797653958944282
0 0.896484375 0.36950146627565983 0.0048828125 0.007331378299120235
0 0.099609375 0.7668621700879765 0.0087890625 0.016129032258064516
0 0.044921875 0.6950146627565983 0.0068359375 0.016129032258064516