0 0.92578125 0.6116788321167883 0.1083984375 0.20145985401459854
0 0.8701171875 0.39124087591240875 0.1220703125 0.22481751824817517
0 0.7626953125 0.28905109489051095 0.126953125 0.24525547445255474
0 0.6611328125 0.2291970802919708 0.1181640625 0.2364963503649635
0 0.4990234375 0.14890510948905109 0.0283203125 0.07737226277372262
0 0.5869140625 0.3605839416058394 0.095703125 0.20145985401459854
0 0.6318359375 0.6496350364963503 0.0166015625 0.027737226277372264
0 0.5947265625 0.656934306569343 0.0078125 0.014598540145985401
0 0.498046875 0.8613138686131386 0.0244140625 0.06569343065693431
0 0.3134765625 0.6554744525547446 0.0244140625 0.033576642335766425
0 0.5576171875 0.7284671532846715 0.0078125 0.013138686131386862
0 0.5810546875 0.7313868613138687 0.0087890625 0.013138686131386862
0 0.5771484375 0.710948905109489 0.0048828125 0.010218978102189781
0 0.609375 0.6802919708029197 0.0087890625 0.016058394160583942
0 0.7431640625 0.637956204379562 0.0126953125 0.021897810218978103
0 0.693359375 0.5284671532846715 0.03125 0.042335766423357665
0 0.759765625 0.527007299270073 0.0244140625 0.0364963503649635
0 0.63671875 0.5124087591240876 0.025390625 0.043795620437956206