0 0.0048828125 0.9823788546255506 0.0068359375 0.013215859030837005
0 0.0166015625 0.9882525697503671 0.0087890625 0.013215859030837005
0 0.0400390625 0.8928046989720999 0.0078125 0.01762114537444934
0 0.0322265625 0.8355359765051396 0.005859375 0.013215859030837005
0 0.0078125 0.7944199706314243 0.0068359375 0.014684287812041116
0 0.154296875 0.7782672540381792 0.0068359375 0.011747430249632892
0 0.5078125 0.9148311306901615 0.009765625 0.01762114537444934
0 0.6240234375 0.8002936857562408 0.009765625 0.014684287812041116
0 0.474609375 0.6064610866372981 0.0087890625 0.014684287812041116
0 0.3212890625 0.7694566813509545 0.0087890625 0.016152716593245228
0 0.29296875 0.6784140969162996 0.005859375 0.010279001468428781
0 0.26171875 0.6020558002936858 0.0048828125 0.007342143906020558
0 0.2314453125 0.6064610866372981 0.0048828125 0.00881057268722467
0 0.1181640625 0.6284875183553598 0.0068359375 0.013215859030837005
0 0.0322265625 0.631424375917768 0.0078125 0.013215859030837005
0 0.1279296875 0.4831130690161527 0.005859375 0.007342143906020558
0 0.041015625 0.5066079295154186 0.005859375 0.010279001468428781
0 0.0205078125 0.46255506607929514 0.00390625 0.005873715124816446
0 0.013671875 0.5022026431718062 0.0029296875 0.007342143906020558
0 0.0048828125 0.4698972099853157 0.0029296875 0.00881057268722467
0 0.26171875 0.5477239353891337 0.005859375 0.00881057268722467
0 0.2314453125 0.447870778267254 0.005859375 0.00881057268722467
0 0.328125 0.4302496328928047 0.00390625 0.005873715124816446
0 0.3095703125 0.38472834067547723 0.0029296875 0.005873715124816446
0 0.328125 0.38179148311306904 0.0029296875 0.005873715124816446
0 0.103515625 0.3964757709251101 0.0048828125 0.007342143906020558
0 0.0625 0.4052863436123348 0.0029296875 0.007342143906020558
0 0.3818359375 0.31718061674008813 0.005859375 0.010279001468428781
0 0.490234375 0.11747430249632893 0.0068359375 0.011747430249632892
0 0.5908203125 0.3142437591776799 0.001953125 0.004405286343612335
0 0.7607421875 0.11600587371512482 0.025390625 0.041116005873715125
0 0.02734375 0.8179148311306902 0.0078125 0.014684287812041116
0 0.302734375 0.4008810572687225 0.0048828125 0.00881057268722467