0 0.05078125 0.7526041666666666 0.0078125 0.01171875
0 0.0166015625 0.2864583333333333 0.005859375 0.009114583333333334
0 0.0517578125 0.26953125 0.0068359375 0.010416666666666666
0 0.1201171875 0.3190104166666667 0.0048828125 0.0078125
0 0.1279296875 0.3255208333333333 0.005859375 0.010416666666666666
0 0.1455078125 0.3307291666666667 0.005859375 0.009114583333333334
0 0.154296875 0.3307291666666667 0.005859375 0.0078125
0 0.162109375 0.30078125 0.005859375 0.0078125
0 0.001953125 0.4283854166666667 0.0048828125 0.01171875
0 0.0283203125 0.421875 0.0068359375 0.010416666666666666
0 0.1572265625 0.2643229166666667 0.00390625 0.006510416666666667
0 0.21875 0.20442708333333334 0.00390625 0.006510416666666667
0 0.12890625 0.3111979166666667 0.0029296875 0.005208333333333333
0 0.1728515625 0.3125 0.00390625 0.006510416666666667
0 0.2392578125 0.19921875 0.00390625 0.006510416666666667
0 0.232421875 0.19010416666666666 0.005859375 0.006510416666666667
0 0.296875 0.21484375 0.0048828125 0.009114583333333334
0 0.2802734375 0.1484375 0.00390625 0.006510416666666667
0 0.3037109375 0.15234375 0.0029296875 0.006510416666666667
0 0.3076171875 0.15104166666666666 0.0029296875 0.005208333333333333
0 0.298828125 0.1484375 0.0029296875 0.006510416666666667
0 0.302734375 0.1328125 0.0029296875 0.005208333333333333
0 0.3095703125 0.13020833333333334 0.0029296875 0.005208333333333333
0 0.2607421875 0.11458333333333333 0.0048828125 0.006510416666666667
0 0.240234375 0.12890625 0.00390625 0.006510416666666667
0 0.509765625 0.2721354166666667 0.001953125 0.00390625
0 0.466796875 0.24348958333333334 0.0048828125 0.0078125
0 0.4482421875 0.24609375 0.0048828125 0.0078125
0 0.48046875 0.2747395833333333 0.005859375 0.0078125
0 0.4755859375 0.41015625 0.0068359375 0.013020833333333334
0 0.51171875 0.3971354166666667 0.0048828125 0.009114583333333334
0 0.4404296875 0.3684895833333333 0.0048828125 0.009114583333333334
0 0.3310546875 0.4309895833333333 0.005859375 0.0078125
0 0.3193359375 0.4401041666666667 0.0048828125 0.006510416666666667
0 0.2783203125 0.4283854166666667 0.0048828125 0.0078125
0 0.509765625 0.921875 0.01171875 0.015625
0 0.552734375 0.8385416666666666 0.009765625 0.01171875
0 0.4375 0.8489583333333334 0.0078125 0.014322916666666666
0 0.4697265625 0.8372395833333334 0.0078125 0.013020833333333334
0 0.4169921875 0.8450520833333334 0.0078125 0.0078125
0 0.669921875 0.8841145833333334 0.009765625 0.014322916666666666
0 0.6923828125 0.9778645833333334 0.009765625 0.015625
0 0.7275390625 0.9635416666666666 0.01171875 0.013020833333333334
0 0.6875 0.8541666666666666 0.0087890625 0.013020833333333334
0 0.658203125 0.8450520833333334 0.0087890625 0.014322916666666666
0 0.7060546875 0.8307291666666666 0.0068359375 0.01171875
0 0.7255859375 0.7760416666666666 0.0087890625 0.01171875
0 0.6904296875 0.7565104166666666 0.0078125 0.01171875
0 0.7109375 0.734375 0.0087890625 0.010416666666666666
0 0.921875 0.9635416666666666 0.0068359375 0.01171875
0 0.9423828125 0.9466145833333334 0.005859375 0.014322916666666666
0 0.90234375 0.9388020833333334 0.005859375 0.01171875
0 0.9013671875 0.91796875 0.005859375 0.009114583333333334
0 0.7861328125 0.9739583333333334 0.0087890625 0.014322916666666666
0 0.822265625 0.8932291666666666 0.0107421875 0.014322916666666666
0 0.904296875 0.8841145833333334 0.0068359375 0.009114583333333334
0 0.896484375 0.8463541666666666 0.009765625 0.015625
0 0.9375 0.7760416666666666 0.0068359375 0.01171875
0 0.95703125 0.8177083333333334 0.0068359375 0.0078125
0 0.9794921875 0.81640625 0.00390625 0.009114583333333334
0 0.91796875 0.8059895833333334 0.0048828125 0.009114583333333334
0 0.8583984375 0.7669270833333334 0.005859375 0.01171875
0 0.8935546875 0.7369791666666666 0.0068359375 0.014322916666666666
0 0.9033203125 0.6861979166666666 0.00390625 0.009114583333333334
0 0.8515625 0.70703125 0.0087890625 0.013020833333333334
0 0.73046875 0.7083333333333334 0.0087890625 0.013020833333333334
0 0.74609375 0.7122395833333334 0.0048828125 0.010416666666666666
0 0.7138671875 0.70703125 0.009765625 0.010416666666666666
0 0.744140625 0.671875 0.0078125 0.013020833333333334
0 0.7509765625 0.67578125 0.0087890625 0.009114583333333334
0 0.79296875 0.6653645833333334 0.0078125 0.013020833333333334
0 0.548828125 0.6354166666666666 0.0068359375 0.01171875
0 0.6181640625 0.6653645833333334 0.0078125 0.01171875
0 0.63671875 0.6067708333333334 0.0078125 0.01171875
0 0.5419921875 0.6119791666666666 0.0087890625 0.013020833333333334
0 0.673828125 0.57421875 0.005859375 0.010416666666666666
0 0.5986328125 0.5442708333333334 0.005859375 0.009114583333333334
0 0.5615234375 0.55078125 0.0048828125 0.010416666666666666
0 0.658203125 0.5104166666666666 0.005859375 0.009114583333333334
0 0.6826171875 0.515625 0.0048828125 0.009114583333333334
0 0.67578125 0.546875 0.0078125 0.013020833333333334
0 0.74609375 0.5846354166666666 0.0078125 0.009114583333333334
0 0.8515625 0.5481770833333334 0.00390625 0.0078125
0 0.8466796875 0.578125 0.0048828125 0.010416666666666666
0 0.748046875 0.5286458333333334 0.0068359375 0.009114583333333334
0 0.77734375 0.5182291666666666 0.0078125 0.013020833333333334
0 0.8974609375 0.5052083333333334 0.0068359375 0.010416666666666666
0 0.8955078125 0.49609375 0.005859375 0.009114583333333334
0 0.943359375 0.5247395833333334 0.005859375 0.0078125
0 0.85546875 0.48828125 0.005859375 0.009114583333333334
0 0.8330078125 0.5 0.0068359375 0.009114583333333334
0 0.7841796875 0.4635416666666667 0.0068359375 0.010416666666666666
0 0.7783203125 0.4544270833333333 0.005859375 0.009114583333333334
0 0.74609375 0.453125 0.0078125 0.01171875
0 0.814453125 0.5 0.005859375 0.009114583333333334
0 0.84765625 0.4635416666666667 0.0068359375 0.009114583333333334
0 0.8359375 0.4700520833333333 0.0068359375 0.009114583333333334
0 0.8583984375 0.4049479166666667 0.00390625 0.006510416666666667
0 0.796875 0.3684895833333333 0.0068359375 0.01171875
0 0.8427734375 0.3828125 0.0068359375 0.01171875
0 0.880859375 0.4010416666666667 0.0068359375 0.01171875
0 0.853515625 0.3372395833333333 0.0068359375 0.010416666666666666
0 0.791015625 0.3567708333333333 0.0048828125 0.009114583333333334
0 0.7900390625 0.34375 0.005859375 0.0078125
0 0.7578125 0.33203125 0.0068359375 0.0078125
0 0.771484375 0.3229166666666667 0.0068359375 0.009114583333333334
0 0.740234375 0.3958333333333333 0.00390625 0.006510416666666667
0 0.7421875 0.2760416666666667 0.005859375 0.009114583333333334
0 0.7568359375 0.2734375 0.005859375 0.009114583333333334
0 0.783203125 0.30859375 0.005859375 0.010416666666666666
0 0.78125 0.2942708333333333 0.005859375 0.0078125
0 0.818359375 0.33203125 0.00390625 0.006510416666666667
0 0.8388671875 0.3111979166666667 0.0048828125 0.0078125
0 0.830078125 0.3059895833333333 0.0048828125 0.006510416666666667
0 0.8232421875 0.3111979166666667 0.0048828125 0.0078125
0 0.85546875 0.2669270833333333 0.005859375 0.0078125
0 0.86328125 0.2916666666666667 0.005859375 0.010416666666666666
0 0.8603515625 0.2734375 0.00390625 0.0078125
0 0.8330078125 0.2747395833333333 0.0029296875 0.0078125
0 0.8203125 0.2630208333333333 0.005859375 0.009114583333333334
0 0.8486328125 0.25 0.005859375 0.009114583333333334
0 0.8583984375 0.2526041666666667 0.00390625 0.0078125
0 0.83203125 0.24739583333333334 0.00390625 0.0078125
0 0.900390625 0.3151041666666667 0.0048828125 0.0078125
0 0.9296875 0.3203125 0.0048828125 0.0078125
0 0.9443359375 0.3138020833333333 0.0048828125 0.009114583333333334
0 0.890625 0.2942708333333333 0.0048828125 0.009114583333333334
0 0.8837890625 0.2786458333333333 0.0048828125 0.0078125
0 0.931640625 0.2721354166666667 0.00390625 0.006510416666666667
0 0.9521484375 0.2786458333333333 0.00390625 0.006510416666666667
0 0.9755859375 0.3033854166666667 0.0048828125 0.006510416666666667
0 0.9794921875 0.34765625 0.005859375 0.006510416666666667
0 0.953125 0.265625 0.00390625 0.005208333333333333
0 0.88671875 0.4270833333333333 0.0048828125 0.006510416666666667
0 0.931640625 0.4166666666666667 0.0048828125 0.0078125
0 0.837890625 0.19921875 0.00390625 0.006510416666666667
0 0.81640625 0.19791666666666666 0.0048828125 0.0078125
0 0.7529296875 0.07552083333333333 0.00390625 0.006510416666666667
0 0.8310546875 0.09505208333333333 0.00390625 0.005208333333333333
0 0.828125 0.10677083333333333 0.0029296875 0.005208333333333333
0 0.375 0.10677083333333333 0.0029296875 0.005208333333333333
0 0.392578125 0.11588541666666667 0.0029296875 0.005208333333333333
0 0.3994140625 0.109375 0.0029296875 0.006510416666666667
0 0.3623046875 0.14713541666666666 0.00390625 0.005208333333333333
0 0.4658203125 0.07291666666666667 0.0029296875 0.006510416666666667
0 0.4580078125 0.08203125 0.00390625 0.005208333333333333
0 0.3369140625 0.07942708333333333 0.0029296875 0.006510416666666667
0 0.583984375 0.22005208333333334 0.0048828125 0.009114583333333334
0 0.5517578125 0.2109375 0.00390625 0.0078125
0 0.1943359375 0.3046875 0.0048828125 0.01171875
0 0.181640625 0.3072916666666667 0.0048828125 0.0078125
0 0.888671875 0.24479166666666666 0.005859375 0.009114583333333334