0 0.390625 0.6071428571428571 0.0322265625 0.03991596638655462
0 0.505859375 0.5903361344537815 0.0244140625 0.03676470588235294
0 0.3408203125 0.35189075630252103 0.0107421875 0.014705882352941176
0 0.310546875 0.3445378151260504 0.009765625 0.01680672268907563
0 0.30859375 0.29516806722689076 0.0087890625 0.014705882352941176
0 0.2021484375 0.5766806722689075 0.0048828125 0.009453781512605041
0 0.73828125 0.3235294117647059 0.009765625 0.02100840336134454
0 0.724609375 0.3161764705882353 0.01171875 0.018907563025210083
0 0.3017578125 0.5714285714285714 0.0087890625 0.01365546218487395
0 0.8828125 0.5777310924369747 0.015625 0.015756302521008403
0 0.3369140625 0.08823529411764706 0.01171875 0.017857142857142856
0 0.302734375 0.06512605042016807 0.0068359375 0.01050420168067227