0 0.927734375 0.5007278020378457 0.029296875 0.07132459970887918
0 0.9462890625 0.3318777292576419 0.0107421875 0.04512372634643377
0 0.138671875 0.4148471615720524 0.033203125 0.09461426491994178
0 0.140625 0.2925764192139738 0.025390625 0.06695778748180495
0 0.21484375 0.40465793304221254 0.05859375 0.1222707423580786
0 0.3994140625 0.17612809315866085 0.03515625 0.06986899563318777
0 0.513671875 0.17467248908296942 0.03125 0.06550218340611354
0 0.58984375 0.22270742358078602 0.0234375 0.06404657933042213
0 0.4580078125 0.4104803493449782 0.0634765625 0.18340611353711792
0 0.5107421875 0.4119359534206696 0.068359375 0.13828238719068414
0 0.548828125 0.4585152838427948 0.0361328125 0.07569141193595343
0 0.6865234375 0.4672489082969432 0.0771484375 0.1615720524017467
0 0.76953125 0.4949053857350801 0.0517578125 0.10480349344978165
0 0.6884765625 0.2838427947598253 0.0224609375 0.053857350800582245
0 0.759765625 0.25036390101892286 0.0283203125 0.06550218340611354
0 0.876953125 0.29112081513828236 0.0263671875 0.053857350800582245
0 0.69921875 0.4890829694323144 0.064453125 0.1324599708879185