0 0.0185546875 0.586038961038961 0.0380859375 0.08766233766233766
0 0.0556640625 0.5616883116883117 0.0341796875 0.06655844155844155
0 0.0302734375 0.5194805194805194 0.0390625 0.0698051948051948
0 0.0654296875 0.4301948051948052 0.037109375 0.07305194805194805
0 0.14453125 0.18019480519480519 0.025390625 0.05844155844155844
0 0.1181640625 0.2305194805194805 0.0224609375 0.048701298701298704
0 0.205078125 0.10551948051948051 0.02734375 0.056818181818181816
0 0.2880859375 0.1266233766233766 0.029296875 0.05357142857142857
0 0.28125 0.3652597402597403 0.109375 0.2077922077922078
0 0.4033203125 0.2727272727272727 0.1064453125 0.19642857142857142
0 0.46875 0.375 0.0927734375 0.21266233766233766
0 0.6630859375 0.37012987012987014 0.0244140625 0.05194805194805195
0 0.732421875 0.5454545454545454 0.0361328125 0.08441558441558442
0 0.67578125 0.4967532467532468 0.0322265625 0.07142857142857142
0 0.7744140625 0.4707792207792208 0.02734375 0.05844155844155844
0 0.7548828125 0.4253246753246753 0.02734375 0.060064935064935064
0 0.685546875 0.41233766233766234 0.0224609375 0.048701298701298704
0 0.7138671875 0.33766233766233766 0.0263671875 0.05519480519480519
0 0.787109375 0.4074675324675325 0.0283203125 0.05357142857142857
0 0.78515625 0.3685064935064935 0.0205078125 0.045454545454545456
0 0.8212890625 0.336038961038961 0.0244140625 0.04707792207792208
0 0.8583984375 0.3652597402597403 0.0244140625 0.048701298701298704
0 0.8232421875 0.4788961038961039 0.037109375 0.07792207792207792
0 0.85546875 0.45292207792207795 0.02734375 0.0698051948051948
0 0.83203125 0.44642857142857145 0.025390625 0.06493506493506493
0 0.90234375 0.413961038961039 0.029296875 0.06168831168831169
0 0.9375 0.45292207792207795 0.025390625 0.05357142857142857
0 0.9580078125 0.5227272727272727 0.0322265625 0.0633116883116883
0 0.9833984375 0.3944805194805195 0.0205078125 0.05032467532467533
0 0.9794921875 0.3392857142857143 0.0205078125 0.04383116883116883
0 0.9189453125 0.3555194805194805 0.0234375 0.048701298701298704
0 0.958984375 0.4025974025974026 0.0234375 0.05519480519480519
0 0.9326171875 0.7646103896103896 0.091796875 0.21428571428571427
0 0.873046875 0.6347402597402597 0.04296875 0.09253246753246754
0 0.8095703125 0.6006493506493507 0.0341796875 0.07305194805194805
0 0.8701171875 0.5405844155844156 0.0322265625 0.06493506493506493
0 0.9111328125 0.49188311688311687 0.0302734375 0.06655844155844155
0 0.6220703125 0.474025974025974 0.0244140625 0.060064935064935064
0 0.6181640625 0.37662337662337664 0.0263671875 0.056818181818181816