0 0.083984375 0.3434125269978402 0.0185546875 0.06695464362850972
0 0.12109375 0.2958963282937365 0.0234375 0.0755939524838013
0 0.1767578125 0.3045356371490281 0.0263671875 0.07775377969762419
0 0.23828125 0.3045356371490281 0.017578125 0.07775377969762419
0 0.2529296875 0.32181425485961124 0.021484375 0.07127429805615551
0 0.3017578125 0.26997840172786175 0.0146484375 0.06695464362850972
0 0.3369140625 0.28293736501079914 0.0224609375 0.06263498920086392
0 0.41796875 0.31101511879049676 0.01953125 0.07127429805615551
0 0.4521484375 0.2915766738660907 0.0283203125 0.0755939524838013
0 0.5009765625 0.19222462203023757 0.01171875 0.08207343412526998
0 0.546875 0.20518358531317496 0.0166015625 0.06911447084233262
0 0.6455078125 0.22462203023758098 0.0166015625 0.07127429805615551
0 0.71875 0.2591792656587473 0.0263671875 0.09071274298056156
0 0.8330078125 0.31533477321814257 0.0283203125 0.07775377969762419
0 0.7646484375 0.2678185745140389 0.0234375 0.09287257019438445
0 0.912109375 0.2203023758099352 0.03125 0.08855291576673865
0 0.921875 0.14254859611231102 0.0322265625 0.08207343412526998
0 0.3388671875 0.896328293736501 0.017578125 0.05183585313174946