0 0.0244140625 0.17205882352941176 0.013671875 0.033823529411764704
0 0.052734375 0.15294117647058825 0.0166015625 0.04264705882352941
0 0.0380859375 0.22647058823529412 0.025390625 0.04852941176470588
0 0.072265625 0.24558823529411763 0.0224609375 0.03529411764705882
0 0.0625 0.3602941176470588 0.0224609375 0.03529411764705882
0 0.1005859375 0.3352941176470588 0.01953125 0.03235294117647059
0 0.1162109375 0.21029411764705883 0.0234375 0.04264705882352941
0 0.0927734375 0.2426470588235294 0.0107421875 0.020588235294117647
0 0.0849609375 0.2323529411764706 0.0087890625 0.01764705882352941
0 0.1728515625 0.24411764705882352 0.01953125 0.041176470588235294
0 0.2138671875 0.19705882352941176 0.03125 0.10294117647058823
0 0.232421875 0.20294117647058824 0.01953125 0.03529411764705882
0 0.267578125 0.2073529411764706 0.0234375 0.03823529411764706
0 0.30078125 0.14705882352941177 0.025390625 0.047058823529411764
0 0.3017578125 0.2338235294117647 0.03515625 0.08823529411764706
0 0.65625 0.13970588235294118 0.0234375 0.06470588235294118
0 0.8701171875 0.16029411764705884 0.01953125 0.047058823529411764
0 0.955078125 0.12794117647058822 0.0224609375 0.05588235294117647
0 0.7314453125 0.12205882352941176 0.013671875 0.03529411764705882
0 0.5615234375 0.15735294117647058 0.0234375 0.04411764705882353
0 0.736328125 0.20147058823529412 0.021484375 0.039705882352941174
0 0.7578125 0.15294117647058825 0.01953125 0.039705882352941174
0 0.79296875 0.18970588235294117 0.021484375 0.03823529411764706
0 0.3408203125 0.14705882352941177 0.0380859375 0.06323529411764706
0 0.369140625 0.15294117647058825 0.0166015625 0.033823529411764704
0 0.3369140625 0.20588235294117646 0.0224609375 0.03823529411764706
0 0.609375 0.17941176470588235 0.0205078125 0.041176470588235294
0 0.669921875 0.18970588235294117 0.0185546875 0.030882352941176472
0 0.68359375 0.17352941176470588 0.017578125 0.045588235294117645
0 0.767578125 0.21764705882352942 0.01171875 0.027941176470588237
0 0.3623046875 0.23088235294117648 0.0185546875 0.03676470588235294
0 0.4013671875 0.18970588235294117 0.021484375 0.039705882352941174
0 0.4501953125 0.13676470588235295 0.0224609375 0.05588235294117647
0 0.4599609375 0.17058823529411765 0.0185546875 0.03529411764705882
0 0.5068359375 0.22941176470588234 0.01953125 0.039705882352941174
0 0.5087890625 0.18088235294117647 0.01953125 0.03235294117647059
0 0.57421875 0.20294117647058824 0.017578125 0.03676470588235294
0 0.7119140625 0.3 0.0244140625 0.04264705882352941
0 0.70703125 0.1426470588235294 0.0126953125 0.027941176470588237
0 0.5927734375 0.16176470588235295 0.0166015625 0.03676470588235294