0 0.126953125 0.6465863453815262 0.01953125 0.060240963855421686
0 0.1630859375 0.6091030789825971 0.0244140625 0.050870147255689425
0 0.255859375 0.5997322623828648 0.0302734375 0.04417670682730924
0 0.04296875 0.5729585006693441 0.0234375 0.03748326639892905
0 0.2109375 0.5595716198125836 0.021484375 0.0428380187416332
0 0.3759765625 0.6091030789825971 0.03125 0.049531459170013385
0 0.55859375 0.6479250334672021 0.0458984375 0.08165997322623829
0 0.4189453125 0.7108433734939759 0.03515625 0.08032128514056225
0 0.439453125 0.6385542168674698 0.046875 0.07095046854082998
0 0.4677734375 0.5903614457831325 0.017578125 0.0321285140562249
0 0.427734375 0.5809906291834003 0.021484375 0.03614457831325301
0 0.51953125 0.5528781793842035 0.0185546875 0.0428380187416332
0 0.6083984375 0.5676037483266398 0.0166015625 0.0321285140562249
0 0.0615234375 0.678714859437751 0.03125 0.07898259705488621
0 0.08203125 0.6144578313253012 0.0234375 0.04819277108433735
0 0.818359375 0.5997322623828648 0.0205078125 0.03614457831325301
0 0.873046875 0.6345381526104418 0.0439453125 0.06693440428380187
0 0.6845703125 0.5461847389558233 0.0146484375 0.029451137884872823
0 0.6591796875 0.5515394912985274 0.0185546875 0.02677376171352075
0 0.8486328125 0.5341365461847389 0.0166015625 0.0321285140562249
0 0.974609375 0.5662650602409639 0.0146484375 0.03614457831325301
0 0.9931640625 0.5836680053547524 0.013671875 0.05220883534136546
0 0.8916015625 0.5274431057563588 0.0166015625 0.028112449799196786
0 0.8076171875 0.5421686746987951 0.017578125 0.03748326639892905
0 0.7607421875 0.5234270414993306 0.0224609375 0.04685408299866131
0 0.4619140625 0.5609103078982597 0.021484375 0.040160642570281124
0 0.482421875 0.41633199464524767 0.0126953125 0.024096385542168676