0 0.3115234375 0.4084919472913616 0.0068359375 0.01171303074670571
0 0.2421875 0.40995607613469986 0.00390625 0.005856515373352855
0 0.173828125 0.595900439238653 0.0078125 0.01171303074670571
0 0.38671875 0.6105417276720352 0.005859375 0.01171303074670571
0 0.28125 0.6032210834553441 0.0068359375 0.01171303074670571
0 0.3115234375 0.5856515373352855 0.0048828125 0.008784773060029283
0 0.8134765625 0.2986822840409956 0.0087890625 0.01171303074670571
0 0.69921875 0.8257686676427526 0.01171875 0.036603221083455345
0 0.62890625 0.8594436310395315 0.015625 0.043923865300146414
0 0.845703125 0.862371888726208 0.029296875 0.08345534407027819
0 0.7373046875 0.821376281112738 0.0185546875 0.043923865300146414
0 0.9208984375 0.8228404099560761 0.02734375 0.07174231332357248
0 0.8984375 0.9633967789165446 0.0380859375 0.07320644216691069
0 0.55859375 0.7847730600292826 0.0068359375 0.013177159590043924
0 0.564453125 0.7935578330893118 0.0078125 0.017569546120058566
0 0.6162109375 0.7833089311859444 0.0068359375 0.016105417276720352
0 0.6064453125 0.7759882869692533 0.0078125 0.017569546120058566
0 0.8740234375 0.7613469985358712 0.0107421875 0.017569546120058566
0 0.84375 0.7657393850658858 0.009765625 0.024890190336749635
0 0.89453125 0.767203513909224 0.0087890625 0.020497803806734993
0 0.90625 0.7686676427525623 0.009765625 0.01903367496339678
0 0.5029296875 0.7657393850658858 0.005859375 0.016105417276720352
0 0.4970703125 0.8228404099560761 0.0107421875 0.021961932650073207
0 0.9365234375 0.7510980966325037 0.0107421875 0.020497803806734993
0 0.8017578125 0.7818448023426061 0.013671875 0.024890190336749635
0 0.73046875 0.7920937042459737 0.009765625 0.01903367496339678
0 0.5751953125 0.767203513909224 0.009765625 0.017569546120058566
0 0.5556640625 0.7657393850658858 0.0068359375 0.014641288433382138