0 0.2099609375 0.7265193370165746 0.025390625 0.055248618784530384
0 0.1318359375 0.6823204419889503 0.03125 0.034530386740331494
0 0.048828125 0.574585635359116 0.025390625 0.04005524861878453
0 0.1201171875 0.5262430939226519 0.0205078125 0.03729281767955801
0 0.0283203125 0.4723756906077348 0.0185546875 0.03038674033149171
0 0.0810546875 0.44751381215469616 0.015625 0.024861878453038673
0 0.0419921875 0.44337016574585636 0.0126953125 0.022099447513812154
0 0.1982421875 0.5966850828729282 0.0224609375 0.04419889502762431
0 0.25390625 0.5662983425414365 0.0185546875 0.04143646408839779
0 0.3076171875 0.5151933701657458 0.01953125 0.03591160220994475
0 0.3486328125 0.5220994475138122 0.017578125 0.027624309392265192
0 0.40234375 0.5897790055248618 0.017578125 0.03591160220994475
0 0.43359375 0.5718232044198895 0.01953125 0.031767955801104975
0 0.19921875 0.46408839779005523 0.0166015625 0.029005524861878452
0 0.1416015625 0.468232044198895 0.015625 0.031767955801104975
0 0.1318359375 0.43784530386740333 0.015625 0.024861878453038673
0 0.3125 0.4185082872928177 0.0126953125 0.022099447513812154
0 0.384765625 0.44060773480662985 0.0126953125 0.023480662983425413
0 0.4169921875 0.4281767955801105 0.0126953125 0.023480662983425413
0 0.4404296875 0.4143646408839779 0.0126953125 0.020718232044198894
0 0.46484375 0.4129834254143646 0.0087890625 0.013812154696132596
0 0.4970703125 0.44613259668508287 0.013671875 0.024861878453038673
0 0.529296875 0.425414364640884 0.0107421875 0.017955801104972375
0 0.3447265625 0.4088397790055249 0.013671875 0.022099447513812154
0 0.3701171875 0.40193370165745856 0.0107421875 0.017955801104972375
0 0.28515625 0.4005524861878453 0.009765625 0.013812154696132596
0 0.2568359375 0.40331491712707185 0.009765625 0.013812154696132596
0 0.2001953125 0.4005524861878453 0.0107421875 0.015193370165745856
0 0.0810546875 0.4171270718232044 0.015625 0.019337016574585635
0 0.0302734375 0.4046961325966851 0.01171875 0.017955801104972375
0 0.5546875 0.4240331491712707 0.01171875 0.016574585635359115
0 0.5703125 0.4088397790055249 0.0107421875 0.023480662983425413
0 0.5927734375 0.40331491712707185 0.0078125 0.017955801104972375
0 0.9072265625 0.34392265193370164 0.009765625 0.015193370165745856
0 0.9130859375 0.2955801104972376 0.0068359375 0.015193370165745856
0 0.861328125 0.2983425414364641 0.0078125 0.013812154696132596
0 0.8017578125 0.281767955801105 0.0068359375 0.012430939226519336
0 0.76953125 0.2776243093922652 0.005859375 0.012430939226519336
0 0.724609375 0.27624309392265195 0.0068359375 0.012430939226519336
0 0.703125 0.26795580110497236 0.005859375 0.011049723756906077
0 0.666015625 0.26795580110497236 0.0068359375 0.012430939226519336
0 0.591796875 0.24447513812154695 0.005859375 0.012430939226519336
0 0.8701171875 0.35220994475138123 0.0068359375 0.012430939226519336
0 0.8662109375 0.35359116022099446 0.005859375 0.013812154696132596
0 0.833984375 0.36464088397790057 0.0087890625 0.016574585635359115
0 0.8212890625 0.3370165745856354 0.0087890625 0.015193370165745856
0 0.806640625 0.3397790055248619 0.0087890625 0.016574585635359115
0 0.7822265625 0.3453038674033149 0.0087890625 0.013812154696132596
0 0.79296875 0.3411602209944751 0.0068359375 0.015193370165745856
0 0.779296875 0.3287292817679558 0.0078125 0.012430939226519336
0 0.7666015625 0.35082872928176795 0.0078125 0.015193370165745856
0 0.7666015625 0.3370165745856354 0.0048828125 0.011049723756906077
0 0.7626953125 0.324585635359116 0.005859375 0.011049723756906077
0 0.744140625 0.3356353591160221 0.0068359375 0.012430939226519336
0 0.734375 0.3259668508287293 0.0068359375 0.011049723756906077
0 0.7373046875 0.31077348066298344 0.0068359375 0.009668508287292817
0 0.7275390625 0.3411602209944751 0.0048828125 0.012430939226519336
0 0.7177734375 0.3494475138121547 0.0068359375 0.013812154696132596
0 0.6962890625 0.3342541436464088 0.0068359375 0.013812154696132596
0 0.7080078125 0.31767955801104975 0.0068359375 0.012430939226519336
0 0.6923828125 0.319060773480663 0.005859375 0.011049723756906077
0 0.6708984375 0.3370165745856354 0.0078125 0.013812154696132596
0 0.6884765625 0.3687845303867403 0.0068359375 0.012430939226519336
0 0.6572265625 0.3798342541436464 0.0078125 0.016574585635359115
0 0.6201171875 0.39640883977900554 0.0107421875 0.016574585635359115
0 0.60546875 0.393646408839779 0.0107421875 0.019337016574585635
0 0.6162109375 0.3660220994475138 0.009765625 0.016574585635359115
0 0.6298828125 0.36049723756906077 0.0087890625 0.015193370165745856
0 0.640625 0.35497237569060774 0.0078125 0.015193370165745856
0 0.5986328125 0.3715469613259669 0.009765625 0.015193370165745856
0 0.6240234375 0.3301104972375691 0.005859375 0.012430939226519336
0 0.6328125 0.31353591160220995 0.0068359375 0.013812154696132596
0 0.6220703125 0.3052486187845304 0.0048828125 0.008287292817679558
0 0.6455078125 0.30662983425414364 0.0048828125 0.009668508287292817
0 0.6494140625 0.3052486187845304 0.0048828125 0.009668508287292817
0 0.6357421875 0.3052486187845304 0.005859375 0.009668508287292817
0 0.5869140625 0.3494475138121547 0.0068359375 0.013812154696132596
0 0.6083984375 0.34668508287292815 0.0068359375 0.012430939226519336
0 0.5810546875 0.3770718232044199 0.0068359375 0.013812154696132596
0 0.57421875 0.35773480662983426 0.0078125 0.015193370165745856
0 0.5634765625 0.3756906077348066 0.0068359375 0.015193370165745856
0 0.5673828125 0.3756906077348066 0.0048828125 0.013812154696132596
0 0.5439453125 0.39088397790055246 0.0107421875 0.017955801104972375
0 0.525390625 0.3867403314917127 0.0087890625 0.019337016574585635
0 0.5107421875 0.38950276243093923 0.0087890625 0.016574585635359115
0 0.4794921875 0.3770718232044199 0.0107421875 0.019337016574585635
0 0.4833984375 0.4102209944751381 0.009765625 0.017955801104972375
0 0.54296875 0.3397790055248619 0.005859375 0.012430939226519336
0 0.5478515625 0.31767955801104975 0.005859375 0.012430939226519336
0 0.55859375 0.2845303867403315 0.0048828125 0.009668508287292817
0 0.5634765625 0.2941988950276243 0.00390625 0.009668508287292817
0 0.5625 0.31077348066298344 0.0048828125 0.011049723756906077
0 0.5654296875 0.3052486187845304 0.0048828125 0.012430939226519336
0 0.578125 0.3218232044198895 0.0068359375 0.012430939226519336
0 0.5859375 0.31767955801104975 0.0048828125 0.012430939226519336
0 0.591796875 0.3149171270718232 0.0068359375 0.013812154696132596
0 0.6123046875 0.3218232044198895 0.0068359375 0.006906077348066298
0 0.5615234375 0.255524861878453 0.0048828125 0.009668508287292817
0 0.53515625 0.24033149171270718 0.0048828125 0.009668508287292817
0 0.50390625 0.24033149171270718 0.00390625 0.008287292817679558
0 0.4873046875 0.23895027624309392 0.00390625 0.006906077348066298
0 0.46484375 0.2610497237569061 0.0048828125 0.008287292817679558
0 0.44140625 0.255524861878453 0.0048828125 0.008287292817679558
0 0.4462890625 0.27486187845303867 0.0048828125 0.009668508287292817
0 0.4560546875 0.3052486187845304 0.005859375 0.011049723756906077
0 0.458984375 0.2914364640883978 0.0048828125 0.008287292817679558
0 0.4912109375 0.2983425414364641 0.00390625 0.008287292817679558
0 0.515625 0.2969613259668508 0.0048828125 0.011049723756906077
0 0.4169921875 0.38950276243093923 0.01171875 0.019337016574585635
0 0.44140625 0.3867403314917127 0.0107421875 0.019337016574585635
0 0.4580078125 0.3798342541436464 0.01171875 0.015193370165745856
0 0.5361328125 0.3674033149171271 0.0078125 0.015193370165745856
0 0.5205078125 0.36187845303867405 0.0087890625 0.015193370165745856
0 0.5107421875 0.34806629834254144 0.0078125 0.015193370165745856
0 0.529296875 0.34392265193370164 0.0068359375 0.015193370165745856
0 0.5 0.3314917127071823 0.0087890625 0.012430939226519336
0 0.517578125 0.3314917127071823 0.005859375 0.012430939226519336
0 0.494140625 0.3494475138121547 0.0078125 0.017955801104972375
0 0.4814453125 0.3494475138121547 0.005859375 0.013812154696132596
0 0.46875 0.3383977900552486 0.0087890625 0.013812154696132596
0 0.4443359375 0.3383977900552486 0.0068359375 0.013812154696132596
0 0.4775390625 0.2983425414364641 0.0068359375 0.012430939226519336
0 0.4580078125 0.35911602209944754 0.0087890625 0.015193370165745856
0 0.4443359375 0.3632596685082873 0.0078125 0.013812154696132596
0 0.412109375 0.3632596685082873 0.0078125 0.015193370165745856
0 0.4052734375 0.34806629834254144 0.0087890625 0.012430939226519336
0 0.421875 0.3383977900552486 0.0087890625 0.015193370165745856
0 0.421875 0.319060773480663 0.0068359375 0.013812154696132596
0 0.4033203125 0.3287292817679558 0.0068359375 0.011049723756906077
0 0.400390625 0.3080110497237569 0.0078125 0.012430939226519336
0 0.396484375 0.32044198895027626 0.0078125 0.013812154696132596
0 0.3837890625 0.3259668508287293 0.0068359375 0.015193370165745856
0 0.3701171875 0.3314917127071823 0.0068359375 0.013812154696132596
0 0.3837890625 0.35497237569060774 0.0078125 0.013812154696132596
0 0.396484375 0.38950276243093923 0.0126953125 0.020718232044198894
0 0.3818359375 0.3756906077348066 0.009765625 0.017955801104972375
0 0.3671875 0.3812154696132597 0.0087890625 0.015193370165745856
0 0.3623046875 0.35911602209944754 0.0087890625 0.017955801104972375
0 0.3369140625 0.3715469613259669 0.0107421875 0.020718232044198894
0 0.341796875 0.36049723756906077 0.0078125 0.016574585635359115
0 0.3154296875 0.3839779005524862 0.01171875 0.020718232044198894
0 0.3154296875 0.3674033149171271 0.009765625 0.013812154696132596
0 0.294921875 0.3632596685082873 0.009765625 0.019337016574585635
0 0.345703125 0.3397790055248619 0.0068359375 0.015193370165745856
0 0.3486328125 0.31629834254143646 0.005859375 0.009668508287292817
0 0.359375 0.32320441988950277 0.005859375 0.013812154696132596
0 0.3681640625 0.30662983425414364 0.005859375 0.008287292817679558
0 0.3759765625 0.3080110497237569 0.005859375 0.011049723756906077
0 0.3125 0.3342541436464088 0.0068359375 0.013812154696132596
0 0.2861328125 0.324585635359116 0.0068359375 0.011049723756906077
0 0.3095703125 0.3052486187845304 0.0068359375 0.012430939226519336
0 0.287109375 0.28591160220994477 0.0068359375 0.011049723756906077
0 0.2705078125 0.2914364640883978 0.0078125 0.011049723756906077
0 0.267578125 0.32044198895027626 0.0078125 0.013812154696132596
0 0.2607421875 0.3080110497237569 0.0078125 0.009668508287292817
0 0.26953125 0.3701657458563536 0.0078125 0.016574585635359115
0 0.27734375 0.35497237569060774 0.0068359375 0.013812154696132596
0 0.369140625 0.2845303867403315 0.0068359375 0.009668508287292817
0 0.337890625 0.2941988950276243 0.005859375 0.012430939226519336
0 0.3310546875 0.30248618784530384 0.0048828125 0.011049723756906077
0 0.3388671875 0.32734806629834257 0.005859375 0.011049723756906077
0 0.5302734375 0.32044198895027626 0.0068359375 0.009668508287292817
0 0.5419921875 0.30248618784530384 0.0078125 0.012430939226519336
0 0.533203125 0.27900552486187846 0.0068359375 0.008287292817679558
0 0.509765625 0.30939226519337015 0.005859375 0.012430939226519336
0 0.4599609375 0.28314917127071826 0.00390625 0.009668508287292817
0 0.46484375 0.2803867403314917 0.005859375 0.011049723756906077
0 0.4287109375 0.28314917127071826 0.0048828125 0.008287292817679558
0 0.3984375 0.2803867403314917 0.0068359375 0.011049723756906077
0 0.3466796875 0.27900552486187846 0.0048828125 0.008287292817679558
0 0.3818359375 0.281767955801105 0.005859375 0.009668508287292817
0 0.361328125 0.27486187845303867 0.0087890625 0.0055248618784530384
0 0.564453125 0.3370165745856354 0.0078125 0.013812154696132596
0 0.560546875 0.356353591160221 0.0087890625 0.013812154696132596
0 0.6435546875 0.3259668508287293 0.0087890625 0.012430939226519336
0 0.66015625 0.31077348066298344 0.0087890625 0.011049723756906077
0 0.68359375 0.3370165745856354 0.0078125 0.012430939226519336
0 0.6806640625 0.3218232044198895 0.0078125 0.012430939226519336
0 0.6591796875 0.36187845303867405 0.0087890625 0.011049723756906077
0 0.65234375 0.3287292817679558 0.0068359375 0.012430939226519336
0 0.4912109375 0.31767955801104975 0.0078125 0.011049723756906077
0 0.4755859375 0.3218232044198895 0.009765625 0.012430939226519336
0 0.4580078125 0.32734806629834257 0.0078125 0.013812154696132596
0 0.4423828125 0.2955801104972376 0.005859375 0.009668508287292817
0 0.443359375 0.2845303867403315 0.0078125 0.009668508287292817
0 0.4384765625 0.2638121546961326 0.0068359375 0.011049723756906077
0 0.4609375 0.26933701657458564 0.0048828125 0.009668508287292817
0 0.521484375 0.27486187845303867 0.005859375 0.008287292817679558
0 0.5908203125 0.292817679558011 0.0048828125 0.008287292817679558
0 0.6298828125 0.26657458563535913 0.005859375 0.013812154696132596
0 0.9619140625 0.29972375690607733 0.009765625 0.015193370165745856
0 0.890625 0.2886740331491713 0.009765625 0.012430939226519336
0 0.8291015625 0.2983425414364641 0.0078125 0.009668508287292817
0 0.865234375 0.3370165745856354 0.005859375 0.009668508287292817
0 0.8544921875 0.3356353591160221 0.005859375 0.008287292817679558
0 0.412109375 0.19889502762430938 0.0068359375 0.009668508287292817
0 0.3193359375 0.18370165745856354 0.005859375 0.008287292817679558
0 0.3046875 0.1781767955801105 0.00390625 0.006906077348066298
0 0.4013671875 0.2513812154696133 0.0048828125 0.008287292817679558
0 0.390625 0.24585635359116023 0.0048828125 0.0055248618784530384
0 0.388671875 0.2541436464088398 0.00390625 0.0055248618784530384
0 0.3759765625 0.26243093922651933 0.00390625 0.006906077348066298
0 0.3818359375 0.2638121546961326 0.0048828125 0.006906077348066298
0 0.4228515625 0.2596685082872928 0.0048828125 0.009668508287292817
0 0.4267578125 0.2569060773480663 0.0048828125 0.006906077348066298
0 0.4111328125 0.2569060773480663 0.0048828125 0.006906077348066298
0 0.4033203125 0.26933701657458564 0.005859375 0.006906077348066298
0 0.36328125 0.2430939226519337 0.00390625 0.006906077348066298
0 0.341796875 0.2638121546961326 0.0048828125 0.008287292817679558
0 0.3271484375 0.26933701657458564 0.005859375 0.009668508287292817
0 0.3466796875 0.23895027624309392 0.0048828125 0.008287292817679558
0 0.3310546875 0.24585635359116023 0.005859375 0.008287292817679558
0 0.294921875 0.2541436464088398 0.005859375 0.008287292817679558
0 0.28515625 0.26243093922651933 0.0048828125 0.006906077348066298
0 0.2822265625 0.20994475138121546 0.005859375 0.012430939226519336
0 0.26953125 0.2085635359116022 0.0048828125 0.008287292817679558
0 0.291015625 0.2361878453038674 0.0048828125 0.008287292817679558
0 0.3125 0.22790055248618785 0.00390625 0.0055248618784530384
0 0.30078125 0.2638121546961326 0.00390625 0.008287292817679558
0 0.2587890625 0.27900552486187846 0.0048828125 0.008287292817679558
0 0.248046875 0.30939226519337015 0.0068359375 0.008287292817679558
0 0.2373046875 0.3080110497237569 0.005859375 0.011049723756906077
0 0.22265625 0.3052486187845304 0.0068359375 0.011049723756906077
0 0.224609375 0.324585635359116 0.0078125 0.008287292817679558
0 0.244140625 0.32734806629834257 0.0068359375 0.013812154696132596
0 0.25390625 0.3356353591160221 0.0078125 0.012430939226519336
0 0.251953125 0.356353591160221 0.0087890625 0.015193370165745856
0 0.2880859375 0.30939226519337015 0.0078125 0.013812154696132596
0 0.22265625 0.36049723756906077 0.009765625 0.013812154696132596
0 0.240234375 0.3743093922651934 0.0126953125 0.020718232044198894
0 0.2099609375 0.36049723756906077 0.0078125 0.012430939226519336
0 0.2099609375 0.34668508287292815 0.0068359375 0.011049723756906077
0 0.25390625 0.27486187845303867 0.0048828125 0.008287292817679558
0 0.23046875 0.2900552486187845 0.0078125 0.012430939226519336
0 0.2216796875 0.2803867403314917 0.0078125 0.012430939226519336
0 0.2158203125 0.27348066298342544 0.005859375 0.011049723756906077
0 0.2255859375 0.2638121546961326 0.005859375 0.011049723756906077
0 0.2041015625 0.2541436464088398 0.005859375 0.009668508287292817
0 0.1923828125 0.26519337016574585 0.005859375 0.009668508287292817
0 0.1982421875 0.22790055248618785 0.0048828125 0.009668508287292817
0 0.193359375 0.2154696132596685 0.005859375 0.006906077348066298
0 0.205078125 0.19060773480662985 0.00390625 0.006906077348066298
0 0.2119140625 0.2292817679558011 0.005859375 0.008287292817679558
0 0.2119140625 0.21961325966850828 0.005859375 0.009668508287292817
0 0.224609375 0.21823204419889503 0.005859375 0.011049723756906077
0 0.23828125 0.21961325966850828 0.0048828125 0.006906077348066298
0 0.2490234375 0.19613259668508287 0.00390625 0.0055248618784530384
0 0.21875 0.19475138121546962 0.00390625 0.009668508287292817
0 0.2744140625 0.23480662983425415 0.005859375 0.008287292817679558
0 0.12109375 0.35773480662983426 0.0087890625 0.016574585635359115
0 0.1572265625 0.35082872928176795 0.009765625 0.015193370165745856
0 0.1728515625 0.35082872928176795 0.01171875 0.019337016574585635
0 0.17578125 0.3356353591160221 0.009765625 0.012430939226519336
0 0.181640625 0.31767955801104975 0.0087890625 0.016574585635359115
0 0.1865234375 0.30386740331491713 0.0087890625 0.013812154696132596
0 0.185546875 0.2900552486187845 0.0048828125 0.011049723756906077
0 0.15625 0.31767955801104975 0.0087890625 0.013812154696132596
0 0.1484375 0.3370165745856354 0.0068359375 0.013812154696132596
0 0.16015625 0.3052486187845304 0.0068359375 0.012430939226519336
0 0.166015625 0.292817679558011 0.0068359375 0.009668508287292817
0 0.1689453125 0.281767955801105 0.0078125 0.011049723756906077
0 0.16796875 0.2638121546961326 0.0068359375 0.008287292817679558
0 0.18359375 0.2610497237569061 0.0068359375 0.012430939226519336
0 0.166015625 0.24861878453038674 0.0048828125 0.006906077348066298
0 0.1630859375 0.23204419889502761 0.005859375 0.008287292817679558
0 0.1787109375 0.212707182320442 0.005859375 0.008287292817679558
0 0.16015625 0.2058011049723757 0.0068359375 0.011049723756906077
0 0.1640625 0.19337016574585636 0.0078125 0.009668508287292817
0 0.1728515625 0.1878453038674033 0.005859375 0.009668508287292817
0 0.1611328125 0.1685082872928177 0.0048828125 0.006906077348066298
0 0.146484375 0.1671270718232044 0.0048828125 0.006906077348066298
0 0.1455078125 0.18646408839779005 0.0068359375 0.009668508287292817
0 0.146484375 0.20303867403314918 0.005859375 0.009668508287292817
0 0.1337890625 0.292817679558011 0.0068359375 0.008287292817679558
0 0.1328125 0.32320441988950277 0.0087890625 0.013812154696132596
0 0.1064453125 0.324585635359116 0.009765625 0.016574585635359115
0 0.109375 0.30939226519337015 0.0087890625 0.013812154696132596
0 0.119140625 0.2955801104972376 0.0087890625 0.013812154696132596
0 0.0947265625 0.2983425414364641 0.0087890625 0.009668508287292817
0 0.1025390625 0.2914364640883978 0.009765625 0.012430939226519336
0 0.1201171875 0.26933701657458564 0.0087890625 0.012430939226519336
0 0.111328125 0.27486187845303867 0.0087890625 0.011049723756906077
0 0.14453125 0.2610497237569061 0.0048828125 0.008287292817679558
0 0.134765625 0.27486187845303867 0.0068359375 0.009668508287292817
0 0.1328125 0.26243093922651933 0.005859375 0.011049723756906077
0 0.1044921875 0.2596685082872928 0.0068359375 0.009668508287292817
0 0.0869140625 0.26243093922651933 0.0078125 0.009668508287292817
0 0.0927734375 0.2541436464088398 0.0068359375 0.009668508287292817
0 0.0830078125 0.23756906077348067 0.005859375 0.012430939226519336
0 0.072265625 0.26795580110497236 0.0068359375 0.009668508287292817
0 0.0654296875 0.2569060773480663 0.005859375 0.008287292817679558
0 0.1181640625 0.22099447513812154 0.0048828125 0.008287292817679558
0 0.1044921875 0.23895027624309392 0.005859375 0.009668508287292817
0 0.0869140625 0.21685082872928177 0.0087890625 0.012430939226519336
0 0.0703125 0.2292817679558011 0.0068359375 0.009668508287292817
0 0.09765625 0.1850828729281768 0.0048828125 0.011049723756906077
0 0.10546875 0.16160220994475138 0.0068359375 0.008287292817679558
0 0.083984375 0.1643646408839779 0.00390625 0.006906077348066298
0 0.23828125 0.2472375690607735 0.005859375 0.008287292817679558
0 0.240234375 0.1712707182320442 0.0048828125 0.008287292817679558
0 0.2890625 0.17265193370165746 0.005859375 0.009668508287292817
0 0.0556640625 0.15883977900552487 0.005859375 0.009668508287292817
0 0.0849609375 0.34806629834254144 0.009765625 0.019337016574585635
0 0.0693359375 0.3328729281767956 0.0078125 0.015193370165745856
0 0.0849609375 0.31629834254143646 0.009765625 0.008287292817679558
0 0.0537109375 0.31629834254143646 0.0107421875 0.016574585635359115
0 0.0478515625 0.3383977900552486 0.0087890625 0.016574585635359115
0 0.0517578125 0.2914364640883978 0.0078125 0.012430939226519336
0 0.0537109375 0.27071823204419887 0.009765625 0.012430939226519336
0 0.0517578125 0.2527624309392265 0.0078125 0.013812154696132596
0 0.0712890625 0.2513812154696133 0.0078125 0.006906077348066298
0 0.064453125 0.23895027624309392 0.005859375 0.006906077348066298
0 0.0458984375 0.2154696132596685 0.005859375 0.008287292817679558
0 0.0283203125 0.2513812154696133 0.0068359375 0.012430939226519336
0 0.021484375 0.26795580110497236 0.005859375 0.011049723756906077
0 0.0322265625 0.2983425414364641 0.0078125 0.013812154696132596
0 0.01953125 0.30939226519337015 0.0068359375 0.013812154696132596
0 0.0400390625 0.15469613259668508 0.00390625 0.006906077348066298
0 0.0205078125 0.15469613259668508 0.00390625 0.008287292817679558
0 0.0205078125 0.1919889502762431 0.005859375 0.006906077348066298
0 0.03125 0.20303867403314918 0.0048828125 0.006906077348066298
0 0.0126953125 0.2058011049723757 0.0048828125 0.008287292817679558
0 0.015625 0.22790055248618785 0.0048828125 0.009668508287292817
0 0.0087890625 0.22375690607734808 0.0048828125 0.009668508287292817
0 0.0244140625 0.21823204419889503 0.00390625 0.009668508287292817
0 0.216796875 0.5207182320441989 0.0146484375 0.029005524861878452
0 0.2646484375 0.48204419889502764 0.013671875 0.03038674033149171
0 0.318359375 0.4129834254143646 0.0107421875 0.023480662983425413
0 0.6640625 0.4585635359116022 0.0107421875 0.016574585635359115
0 0.044921875 0.5207182320441989 0.0166015625 0.03038674033149171
0 0.005859375 0.6091160220994475 0.0126953125 0.03867403314917127
0 0.8447265625 0.35082872928176795 0.005859375 0.013812154696132596
0 0.8486328125 0.3494475138121547 0.005859375 0.012430939226519336
0 0.0048828125 0.2776243093922652 0.0078125 0.016574585635359115
0 0.0205078125 0.281767955801105 0.0078125 0.012430939226519336