0 0.09765625 0.3994943109987358 0.03515625 0.051833122629582805
0 0.1376953125 0.38305941845764857 0.025390625 0.039190897597977246
0 0.1943359375 0.4083438685208597 0.025390625 0.039190897597977246
0 0.2119140625 0.38558786346396967 0.01953125 0.03413400758533502
0 0.2509765625 0.40707964601769914 0.0244140625 0.03286978508217446
0 0.2734375 0.40075853350189633 0.0205078125 0.03413400758533502
0 0.3095703125 0.3754740834386852 0.01953125 0.03413400758533502
0 0.31640625 0.4222503160556258 0.0224609375 0.040455120101137804
0 0.3544921875 0.3868520859671302 0.0224609375 0.03666245259165613
0 0.4052734375 0.3994943109987358 0.0224609375 0.040455120101137804
0 0.4150390625 0.3780025284450063 0.0185546875 0.03034134007585335
0 0.443359375 0.40328697850821743 0.0185546875 0.03034134007585335
0 0.4853515625 0.4020227560050569 0.017578125 0.03034134007585335
0 0.5224609375 0.3893805309734513 0.0185546875 0.02781289506953224
0 0.525390625 0.42604298356510745 0.0185546875 0.03286978508217446
0 0.5517578125 0.4134007585335019 0.017578125 0.03286978508217446
0 0.5546875 0.49557522123893805 0.0205078125 0.03413400758533502
0 0.478515625 0.49304677623261695 0.0224609375 0.03666245259165613
0 0.400390625 0.504424778761062 0.0224609375 0.03666245259165613
0 0.3017578125 0.49051833122629585 0.0224609375 0.03792667509481669
0 0.314453125 0.5436156763590392 0.0185546875 0.02781289506953224
0 0.2158203125 0.48672566371681414 0.025390625 0.04424778761061947
0 0.103515625 0.5233881163084703 0.0263671875 0.04298356510745891
0 0.9267578125 0.5195954487989887 0.0224609375 0.040455120101137804
0 0.873046875 0.41213653603034134 0.0234375 0.03666245259165613
0 0.8515625 0.3906447534766119 0.01953125 0.03286978508217446
0 0.7861328125 0.40960809102402024 0.01953125 0.03034134007585335
0 0.80859375 0.4247787610619469 0.0224609375 0.035398230088495575
0 0.82421875 0.5082174462705437 0.0224609375 0.040455120101137804
0 0.7119140625 0.3843236409608091 0.01953125 0.03286978508217446
0 0.7529296875 0.438685208596713 0.0185546875 0.02654867256637168
0 0.7138671875 0.4247787610619469 0.01953125 0.03286978508217446
0 0.751953125 0.5094816687737042 0.0224609375 0.03034134007585335
0 0.671875 0.5145385587863464 0.01953125 0.03034134007585335
0 0.6669921875 0.4336283185840708 0.01953125 0.03792667509481669
0 0.6708984375 0.40328697850821743 0.017578125 0.02781289506953224
0 0.6455078125 0.40960809102402024 0.015625 0.03286978508217446
0 0.6279296875 0.39570164348925413 0.017578125 0.0316055625790139
0 0.6103515625 0.41845764854614415 0.015625 0.029077117572692796
0 0.576171875 0.40075853350189633 0.01953125 0.02654867256637168
0 0.603515625 0.5018963337547409 0.01953125 0.03286978508217446