0 0.9814453125 0.2760416666666667 0.0166015625 0.026041666666666668
0 0.9296875 0.2669270833333333 0.0146484375 0.029947916666666668
0 0.9306640625 0.23567708333333334 0.013671875 0.024739583333333332
0 0.935546875 0.21614583333333334 0.015625 0.01953125
0 0.873046875 0.23828125 0.013671875 0.020833333333333332
0 0.8671875 0.2604166666666667 0.015625 0.024739583333333332
0 0.8671875 0.30078125 0.015625 0.03125
0 0.8349609375 0.3984375 0.0234375 0.036458333333333336
0 0.802734375 0.25 0.017578125 0.0234375
0 0.71875 0.40234375 0.0166015625 0.032552083333333336
0 0.7431640625 0.4153645833333333 0.0205078125 0.037760416666666664
0 0.7197265625 0.23697916666666666 0.013671875 0.024739583333333332
0 0.697265625 0.21744791666666666 0.013671875 0.024739583333333332
0 0.6728515625 0.17708333333333334 0.013671875 0.020833333333333332
0 0.65625 0.25 0.0126953125 0.024739583333333332
0 0.619140625 0.1796875 0.013671875 0.024739583333333332
0 0.6044921875 0.23046875 0.015625 0.024739583333333332
0 0.6064453125 0.3815104166666667 0.01953125 0.033854166666666664
0 0.61328125 0.4361979166666667 0.0234375 0.033854166666666664
0 0.5234375 0.44140625 0.017578125 0.029947916666666668
0 0.5556640625 0.375 0.0205078125 0.033854166666666664
0 0.572265625 0.2265625 0.01171875 0.0234375
0 0.580078125 0.203125 0.0126953125 0.020833333333333332
0 0.5693359375 0.18098958333333334 0.0126953125 0.0234375
0 0.5234375 0.18489583333333334 0.0146484375 0.020833333333333332
0 0.5087890625 0.21875 0.0146484375 0.024739583333333332
0 0.4765625 0.17057291666666666 0.0146484375 0.0234375
0 0.48046875 0.2109375 0.013671875 0.022135416666666668
0 0.4560546875 0.2109375 0.0126953125 0.01953125
0 0.4365234375 0.19140625 0.0126953125 0.020833333333333332
0 0.4287109375 0.16536458333333334 0.013671875 0.022135416666666668
0 0.51171875 0.3932291666666667 0.0185546875 0.036458333333333336
0 0.4912109375 0.35546875 0.0205078125 0.03125
0 0.490234375 0.3229166666666667 0.017578125 0.016927083333333332
0 0.4248046875 0.3203125 0.01953125 0.028645833333333332
0 0.4541015625 0.3684895833333333 0.01953125 0.028645833333333332
0 0.4609375 0.421875 0.0205078125 0.032552083333333336
0 0.4091796875 0.4166666666666667 0.0205078125 0.033854166666666664
0 0.392578125 0.3515625 0.017578125 0.032552083333333336
0 0.3720703125 0.3125 0.01953125 0.03515625
0 0.3349609375 0.375 0.0205078125 0.03515625
0 0.3203125 0.328125 0.0166015625 0.033854166666666664
0 0.40625 0.20442708333333334 0.013671875 0.024739583333333332
0 0.3984375 0.18489583333333334 0.009765625 0.014322916666666666
0 0.3798828125 0.15885416666666666 0.0126953125 0.022135416666666668
0 0.765625 0.2630208333333333 0.01171875 0.02734375
0 0.365234375 0.23567708333333334 0.0146484375 0.020833333333333332
0 0.3623046875 0.1796875 0.013671875 0.022135416666666668
0 0.31640625 0.17708333333333334 0.0126953125 0.020833333333333332
0 0.3134765625 0.20182291666666666 0.01171875 0.020833333333333332
0 0.2861328125 0.15755208333333334 0.013671875 0.01953125
0 0.279296875 0.19140625 0.013671875 0.020833333333333332
0 0.2373046875 0.19270833333333334 0.01171875 0.020833333333333332
0 0.2255859375 0.20572916666666666 0.013671875 0.01953125
0 0.2236328125 0.15494791666666666 0.0107421875 0.0234375
0 0.2138671875 0.16927083333333334 0.0126953125 0.020833333333333332
0 0.1669921875 0.15104166666666666 0.0126953125 0.018229166666666668
0 0.18359375 0.1328125 0.01171875 0.020833333333333332
0 0.1474609375 0.13541666666666666 0.013671875 0.0234375
0 0.1318359375 0.15364583333333334 0.01171875 0.018229166666666668
0 0.1259765625 0.17447916666666666 0.013671875 0.0234375
0 0.271484375 0.3046875 0.0166015625 0.028645833333333332
0 0.26171875 0.3255208333333333 0.0166015625 0.03125
0 0.279296875 0.3697916666666667 0.0185546875 0.03125
0 0.224609375 0.2994791666666667 0.0166015625 0.03125
0 0.203125 0.3151041666666667 0.0185546875 0.033854166666666664
0 0.212890625 0.3606770833333333 0.017578125 0.033854166666666664
0 0.158203125 0.30078125 0.0185546875 0.03125
0 0.1640625 0.34765625 0.0205078125 0.03125
0 0.0986328125 0.2994791666666667 0.017578125 0.03125
0 0.1083984375 0.3229166666666667 0.0205078125 0.032552083333333336
0 0.1044921875 0.1328125 0.009765625 0.020833333333333332
0 0.08984375 0.140625 0.0107421875 0.01953125
0 0.076171875 0.13671875 0.01171875 0.015625
0 0.076171875 0.15755208333333334 0.0126953125 0.01953125
0 0.0390625 0.1640625 0.0126953125 0.020833333333333332
0 0.044921875 0.13932291666666666 0.01171875 0.016927083333333332
0 0.08203125 0.3684895833333333 0.0205078125 0.028645833333333332
0 0.0556640625 0.3046875 0.0185546875 0.032552083333333336
0 0.0146484375 0.3671875 0.0205078125 0.033854166666666664
0 0.005859375 0.25390625 0.0126953125 0.026041666666666668
0 0.0107421875 0.13802083333333334 0.01171875 0.01953125
0 0.353515625 0.20572916666666666 0.013671875 0.0234375