0 0.0556640625 0.4 0.0087890625 0.038356164383561646
0 0.1474609375 0.3698630136986301 0.0087890625 0.03287671232876712
0 0.1728515625 0.3917808219178082 0.0087890625 0.0273972602739726
0 0.19921875 0.39452054794520547 0.0078125 0.03287671232876712
0 0.2314453125 0.3863013698630137 0.0087890625 0.030136986301369864
0 0.1318359375 0.5205479452054794 0.0126953125 0.06301369863013699
0 0.2587890625 0.3972602739726027 0.0078125 0.03287671232876712
0 0.2890625 0.3972602739726027 0.0078125 0.030136986301369864
0 0.314453125 0.4054794520547945 0.005859375 0.030136986301369864
0 0.3359375 0.4054794520547945 0.0068359375 0.03561643835616438
0 0.3671875 0.39452054794520547 0.0078125 0.030136986301369864
0 0.3525390625 0.4410958904109589 0.005859375 0.0273972602739726
0 0.4716796875 0.3863013698630137 0.0087890625 0.030136986301369864
0 0.48828125 0.3863013698630137 0.0087890625 0.03561643835616438
0 0.5009765625 0.38082191780821917 0.0068359375 0.03561643835616438
0 0.5712890625 0.3726027397260274 0.009765625 0.038356164383561646
0 0.6064453125 0.3780821917808219 0.0087890625 0.030136986301369864
0 0.6484375 0.3917808219178082 0.0078125 0.03287671232876712
0 0.685546875 0.3780821917808219 0.009765625 0.030136986301369864
0 0.716796875 0.37534246575342467 0.009765625 0.03561643835616438
0 0.7587890625 0.3561643835616438 0.009765625 0.038356164383561646
0 0.794921875 0.3698630136986301 0.0087890625 0.03561643835616438
0 0.82421875 0.37534246575342467 0.0087890625 0.03561643835616438
0 0.857421875 0.37534246575342467 0.0078125 0.038356164383561646
0 0.85546875 0.5123287671232877 0.013671875 0.052054794520547946
0 0.888671875 0.5315068493150685 0.015625 0.06301369863013699
0 0.9755859375 0.4849315068493151 0.015625 0.0547945205479452