0 0.2158203125 0.32748538011695905 0.0185546875 0.033625730994152045
0 0.1884765625 0.402046783625731 0.017578125 0.03070175438596491
0 0.2587890625 0.42543859649122806 0.0126953125 0.029239766081871343
0 0.28125 0.33771929824561403 0.017578125 0.03216374269005848
0 0.32421875 0.4283625730994152 0.013671875 0.024853801169590642
0 0.34765625 0.34210526315789475 0.0166015625 0.03070175438596491
0 0.404296875 0.3611111111111111 0.0166015625 0.03070175438596491
0 0.3916015625 0.4546783625730994 0.01171875 0.023391812865497075
0 0.4794921875 0.34210526315789475 0.0146484375 0.02631578947368421
0 0.58203125 0.35964912280701755 0.0126953125 0.029239766081871343
0 0.6533203125 0.3567251461988304 0.013671875 0.027777777777777776
0 0.7158203125 0.3391812865497076 0.013671875 0.03070175438596491
0 0.77734375 0.3362573099415205 0.01953125 0.033625730994152045
0 0.662109375 0.4473684210526316 0.01171875 0.021929824561403508
0 0.8310546875 0.42543859649122806 0.021484375 0.03508771929824561