0 0.357421875 0.6404320987654321 0.0146484375 0.029320987654320986
0 0.2412109375 0.6342592592592593 0.01171875 0.026234567901234566
0 0.234375 0.6203703703703703 0.01171875 0.027777777777777776
0 0.6357421875 0.6358024691358025 0.0166015625 0.032407407407407406
0 0.501953125 0.6342592592592593 0.0146484375 0.029320987654320986
0 0.498046875 0.5925925925925926 0.0146484375 0.027777777777777776
0 0.4697265625 0.595679012345679 0.0107421875 0.030864197530864196
0 0.1806640625 0.28703703703703703 0.005859375 0.015432098765432098
0 0.189453125 0.3117283950617284 0.0068359375 0.016975308641975308
0 0.408203125 0.5092592592592593 0.0126953125 0.024691358024691357
0 0.392578125 0.5169753086419753 0.0087890625 0.023148148148148147
0 0.2431640625 0.6003086419753086 0.0068359375 0.023148148148148147
0 0.60546875 0.5910493827160493 0.0107421875 0.021604938271604937
0 0.9169921875 0.7361111111111112 0.0107421875 0.026234567901234566
0 0.8994140625 0.7160493827160493 0.009765625 0.024691358024691357
0 0.8681640625 0.7006172839506173 0.0087890625 0.024691358024691357
0 0.9677734375 0.6604938271604939 0.01171875 0.029320987654320986
0 0.8212890625 0.6666666666666666 0.0107421875 0.024691358024691357
0 0.8046875 0.6358024691358025 0.0107421875 0.027777777777777776
0 0.779296875 0.6373456790123457 0.009765625 0.027777777777777776
0 0.7607421875 0.5987654320987654 0.0126953125 0.020061728395061727
0 0.865234375 0.625 0.009765625 0.032407407407407406
0 0.7373046875 0.5787037037037037 0.0087890625 0.016975308641975308
0 0.8583984375 0.4861111111111111 0.0078125 0.021604938271604937
0 0.8916015625 0.4660493827160494 0.0126953125 0.027777777777777776
0 0.8759765625 0.5679012345679012 0.0107421875 0.024691358024691357
0 0.8349609375 0.5555555555555556 0.009765625 0.020061728395061727
0 0.84375 0.44135802469135804 0.0087890625 0.024691358024691357
0 0.873046875 0.4444444444444444 0.0107421875 0.013888888888888888
0 0.96484375 0.4691358024691358 0.01171875 0.024691358024691357
0 0.9091796875 0.47530864197530864 0.0107421875 0.015432098765432098
0 0.916015625 0.5046296296296297 0.0107421875 0.023148148148148147
0 0.9482421875 0.49228395061728397 0.0068359375 0.020061728395061727
0 0.9931640625 0.5 0.0078125 0.026234567901234566
0 0.9599609375 0.5015432098765432 0.0068359375 0.021604938271604937
0 0.8876953125 0.5015432098765432 0.0087890625 0.021604938271604937
0 0.7412109375 0.5262345679012346 0.009765625 0.018518518518518517
0 0.943359375 0.6959876543209876 0.0107421875 0.026234567901234566
0 0.8583984375 0.6882716049382716 0.0107421875 0.021604938271604937
0 0.962890625 0.7685185185185185 0.0126953125 0.027777777777777776
0 0.7998046875 0.5385802469135802 0.0078125 0.018518518518518517
0 0.2529296875 0.5709876543209876 0.0126953125 0.026234567901234566