0 0.935546875 0.30161054172767204 0.0302734375 0.05124450951683748
0 0.8359375 0.2679355783308931 0.03515625 0.06588579795021962
0 0.6630859375 0.22108345534407028 0.0283203125 0.07174231332357248
0 0.740234375 0.28111273792093705 0.0283203125 0.05856515373352855
0 0.6298828125 0.30307467057101023 0.02734375 0.05124450951683748
0 0.4453125 0.30307467057101023 0.0224609375 0.04685212298682284
0 0.51953125 0.2781844802342606 0.033203125 0.0629575402635432
0 0.3603515625 0.22108345534407028 0.0263671875 0.08199121522693997
0 0.205078125 0.2840409956076135 0.0224609375 0.0527086383601757
0 0.13671875 0.2664714494875549 0.025390625 0.055636896046852125
0 0.1865234375 0.4158125915080527 0.0234375 0.05124450951683748
0 0.0322265625 0.24597364568081992 0.03125 0.0629575402635432