0 0.0302734375 0.12518301610541727 0.037109375 0.043923865300146414
0 0.08203125 0.16617862371888725 0.0419921875 0.03953147877013177
0 0.3291015625 0.12298682284040996 0.095703125 0.0951683748169839
0 0.08984375 0.2752562225475842 0.0693359375 0.06442166910688141
0 0.525390625 0.28184480234260617 0.068359375 0.06222547584187409
0 0.6328125 0.21010248901903367 0.08984375 0.08784773060029283
0 0.427734375 0.09077598828696926 0.04296875 0.0629575402635432
0 0.474609375 0.10175695461200586 0.0478515625 0.046120058565153735
0 0.5322265625 0.06442166910688141 0.0556640625 0.06734992679355783
0 0.6572265625 0.05856515373352855 0.0556640625 0.06076134699853587
0 0.7822265625 0.10175695461200586 0.0517578125 0.05856515373352855
0 0.8681640625 0.09882869692532943 0.0595703125 0.06588579795021962
0 0.9150390625 0.15300146412884333 0.0546875 0.050512445095168376
0 0.974609375 0.10029282576866765 0.05078125 0.06808199121522694
0 0.025390625 0.18814055636896046 0.033203125 0.036603221083455345