0 0.1435546875 0.30058651026392963 0.017578125 0.03812316715542522
0 0.2041015625 0.3152492668621701 0.0166015625 0.02932551319648094
0 0.2314453125 0.312316715542522 0.0146484375 0.036656891495601175
0 0.2998046875 0.2727272727272727 0.013671875 0.02932551319648094
0 0.3310546875 0.27126099706744866 0.013671875 0.030791788856304986
0 0.3740234375 0.27712609970674484 0.0126953125 0.026392961876832845
0 0.3779296875 0.3533724340175953 0.0185546875 0.03372434017595308
0 0.310546875 0.3885630498533724 0.0263671875 0.05865102639296188
0 0.251953125 0.41935483870967744 0.0224609375 0.04398826979472141
0 0.1904296875 0.49560117302052786 0.0322265625 0.06158357771260997
0 0.4072265625 0.39882697947214074 0.025390625 0.04398826979472141
0 0.353515625 0.47947214076246336 0.0302734375 0.06158357771260997
0 0.26953125 0.4970674486803519 0.02734375 0.0469208211143695
0 0.419921875 0.26832844574780057 0.0146484375 0.024926686217008796
0 0.451171875 0.26832844574780057 0.015625 0.026392961876832845
0 0.5068359375 0.250733137829912 0.0146484375 0.02785923753665689
0 0.54296875 0.2624633431085044 0.013671875 0.02932551319648094
0 0.5732421875 0.25219941348973607 0.013671875 0.026392961876832845
0 0.642578125 0.25219941348973607 0.0146484375 0.02932551319648094
0 0.5947265625 0.3870967741935484 0.0244140625 0.04985337243401759
0 0.580078125 0.34750733137829914 0.021484375 0.036656891495601175
0 0.62890625 0.36950146627565983 0.01953125 0.036656891495601175
0 0.640625 0.43548387096774194 0.0322265625 0.0747800586510264
0 0.6728515625 0.3812316715542522 0.0224609375 0.04838709677419355
0 0.693359375 0.35777126099706746 0.013671875 0.03519061583577713
0 0.736328125 0.2844574780058651 0.017578125 0.04105571847507331
0 0.7490234375 0.30498533724340177 0.009765625 0.02932551319648094
0 0.80078125 0.29178885630498536 0.0224609375 0.04838709677419355
0 0.740234375 0.40175953079178883 0.017578125 0.039589442815249266
0 0.8173828125 0.5586510263929618 0.041015625 0.0718475073313783
0 0.74609375 0.47653958944281527 0.0234375 0.04105571847507331
0 0.7939453125 0.47653958944281527 0.0263671875 0.0469208211143695
0 0.9169921875 0.532258064516129 0.02734375 0.05571847507331378
0 0.14453125 0.6187683284457478 0.037109375 0.07624633431085044
0 0.251953125 0.5865102639296188 0.0380859375 0.10703812316715543
0 0.8466796875 0.22140762463343108 0.0107421875 0.020527859237536656
0 0.8681640625 0.22580645161290322 0.009765625 0.020527859237536656
0 0.880859375 0.218475073313783 0.009765625 0.016129032258064516