0 0.00390625 0.07496360989810771 0.0078125 0.019650655021834062
0 0.0439453125 0.05312954876273653 0.029296875 0.027656477438136828
0 0.1396484375 0.06622998544395925 0.029296875 0.024745269286754003
0 0.2509765625 0.06768558951965066 0.029296875 0.029839883551673944
0 0.3544921875 0.37117903930131 0.0166015625 0.020378457059679767
0 0.3701171875 0.37045123726346435 0.0185546875 0.018922852983988356
0 0.3857421875 0.3558951965065502 0.0224609375 0.021106259097525473
0 0.416015625 0.36026200873362446 0.017578125 0.023289665211062592
0 0.431640625 0.3624454148471616 0.0185546875 0.020378457059679767
0 0.443359375 0.36171761280931586 0.0224609375 0.021106259097525473
0 0.4716796875 0.35807860262008734 0.0205078125 0.025473071324599708
0 0.4970703125 0.35880640465793306 0.0244140625 0.023289665211062592
0 0.5546875 0.3042212518195051 0.03125 0.034934497816593885
0 0.6220703125 0.31222707423580787 0.0302734375 0.029839883551673944
0 0.173828125 0.5509461426491994 0.044921875 0.04512372634643377
0 0.732421875 0.5669577874818049 0.0146484375 0.016739446870451237
0 0.78125 0.5691411935953421 0.015625 0.016739446870451237
0 0.798828125 0.6106259097525473 0.01953125 0.018922852983988356
0 0.853515625 0.6171761280931587 0.0234375 0.020378457059679767
0 0.9306640625 0.5385735080058224 0.0419921875 0.03275109170305677
0 0.3740234375 0.8122270742358079 0.02734375 0.026928675400291122
0 0.4365234375 0.8158660844250364 0.0146484375 0.018922852983988356
0 0.458984375 0.8173216885007278 0.0205078125 0.020378457059679767
0 0.4775390625 0.8122270742358079 0.046875 0.04512372634643377
0 0.57421875 0.8595342066957787 0.029296875 0.026928675400291122
0 0.318359375 0.10771470160116449 0.009765625 0.010189228529839884