0 0.5302734375 0.42752562225475843 0.0166015625 0.032210834553440704
0 0.560546875 0.38945827232796487 0.013671875 0.027818448023426062
0 0.6865234375 0.43484626647144947 0.015625 0.032210834553440704
0 0.833984375 0.4260614934114202 0.0185546875 0.024890190336749635
0 0.7412109375 0.43191800878477304 0.015625 0.024890190336749635
0 0.783203125 0.4289897510980966 0.017578125 0.027818448023426062
0 0.2060546875 0.41142020497803805 0.0126953125 0.029282576866764276
0 0.2626953125 0.43923865300146414 0.0126953125 0.027818448023426062
0 0.365234375 0.43045387994143486 0.015625 0.027818448023426062
0 0.3193359375 0.4480234260614934 0.0146484375 0.03074670571010249
0 0.490234375 0.43045387994143486 0.0166015625 0.036603221083455345