0 0.5966796875 0.3072916666666667 0.0224609375 0.05859375
0 0.5546875 0.3736979166666667 0.0244140625 0.045572916666666664
0 0.46875 0.3502604166666667 0.01953125 0.05078125
0 0.8359375 0.3203125 0.0283203125 0.0546875
0 0.94140625 0.31640625 0.02734375 0.05078125
0 0.2451171875 0.4036458333333333 0.0244140625 0.046875
0 0.1474609375 0.3919270833333333 0.0224609375 0.0390625
0 0.2158203125 0.3997395833333333 0.0234375 0.044270833333333336
0 0.0791015625 0.3971354166666667 0.0234375 0.037760416666666664
0 0.017578125 0.4075520833333333 0.02734375 0.040364583333333336
0 0.9609375 0.4309895833333333 0.0126953125 0.09375
0 0.037109375 0.7630208333333334 0.0517578125 0.06380208333333333
0 0.046875 0.5403645833333334 0.021484375 0.078125