0 0.1376953125 0.8671875 0.013671875 0.0234375
0 0.0751953125 0.78515625 0.0166015625 0.02734375
0 0.328125 0.8203125 0.0126953125 0.024739583333333332
0 0.1689453125 0.8177083333333334 0.017578125 0.0234375
0 0.2197265625 0.7864583333333334 0.013671875 0.0234375
0 0.400390625 0.7760416666666666 0.017578125 0.0234375
0 0.322265625 0.6666666666666666 0.0107421875 0.015625
0 0.3916015625 0.73046875 0.0107421875 0.015625
0 0.443359375 0.7057291666666666 0.0126953125 0.014322916666666666
0 0.3427734375 0.64453125 0.0107421875 0.018229166666666668
0 0.36328125 0.6158854166666666 0.0107421875 0.016927083333333332
0 0.390625 0.59375 0.0107421875 0.014322916666666666
0 0.54296875 0.7096354166666666 0.0107421875 0.020833333333333332
0 0.5361328125 0.6848958333333334 0.0087890625 0.014322916666666666
0 0.4013671875 0.94921875 0.0234375 0.029947916666666668
0 0.603515625 0.9453125 0.0234375 0.02734375
0 0.8896484375 0.9596354166666666 0.0185546875 0.0234375
0 0.7294921875 0.8606770833333334 0.017578125 0.018229166666666668
0 0.244140625 0.5364583333333334 0.0087890625 0.015625
0 0.201171875 0.5716145833333334 0.0078125 0.014322916666666666
0 0.2294921875 0.51171875 0.0087890625 0.014322916666666666
0 0.16796875 0.5950520833333334 0.0107421875 0.016927083333333332
0 0.15625 0.5377604166666666 0.009765625 0.014322916666666666
0 0.0556640625 0.6263020833333334 0.013671875 0.014322916666666666
0 0.021484375 0.5559895833333334 0.0107421875 0.015625
0 0.05859375 0.59375 0.0107421875 0.01953125
0 0.1025390625 0.51953125 0.009765625 0.014322916666666666
0 0.0498046875 0.4440104166666667 0.0078125 0.013020833333333334
0 0.0234375 0.4622395833333333 0.009765625 0.01171875
0 0.1025390625 0.4895833333333333 0.0087890625 0.014322916666666666
0 0.150390625 0.4921875 0.0068359375 0.01171875
0 0.1689453125 0.4752604166666667 0.0068359375 0.01171875
0 0.1982421875 0.4713541666666667 0.0068359375 0.01171875
0 0.1220703125 0.4700520833333333 0.0078125 0.013020833333333334
0 0.08203125 0.44140625 0.005859375 0.010416666666666666
0 0.1064453125 0.4322916666666667 0.0068359375 0.010416666666666666
0 0.1328125 0.4231770833333333 0.0068359375 0.010416666666666666
0 0.9228515625 0.7291666666666666 0.01171875 0.015625
0 0.9462890625 0.7161458333333334 0.0107421875 0.010416666666666666
0 0.0146484375 0.7096354166666666 0.017578125 0.022135416666666668
0 0.1630859375 0.703125 0.0146484375 0.0234375
0 0.1416015625 0.6197916666666666 0.0107421875 0.016927083333333332
0 0.337890625 0.4466145833333333 0.0068359375 0.015625
0 0.376953125 0.4348958333333333 0.009765625 0.015625
0 0.4150390625 0.4361979166666667 0.0068359375 0.01171875
0 0.4619140625 0.421875 0.005859375 0.013020833333333334
0 0.4384765625 0.4505208333333333 0.00390625 0.013020833333333334
0 0.4287109375 0.4765625 0.0087890625 0.016927083333333332
0 0.4521484375 0.47265625 0.0078125 0.015625
0 0.4755859375 0.5130208333333334 0.009765625 0.014322916666666666
0 0.494140625 0.4895833333333333 0.009765625 0.015625
0 0.486328125 0.4518229166666667 0.009765625 0.016927083333333332
0 0.5126953125 0.4479166666666667 0.0068359375 0.015625
0 0.5791015625 0.47265625 0.0087890625 0.01171875
0 0.6083984375 0.4752604166666667 0.0078125 0.013020833333333334
0 0.5791015625 0.5026041666666666 0.0078125 0.015625
0 0.533203125 0.4921875 0.0068359375 0.015625
0 0.60546875 0.55078125 0.0078125 0.014322916666666666
0 0.630859375 0.5416666666666666 0.0078125 0.014322916666666666
0 0.6533203125 0.5338541666666666 0.0078125 0.013020833333333334
0 0.6240234375 0.5716145833333334 0.0087890625 0.015625
0 0.5673828125 0.5559895833333334 0.0087890625 0.013020833333333334
0 0.544921875 0.5338541666666666 0.0078125 0.013020833333333334
0 0.55078125 0.4817708333333333 0.01171875 0.014322916666666666
0 0.68359375 0.5260416666666666 0.0068359375 0.013020833333333334
0 0.6669921875 0.4947916666666667 0.0078125 0.013020833333333334
0 0.7080078125 0.484375 0.0087890625 0.013020833333333334
0 0.724609375 0.5026041666666666 0.0087890625 0.010416666666666666
0 0.7373046875 0.5455729166666666 0.0078125 0.01171875
0 0.6953125 0.5885416666666666 0.0146484375 0.01953125
0 0.7666015625 0.5768229166666666 0.0078125 0.014322916666666666
0 0.7470703125 0.47265625 0.005859375 0.01171875
0 0.7197265625 0.4453125 0.0078125 0.010416666666666666
0 0.6875 0.4635416666666667 0.0068359375 0.014322916666666666
0 0.7705078125 0.4609375 0.009765625 0.01171875
0 0.759765625 0.5338541666666666 0.0087890625 0.013020833333333334
0 0.87109375 0.5104166666666666 0.0087890625 0.015625
0 0.8515625 0.5091145833333334 0.0087890625 0.014322916666666666
0 0.88671875 0.4934895833333333 0.0087890625 0.013020833333333334
0 0.8837890625 0.53515625 0.009765625 0.016927083333333332
0 0.85546875 0.59375 0.0078125 0.014322916666666666
0 0.8212890625 0.5572916666666666 0.0087890625 0.015625
0 0.8232421875 0.69140625 0.009765625 0.018229166666666668
0 0.86328125 0.6888020833333334 0.0107421875 0.014322916666666666
0 0.75390625 0.6497395833333334 0.0087890625 0.014322916666666666
0 0.7783203125 0.63671875 0.009765625 0.015625
0 0.724609375 0.5572916666666666 0.0087890625 0.013020833333333334
0 0.82421875 0.625 0.01171875 0.016927083333333332
0 0.94921875 0.6197916666666666 0.0107421875 0.018229166666666668
0 0.923828125 0.6315104166666666 0.009765625 0.016927083333333332
0 0.8818359375 0.5872395833333334 0.0068359375 0.013020833333333334
0 0.9052734375 0.57421875 0.009765625 0.016927083333333332
0 0.9169921875 0.5677083333333334 0.009765625 0.013020833333333334
0 0.966796875 0.60546875 0.0107421875 0.014322916666666666
0 0.9921875 0.6744791666666666 0.0087890625 0.016927083333333332
0 0.9736328125 0.6848958333333334 0.013671875 0.016927083333333332
0 0.9794921875 0.54296875 0.0087890625 0.014322916666666666
0 0.9697265625 0.5065104166666666 0.0078125 0.016927083333333332
0 0.9033203125 0.5260416666666666 0.01171875 0.010416666666666666
0 0.83984375 0.6002604166666666 0.0078125 0.014322916666666666
0 0.7802734375 0.5768229166666666 0.0068359375 0.01171875
0 0.83984375 0.5572916666666666 0.0078125 0.013020833333333334
0 0.8857421875 0.65625 0.009765625 0.018229166666666668
0 0.251953125 0.73828125 0.0146484375 0.0234375
0 0.2333984375 0.5455729166666666 0.0087890625 0.015625
0 0.046875 0.4192708333333333 0.0068359375 0.01171875
0 0.0634765625 0.37890625 0.0078125 0.01171875
0 0.0341796875 0.3854166666666667 0.0068359375 0.013020833333333334
0 0.2900390625 0.9127604166666666 0.0146484375 0.02734375