0 0.0263671875 0.16927083333333334 0.0078125 0.01171875
0 0.0546875 0.171875 0.0078125 0.013020833333333334
0 0.015625 0.20572916666666666 0.005859375 0.01171875
0 0.0224609375 0.2421875 0.0087890625 0.014322916666666666
0 0.0712890625 0.2421875 0.0078125 0.013020833333333334
0 0.107421875 0.24479166666666666 0.0078125 0.014322916666666666
0 0.1259765625 0.24479166666666666 0.009765625 0.015625
0 0.05859375 0.2825520833333333 0.0087890625 0.013020833333333334
0 0.0625 0.3190104166666667 0.0087890625 0.015625
0 0.041015625 0.3203125 0.009765625 0.014322916666666666
0 0.0205078125 0.3216145833333333 0.0087890625 0.015625
0 0.173828125 0.11328125 0.009765625 0.01171875
0 0.2919921875 0.14322916666666666 0.0078125 0.01171875
0 0.2724609375 0.13802083333333334 0.0078125 0.013020833333333334
0 0.248046875 0.14322916666666666 0.0078125 0.010416666666666666
0 0.189453125 0.18098958333333334 0.0078125 0.013020833333333334
0 0.212890625 0.17447916666666666 0.0087890625 0.014322916666666666
0 0.2392578125 0.17447916666666666 0.0068359375 0.014322916666666666
0 0.259765625 0.17708333333333334 0.0068359375 0.01171875
0 0.2822265625 0.17838541666666666 0.0078125 0.01171875
0 0.341796875 0.20833333333333334 0.009765625 0.013020833333333334
0 0.31640625 0.21354166666666666 0.009765625 0.01171875
0 0.375 0.2747395833333333 0.0087890625 0.013020833333333334
0 0.3466796875 0.28515625 0.0087890625 0.013020833333333334
0 0.2548828125 0.2838541666666667 0.0068359375 0.013020833333333334
0 0.232421875 0.2734375 0.009765625 0.013020833333333334
0 0.25 0.3151041666666667 0.009765625 0.01171875
0 0.275390625 0.3229166666666667 0.0087890625 0.013020833333333334
0 0.294921875 0.3216145833333333 0.0068359375 0.013020833333333334
0 0.3232421875 0.3177083333333333 0.009765625 0.016927083333333332
0 0.345703125 0.32421875 0.009765625 0.013020833333333334
0 0.3662109375 0.328125 0.009765625 0.014322916666666666
0 0.4599609375 0.3203125 0.0087890625 0.015625
0 0.4033203125 0.109375 0.0068359375 0.013020833333333334
0 0.4228515625 0.11197916666666667 0.0087890625 0.013020833333333334
0 0.400390625 0.14192708333333334 0.0078125 0.014322916666666666
0 0.4208984375 0.13802083333333334 0.0078125 0.013020833333333334
0 0.4443359375 0.14453125 0.0068359375 0.01171875
0 0.4658203125 0.13802083333333334 0.0078125 0.013020833333333334
0 0.509765625 0.17838541666666666 0.0087890625 0.01171875
0 0.43359375 0.21484375 0.0078125 0.01171875
0 0.4560546875 0.20833333333333334 0.0078125 0.015625
0 0.478515625 0.21354166666666666 0.0078125 0.014322916666666666
0 0.5009765625 0.21354166666666666 0.0078125 0.013020833333333334
0 0.572265625 0.21354166666666666 0.0078125 0.013020833333333334
0 0.474609375 0.24609375 0.009765625 0.013020833333333334
0 0.50390625 0.25 0.0087890625 0.015625
0 0.525390625 0.24869791666666666 0.0078125 0.01171875
0 0.5517578125 0.24479166666666666 0.0078125 0.013020833333333334
0 0.4833984375 0.27734375 0.0078125 0.014322916666666666
0 0.5078125 0.2825520833333333 0.0078125 0.013020833333333334
0 0.5361328125 0.2760416666666667 0.0078125 0.015625
0 0.5791015625 0.2760416666666667 0.0087890625 0.013020833333333334
0 0.599609375 0.28125 0.0078125 0.013020833333333334
0 0.4873046875 0.31640625 0.0107421875 0.016927083333333332
0 0.51171875 0.3203125 0.009765625 0.015625
0 0.5341796875 0.3190104166666667 0.0078125 0.014322916666666666
0 0.55859375 0.31640625 0.0078125 0.01171875
0 0.5859375 0.32421875 0.0068359375 0.014322916666666666
0 0.611328125 0.3203125 0.0078125 0.01171875
0 0.634765625 0.3190104166666667 0.0087890625 0.01171875
0 0.626953125 0.2838541666666667 0.0078125 0.010416666666666666
0 0.6435546875 0.14322916666666666 0.0078125 0.014322916666666666
0 0.6875 0.14192708333333334 0.0087890625 0.01171875
0 0.6796875 0.11197916666666667 0.0078125 0.01171875
0 0.7099609375 0.14973958333333334 0.0068359375 0.010416666666666666
0 0.64453125 0.24869791666666666 0.005859375 0.01171875
0 0.671875 0.2643229166666667 0.0087890625 0.01171875
0 0.7919921875 0.19010416666666666 0.0068359375 0.013020833333333334
0 0.818359375 0.1875 0.0078125 0.014322916666666666
0 0.9677734375 0.2421875 0.0078125 0.013020833333333334
0 0.9853515625 0.2421875 0.0087890625 0.014322916666666666
0 0.9912109375 0.2825520833333333 0.0087890625 0.013020833333333334
0 0.7626953125 0.2838541666666667 0.0068359375 0.014322916666666666
0 0.8115234375 0.3203125 0.0087890625 0.013020833333333334
0 0.0029296875 0.5729166666666666 0.005859375 0.013020833333333334
0 0.0341796875 0.5520833333333334 0.009765625 0.014322916666666666
0 0.052734375 0.5703125 0.0078125 0.013020833333333334
0 0.0908203125 0.5247395833333334 0.0068359375 0.01171875
0 0.1552734375 0.546875 0.0087890625 0.013020833333333334
0 0.142578125 0.5182291666666666 0.0087890625 0.013020833333333334
0 0.2138671875 0.5065104166666666 0.0078125 0.014322916666666666
0 0.228515625 0.5390625 0.0087890625 0.01171875
0 0.3330078125 0.5716145833333334 0.0126953125 0.015625
0 0.349609375 0.5104166666666666 0.0078125 0.014322916666666666
0 0.4521484375 0.51953125 0.0087890625 0.013020833333333334
0 0.4833984375 0.546875 0.0078125 0.013020833333333334
0 0.4853515625 0.51171875 0.0078125 0.010416666666666666
0 0.515625 0.5416666666666666 0.0078125 0.014322916666666666
0 0.52734375 0.5729166666666666 0.009765625 0.016927083333333332
0 0.5439453125 0.5442708333333334 0.0078125 0.01171875
0 0.576171875 0.546875 0.0107421875 0.014322916666666666
0 0.8076171875 0.52734375 0.0087890625 0.013020833333333334
0 0.8349609375 0.5364583333333334 0.0078125 0.01171875
0 0.83984375 0.5716145833333334 0.0107421875 0.016927083333333332
0 0.923828125 0.5859375 0.01171875 0.020833333333333332
0 0.318359375 0.9075520833333334 0.009765625 0.02734375
0 0.951171875 0.7669270833333334 0.0078125 0.016927083333333332
0 0.619140625 0.24609375 0.005859375 0.010416666666666666
0 0.65234375 0.2825520833333333 0.005859375 0.010416666666666666
0 0.6845703125 0.21354166666666666 0.0068359375 0.014322916666666666
0 0.693359375 0.1796875 0.005859375 0.013020833333333334
0 0.6689453125 0.17578125 0.0068359375 0.01171875
0 0.6484375 0.17447916666666666 0.0068359375 0.01171875
0 0.62109375 0.17838541666666666 0.0068359375 0.01171875
0 0.580078125 0.17447916666666666 0.005859375 0.01171875
0 0.6630859375 0.14583333333333334 0.005859375 0.01171875
0 0.744140625 0.10546875 0.0068359375 0.010416666666666666
0 0.697265625 0.11197916666666667 0.005859375 0.01171875
0 0.6162109375 0.10807291666666667 0.0068359375 0.013020833333333334
0 0.6552734375 0.10807291666666667 0.0068359375 0.01171875
0 0.591796875 0.109375 0.0078125 0.013020833333333334
0 0.572265625 0.11197916666666667 0.0068359375 0.01171875
0 0.5771484375 0.14583333333333334 0.0068359375 0.01171875
0 0.595703125 0.14453125 0.0068359375 0.01171875
0 0.6005859375 0.1796875 0.0068359375 0.01171875
0 0.5341796875 0.18098958333333334 0.0078125 0.01171875
0 0.5517578125 0.20833333333333334 0.0068359375 0.01171875
0 0.576171875 0.24348958333333334 0.0078125 0.014322916666666666
0 0.599609375 0.24348958333333334 0.0068359375 0.01171875
0 0.5244140625 0.20963541666666666 0.0068359375 0.01171875
0 0.59375 0.20963541666666666 0.0068359375 0.01171875
0 0.6171875 0.2109375 0.0068359375 0.01171875
0 0.458984375 0.2786458333333333 0.0068359375 0.01171875
0 0.326171875 0.2799479166666667 0.0068359375 0.01171875
0 0.3359375 0.24348958333333334 0.0078125 0.010416666666666666
0 0.36328125 0.24609375 0.0068359375 0.01171875
0 0.3916015625 0.2513020833333333 0.0068359375 0.013020833333333334
0 0.2939453125 0.24348958333333334 0.005859375 0.010416666666666666
0 0.267578125 0.25 0.0068359375 0.01171875
0 0.2451171875 0.24479166666666666 0.0078125 0.013020833333333334
0 0.21875 0.24348958333333334 0.0078125 0.01171875
0 0.2802734375 0.2799479166666667 0.0068359375 0.013020833333333334
0 0.302734375 0.2786458333333333 0.0068359375 0.01171875
0 0.224609375 0.21614583333333334 0.005859375 0.01171875
0 0.205078125 0.21223958333333334 0.005859375 0.01171875
0 0.24609375 0.20703125 0.0078125 0.013020833333333334
0 0.271484375 0.2109375 0.0068359375 0.013020833333333334
0 0.29296875 0.2109375 0.005859375 0.010416666666666666
0 0.3662109375 0.20572916666666666 0.0068359375 0.01171875
0 0.3896484375 0.2109375 0.0078125 0.01171875
0 0.412109375 0.20963541666666666 0.0068359375 0.013020833333333334
0 0.390625 0.3203125 0.0068359375 0.014322916666666666
0 0.4189453125 0.3216145833333333 0.0068359375 0.01171875
0 0.439453125 0.3177083333333333 0.0068359375 0.013020833333333334
0 0.302734375 0.16927083333333334 0.0068359375 0.013020833333333334
0 0.3291015625 0.17447916666666666 0.005859375 0.010416666666666666
0 0.349609375 0.17578125 0.005859375 0.010416666666666666
0 0.3701171875 0.17578125 0.0068359375 0.013020833333333334
0 0.3759765625 0.13671875 0.0068359375 0.013020833333333334
0 0.2294921875 0.13802083333333334 0.0068359375 0.01171875
0 0.2060546875 0.13802083333333334 0.0068359375 0.01171875
0 0.1796875 0.13541666666666666 0.0068359375 0.01171875
0 0.197265625 0.11328125 0.0068359375 0.01171875
0 0.2138671875 0.10807291666666667 0.0068359375 0.01171875
0 0.2333984375 0.10807291666666667 0.0078125 0.01171875
0 0.255859375 0.10546875 0.005859375 0.01171875
0 0.2783203125 0.10807291666666667 0.0068359375 0.010416666666666666
0 0.298828125 0.109375 0.005859375 0.010416666666666666
0 0.3173828125 0.10807291666666667 0.005859375 0.013020833333333334
0 0.33984375 0.10677083333333333 0.005859375 0.010416666666666666
0 0.3583984375 0.11067708333333333 0.005859375 0.013020833333333334
0 0.3798828125 0.109375 0.0068359375 0.01171875
0 0.3564453125 0.14192708333333334 0.0068359375 0.013020833333333334
0 0.3349609375 0.13932291666666666 0.0068359375 0.013020833333333334
0 0.3134765625 0.140625 0.005859375 0.01171875
0 0.4482421875 0.10677083333333333 0.0048828125 0.010416666666666666
0 0.46875 0.109375 0.0068359375 0.01171875
0 0.4873046875 0.11197916666666667 0.005859375 0.01171875
0 0.5126953125 0.11067708333333333 0.005859375 0.010416666666666666
0 0.5263671875 0.10807291666666667 0.0068359375 0.01171875
0 0.5478515625 0.11067708333333333 0.0068359375 0.01171875
0 0.556640625 0.14322916666666666 0.005859375 0.010416666666666666
0 0.513671875 0.14322916666666666 0.0068359375 0.01171875
0 0.4873046875 0.140625 0.0068359375 0.013020833333333334
0 0.4658203125 0.17317708333333334 0.0068359375 0.01171875
0 0.44140625 0.17578125 0.0078125 0.01171875
0 0.4208984375 0.17578125 0.0068359375 0.010416666666666666
0 0.3955078125 0.17578125 0.0068359375 0.010416666666666666
0 0.9052734375 0.3359375 0.0068359375 0.010416666666666666
0 0.9150390625 0.3216145833333333 0.0078125 0.014322916666666666
0 0.9375 0.3307291666666667 0.0068359375 0.01171875
0 0.9052734375 0.2877604166666667 0.0068359375 0.013020833333333334
0 0.880859375 0.28515625 0.0078125 0.01171875
0 0.8486328125 0.28515625 0.0068359375 0.01171875
0 0.8037109375 0.2786458333333333 0.0068359375 0.013020833333333334
0 0.7509765625 0.27734375 0.0087890625 0.01171875
0 0.8623046875 0.24609375 0.0078125 0.013020833333333334
0 0.880859375 0.24479166666666666 0.0078125 0.013020833333333334
0 0.900390625 0.24609375 0.0087890625 0.013020833333333334
0 0.923828125 0.23567708333333334 0.0078125 0.014322916666666666
0 0.9501953125 0.23828125 0.009765625 0.014322916666666666
0 0.9248046875 0.2864583333333333 0.0078125 0.013020833333333334
0 0.9609375 0.2825520833333333 0.0078125 0.014322916666666666
0 0.81640625 0.2421875 0.0068359375 0.01171875
0 0.7822265625 0.24348958333333334 0.005859375 0.01171875
0 0.7529296875 0.24348958333333334 0.0078125 0.013020833333333334
0 0.78125 0.5286458333333334 0.0087890625 0.014322916666666666
0 0.755859375 0.51953125 0.0078125 0.01171875
0 0.73046875 0.5247395833333334 0.0068359375 0.013020833333333334
0 0.736328125 0.5494791666666666 0.009765625 0.015625
0 0.716796875 0.5390625 0.009765625 0.014322916666666666
0 0.70703125 0.5091145833333334 0.0087890625 0.013020833333333334
0 0.6748046875 0.5390625 0.0078125 0.013020833333333334
0 0.6640625 0.51171875 0.0078125 0.01171875
0 0.638671875 0.5403645833333334 0.0078125 0.013020833333333334
0 0.6279296875 0.5169270833333334 0.0078125 0.013020833333333334
0 0.60546875 0.5403645833333334 0.0087890625 0.013020833333333334
0 0.4150390625 0.5182291666666666 0.0078125 0.013020833333333334
0 0.517578125 0.5143229166666666 0.0078125 0.013020833333333334
0 0.552734375 0.51953125 0.0078125 0.013020833333333334
0 0.587890625 0.5065104166666666 0.0087890625 0.01171875
0 0.447265625 0.5416666666666666 0.0087890625 0.015625
0 0.3505859375 0.54296875 0.0078125 0.013020833333333334
0 0.4072265625 0.5677083333333334 0.0078125 0.014322916666666666
0 0.4150390625 0.546875 0.0087890625 0.013020833333333334
0 0.384765625 0.5078125 0.0087890625 0.014322916666666666
0 0.314453125 0.5130208333333334 0.0078125 0.010416666666666666
0 0.28125 0.5130208333333334 0.0087890625 0.01171875
0 0.25 0.51171875 0.0078125 0.014322916666666666
0 0.2607421875 0.54296875 0.0087890625 0.01171875
0 0.314453125 0.5442708333333334 0.0078125 0.01171875
0 0.29296875 0.54296875 0.0078125 0.010416666666666666
0 0.3818359375 0.5390625 0.0087890625 0.013020833333333334
0 0.1162109375 0.52734375 0.0078125 0.010416666666666666
0 0.177734375 0.51171875 0.0078125 0.013020833333333334
0 0.1806640625 0.54296875 0.0068359375 0.014322916666666666
0 0.1416015625 0.28125 0.0087890625 0.010416666666666666
0 0.150390625 0.3151041666666667 0.0068359375 0.013020833333333334
0 0.123046875 0.3138020833333333 0.0068359375 0.01171875
0 0.1044921875 0.3216145833333333 0.0078125 0.01171875
0 0.087890625 0.3190104166666667 0.0068359375 0.013020833333333334
0 0.1005859375 0.27734375 0.0087890625 0.013020833333333334
0 0.078125 0.2786458333333333 0.0078125 0.01171875
0 0.037109375 0.2799479166666667 0.0087890625 0.014322916666666666
0 0.0146484375 0.2786458333333333 0.0078125 0.014322916666666666
0 0.0478515625 0.23828125 0.0078125 0.014322916666666666
0 0.0390625 0.20703125 0.0078125 0.013020833333333334
0 0.060546875 0.20052083333333334 0.0068359375 0.01171875
0 0.068359375 0.171875 0.0068359375 0.01171875
0 0.091796875 0.171875 0.005859375 0.01171875
0 0.8359375 0.2825520833333333 0.0068359375 0.013020833333333334
0 0.7626953125 0.3177083333333333 0.0078125 0.01171875
0 0.7958984375 0.328125 0.009765625 0.016927083333333332
0 0.8291015625 0.3203125 0.0068359375 0.013020833333333334
0 0.8544921875 0.32421875 0.0068359375 0.013020833333333334
0 0.873046875 0.3307291666666667 0.0078125 0.01171875
0 0.89453125 0.3255208333333333 0.0078125 0.015625
0 0.74609375 0.3203125 0.0068359375 0.01171875
0 0.7314453125 0.3229166666666667 0.0068359375 0.010416666666666666
0 0.80078125 0.24088541666666666 0.0068359375 0.010416666666666666
0 0.8408203125 0.24739583333333334 0.0068359375 0.010416666666666666
0 0.90625 0.7526041666666666 0.0126953125 0.022135416666666668
0 0.9677734375 0.7825520833333334 0.0126953125 0.02734375
0 0.8828125 0.5911458333333334 0.0107421875 0.013020833333333334