0 0.5947265625 0.3724340175953079 0.0625 0.15102639296187684
0 0.17578125 0.2434017595307918 0.0751953125 0.19648093841642228
0 0.9033203125 0.036656891495601175 0.046875 0.0718475073313783
0 0.4521484375 0.19208211143695014 0.041015625 0.07038123167155426
0 0.708984375 0.1627565982404692 0.03125 0.060117302052785926
0 0.572265625 0.24193548387096775 0.0361328125 0.07917888563049853
0 0.2626953125 0.18914956011730205 0.029296875 0.04985337243401759
0 0.822265625 0.01466275659824047 0.0322265625 0.030791788856304986
0 0.580078125 0.10117302052785923 0.0224609375 0.0469208211143695
0 0.5439453125 0.15542521994134897 0.0205078125 0.04985337243401759
0 0.3232421875 0.19648093841642228 0.03515625 0.06451612903225806
0 0.1982421875 0.18035190615835778 0.0224609375 0.06304985337243402
0 0.208984375 0.1158357771260997 0.02734375 0.054252199413489736
0 0.291015625 0.12463343108504399 0.021484375 0.04105571847507331
0 0.3759765625 0.13196480938416422 0.021484375 0.04985337243401759
0 0.734375 0.10410557184750734 0.0263671875 0.05571847507331378
0 0.51953125 0.08357771260997067 0.02734375 0.051319648093841645
0 0.3212890625 0.08064516129032258 0.01953125 0.04398826979472141
0 0.427734375 0.05865102639296188 0.01953125 0.03812316715542522
0 0.384765625 0.07331378299120235 0.0224609375 0.04105571847507331
0 0.490234375 0.04838709677419355 0.0166015625 0.039589442815249266
0 0.5673828125 0.06304985337243402 0.0185546875 0.024926686217008796
0 0.6796875 0.10263929618768329 0.0205078125 0.026392961876832845
0 0.6416015625 0.10263929618768329 0.02734375 0.039589442815249266
0 0.623046875 0.06304985337243402 0.0185546875 0.03372434017595308
0 0.396484375 0.22287390029325513 0.02734375 0.05571847507331378
0 0.611328125 0.15689149560117302 0.0224609375 0.045454545454545456