0 0.01171875 0.4075520833333333 0.0185546875 0.02734375
0 0.015625 0.4348958333333333 0.021484375 0.033854166666666664
0 0.0341796875 0.4114583333333333 0.025390625 0.041666666666666664
0 0.078125 0.421875 0.029296875 0.040364583333333336
0 0.1259765625 0.4375 0.021484375 0.036458333333333336
0 0.1533203125 0.4375 0.0224609375 0.036458333333333336
0 0.189453125 0.4205729166666667 0.0244140625 0.036458333333333336
0 0.1591796875 0.3880208333333333 0.01953125 0.03125
0 0.2255859375 0.4036458333333333 0.017578125 0.032552083333333336
0 0.2490234375 0.3984375 0.025390625 0.036458333333333336
0 0.251953125 0.4322916666666667 0.0205078125 0.040364583333333336
0 0.291015625 0.4010416666666667 0.0322265625 0.046875
0 0.318359375 0.4088541666666667 0.0244140625 0.044270833333333336
0 0.3798828125 0.3190104166666667 0.017578125 0.02734375
0 0.365234375 0.4231770833333333 0.0205078125 0.037760416666666664
0 0.384765625 0.4192708333333333 0.0224609375 0.037760416666666664
0 0.40625 0.41796875 0.021484375 0.032552083333333336
0 0.3828125 0.3736979166666667 0.0166015625 0.041666666666666664
0 0.466796875 0.4075520833333333 0.0302734375 0.055989583333333336
0 0.5 0.3763020833333333 0.0126953125 0.02734375
0 0.5166015625 0.4010416666666667 0.0224609375 0.040364583333333336
0 0.552734375 0.4010416666666667 0.033203125 0.049479166666666664
0 0.59375 0.390625 0.025390625 0.037760416666666664
0 0.380859375 0.48046875 0.0224609375 0.04296875
0 0.431640625 0.4817708333333333 0.0234375 0.0390625
0 0.4501953125 0.40625 0.0234375 0.045572916666666664
0 0.623046875 0.4088541666666667 0.021484375 0.032552083333333336
0 0.6474609375 0.41015625 0.033203125 0.055989583333333336
0 0.6875 0.3776041666666667 0.01953125 0.033854166666666664
0 0.705078125 0.3984375 0.021484375 0.036458333333333336
0 0.71875 0.4596354166666667 0.021484375 0.036458333333333336
0 0.76953125 0.3893229166666667 0.0224609375 0.036458333333333336
0 0.7705078125 0.4153645833333333 0.0224609375 0.0390625
0 0.7861328125 0.4192708333333333 0.025390625 0.04296875
0 0.8212890625 0.44140625 0.0107421875 0.029947916666666668
0 0.861328125 0.3359375 0.0234375 0.03515625
0 0.849609375 0.3880208333333333 0.025390625 0.040364583333333336
0 0.873046875 0.37109375 0.0234375 0.041666666666666664
0 0.91015625 0.3606770833333333 0.0244140625 0.044270833333333336
0 0.91796875 0.3854166666666667 0.0244140625 0.033854166666666664
0 0.9443359375 0.3645833333333333 0.0263671875 0.053385416666666664
0 0.947265625 0.4856770833333333 0.02734375 0.049479166666666664
0 0.9912109375 0.39453125 0.0166015625 0.045572916666666664
0 0.99609375 0.3971354166666667 0.0068359375 0.040364583333333336
0 0.9853515625 0.3606770833333333 0.01953125 0.033854166666666664
0 0.2587890625 0.6028645833333334 0.0205078125 0.028645833333333332
0 0.34375 0.6197916666666666 0.015625 0.033854166666666664
0 0.8671875 0.6966145833333334 0.025390625 0.052083333333333336
0 0.884765625 0.7526041666666666 0.025390625 0.05078125
0 0.884765625 0.79296875 0.015625 0.049479166666666664
0 0.9931640625 0.73046875 0.013671875 0.05078125
0 0.9306640625 0.89453125 0.044921875 0.07682291666666667
0 0.8251953125 0.859375 0.021484375 0.0546875