0 0.3525390625 0.7311060655205969 0.0263671875 0.013623094388582549
0 0.166015625 0.762244566980214 0.029296875 0.011028219266947779
0 0.166015625 0.7765163801492053 0.0263671875 0.012001297437560817
0 0.1171875 0.7651638014920532 0.03125 0.012974375608173857
0 0.546875 0.735971456373662 0.025390625 0.012001297437560817
0 0.541015625 0.7482971132014272 0.0263671875 0.013298734998378203
0 0.5517578125 0.7645150827116445 0.0283203125 0.013947453778786896
0 0.5859375 0.761271488809601 0.02734375 0.014920531949399934
0 0.61328125 0.767758676613688 0.0322265625 0.015244891339604282
0 0.611328125 0.7521894258838794 0.021484375 0.010703859876743431
0 0.6357421875 0.751865066493675 0.033203125 0.014596172559195588
0 0.6669921875 0.7567304573467402 0.033203125 0.015569250729808628
0 0.6923828125 0.7508919883230619 0.0283203125 0.010379500486539085
0 0.7216796875 0.7324035030814142 0.0234375 0.012974375608173857
0 0.7470703125 0.7502432695426533 0.03515625 0.014920531949399934
0 0.7861328125 0.7463509568602011 0.0244140625 0.012325656827765165
0 0.755859375 0.7674343172234837 0.0458984375 0.02173207914369121
0 0.697265625 0.7680830360038923 0.0390625 0.01719104768083036
0 0.884765625 0.7317547843010055 0.0302734375 0.013298734998378203
0 0.8369140625 0.7502432695426533 0.0283203125 0.014271813168991242
0 0.8525390625 0.7466753162504054 0.0283203125 0.015569250729808628
0 0.8662109375 0.7599740512487837 0.0322265625 0.014920531949399934
0 0.822265625 0.7791112552708401 0.041015625 0.02270515731430425
0 0.8955078125 0.7791112552708401 0.0390625 0.018488485241647746
0 0.9462890625 0.7680830360038923 0.0439453125 0.019137204022056438
0 0.919921875 0.7959779435614661 0.0361328125 0.02530003243593902
0 0.9912109375 0.751865066493675 0.017578125 0.014920531949399934
0 0.029296875 0.7719753486863444 0.0419921875 0.016217969510217322