0 0.7607421875 0.7915350600126342 0.080078125 0.07706885660138976
0 0.58984375 0.8231206569804169 0.087890625 0.07264687302590019
0 0.646484375 0.7454200884396716 0.0263671875 0.02147820593809223
0 0.701171875 0.6759317751105496 0.0146484375 0.013265950726468731
0 0.6787109375 0.6910928616550853 0.013671875 0.010739102969046115
0 0.638671875 0.7037271004421983 0.0146484375 0.01010739102969046
0 0.6025390625 0.6929879974731522 0.015625 0.014529374605180037
0 0.6943359375 0.5615919140871762 0.0458984375 0.035375868603916616
0 0.60546875 0.5085281111813014 0.0322265625 0.027795325331648767
0 0.5185546875 0.5590650663297536 0.0419921875 0.03853442830069488
0 0.4443359375 0.540113708149084 0.0302734375 0.027795325331648767
0 0.50390625 0.4226152874289324 0.087890625 0.07517372078332281
0 0.421875 0.38408085912823753 0.091796875 0.08528111181301326
0 0.3173828125 0.408717624763108 0.134765625 0.1408717624763108
0 0.1083984375 0.4668351231838282 0.134765625 0.1408717624763108
0 0.6142578125 0.22109917877447885 0.09765625 0.07138344914718889
0 0.17578125 0.20846493998736576 0.10546875 0.10170562223626027