0 0.560546875 0.94921875 0.01171875 0.018229166666666668
0 0.5224609375 0.9427083333333334 0.013671875 0.022135416666666668
0 0.482421875 0.9348958333333334 0.01171875 0.015625
0 0.412109375 0.8177083333333334 0.0146484375 0.02734375
0 0.8974609375 0.5104166666666666 0.0234375 0.037760416666666664
0 0.869140625 0.4752604166666667 0.015625 0.022135416666666668
0 0.521484375 0.51953125 0.0224609375 0.037760416666666664
0 0.4931640625 0.48828125 0.015625 0.0234375
0 0.169921875 0.52734375 0.0224609375 0.037760416666666664
0 0.14453125 0.49609375 0.013671875 0.0234375
0 0.1494140625 0.4466145833333333 0.0087890625 0.0234375
0 0.498046875 0.4388020833333333 0.0087890625 0.024739583333333332
0 0.8720703125 0.4270833333333333 0.01171875 0.032552083333333336
0 0.763671875 0.6354166666666666 0.0126953125 0.020833333333333332