0 0.6123046875 0.5924479166666666 0.01171875 0.01953125
0 0.5048828125 0.5859375 0.013671875 0.020833333333333332
0 0.388671875 0.5911458333333334 0.01171875 0.01953125
0 0.4404296875 0.7330729166666666 0.015625 0.036458333333333336
0 0.240234375 0.87109375 0.0283203125 0.08072916666666667
0 0.83984375 0.8489583333333334 0.037109375 0.07291666666666667
0 0.9189453125 0.6783854166666666 0.0107421875 0.016927083333333332
0 0.4013671875 0.7083333333333334 0.0087890625 0.01953125
0 0.458984375 0.66796875 0.005859375 0.010416666666666666
0 0.2216796875 0.7252604166666666 0.0146484375 0.020833333333333332
0 0.3759765625 0.6705729166666666 0.0087890625 0.013020833333333334
0 0.8896484375 0.6770833333333334 0.0068359375 0.013020833333333334
0 0.8037109375 0.6666666666666666 0.0048828125 0.0078125