0 0.4951171875 0.2916666666666667 0.09375 0.1484375
0 0.4912109375 0.4466145833333333 0.0517578125 0.09505208333333333
0 0.5810546875 0.484375 0.0458984375 0.08463541666666667
0 0.66796875 0.4453125 0.0478515625 0.08333333333333333
0 0.896484375 0.4778645833333333 0.0625 0.11328125
0 0.7919921875 0.4661458333333333 0.0576171875 0.10286458333333333
0 0.6865234375 0.5703125 0.0439453125 0.07942708333333333
0 0.2021484375 0.47265625 0.0458984375 0.08463541666666667
0 0.3037109375 0.4283854166666667 0.0439453125 0.08072916666666667
0 0.384765625 0.4921875 0.0458984375 0.08333333333333333
0 0.294921875 0.5611979166666666 0.05078125 0.08463541666666667
0 0.1083984375 0.5013020833333334 0.07421875 0.14973958333333334