0 0.83203125 0.37042459736456806 0.015625 0.027818448023426062
0 0.712890625 0.3645680819912152 0.017578125 0.03367496339677892
0 0.5556640625 0.34553440702781846 0.015625 0.03074670571010249
0 0.7509765625 0.3923865300146413 0.0087890625 0.01903367496339678
0 0.501953125 0.37774524158125916 0.017578125 0.03074670571010249
0 0.2099609375 0.40263543191800877 0.015625 0.032210834553440704
0 0.78515625 0.8857979502196194 0.0419921875 0.08345534407027819
0 0.51171875 0.7306002928257687 0.009765625 0.03513909224011713
0 0.4287109375 0.6998535871156661 0.0146484375 0.043923865300146414
0 0.3115234375 0.657393850658858 0.009765625 0.027818448023426062
0 0.244140625 0.7247437774524158 0.0166015625 0.03806734992679356
0 0.140625 0.8931185944363104 0.0439453125 0.07906295754026355
0 0.173828125 0.8169838945827232 0.013671875 0.04685212298682284
0 0.095703125 0.7818448023426061 0.0166015625 0.055636896046852125
0 0.2578125 0.9370424597364568 0.0185546875 0.055636896046852125
0 0.3740234375 0.6515373352855052 0.0078125 0.029282576866764276