0 0.9296875 0.4973958333333333 0.0283203125 0.046875
0 0.9833984375 0.4934895833333333 0.017578125 0.029947916666666668
0 0.884765625 0.51953125 0.029296875 0.049479166666666664
0 0.8447265625 0.5130208333333334 0.0380859375 0.06640625
0 0.8115234375 0.5013020833333334 0.0224609375 0.040364583333333336
0 0.763671875 0.5325520833333334 0.0390625 0.07421875
0 0.7158203125 0.5143229166666666 0.033203125 0.061197916666666664
0 0.7138671875 0.5950520833333334 0.0517578125 0.07552083333333333
0 0.66796875 0.5377604166666666 0.0400390625 0.0703125
0 0.6826171875 0.4856770833333333 0.02734375 0.04296875
0 0.6455078125 0.4765625 0.025390625 0.04296875
0 0.73046875 0.3919270833333333 0.015625 0.02734375
0 0.6943359375 0.4518229166666667 0.0234375 0.036458333333333336
0 0.6484375 0.3736979166666667 0.013671875 0.024739583333333332
0 0.607421875 0.5 0.033203125 0.0625
0 0.580078125 0.48828125 0.0224609375 0.04296875
0 0.5576171875 0.4049479166666667 0.013671875 0.0234375
0 0.58984375 0.6536458333333334 0.0576171875 0.11458333333333333
0 0.5615234375 0.5755208333333334 0.0498046875 0.08203125
0 0.5166015625 0.5299479166666666 0.037109375 0.0703125
0 0.5107421875 0.46875 0.01953125 0.032552083333333336
0 0.4404296875 0.4713541666666667 0.01953125 0.032552083333333336
0 0.396484375 0.5729166666666666 0.0595703125 0.10546875
0 0.40234375 0.4869791666666667 0.037109375 0.061197916666666664
0 0.3740234375 0.4830729166666667 0.01953125 0.037760416666666664
0 0.3671875 0.4635416666666667 0.0185546875 0.033854166666666664
0 0.314453125 0.5598958333333334 0.0361328125 0.052083333333333336
0 0.2822265625 0.4908854166666667 0.0263671875 0.053385416666666664
0 0.2802734375 0.4440104166666667 0.017578125 0.02734375
0 0.2783203125 0.7447916666666666 0.0849609375 0.17447916666666666
0 0.255859375 0.61328125 0.0458984375 0.07421875
0 0.2412109375 0.4661458333333333 0.01953125 0.044270833333333336
0 0.208984375 0.46875 0.025390625 0.04296875
0 0.1708984375 0.4869791666666667 0.0322265625 0.052083333333333336
0 0.154296875 0.65234375 0.0771484375 0.14322916666666666
0 0.1337890625 0.5755208333333334 0.0400390625 0.078125
0 0.1015625 0.4934895833333333 0.02734375 0.05078125
0 0.0400390625 0.51171875 0.0341796875 0.06901041666666667
0 0.05859375 0.4466145833333333 0.017578125 0.029947916666666668
0 0.029296875 0.4557291666666667 0.015625 0.036458333333333336
0 0.0810546875 0.484375 0.01953125 0.032552083333333336
0 0.154296875 0.484375 0.0185546875 0.036458333333333336
0 0.1484375 0.46484375 0.0166015625 0.032552083333333336