0 0.9580078125 0.5695121951219512 0.03515625 0.04878048780487805
0 0.8203125 0.598780487804878 0.037109375 0.05975609756097561
0 0.708984375 0.5817073170731707 0.0361328125 0.05
0 0.611328125 0.5878048780487805 0.0341796875 0.06707317073170732
0 0.4404296875 0.7195121951219512 0.033203125 0.054878048780487805
0 0.7431640625 0.17560975609756097 0.021484375 0.036585365853658534
0 0.478515625 0.14268292682926828 0.0244140625 0.05365853658536585
0 0.36328125 0.7573170731707317 0.0322265625 0.042682926829268296
0 0.2958984375 0.7634146341463415 0.0263671875 0.0475609756097561
0 0.23828125 0.7975609756097561 0.0283203125 0.0524390243902439
0 0.2041015625 0.7524390243902439 0.0234375 0.03170731707317073
0 0.166015625 0.7560975609756098 0.029296875 0.05365853658536585
0 0.0986328125 0.7658536585365854 0.0263671875 0.042682926829268296
0 0.0478515625 0.7646341463414634 0.03125 0.045121951219512194
0 0.1787109375 0.0951219512195122 0.0380859375 0.07317073170731707