0 0.861328125 0.6585365853658537 0.0361328125 0.06219512195121951
0 0.9033203125 0.35 0.0302734375 0.045121951219512194
0 0.693359375 0.4902439024390244 0.0234375 0.04878048780487805
0 0.61328125 0.3951219512195122 0.0390625 0.08170731707317073
0 0.5732421875 0.4219512195121951 0.0390625 0.06463414634146342
0 0.4150390625 0.5158536585365854 0.025390625 0.045121951219512194
0 0.4755859375 0.7524390243902439 0.0380859375 0.07439024390243902
0 0.16796875 0.5365853658536586 0.029296875 0.03902439024390244
0 0.0927734375 0.5719512195121951 0.0205078125 0.04390243902439024
0 0.0771484375 0.5 0.0263671875 0.03902439024390244
0 0.0693359375 0.6780487804878049 0.0341796875 0.08048780487804878