0 0.9775390625 0.21861777150916784 0.02734375 0.0465444287729196
0 0.96484375 0.1918194640338505 0.025390625 0.039492242595204514
0 0.93359375 0.18194640338504936 0.0146484375 0.028208744710860368
0 0.8896484375 0.2073342736248237 0.01953125 0.03526093088857546
0 0.912109375 0.25811001410437234 0.0302734375 0.05077574047954866
0 0.9150390625 0.32722143864598024 0.05078125 0.09026798307475317
0 0.8359375 0.3314527503526093 0.0498046875 0.09590973201692525
0 0.8359375 0.2016925246826516 0.0185546875 0.03244005641748942
0 0.7998046875 0.21015514809590974 0.021484375 0.0380818053596615
0 0.7900390625 0.25811001410437234 0.0234375 0.0465444287729196
0 0.765625 0.4090267983074753 0.078125 0.13540197461212977
0 0.71875 0.24118476727785615 0.025390625 0.03526093088857546
0 0.7001953125 0.22143864598025387 0.01171875 0.02538787023977433
0 0.7451171875 0.24400564174894218 0.0087890625 0.012693935119887164
0 0.8466796875 0.2059238363892807 0.0107421875 0.02538787023977433
0 0.5751953125 0.3638928067700987 0.189453125 0.39774330042313116
0 0.4140625 0.23554301833568406 0.029296875 0.0535966149506347
0 0.3818359375 0.383638928067701 0.041015625 0.05923836389280677
0 0.3623046875 0.5289139633286318 0.0859375 0.15796897038081806
0 0.38671875 0.31170662905500707 0.037109375 0.0535966149506347
0 0.333984375 0.2863187588152327 0.0244140625 0.0465444287729196
0 0.2998046875 0.3145275035260931 0.029296875 0.05500705218617771
0 0.2841796875 0.2566995768688293 0.013671875 0.022566995768688293
0 0.2529296875 0.2947813822284908 0.0224609375 0.03526093088857546
0 0.2587890625 0.2397743300423131 0.0107421875 0.01692524682651622
0 0.3740234375 0.22002820874471085 0.01171875 0.028208744710860368
0 0.3955078125 0.23272214386459802 0.009765625 0.02538787023977433
0 0.3330078125 0.2383638928067701 0.0107421875 0.018335684062059238
0 0.2861328125 0.23413258110014104 0.009765625 0.01692524682651622
0 0.2353515625 0.2679830747531735 0.017578125 0.02679830747531735
0 0.2255859375 0.23695345557122707 0.0107421875 0.015514809590973202
0 0.185546875 0.3385049365303244 0.056640625 0.08744710860366714
0 0.1728515625 0.27080394922425954 0.0224609375 0.031029619181946404
0 0.1416015625 0.23272214386459802 0.015625 0.023977433004231313
0 0.1240234375 0.36812411847672777 0.048828125 0.08885754583921016
0 0.08203125 0.383638928067701 0.0361328125 0.05923836389280677
0 0.08984375 0.5980253878702397 0.1044921875 0.153737658674189
0 0.04296875 0.3921015514809591 0.017578125 0.02679830747531735
0 0.0361328125 0.2764456981664316 0.013671875 0.02538787023977433
0 0.05859375 0.2566995768688293 0.013671875 0.02538787023977433
0 0.009765625 0.2778561354019746 0.015625 0.022566995768688293
0 0.119140625 0.30888575458392104 0.025390625 0.03385049365303244
0 0.2021484375 0.24400564174894218 0.009765625 0.018335684062059238
0 0.2099609375 0.24118476727785615 0.0087890625 0.01692524682651622