0 0.2451171875 0.6382393397524071 0.01171875 0.024759284731774415
0 0.2666015625 0.6519944979367263 0.013671875 0.02063273727647868
0 0.28125 0.6217331499312242 0.0126953125 0.02200825309491059
0 0.2939453125 0.6396148555708391 0.0126953125 0.02063273727647868
0 0.314453125 0.6121045392022009 0.025390625 0.04126547455295736
0 0.3046875 0.8143053645116919 0.025390625 0.0577716643741403
0 0.1201171875 0.6217331499312242 0.0107421875 0.023383768913342505
0 0.0546875 0.6519944979367263 0.0126953125 0.023383768913342505
0 0.068359375 0.656121045392022 0.01171875 0.02063273727647868
0 0.099609375 0.656121045392022 0.0107421875 0.01925722145804677
0 0.0947265625 0.6272352132049519 0.0107421875 0.02063273727647868
0 0.072265625 0.6272352132049519 0.009765625 0.016506189821182942
0 0.0576171875 0.6299862448418156 0.0126953125 0.017881705639614855
0 0.044921875 0.6162310866574966 0.01171875 0.01925722145804677
0 0.0341796875 0.6616231086657497 0.013671875 0.026134800550206328
0 0.0146484375 0.656121045392022 0.015625 0.024759284731774415
0 0.0068359375 0.6148555708390646 0.0087890625 0.017881705639614855
0 0.1064453125 0.546079779917469 0.009765625 0.017881705639614855
0 0.09375 0.5680880330123796 0.009765625 0.015130674002751032
0 0.0810546875 0.5722145804676754 0.009765625 0.017881705639614855
0 0.16015625 0.5997248968363136 0.009765625 0.02063273727647868
0 0.1376953125 0.6189821182943603 0.0107421875 0.015130674002751032
0 0.1337890625 0.5997248968363136 0.0107421875 0.015130674002751032
0 0.142578125 0.5694635488308115 0.0078125 0.013755158184319119
0 0.076171875 0.5997248968363136 0.0107421875 0.017881705639614855
0 0.1044921875 0.579092159559835 0.0087890625 0.015130674002751032
0 0.103515625 0.6079779917469051 0.0107421875 0.013755158184319119
0 0.0341796875 0.5502063273727648 0.009765625 0.015130674002751032
0 0.0263671875 0.5694635488308115 0.0107421875 0.016506189821182942
0 0.0078125 0.5502063273727648 0.009765625 0.016506189821182942
0 0.013671875 0.6052269601100413 0.009765625 0.01925722145804677
0 0.5927734375 0.5818431911966988 0.017578125 0.033012379642365884
0 0.5341796875 0.6079779917469051 0.025390625 0.03851444291609354
0 0.384765625 0.5969738651994498 0.013671875 0.03163686382393398
0 0.5576171875 0.5502063273727648 0.0185546875 0.0343878954607978
0 0.478515625 0.5653370013755158 0.017578125 0.02888583218707015
0 0.814453125 0.343878954607978 0.0400390625 0.055020632737276476
0 0.603515625 0.5900962861072903 0.0205078125 0.03576341127922971
0 0.673828125 0.6038514442916093 0.013671875 0.03163686382393398
0 0.7099609375 0.5529573590096286 0.009765625 0.017881705639614855
0 0.69921875 0.5103163686382394 0.0078125 0.013755158184319119
0 0.71484375 0.5075653370013755 0.0087890625 0.012379642365887207
0 0.7099609375 0.4828060522696011 0.0087890625 0.013755158184319119
0 0.666015625 0.5075653370013755 0.0078125 0.015130674002751032
0 0.6533203125 0.5144429160935351 0.0087890625 0.015130674002751032
0 0.6533203125 0.4965612104539202 0.005859375 0.013755158184319119
0 0.6611328125 0.4814305364511692 0.0068359375 0.013755158184319119
0 0.634765625 0.4951856946354883 0.0068359375 0.012379642365887207
0 0.5869140625 0.5185694635488308 0.0078125 0.013755158184319119
0 0.568359375 0.4965612104539202 0.0078125 0.012379642365887207
0 0.5712890625 0.515818431911967 0.0087890625 0.017881705639614855
0 0.55859375 0.4924346629986245 0.0078125 0.015130674002751032
0 0.6015625 0.530949105914718 0.0087890625 0.012379642365887207
0 0.583984375 0.5006877579092159 0.0087890625 0.013755158184319119
0 0.5888671875 0.47455295735900965 0.0078125 0.011004126547455296
0 0.68359375 0.4786795048143054 0.0078125 0.012379642365887207
0 0.65234375 0.4731774415405777 0.0068359375 0.011004126547455296
0 0.6650390625 0.4676753782668501 0.0078125 0.012379642365887207
0 0.7275390625 0.48830811554332876 0.0068359375 0.015130674002751032
0 0.6103515625 0.48418156808803303 0.0078125 0.015130674002751032
0 0.6259765625 0.5185694635488308 0.0087890625 0.016506189821182942
0 0.5166015625 0.5020632737276479 0.0068359375 0.016506189821182942
0 0.5234375 0.4896836313617607 0.0068359375 0.012379642365887207
0 0.533203125 0.5020632737276479 0.0068359375 0.013755158184319119
0 0.466796875 0.5213204951856947 0.0087890625 0.013755158184319119
0 0.48046875 0.5020632737276479 0.0068359375 0.013755158184319119
0 0.50390625 0.48418156808803303 0.0078125 0.012379642365887207
0 0.451171875 0.4924346629986245 0.0087890625 0.012379642365887207
0 0.419921875 0.4938101788170564 0.0068359375 0.012379642365887207
0 0.37890625 0.4731774415405777 0.0068359375 0.011004126547455296
0 0.384765625 0.4938101788170564 0.0068359375 0.013755158184319119
0 0.3984375 0.4965612104539202 0.005859375 0.011004126547455296
0 0.3896484375 0.4855570839064649 0.005859375 0.011004126547455296
0 0.4638671875 0.4594222833562586 0.0078125 0.012379642365887207
0 0.4755859375 0.48693259972489683 0.0078125 0.013755158184319119
0 0.4384765625 0.5020632737276479 0.0068359375 0.013755158184319119
0 0.443359375 0.48693259972489683 0.0068359375 0.011004126547455296
0 0.5 0.5116918844566712 0.0068359375 0.016506189821182942
0 0.3154296875 0.48418156808803303 0.0068359375 0.012379642365887207
0 0.3271484375 0.4731774415405777 0.005859375 0.009628610729023384
0 0.3466796875 0.45254470426409904 0.0068359375 0.011004126547455296
0 0.2666015625 0.47042640990371387 0.005859375 0.009628610729023384
0 0.2607421875 0.4511691884456671 0.005859375 0.009628610729023384
0 0.2431640625 0.47455295735900965 0.0068359375 0.012379642365887207
0 0.3681640625 0.48005502063273725 0.0068359375 0.011004126547455296
0 0.369140625 0.4607977991746905 0.005859375 0.012379642365887207
0 0.3017578125 0.46629986244841815 0.0078125 0.015130674002751032
0 0.314453125 0.469050894085282 0.0068359375 0.012379642365887207
0 0.8994140625 0.5185694635488308 0.0087890625 0.015130674002751032
0 0.8720703125 0.5254470426409904 0.0087890625 0.012379642365887207
0 0.8740234375 0.5006877579092159 0.0078125 0.015130674002751032
0 0.9140625 0.5116918844566712 0.0068359375 0.012379642365887207
0 0.9033203125 0.4924346629986245 0.0078125 0.013755158184319119
0 0.9228515625 0.5089408528198074 0.0078125 0.015130674002751032
0 0.970703125 0.5006877579092159 0.0087890625 0.015130674002751032
0 0.9560546875 0.48418156808803303 0.0068359375 0.012379642365887207
0 0.96484375 0.4731774415405777 0.005859375 0.012379642365887207
0 0.9365234375 0.49793672627235214 0.0087890625 0.017881705639614855
0 0.9267578125 0.4965612104539202 0.005859375 0.011004126547455296
0 0.7568359375 0.469050894085282 0.005859375 0.011004126547455296
0 0.220703125 0.7070151306740028 0.013671875 0.02063273727647868
0 0.2470703125 0.6781292984869326 0.01171875 0.02200825309491059
0 0.6181640625 0.562585969738652 0.0126953125 0.026134800550206328
0 0.548828125 0.5144429160935351 0.0078125 0.012379642365887207
0 0.5380859375 0.4938101788170564 0.0087890625 0.012379642365887207
0 0.00390625 0.6066024759284732 0.0087890625 0.01925722145804677