0 0.439453125 0.5178571428571429 0.01953125 0.03159340659340659
0 0.24609375 0.47527472527472525 0.02734375 0.04807692307692308
0 0.1142578125 0.48214285714285715 0.0185546875 0.042582417582417584
0 0.009765625 0.41346153846153844 0.0048828125 0.024725274725274724
0 0.5751953125 0.4217032967032967 0.0087890625 0.012362637362637362
0 0.5830078125 0.4052197802197802 0.0078125 0.013736263736263736
0 0.599609375 0.32142857142857145 0.005859375 0.009615384615384616
0 0.376953125 0.38461538461538464 0.0078125 0.01098901098901099
0 0.3935546875 0.3708791208791209 0.0078125 0.009615384615384616
0 0.4111328125 0.3269230769230769 0.005859375 0.008241758241758242
0 0.556640625 0.42032967032967034 0.0087890625 0.012362637362637362
0 0.4755859375 0.385989010989011 0.0087890625 0.016483516483516484
0 0.7236328125 0.41208791208791207 0.0078125 0.016483516483516484
0 0.60546875 0.37774725274725274 0.0068359375 0.013736263736263736
0 0.767578125 0.42994505494505497 0.0087890625 0.017857142857142856
0 0.7919921875 0.43956043956043955 0.0078125 0.017857142857142856
0 0.7509765625 0.3282967032967033 0.0068359375 0.01098901098901099
0 0.669921875 0.3228021978021978 0.00390625 0.008241758241758242