0 0.8427734375 0.31478770131771594 0.0283203125 0.060029282576866766
0 0.8115234375 0.42313323572474376 0.02734375 0.06734992679355783
0 0.7587890625 0.34699853587115664 0.0283203125 0.060029282576866766
0 0.7373046875 0.26061493411420206 0.0302734375 0.055636896046852125
0 0.724609375 0.2005856515373353 0.025390625 0.05710102489019034
0 0.74609375 0.47584187408491946 0.0302734375 0.06881405563689605
0 0.6884765625 0.40702781844802344 0.02734375 0.06149341142020498
0 0.6943359375 0.3191800878477306 0.0302734375 0.06442166910688141
0 0.640625 0.28257686676427524 0.02734375 0.060029282576866766
0 0.6591796875 0.2240117130307467 0.025390625 0.05124450951683748
0 0.623046875 0.33821376281112736 0.02734375 0.05710102489019034
0 0.607421875 0.42752562225475843 0.03125 0.060029282576866766
0 0.609375 0.21669106881405564 0.033203125 0.0527086383601757
0 0.8359375 0.5285505124450952 0.033203125 0.06588579795021962
0 0.55859375 0.3118594436310395 0.0283203125 0.055636896046852125
0 0.4931640625 0.4377745241581259 0.0341796875 0.060029282576866766
0 0.4765625 0.3235724743777452 0.0263671875 0.05124450951683748
0 0.48046875 0.18887262079062958 0.029296875 0.0629575402635432
0 0.548828125 0.21961932650073207 0.025390625 0.06442166910688141
0 0.4375 0.26500732064421667 0.025390625 0.060029282576866766
0 0.3896484375 0.22547584187408493 0.02734375 0.05417276720351391
0 0.3857421875 0.31771595900439237 0.02734375 0.05417276720351391
0 0.3447265625 0.4172767203513909 0.029296875 0.07174231332357248
0 0.3271484375 0.3411420204978038 0.0322265625 0.05124450951683748
0 0.33984375 0.2708638360175695 0.0263671875 0.0527086383601757
0 0.2822265625 0.36749633967789164 0.03125 0.060029282576866766
0 0.224609375 0.43191800878477304 0.03125 0.07027818448023426
0 0.23828125 0.2986822840409956 0.0302734375 0.06442166910688141
0 0.296875 0.2957540263543192 0.029296875 0.06149341142020498
0 0.162109375 0.554904831625183 0.03125 0.05856515373352855
0 0.07421875 0.4538799414348463 0.0322265625 0.05856515373352855