0 0.0634765625 0.09019607843137255 0.025390625 0.03627450980392157
0 0.109375 0.11470588235294117 0.02734375 0.029411764705882353
0 0.232421875 0.1627450980392157 0.0283203125 0.0392156862745098
0 0.2412109375 0.10588235294117647 0.02734375 0.0392156862745098
0 0.3271484375 0.13529411764705881 0.0380859375 0.04607843137254902
0 0.3857421875 0.1607843137254902 0.0400390625 0.047058823529411764
0 0.6728515625 0.045098039215686274 0.041015625 0.054901960784313725
0 0.7412109375 0.08823529411764706 0.0400390625 0.059803921568627454
0 0.75390625 0.4372549019607843 0.0322265625 0.04411764705882353
0 0.802734375 0.4088235294117647 0.041015625 0.05
0 0.22265625 0.7901960784313725 0.017578125 0.021568627450980392
0 0.34765625 0.7843137254901961 0.015625 0.023529411764705882
0 0.640625 0.8392156862745098 0.0439453125 0.05392156862745098