0 0.41796875 0.3411420204978038 0.02734375 0.07027818448023426
0 0.5166015625 0.3528550512445095 0.033203125 0.05710102489019034
0 0.958984375 0.4802342606149341 0.009765625 0.020497803806734993
0 0.9267578125 0.4011713030746706 0.0068359375 0.016105417276720352
0 0.8974609375 0.4890190336749634 0.0087890625 0.017569546120058566
0 0.9072265625 0.4143484626647145 0.009765625 0.01903367496339678
0 0.6962890625 0.5080527086383602 0.0078125 0.017569546120058566
0 0.072265625 0.5241581259150805 0.0087890625 0.016105417276720352
0 0.67578125 0.4978038067349927 0.0087890625 0.01903367496339678
0 0.890625 0.424597364568082 0.005859375 0.017569546120058566
0 0.8876953125 0.49633967789165445 0.0068359375 0.016105417276720352