0 0.0615234375 0.288135593220339 0.0087890625 0.0711864406779661
0 0.0986328125 0.2271186440677966 0.01953125 0.07457627118644068
0 0.1787109375 0.26101694915254237 0.01171875 0.06779661016949153
0 0.2490234375 0.2 0.015625 0.0847457627118644
0 0.3095703125 0.17288135593220338 0.0146484375 0.0711864406779661
0 0.373046875 0.17627118644067796 0.015625 0.0847457627118644
0 0.4306640625 0.21694915254237288 0.01171875 0.06779661016949153
0 0.486328125 0.22033898305084745 0.0166015625 0.07796610169491526
0 0.5478515625 0.26101694915254237 0.013671875 0.06440677966101695
0 0.6064453125 0.23389830508474577 0.0146484375 0.06440677966101695
0 0.6806640625 0.22372881355932203 0.01171875 0.0711864406779661
0 0.7734375 0.2 0.0166015625 0.07796610169491526
0 0.4150390625 0.2677966101694915 0.0107421875 0.07457627118644068
0 0.8193359375 0.31186440677966104 0.0126953125 0.07796610169491526