0 0.1396484375 0.7740585774058577 0.0810546875 0.07322175732217573
0 0.447265625 0.6527196652719666 0.0361328125 0.026499302649930265
0 0.74609375 0.6380753138075314 0.0546875 0.06206415620641562
0 0.4365234375 0.499302649930265 0.283203125 0.24337517433751743
0 0.8203125 0.36052998605299863 0.0595703125 0.06276150627615062
0 0.921875 0.06624825662482567 0.064453125 0.06206415620641562
0 0.7734375 0.02301255230125523 0.0302734375 0.028591352859135284
0 0.548828125 0.04602510460251046 0.025390625 0.022315202231520222
0 0.4248046875 0.14504881450488144 0.0224609375 0.02092050209205021
0 0.34375 0.1304044630404463 0.02734375 0.02510460251046025
0 0.3017578125 0.12831241283124128 0.0205078125 0.019525801952580194
0 0.2822265625 0.1401673640167364 0.0185546875 0.01813110181311018
0 0.2333984375 0.12412831241283125 0.0234375 0.02301255230125523
0 0.177734375 0.12831241283124128 0.021484375 0.01813110181311018
0 0.125 0.14365411436541142 0.0126953125 0.01603905160390516
0 0.1005859375 0.12273361227336123 0.0166015625 0.01882845188284519
0 0.0947265625 0.13249651324965134 0.0263671875 0.021617852161785217
0 0.04296875 0.1304044630404463 0.0224609375 0.01882845188284519
0 0.03125 0.14225941422594143 0.01953125 0.014644351464435146