0 0.4072265625 0.34488734835355284 0.0732421875 0.14038128249566725
0 0.3046875 0.2634315424610052 0.0244140625 0.053726169844020795
0 0.4541015625 0.16464471403812825 0.029296875 0.0658578856152513
0 0.443359375 0.08145580589254767 0.025390625 0.053726169844020795
0 0.4814453125 0.06759098786828423 0.01171875 0.0415944540727903
0 0.375 0.07105719237435008 0.021484375 0.053726169844020795
0 0.2744140625 0.060658578856152515 0.0234375 0.05199306759098787
0 0.2890625 0.0831889081455806 0.0126953125 0.03292894280762565
0 0.2431640625 0.09012131715771231 0.013671875 0.043327556325823226
0 0.2392578125 0.04852686308492201 0.0146484375 0.03986135181975736
0 0.1923828125 0.04679376083188908 0.0205078125 0.04679376083188908
0 0.1220703125 0.04679376083188908 0.021484375 0.043327556325823226
0 0.0966796875 0.05025996533795494 0.017578125 0.04679376083188908
0 0.08203125 0.05545927209705372 0.0224609375 0.045060658578856154
0 0.0068359375 0.03466204506065858 0.0146484375 0.053726169844020795
0 0.171875 0.060658578856152515 0.01171875 0.03119584055459272