0 0.4150390625 0.8880208333333334 0.01171875 0.040364583333333336
0 0.0361328125 0.5859375 0.005859375 0.020833333333333332
0 0.708984375 0.4973958333333333 0.0048828125 0.013020833333333334
0 0.7001953125 0.48828125 0.0078125 0.016927083333333332
0 0.658203125 0.4869791666666667 0.0078125 0.014322916666666666
0 0.626953125 0.48828125 0.005859375 0.015625
0 0.5732421875 0.484375 0.0068359375 0.014322916666666666
0 0.4970703125 0.4830729166666667 0.0068359375 0.01171875
0 0.4521484375 0.4778645833333333 0.0078125 0.013020833333333334
0 0.4091796875 0.4596354166666667 0.0068359375 0.014322916666666666
0 0.365234375 0.4661458333333333 0.0078125 0.01171875
0 0.287109375 0.4557291666666667 0.0068359375 0.01171875
0 0.3359375 0.46484375 0.0068359375 0.014322916666666666
0 0.2587890625 0.4505208333333333 0.0068359375 0.014322916666666666
0 0.4228515625 0.4856770833333333 0.005859375 0.015625