0 0.8349609375 0.6277372262773723 0.021484375 0.037712895377128956
0 0.861328125 0.48418491484184917 0.01953125 0.030413625304136254
0 0.7431640625 0.5754257907542579 0.0224609375 0.03527980535279805
0 0.7021484375 0.5790754257907542 0.0244140625 0.03527980535279805
0 0.634765625 0.5754257907542579 0.0244140625 0.0364963503649635
0 0.57421875 0.5912408759124088 0.0244140625 0.0364963503649635
0 0.5888671875 0.524330900243309 0.01953125 0.03527980535279805
0 0.455078125 0.5985401459854015 0.0263671875 0.046228710462287104
0 0.6279296875 0.7968369829683698 0.021484375 0.031630170316301706
0 0.375 0.5681265206812652 0.0234375 0.037712895377128956
0 0.3369140625 0.5060827250608273 0.021484375 0.0340632603406326
0 0.2939453125 0.5608272506082725 0.0205078125 0.03527980535279805
0 0.201171875 0.5060827250608273 0.0234375 0.040145985401459854
0 0.1318359375 0.5364963503649635 0.02734375 0.0413625304136253
0 0.076171875 0.537712895377129 0.0244140625 0.043795620437956206
0 0.7138671875 0.29075425790754256 0.013671875 0.023114355231143552
0 0.744140625 0.32116788321167883 0.0107421875 0.014598540145985401
0 0.296875 0.2944038929440389 0.0126953125 0.023114355231143552
0 0.5244140625 0.5036496350364964 0.0224609375 0.040145985401459854