0 0.078125 0.4535073409461664 0.0244140625 0.04241435562805873
0 0.134765625 0.41435562805872755 0.021484375 0.04404567699836868
0 0.1513671875 0.3539967373572594 0.025390625 0.04730831973898858
0 0.208984375 0.38499184339314846 0.0234375 0.048939641109298535
0 0.279296875 0.39477977161500816 0.025390625 0.04567699836867863
0 0.2568359375 0.3262642740619902 0.0244140625 0.040783034257748776
0 0.337890625 0.3523654159869494 0.0205078125 0.04241435562805873
0 0.3564453125 0.3164763458401305 0.021484375 0.03915171288743882
0 0.3876953125 0.31484502446982054 0.021484375 0.03915171288743882
0 0.45703125 0.27732463295269166 0.021484375 0.04404567699836868
0 0.396484375 0.4730831973898858 0.021484375 0.03915171288743882
0 0.3486328125 0.4796084828711256 0.01953125 0.03915171288743882
0 0.3056640625 0.466557911908646 0.0205078125 0.03915171288743882
0 0.44921875 0.567699836867863 0.0244140625 0.04730831973898858
0 0.291015625 0.6623164763458401 0.0283203125 0.05057096247960848
0 0.4990234375 0.33442088091353994 0.021484375 0.03915171288743882
0 0.5107421875 0.2936378466557912 0.0166015625 0.037520391517128875
0 0.5537109375 0.28711256117455136 0.021484375 0.03915171288743882
0 0.576171875 0.29526916802610115 0.01953125 0.03262642740619902
0 0.607421875 0.27569331158238175 0.01953125 0.04241435562805873
0 0.642578125 0.26916802610114193 0.021484375 0.04404567699836868
0 0.7080078125 0.2822185970636215 0.01953125 0.037520391517128875
0 0.69140625 0.25938009787928223 0.0224609375 0.037520391517128875
0 0.7373046875 0.24306688417618272 0.01953125 0.03425774877650897
0 0.7578125 0.2969004893964111 0.0185546875 0.03915171288743882
0 0.8037109375 0.25122349102773245 0.0166015625 0.03099510603588907
0 0.859375 0.2838499184339315 0.0185546875 0.03915171288743882
0 0.91015625 0.2137030995106036 0.021484375 0.04404567699836868
0 0.890625 0.42251223491027734 0.0302734375 0.05057096247960848
0 0.9638671875 0.399673735725938 0.0302734375 0.053833605220228384
0 0.7587890625 0.49429037520391517 0.0224609375 0.04730831973898858
0 0.6806640625 0.5040783034257749 0.021484375 0.04241435562805873
0 0.5966796875 0.5301794453507341 0.0224609375 0.04241435562805873
0 0.541015625 0.5497553017944535 0.0244140625 0.04730831973898858
0 0.8291015625 0.3817292006525285 0.0224609375 0.04404567699836868