0 0.515625 0.14658925979680695 0.0234375 0.03773584905660377
0 0.4970703125 0.1988388969521045 0.025390625 0.04644412191582003
0 0.47265625 0.13642960812772134 0.0205078125 0.030478955007256895
0 0.4677734375 0.23802612481857766 0.02734375 0.05079825834542816
0 0.4560546875 0.19013062409288825 0.021484375 0.03773584905660377
0 0.6416015625 0.5805515239477503 0.029296875 0.047895500725689405
0 0.2626953125 0.28592162554426703 0.0263671875 0.04499274310595065
0 0.1845703125 0.28156748911465895 0.02734375 0.04354136429608128
0 0.1669921875 0.22060957910014514 0.0244140625 0.0420899854862119
0 0.1650390625 0.3381712626995646 0.0283203125 0.04644412191582003
0 0.115234375 0.5036284470246735 0.0302734375 0.05224963715529753
0 0.1259765625 0.37010159651669083 0.0322265625 0.059506531204644414
0 0.0712890625 0.521044992743106 0.0341796875 0.05805515239477504
0 0.0556640625 0.6066763425253991 0.0322265625 0.04499274310595065
0 0.1083984375 0.714078374455733 0.0244140625 0.04644412191582003
0 0.55078125 0.5587808417997098 0.0302734375 0.04499274310595065
0 0.5029296875 0.46879535558780844 0.0302734375 0.05079825834542816
0 0.4697265625 0.37010159651669083 0.0283203125 0.04354136429608128
0 0.408203125 0.4934687953555878 0.029296875 0.04934687953555878
0 0.3876953125 0.5573294629898403 0.0283203125 0.05370101596516691
0 0.3173828125 0.41799709724238027 0.0302734375 0.05370101596516691
0 0.3544921875 0.37300435413642963 0.0263671875 0.04499274310595065
0 0.2431640625 0.5283018867924528 0.0302734375 0.04934687953555878
0 0.220703125 0.4020319303338171 0.0361328125 0.06386066763425254
0 0.25390625 0.3439767779390421 0.0283203125 0.05370101596516691
0 0.2939453125 0.32946298984034833 0.02734375 0.04934687953555878
0 0.443359375 0.32075471698113206 0.0283203125 0.04499274310595065
0 0.8095703125 0.25689404934687954 0.025390625 0.0420899854862119
0 0.8271484375 0.23222060957910015 0.021484375 0.036284470246734396
0 0.8046875 0.1567489114658926 0.021484375 0.033381712626995644
0 0.7919921875 0.12336719883889695 0.0224609375 0.036284470246734396
0 0.7763671875 0.19158200290275762 0.02734375 0.0420899854862119
0 0.7333984375 0.16545718432510886 0.021484375 0.03918722786647315
0 0.7412109375 0.22351233671988388 0.021484375 0.03918722786647315
0 0.7138671875 0.19448476052249636 0.021484375 0.036284470246734396
0 0.71875 0.2714078374455733 0.021484375 0.03773584905660377
0 0.673828125 0.29027576197387517 0.025390625 0.047895500725689405
0 0.67578125 0.22060957910014514 0.0234375 0.0420899854862119
0 0.6630859375 0.16400580551523947 0.017578125 0.03483309143686502
0 0.63671875 0.16690856313497823 0.0244140625 0.0420899854862119
0 0.650390625 0.11030478955007257 0.021484375 0.036284470246734396
0 0.7626953125 0.1204644412191582 0.0205078125 0.033381712626995644
0 0.7216796875 0.1262699564586357 0.0185546875 0.02902757619738752
0 0.4150390625 0.13352685050798258 0.0185546875 0.03483309143686502
0 0.39453125 0.12191582002902758 0.0205078125 0.03918722786647315
0 0.3974609375 0.18287373004354138 0.0234375 0.040638606676342524
0 0.3642578125 0.18432510885341075 0.025390625 0.04354136429608128
0 0.3701171875 0.2772133526850508 0.025390625 0.0420899854862119
0 0.5380859375 0.2714078374455733 0.029296875 0.04934687953555878
0 0.45703125 0.047895500725689405 0.0185546875 0.036284470246734396
0 0.3447265625 0.10014513788098693 0.0205078125 0.02902757619738752
0 0.2998046875 0.08563134978229318 0.01953125 0.036284470246734396
0 0.279296875 0.1262699564586357 0.01953125 0.03193033381712627
0 0.32421875 0.18577648766328012 0.01953125 0.036284470246734396
0 0.298828125 0.24383164005805516 0.0224609375 0.03773584905660377
0 0.2705078125 0.21915820029027577 0.0234375 0.040638606676342524
0 0.240234375 0.16981132075471697 0.0205078125 0.03918722786647315
0 0.203125 0.15820029027576196 0.0244140625 0.04354136429608128
0 0.224609375 0.23802612481857766 0.025390625 0.04644412191582003
0 0.9248046875 0.5355587808417998 0.029296875 0.05370101596516691
0 0.939453125 0.4412191582002903 0.0322265625 0.05370101596516691
0 0.8525390625 0.4455732946298984 0.029296875 0.05370101596516691
0 0.85546875 0.6037735849056604 0.02734375 0.05079825834542816
0 0.76953125 0.46153846153846156 0.0302734375 0.047895500725689405
0 0.81640625 0.4020319303338171 0.0283203125 0.047895500725689405
0 0.71484375 0.38171262699564584 0.029296875 0.05079825834542816
0 0.7607421875 0.38171262699564584 0.02734375 0.05224963715529753
0 0.7451171875 0.2946298984034833 0.0263671875 0.04354136429608128
0 0.6845703125 0.44702467343976776 0.0283203125 0.04934687953555878
0 0.5771484375 0.44702467343976776 0.03125 0.05224963715529753
0 0.587890625 0.3497822931785196 0.029296875 0.047895500725689405
0 0.6220703125 0.262699564586357 0.0322265625 0.05079825834542816
0 0.578125 0.20899854862119013 0.02734375 0.04934687953555878
0 0.6005859375 0.1625544267053701 0.0205078125 0.03773584905660377
0 0.5849609375 0.14078374455732948 0.017578125 0.030478955007256895
0 0.5478515625 0.16400580551523947 0.025390625 0.04644412191582003
0 0.560546875 0.12336719883889695 0.0205078125 0.03773584905660377
0 0.51171875 0.08563134978229318 0.021484375 0.0420899854862119