0 0.3095703125 0.640625 0.0361328125 0.1
0 0.43359375 0.571875 0.025390625 0.065625
0 0.48046875 0.421875 0.01171875 0.04375
0 0.53515625 0.459375 0.0126953125 0.05
0 0.5673828125 0.521875 0.015625 0.0625
0 0.6025390625 0.6375 0.03125 0.096875
0 0.6650390625 0.51875 0.015625 0.0625
0 0.724609375 0.603125 0.01953125 0.090625
0 0.4638671875 0.465625 0.0166015625 0.071875
0 0.3681640625 0.459375 0.0107421875 0.05625
0 0.2880859375 0.446875 0.01171875 0.053125
0 0.35546875 0.75625 0.03125 0.128125
0 0.7373046875 0.51875 0.017578125 0.0625
0 0.78515625 0.5125 0.013671875 0.05625
0 0.0859375 0.490625 0.0166015625 0.05