0 0.8896484375 0.25504587155963304 0.0390625 0.07889908256880734
0 0.8212890625 0.24036697247706423 0.0380859375 0.07339449541284404
0 0.744140625 0.3357798165137615 0.03515625 0.07339449541284404
0 0.6806640625 0.26788990825688075 0.029296875 0.05321100917431193
0 0.6943359375 0.14678899082568808 0.0361328125 0.06788990825688074
0 0.6181640625 0.22201834862385322 0.0380859375 0.07889908256880734
0 0.5439453125 0.11192660550458716 0.041015625 0.08440366972477065
0 0.7939453125 0.6495412844036698 0.03515625 0.07155963302752294
0 0.5556640625 0.6238532110091743 0.0322265625 0.06788990825688074
0 0.4765625 0.24954128440366974 0.0419921875 0.08807339449541285
0 0.37109375 0.1889908256880734 0.0380859375 0.08256880733944955
0 0.380859375 0.5669724770642202 0.03515625 0.07706422018348624
0 0.2333984375 0.4036697247706422 0.033203125 0.07339449541284404
0 0.1181640625 0.28440366972477066 0.03125 0.05688073394495413
0 0.18359375 0.1651376146788991 0.037109375 0.07706422018348624
0 0.310546875 0.21834862385321102 0.0341796875 0.07889908256880734
0 0.0576171875 0.23486238532110093 0.041015625 0.07706422018348624