0 0.150390625 0.12719298245614036 0.05859375 0.10526315789473684
0 0.2607421875 0.17251461988304093 0.0400390625 0.06871345029239766
0 0.3876953125 0.14327485380116958 0.0556640625 0.1023391812865497
0 0.537109375 0.15789473684210525 0.0546875 0.097953216374269
0 0.671875 0.2236842105263158 0.05859375 0.09502923976608187
0 0.7958984375 0.23976608187134502 0.0517578125 0.0891812865497076
0 0.705078125 0.3684210526315789 0.05078125 0.08333333333333333
0 0.279296875 0.5716374269005848 0.0703125 0.11988304093567251
0 0.36328125 0.5190058479532164 0.0478515625 0.08187134502923976
0 0.4345703125 0.5263157894736842 0.0576171875 0.09210526315789473
0 0.642578125 0.7397660818713451 0.0556640625 0.09502923976608187
0 0.7724609375 0.564327485380117 0.0712890625 0.12134502923976608
0 0.76171875 0.9049707602339181 0.0546875 0.1067251461988304