0 0.1123046875 0.50390625 0.01953125 0.026041666666666668
0 0.1787109375 0.51953125 0.0205078125 0.029947916666666668
0 0.142578125 0.4296875 0.0185546875 0.03125
0 0.169921875 0.40234375 0.0205078125 0.028645833333333332
0 0.1845703125 0.45703125 0.021484375 0.033854166666666664
0 0.2294921875 0.41796875 0.0205078125 0.03515625
0 0.259765625 0.3932291666666667 0.0224609375 0.03125
0 0.28515625 0.453125 0.0185546875 0.028645833333333332
0 0.3017578125 0.40625 0.0185546875 0.02734375
0 0.337890625 0.36328125 0.0185546875 0.028645833333333332
0 0.3525390625 0.3984375 0.017578125 0.028645833333333332
0 0.3759765625 0.4231770833333333 0.015625 0.0234375
0 0.4150390625 0.41015625 0.015625 0.024739583333333332
0 0.40625 0.3697916666666667 0.0185546875 0.02734375
0 0.4423828125 0.3880208333333333 0.0185546875 0.02734375
0 0.466796875 0.4205729166666667 0.0166015625 0.026041666666666668
0 0.5126953125 0.4231770833333333 0.015625 0.026041666666666668
0 0.5556640625 0.40234375 0.015625 0.0234375
0 0.517578125 0.375 0.0185546875 0.028645833333333332
0 0.5185546875 0.2955729166666667 0.0146484375 0.024739583333333332
0 0.56640625 0.5234375 0.0185546875 0.02734375
0 0.5068359375 0.61328125 0.0224609375 0.033854166666666664
0 0.4345703125 0.6080729166666666 0.0244140625 0.032552083333333336
0 0.3583984375 0.6458333333333334 0.0205078125 0.029947916666666668
0 0.28515625 0.68359375 0.021484375 0.033854166666666664
0 0.3125 0.5364583333333334 0.0234375 0.03515625
0 0.3310546875 0.4244791666666667 0.017578125 0.02734375
0 0.607421875 0.375 0.015625 0.022135416666666668
0 0.642578125 0.41015625 0.015625 0.024739583333333332
0 0.6611328125 0.34375 0.0205078125 0.028645833333333332
0 0.677734375 0.37109375 0.0166015625 0.015625
0 0.7138671875 0.3802083333333333 0.0166015625 0.028645833333333332
0 0.7294921875 0.33984375 0.0185546875 0.03125
0 0.7744140625 0.3606770833333333 0.0166015625 0.024739583333333332
0 0.8173828125 0.34375 0.0205078125 0.032552083333333336
0 0.87890625 0.3359375 0.025390625 0.03515625
0 0.8212890625 0.5533854166666666 0.0166015625 0.0234375
0 0.787109375 0.5221354166666666 0.0224609375 0.03125
0 0.6982421875 0.5052083333333334 0.0244140625 0.0390625