0 0.1533203125 0.4522760646108664 0.02734375 0.042584434654919234
0 0.2060546875 0.39794419970631423 0.02734375 0.055800293685756244
0 0.2841796875 0.4023494860499266 0.025390625 0.0513950073421439
0 0.35546875 0.4052863436123348 0.0263671875 0.05433186490455213
0 0.4755859375 0.4669603524229075 0.0263671875 0.049926578560939794
0 0.509765625 0.44493392070484583 0.0283203125 0.049926578560939794
0 0.5517578125 0.5345080763582967 0.025390625 0.04405286343612335
0 0.57421875 0.43612334801762115 0.025390625 0.04405286343612335
0 0.650390625 0.4287812041116006 0.0244140625 0.04698972099853157
0 0.7197265625 0.4155653450807636 0.0283203125 0.05433186490455213
0 0.7998046875 0.4067547723935389 0.0283203125 0.0513950073421439
0 0.7275390625 0.6093979441997063 0.025390625 0.042584434654919234
0 0.6640625 0.6740088105726872 0.021484375 0.030837004405286344
0 0.5205078125 0.6930983847283406 0.02734375 0.049926578560939794
0 0.4296875 0.5110132158590308 0.025390625 0.04552129221732746
0 0.365234375 0.5888399412628488 0.025390625 0.04552129221732746
0 0.291015625 0.5859030837004405 0.025390625 0.04698972099853157
0 0.2177734375 0.5374449339207048 0.0244140625 0.04405286343612335
0 0.6474609375 0.5888399412628488 0.02734375 0.049926578560939794