0 0.162109375 0.24209486166007904 0.0458984375 0.05632411067193676
0 0.2294921875 0.2124505928853755 0.0400390625 0.04841897233201581
0 0.2548828125 0.2855731225296443 0.0380859375 0.046442687747035576
0 0.28125 0.2519762845849802 0.0390625 0.046442687747035576
0 0.3466796875 0.2618577075098814 0.0400390625 0.046442687747035576
0 0.744140625 0.283596837944664 0.041015625 0.043478260869565216
0 0.69921875 0.26976284584980237 0.0439453125 0.046442687747035576
0 0.78125 0.25790513833992096 0.0380859375 0.042490118577075096
0 0.83203125 0.26778656126482214 0.0380859375 0.042490118577075096
0 0.3974609375 0.33992094861660077 0.0380859375 0.041501976284584984
0 0.3505859375 0.2015810276679842 0.033203125 0.043478260869565216
0 0.4140625 0.24802371541501977 0.0419921875 0.046442687747035576
0 0.443359375 0.2075098814229249 0.0361328125 0.046442687747035576
0 0.5048828125 0.26778656126482214 0.04296875 0.0533596837944664
0 0.51171875 0.20355731225296442 0.0390625 0.046442687747035576
0 0.5869140625 0.21936758893280633 0.0380859375 0.04743083003952569
0 0.59765625 0.31620553359683795 0.0400390625 0.044466403162055336
0 0.6416015625 0.2776679841897233 0.0390625 0.044466403162055336
0 0.7314453125 0.37549407114624506 0.0419921875 0.041501976284584984