0 0.0400390625 0.3074380165289256 0.029296875 0.06611570247933884
0 0.1259765625 0.32892561983471075 0.0322265625 0.06115702479338843
0 0.2158203125 0.34710743801652894 0.0263671875 0.06115702479338843
0 0.2314453125 0.5256198347107438 0.029296875 0.05454545454545454
0 0.322265625 0.34049586776859503 0.0283203125 0.05619834710743802
0 0.3779296875 0.4727272727272727 0.02734375 0.0512396694214876
0 0.4228515625 0.33884297520661155 0.033203125 0.05619834710743802
0 0.509765625 0.30578512396694213 0.03125 0.05289256198347107
0 0.48046875 0.23801652892561984 0.0283203125 0.049586776859504134
0 0.5859375 0.30247933884297523 0.029296875 0.05785123966942149
0 0.65625 0.33553719008264465 0.0322265625 0.05785123966942149
0 0.658203125 0.2462809917355372 0.0302734375 0.0512396694214876
0 0.7705078125 0.35206611570247937 0.0341796875 0.06776859504132231
0 0.8193359375 0.30413223140495865 0.0341796875 0.05950413223140496
0 0.8818359375 0.3487603305785124 0.033203125 0.06446280991735537
0 0.9150390625 0.30413223140495865 0.033203125 0.07272727272727272