0 0.1201171875 0.5078125 0.0224609375 0.0390625
0 0.1630859375 0.5182291666666666 0.021484375 0.029947916666666668
0 0.1904296875 0.4791666666666667 0.0205078125 0.032552083333333336
0 0.248046875 0.4921875 0.0234375 0.03125
0 0.2978515625 0.5065104166666666 0.021484375 0.03515625
0 0.3388671875 0.4895833333333333 0.0234375 0.0390625
0 0.3828125 0.5 0.0205078125 0.029947916666666668
0 0.44140625 0.5130208333333334 0.0234375 0.03125
0 0.4658203125 0.4921875 0.0224609375 0.032552083333333336
0 0.49609375 0.5052083333333334 0.0234375 0.03515625
0 0.52734375 0.4856770833333333 0.0244140625 0.03515625
0 0.5810546875 0.5104166666666666 0.0205078125 0.029947916666666668
0 0.6259765625 0.5208333333333334 0.021484375 0.03125
0 0.2255859375 0.54296875 0.017578125 0.02734375
0 0.26171875 0.58984375 0.0244140625 0.033854166666666664
0 0.2900390625 0.6263020833333334 0.0185546875 0.02734375
0 0.3740234375 0.62890625 0.017578125 0.02734375
0 0.3984375 0.5846354166666666 0.0234375 0.03125
0 0.421875 0.64453125 0.015625 0.022135416666666668
0 0.458984375 0.6979166666666666 0.021484375 0.037760416666666664
0 0.5380859375 0.6002604166666666 0.021484375 0.032552083333333336
0 0.51171875 0.7122395833333334 0.0244140625 0.0390625
0 0.564453125 0.7174479166666666 0.0244140625 0.036458333333333336
0 0.27734375 0.7265625 0.0263671875 0.0390625
0 0.369140625 0.73828125 0.0244140625 0.033854166666666664
0 0.39453125 0.6979166666666666 0.025390625 0.040364583333333336
0 0.1748046875 0.7018229166666666 0.029296875 0.044270833333333336
0 0.1015625 0.7604166666666666 0.029296875 0.037760416666666664
0 0.6337890625 0.4869791666666667 0.01953125 0.02734375
0 0.66015625 0.5078125 0.0166015625 0.02734375
0 0.68359375 0.5299479166666666 0.0185546875 0.029947916666666668
0 0.734375 0.5143229166666666 0.0185546875 0.028645833333333332
0 0.779296875 0.5208333333333334 0.0205078125 0.03125
0 0.8193359375 0.4947916666666667 0.0234375 0.033854166666666664
0 0.880859375 0.4973958333333333 0.021484375 0.029947916666666668
0 0.9169921875 0.5221354166666666 0.01953125 0.03125
0 0.8720703125 0.6171875 0.0244140625 0.03515625
0 0.84765625 0.5911458333333334 0.0234375 0.03515625
0 0.779296875 0.5924479166666666 0.0244140625 0.033854166666666664
0 0.6416015625 0.59765625 0.0234375 0.029947916666666668
0 0.76953125 0.7513020833333334 0.0263671875 0.037760416666666664
0 0.69921875 0.7513020833333334 0.02734375 0.036458333333333336
0 0.62109375 0.7291666666666666 0.0224609375 0.033854166666666664