0 0.7109375 0.09825033647375504 0.0390625 0.033647375504710635
0 0.76953125 0.09421265141318977 0.0458984375 0.033647375504710635
0 0.828125 0.2173620457604307 0.0390625 0.028936742934051143
0 0.6728515625 0.21668909825033647 0.0361328125 0.02759084791386272
0 0.2451171875 0.211978465679677 0.1162109375 0.10497981157469717
0 0.0966796875 0.19044414535666218 0.134765625 0.11507402422611036
0 0.666015625 0.6359353970390309 0.0537109375 0.039030955585464336
0 0.7548828125 0.652086137281292 0.0517578125 0.0423956931359354
0 0.162109375 0.6554508748317631 0.09765625 0.07873485868102288
0 0.2353515625 0.746971736204576 0.076171875 0.05787348586810229
0 0.3359375 0.7133243606998654 0.0908203125 0.07873485868102288