0 0.1103515625 0.25301204819277107 0.046875 0.07078313253012049
0 0.2529296875 0.15060240963855423 0.0419921875 0.06626506024096386
0 0.3984375 0.1536144578313253 0.0390625 0.07680722891566265
0 0.5361328125 0.11295180722891567 0.0419921875 0.08132530120481928
0 0.671875 0.1746987951807229 0.0380859375 0.06626506024096386
0 0.7939453125 0.21686746987951808 0.0361328125 0.06927710843373494
0 0.8857421875 0.3102409638554217 0.03515625 0.0572289156626506
0 0.900390625 0.4382530120481928 0.0439453125 0.07530120481927711
0 0.8076171875 0.536144578313253 0.0400390625 0.06626506024096386
0 0.68359375 0.516566265060241 0.04296875 0.07078313253012049
0 0.15234375 0.40963855421686746 0.0458984375 0.07078313253012049
0 0.2744140625 0.5090361445783133 0.046875 0.0783132530120482
0 0.41796875 0.5331325301204819 0.041015625 0.06325301204819277
0 0.5400390625 0.5421686746987951 0.0380859375 0.06325301204819277