0 0.1982421875 0.5441176470588235 0.04296875 0.07941176470588235
0 0.224609375 0.33676470588235297 0.048828125 0.0838235294117647
0 0.306640625 0.17941176470588235 0.0380859375 0.06911764705882353
0 0.4580078125 0.14558823529411766 0.0390625 0.06911764705882353
0 0.58203125 0.15735294117647058 0.0390625 0.075
0 0.7236328125 0.2073529411764706 0.0390625 0.06764705882352941
0 0.77734375 0.3352941176470588 0.04296875 0.08235294117647059
0 0.6162109375 0.34705882352941175 0.046875 0.0838235294117647
0 0.533203125 0.4573529411764706 0.0361328125 0.061764705882352944
0 0.451171875 0.36911764705882355 0.0478515625 0.07205882352941176
0 0.34375 0.525 0.04296875 0.06911764705882353
0 0.6171875 0.5617647058823529 0.0380859375 0.061764705882352944
0 0.7080078125 0.49558823529411766 0.03515625 0.05
0 0.8515625 0.47794117647058826 0.0341796875 0.052941176470588235