0 0.8369140625 0.27828348504551365 0.0546875 0.07152145643693109
0 0.6630859375 0.23797139141742524 0.046875 0.06892067620286085
0 0.505859375 0.23667100130039012 0.0498046875 0.07282184655396619
0 0.341796875 0.26918075422626786 0.0478515625 0.08322496749024708
0 0.189453125 0.2951885565669701 0.052734375 0.08322496749024708
0 0.720703125 0.2886866059817945 0.0048828125 0.009102730819245773
0 0.744140625 0.2613784135240572 0.005859375 0.009102730819245773
0 0.7900390625 0.2756827048114434 0.0048828125 0.009102730819245773
0 0.7998046875 0.27308192457737324 0.0048828125 0.009102730819245773
0 0.912109375 0.2743823146944083 0.00390625 0.010403120936280884
0 0.8740234375 0.27698309492847856 0.00390625 0.009102730819245773
0 0.7705078125 0.3081924577373212 0.0078125 0.014304291287386216