0 0.4931640625 0.4037433155080214 0.0283203125 0.04411764705882353
0 0.7333984375 0.3649732620320856 0.029296875 0.0427807486631016
0 0.65625 0.3689839572192513 0.0263671875 0.04144385026737968
0 0.6083984375 0.29010695187165775 0.0224609375 0.03877005347593583
0 0.5673828125 0.356951871657754 0.02734375 0.0374331550802139
0 0.5224609375 0.2647058823529412 0.025390625 0.0374331550802139
0 0.8642578125 0.196524064171123 0.0283203125 0.03877005347593583
0 0.8076171875 0.21256684491978609 0.02734375 0.04411764705882353
0 0.75 0.1657754010695187 0.0263671875 0.04144385026737968
0 0.71875 0.22192513368983957 0.0283203125 0.040106951871657755
0 0.630859375 0.2018716577540107 0.0283203125 0.0427807486631016
0 0.6044921875 0.14572192513368984 0.0263671875 0.0374331550802139
0 0.5205078125 0.11229946524064172 0.0234375 0.03877005347593583
0 0.529296875 0.19518716577540107 0.0244140625 0.04411764705882353
0 0.494140625 0.17914438502673796 0.025390625 0.0374331550802139
0 0.4814453125 0.3609625668449198 0.021484375 0.03609625668449198
0 0.451171875 0.3195187165775401 0.0234375 0.0374331550802139
0 0.43359375 0.196524064171123 0.0224609375 0.03877005347593583
0 0.4033203125 0.15240641711229946 0.0234375 0.0374331550802139
0 0.3447265625 0.1711229946524064 0.02734375 0.0427807486631016
0 0.416015625 0.3582887700534759 0.0244140625 0.0374331550802139
0 0.419921875 0.4197860962566845 0.025390625 0.0374331550802139
0 0.3525390625 0.356951871657754 0.0234375 0.04144385026737968
0 0.3193359375 0.39572192513368987 0.02734375 0.04411764705882353
0 0.2626953125 0.3502673796791444 0.025390625 0.04144385026737968
0 0.47265625 0.7473262032085561 0.0302734375 0.0481283422459893
0 0.478515625 0.6216577540106952 0.0322265625 0.0481283422459893
0 0.4130859375 0.7098930481283422 0.0263671875 0.04411764705882353
0 0.41015625 0.6336898395721925 0.029296875 0.0481283422459893
0 0.349609375 0.56951871657754 0.029296875 0.045454545454545456
0 0.4248046875 0.5494652406417112 0.025390625 0.03877005347593583
0 0.3427734375 0.7098930481283422 0.0263671875 0.04411764705882353
0 0.2998046875 0.7032085561497327 0.0283203125 0.04144385026737968
0 0.24609375 0.7366310160427807 0.0263671875 0.0427807486631016
0 0.271484375 0.5828877005347594 0.0302734375 0.04411764705882353
0 0.2138671875 0.6002673796791443 0.029296875 0.04144385026737968
0 0.1767578125 0.7152406417112299 0.025390625 0.04144385026737968
0 0.119140625 0.7352941176470589 0.0263671875 0.03877005347593583
0 0.0419921875 0.7165775401069518 0.02734375 0.03877005347593583
0 0.1015625 0.5802139037433155 0.0263671875 0.0374331550802139
0 0.029296875 0.5989304812834224 0.0263671875 0.040106951871657755
0 0.275390625 0.16711229946524064 0.0234375 0.034759358288770054
0 0.240234375 0.13502673796791445 0.025390625 0.03609625668449198
0 0.1484375 0.09224598930481283 0.0244140625 0.034759358288770054
0 0.1923828125 0.18449197860962566 0.0224609375 0.040106951871657755
0 0.1083984375 0.16176470588235295 0.025390625 0.03609625668449198
0 0.2216796875 0.31684491978609625 0.021484375 0.03208556149732621
0 0.234375 0.4037433155080214 0.0263671875 0.04144385026737968
0 0.1455078125 0.4117647058823529 0.0263671875 0.03609625668449198
0 0.173828125 0.3315508021390374 0.0234375 0.0374331550802139
0 0.1328125 0.31684491978609625 0.0244140625 0.03342245989304813
0 0.099609375 0.34759358288770054 0.025390625 0.0374331550802139
0 0.0556640625 0.48262032085561496 0.025390625 0.03208556149732621
0 0.0107421875 0.4184491978609626 0.021484375 0.04144385026737968
0 0.0234375 0.3422459893048128 0.02734375 0.0481283422459893
0 0.0625 0.3114973262032086 0.0234375 0.0374331550802139
0 0.06640625 0.17379679144385027 0.0224609375 0.03208556149732621
0 0.0185546875 0.18181818181818182 0.0224609375 0.03609625668449198
0 0.0400390625 0.05614973262032086 0.025390625 0.03208556149732621
0 0.8544921875 0.7767379679144385 0.03515625 0.058823529411764705
0 0.7607421875 0.8168449197860963 0.029296875 0.0481283422459893
0 0.7099609375 0.7967914438502673 0.03125 0.04679144385026738
0 0.787109375 0.7072192513368984 0.0283203125 0.040106951871657755
0 0.8623046875 0.5975935828877005 0.0341796875 0.0427807486631016
0 0.7646484375 0.5975935828877005 0.03125 0.05080213903743316
0 0.6845703125 0.7179144385026738 0.0322265625 0.0481283422459893
0 0.625 0.7045454545454546 0.0322265625 0.04679144385026738
0 0.5625 0.7406417112299465 0.03515625 0.05213903743315508
0 0.669921875 0.6042780748663101 0.0302734375 0.0481283422459893
0 0.5791015625 0.5828877005347594 0.029296875 0.045454545454545456
0 0.9267578125 0.4144385026737968 0.0283203125 0.0427807486631016
0 0.841796875 0.41711229946524064 0.0283203125 0.0427807486631016
0 0.7548828125 0.4077540106951872 0.0283203125 0.040106951871657755
0 0.681640625 0.4358288770053476 0.0283203125 0.040106951871657755
0 0.5947265625 0.40106951871657753 0.02734375 0.04411764705882353
0 0.3837890625 0.3315508021390374 0.0244140625 0.03877005347593583