0 0.1572265625 0.33203125 0.0263671875 0.036458333333333336
0 0.2119140625 0.3541666666666667 0.0263671875 0.036458333333333336
0 0.3056640625 0.3072916666666667 0.025390625 0.0390625
0 0.3564453125 0.32421875 0.0234375 0.036458333333333336
0 0.4130859375 0.3502604166666667 0.0263671875 0.033854166666666664
0 0.4501953125 0.3111979166666667 0.0283203125 0.044270833333333336
0 0.5166015625 0.30859375 0.0302734375 0.041666666666666664
0 0.572265625 0.3385416666666667 0.0263671875 0.036458333333333336
0 0.6416015625 0.3424479166666667 0.0283203125 0.036458333333333336
0 0.615234375 0.2994791666666667 0.025390625 0.037760416666666664
0 0.7119140625 0.3151041666666667 0.0263671875 0.044270833333333336
0 0.7724609375 0.3190104166666667 0.0302734375 0.045572916666666664
0 0.482421875 0.3723958333333333 0.0234375 0.032552083333333336
0 0.513671875 0.4270833333333333 0.0263671875 0.041666666666666664
0 0.58203125 0.3984375 0.025390625 0.03125
0 0.4794921875 0.5260416666666666 0.0322265625 0.049479166666666664
0 0.28125 0.5299479166666666 0.03125 0.044270833333333336