0 0.609375 0.3802008608321377 0.03515625 0.05595408895265423
0 0.6572265625 0.4748923959827834 0.037109375 0.06312769010043041
0 0.7275390625 0.4347202295552367 0.0380859375 0.0703012912482066
0 0.7587890625 0.5423242467718795 0.0341796875 0.06025824964131994
0 0.8330078125 0.46915351506456243 0.0361328125 0.0703012912482066
0 0.888671875 0.4964131994261119 0.046875 0.06025824964131994
0 0.6396484375 0.6341463414634146 0.03125 0.05164992826398852
0 0.197265625 0.4232424677187948 0.0439453125 0.06599713055954089
0 0.283203125 0.41893830703012913 0.0478515625 0.07173601147776183
0 0.2705078125 0.32711621233859395 0.0498046875 0.06743185078909612
0 0.3916015625 0.35581061692969873 0.0439453125 0.06599713055954089
0 0.388671875 0.460545193687231 0.041015625 0.06743185078909612
0 0.345703125 0.5380200860832137 0.0380859375 0.054519368723098996
0 0.498046875 0.39741750358680056 0.037109375 0.06025824964131994
0 0.5234375 0.4835007173601148 0.0361328125 0.058823529411764705
0 0.5625 0.4806312769010043 0.0322265625 0.058823529411764705
0 0.607421875 0.44763271162123386 0.037109375 0.06743185078909612