0 0.7998046875 0.3465491923641703 0.048828125 0.07929515418502203
0 0.720703125 0.29809104258443464 0.0556640625 0.09985315712187959
0 0.642578125 0.3803230543318649 0.0498046875 0.08370044052863436
0 0.5771484375 0.2790014684287812 0.0458984375 0.08516886930983847
0 0.5302734375 0.43171806167400884 0.044921875 0.07929515418502203
0 0.5205078125 0.6079295154185022 0.0498046875 0.07782672540381791
0 0.74609375 0.5859030837004405 0.046875 0.07782672540381791
0 0.4453125 0.5433186490455213 0.05078125 0.09104258443465492
0 0.4248046875 0.36270190895741555 0.044921875 0.08223201174743025
0 0.3662109375 0.32305433186490456 0.0439453125 0.08957415565345081
0 0.298828125 0.3054331864904552 0.0546875 0.08516886930983847
0 0.224609375 0.2261380323054332 0.052734375 0.08370044052863436
0 0.189453125 0.342143906020558 0.0439453125 0.08370044052863436
0 0.3349609375 0.6519823788546255 0.044921875 0.06901615271659324
0 0.3232421875 0.5315712187958884 0.0546875 0.0881057268722467