0 0.7900390625 0.37976539589442815 0.033203125 0.04838709677419355
0 0.7236328125 0.3973607038123167 0.0322265625 0.04838709677419355
0 0.6669921875 0.4750733137829912 0.0263671875 0.04252199413489736
0 0.623046875 0.5879765395894428 0.025390625 0.03812316715542522
0 0.6240234375 0.39296187683284456 0.02734375 0.0469208211143695
0 0.580078125 0.375366568914956 0.0322265625 0.054252199413489736
0 0.49609375 0.39882697947214074 0.0322265625 0.04985337243401759
0 0.4248046875 0.4120234604105572 0.0302734375 0.04985337243401759
0 0.35546875 0.4281524926686217 0.02734375 0.045454545454545456
0 0.2880859375 0.48533724340175954 0.02734375 0.045454545454545456
0 0.2919921875 0.41348973607038125 0.03125 0.05278592375366569
0 0.318359375 0.6392961876832844 0.0224609375 0.036656891495601175
0 0.2421875 0.45161290322580644 0.025390625 0.04398826979472141
0 0.1865234375 0.44281524926686217 0.029296875 0.04838709677419355