0 0.103515625 0.2409972299168975 0.0478515625 0.06925207756232687
0 0.2333984375 0.26869806094182824 0.046875 0.07063711911357341
0 0.3564453125 0.28116343490304707 0.044921875 0.0664819944598338
0 0.458984375 0.2146814404432133 0.046875 0.06925207756232687
0 0.5966796875 0.2299168975069252 0.046875 0.07340720221606649
0 0.6591796875 0.2659279778393352 0.044921875 0.07063711911357341
0 0.6376953125 0.47368421052631576 0.0458984375 0.07756232686980609
0 0.5205078125 0.3296398891966759 0.044921875 0.06925207756232687
0 0.4208984375 0.44598337950138506 0.0498046875 0.08033240997229917
0 0.2451171875 0.4556786703601108 0.0478515625 0.07340720221606649
0 0.8037109375 0.23822714681440443 0.0458984375 0.060941828254847646
0 0.80859375 0.44182825484764543 0.046875 0.07340720221606649
0 0.853515625 0.5346260387811634 0.033203125 0.04155124653739612
0 0.9091796875 0.4182825484764543 0.0380859375 0.05678670360110803