0 0.3369140625 0.3430232558139535 0.0205078125 0.044573643410852716
0 0.3232421875 0.29651162790697677 0.0185546875 0.03682170542635659
0 0.3056640625 0.3507751937984496 0.01953125 0.044573643410852716
0 0.2900390625 0.24224806201550386 0.01171875 0.031007751937984496
0 0.2734375 0.2655038759689923 0.021484375 0.04844961240310078
0 0.2373046875 0.29844961240310075 0.01953125 0.04844961240310078
0 0.2578125 0.20736434108527133 0.01171875 0.03294573643410853
0 0.244140625 0.22674418604651161 0.0146484375 0.040697674418604654
0 0.2236328125 0.20930232558139536 0.017578125 0.040697674418604654
0 0.189453125 0.1996124031007752 0.0185546875 0.046511627906976744
0 0.19921875 0.31976744186046513 0.021484375 0.050387596899224806
0 0.26171875 0.5155038759689923 0.0224609375 0.05232558139534884
0 0.1533203125 0.3178294573643411 0.021484375 0.04844961240310078
0 0.1162109375 0.28488372093023256 0.0234375 0.05426356589147287
0 0.078125 0.2771317829457364 0.025390625 0.05813953488372093
0 0.0283203125 0.2771317829457364 0.02734375 0.06782945736434108
0 0.2763671875 0.6996124031007752 0.021484375 0.03875968992248062
0 0.5234375 0.3391472868217054 0.021484375 0.050387596899224806
0 0.54296875 0.2751937984496124 0.0205078125 0.050387596899224806
0 0.5234375 0.27325581395348836 0.017578125 0.03682170542635659
0 0.498046875 0.31589147286821706 0.015625 0.04263565891472868
0 0.4990234375 0.49806201550387597 0.015625 0.03294573643410853
0 0.4697265625 0.34108527131782945 0.0185546875 0.046511627906976744
0 0.4365234375 0.5465116279069767 0.0205078125 0.05426356589147287
0 0.4765625 0.6531007751937985 0.0185546875 0.046511627906976744
0 0.3857421875 0.5813953488372093 0.0205078125 0.04263565891472868
0 0.3779296875 0.37790697674418605 0.015625 0.03682170542635659
0 0.41015625 0.32945736434108525 0.0185546875 0.046511627906976744
0 0.439453125 0.3449612403100775 0.0146484375 0.040697674418604654
0 0.4404296875 0.2868217054263566 0.01953125 0.046511627906976744
0 0.4189453125 0.2713178294573643 0.017578125 0.03682170542635659
0 0.396484375 0.2926356589147287 0.0146484375 0.040697674418604654
0 0.376953125 0.3062015503875969 0.0205078125 0.04263565891472868
0 0.34765625 0.23837209302325582 0.01953125 0.04263565891472868
0 0.94140625 0.3488372093023256 0.0263671875 0.06395348837209303
0 0.908203125 0.5213178294573644 0.01953125 0.040697674418604654
0 0.8740234375 0.4631782945736434 0.029296875 0.06201550387596899
0 0.8681640625 0.5465116279069767 0.0224609375 0.040697674418604654
0 0.81640625 0.3507751937984496 0.021484375 0.05813953488372093
0 0.85546875 0.3178294573643411 0.01171875 0.03294573643410853
0 0.7578125 0.3682170542635659 0.0234375 0.0562015503875969
0 0.765625 0.312015503875969 0.0205078125 0.044573643410852716
0 0.7333984375 0.2810077519379845 0.0224609375 0.05232558139534884
0 0.70703125 0.3701550387596899 0.021484375 0.05813953488372093
0 0.681640625 0.29651162790697677 0.021484375 0.05426356589147287
0 0.677734375 0.4166666666666667 0.0205078125 0.046511627906976744
0 0.66796875 0.5484496124031008 0.0244140625 0.05813953488372093
0 0.623046875 0.45930232558139533 0.0205078125 0.050387596899224806
0 0.6318359375 0.33527131782945735 0.01953125 0.04844961240310078
0 0.6025390625 0.3430232558139535 0.021484375 0.04844961240310078
0 0.578125 0.28875968992248063 0.017578125 0.040697674418604654