0 0.09765625 0.574750830564784 0.015625 0.018826135105204873
0 0.1455078125 0.6423034330011074 0.0205078125 0.03433001107419712
0 0.322265625 0.7043189368770764 0.013671875 0.029900332225913623
0 0.3671875 0.707641196013289 0.015625 0.021040974529346623
0 0.4658203125 0.5459579180509413 0.025390625 0.03322259136212625
0 0.48046875 0.48172757475083056 0.015625 0.019933554817275746
0 0.4111328125 0.48726467331118495 0.013671875 0.019933554817275746
0 0.2939453125 0.4894795127353267 0.013671875 0.018826135105204873
0 0.5517578125 0.4717607973421927 0.0146484375 0.019933554817275746
0 0.7470703125 0.48726467331118495 0.029296875 0.036544850498338874
0 0.990234375 0.5692137320044297 0.0185546875 0.031007751937984496
0 0.98828125 0.46622369878183834 0.0146484375 0.018826135105204873
0 0.2529296875 0.5736434108527132 0.0107421875 0.0221483942414175
0 0.1630859375 0.5813953488372093 0.009765625 0.0221483942414175
0 0.0751953125 0.5681063122923588 0.0146484375 0.023255813953488372