0 0.8544921875 0.3689604685212299 0.0283203125 0.043923865300146414
0 0.8017578125 0.25329428989751096 0.0263671875 0.043923865300146414
0 0.775390625 0.15080527086383602 0.0263671875 0.05124450951683748
0 0.7138671875 0.28989751098096633 0.0263671875 0.03806734992679356
0 0.7548828125 0.41142020497803805 0.0244140625 0.048316251830161056
0 0.6259765625 0.3689604685212299 0.0283203125 0.0527086383601757
0 0.64453125 0.3103953147877013 0.017578125 0.02635431918008785
0 0.62890625 0.2679355783308931 0.0244140625 0.043923865300146414
0 0.6650390625 0.212298682284041 0.01953125 0.036603221083455345
0 0.693359375 0.18448023426061494 0.025390625 0.04685212298682284
0 0.587890625 0.19765739385065886 0.0234375 0.040995607613469986
0 0.556640625 0.26939970717423134 0.0263671875 0.043923865300146414
0 0.49609375 0.37481698389458273 0.0263671875 0.04685212298682284
0 0.4697265625 0.2591508052708638 0.0283203125 0.04538799414348463
0 0.501953125 0.19912152269399708 0.025390625 0.043923865300146414
0 0.4326171875 0.20351390922401172 0.0263671875 0.0424597364568082
0 0.369140625 0.15373352855051245 0.0263671875 0.04538799414348463
0 0.3740234375 0.2342606149341142 0.0322265625 0.05710102489019034
0 0.31640625 0.19472913616398244 0.0244140625 0.043923865300146414
0 0.279296875 0.2445095168374817 0.0283203125 0.04538799414348463
0 0.2666015625 0.37042459736456806 0.0263671875 0.048316251830161056
0 0.208984375 0.24743777452415813 0.0263671875 0.04538799414348463
0 0.20703125 0.1698389458272328 0.029296875 0.04978038067349927
0 0.162109375 0.3821376281112738 0.02734375 0.048316251830161056
0 0.376953125 0.3762811127379209 0.0263671875 0.04685212298682284
0 0.390625 0.48462664714494874 0.02734375 0.048316251830161056
0 0.8603515625 0.5461200585651538 0.03125 0.05710102489019034
0 0.865234375 0.6442166910688141 0.033203125 0.0527086383601757
0 0.7744140625 0.6486090775988287 0.0341796875 0.05417276720351391
0 0.6708984375 0.6105417276720352 0.029296875 0.04685212298682284
0 0.7314453125 0.5636896046852123 0.0283203125 0.0424597364568082
0 0.5703125 0.6691068814055637 0.033203125 0.05417276720351391
0 0.5439453125 0.5256222547584187 0.0302734375 0.04978038067349927
0 0.470703125 0.5373352855051244 0.029296875 0.04685212298682284
0 0.4267578125 0.6559297218155198 0.0302734375 0.04685212298682284
0 0.2998046875 0.6354319180087847 0.03515625 0.05417276720351391
0 0.2734375 0.5329428989751098 0.02734375 0.0424597364568082
0 0.1611328125 0.6383601756954612 0.03515625 0.05124450951683748
0 0.12890625 0.5578330893118595 0.0302734375 0.04978038067349927