0 0.419921875 0.17155425219941348 0.02734375 0.045454545454545456
0 0.490234375 0.18035190615835778 0.0263671875 0.04985337243401759
0 0.5419921875 0.18181818181818182 0.0263671875 0.045454545454545456
0 0.572265625 0.2668621700879765 0.033203125 0.060117302052785926
0 0.5244140625 0.2624633431085044 0.029296875 0.05718475073313783
0 0.6328125 0.28885630498533726 0.03125 0.05278592375366569
0 0.4833984375 0.36070381231671556 0.0341796875 0.06304985337243402
0 0.474609375 0.2859237536656892 0.029296875 0.054252199413489736
0 0.396484375 0.2434017595307918 0.025390625 0.04252199413489736
0 0.3837890625 0.312316715542522 0.03125 0.04838709677419355
0 0.361328125 0.2727272727272727 0.0224609375 0.045454545454545456
0 0.3330078125 0.3225806451612903 0.03125 0.05278592375366569
0 0.2705078125 0.31671554252199413 0.0302734375 0.054252199413489736
0 0.283203125 0.39296187683284456 0.0361328125 0.06598240469208211
0 0.671875 0.2829912023460411 0.03515625 0.060117302052785926
0 0.744140625 0.32697947214076245 0.03515625 0.05718475073313783
0 0.779296875 0.2756598240469208 0.0380859375 0.05865102639296188
0 0.8212890625 0.24193548387096775 0.0458984375 0.0689149560117302
0 0.916015625 0.24486803519061584 0.05078125 0.07624633431085044
0 0.3876953125 0.5483870967741935 0.03515625 0.051319648093841645
0 0.4990234375 0.5469208211143695 0.0380859375 0.06158357771260997
0 0.603515625 0.5102639296187683 0.03125 0.06158357771260997
0 0.7431640625 0.5953079178885631 0.0341796875 0.08357771260997067
0 0.2001953125 0.31671554252199413 0.03515625 0.05865102639296188
0 0.2158203125 0.4941348973607038 0.0380859375 0.0689149560117302
0 0.13671875 0.3973607038123167 0.0380859375 0.06598240469208211
0 0.1318359375 0.6627565982404692 0.041015625 0.0718475073313783
0 0.048828125 0.38269794721407624 0.0390625 0.05718475073313783