0 0.4091796875 0.6166253101736973 0.015625 0.019851116625310174
0 0.4619140625 0.6104218362282878 0.0146484375 0.017369727047146403
0 0.5126953125 0.6153846153846154 0.0126953125 0.019851116625310174
0 0.599609375 0.6203473945409429 0.0107421875 0.01488833746898263
0 0.640625 0.5955334987593052 0.013671875 0.017369727047146403
0 0.67578125 0.609181141439206 0.01171875 0.016129032258064516
0 0.703125 0.5570719602977667 0.0087890625 0.01488833746898263
0 0.671875 0.5558312655086849 0.01171875 0.01488833746898263
0 0.642578125 0.5446650124069479 0.0107421875 0.01488833746898263
0 0.607421875 0.5496277915632755 0.01171875 0.016129032258064516
0 0.537109375 0.5384615384615384 0.0107421875 0.01488833746898263
0 0.5048828125 0.5210918114143921 0.01171875 0.01488833746898263
0 0.48046875 0.5272952853598015 0.0126953125 0.016129032258064516
0 0.4384765625 0.5409429280397022 0.009765625 0.016129032258064516
0 0.40234375 0.5483870967741935 0.009765625 0.01488833746898263
0 0.404296875 0.5223325062034739 0.009765625 0.013647642679900745
0 0.3740234375 0.5235732009925558 0.01171875 0.017369727047146403
0 0.3359375 0.5384615384615384 0.01171875 0.01488833746898263
0 0.296875 0.5347394540942928 0.0107421875 0.01488833746898263
0 0.2607421875 0.532258064516129 0.013671875 0.017369727047146403
0 0.533203125 0.5099255583126551 0.013671875 0.013647642679900745
0 0.595703125 0.5210918114143921 0.01171875 0.016129032258064516
0 0.7763671875 0.4317617866004963 0.0087890625 0.011166253101736972
0 0.7529296875 0.43424317617866004 0.0078125 0.009925558312655087
0 0.732421875 0.4267990074441687 0.005859375 0.009925558312655087
0 0.7001953125 0.4230769230769231 0.0068359375 0.008684863523573201
0 0.603515625 0.42555831265508687 0.005859375 0.008684863523573201
0 0.626953125 0.4218362282878412 0.005859375 0.008684863523573201
0 0.822265625 0.38957816377171217 0.0068359375 0.009925558312655087
0 0.658203125 0.41935483870967744 0.0068359375 0.011166253101736972
0 0.681640625 0.41687344913151364 0.0068359375 0.008684863523573201
0 0.5556640625 0.47890818858560796 0.0087890625 0.013647642679900745
0 0.15625 0.45905707196029777 0.01171875 0.013647642679900745
0 0.556640625 0.445409429280397 0.0087890625 0.013647642679900745
0 0.5732421875 0.445409429280397 0.0087890625 0.011166253101736972
0 0.6064453125 0.4801488833746898 0.0087890625 0.009925558312655087
0 0.6015625 0.4491315136476427 0.0087890625 0.009925558312655087
0 0.5654296875 0.41935483870967744 0.0078125 0.009925558312655087
0 0.544921875 0.4143920595533499 0.0048828125 0.008684863523573201
0 0.509765625 0.41563275434243174 0.005859375 0.007444168734491315
0 0.25390625 0.4143920595533499 0.0068359375 0.011166253101736972
0 0.212890625 0.41811414392059554 0.0078125 0.011166253101736972
0 0.1953125 0.4032258064516129 0.005859375 0.009925558312655087
0 0.22265625 0.3945409429280397 0.0078125 0.008684863523573201
0 0.248046875 0.3920595533498759 0.0078125 0.009925558312655087
0 0.27734375 0.3870967741935484 0.005859375 0.009925558312655087
0 0.3046875 0.3920595533498759 0.005859375 0.011166253101736972
0 0.3330078125 0.41811414392059554 0.0068359375 0.008684863523573201
0 0.361328125 0.413151364764268 0.0078125 0.009925558312655087
0 0.3837890625 0.4106699751861042 0.0068359375 0.01240694789081886
0 0.8251953125 0.4317617866004963 0.009765625 0.01240694789081886
0 0.8330078125 0.4057071960297767 0.0078125 0.011166253101736972
0 0.3369140625 0.45781637717121587 0.0087890625 0.008684863523573201
0 0.330078125 0.445409429280397 0.0087890625 0.009925558312655087
0 0.36328125 0.445409429280397 0.0068359375 0.01240694789081886
0 0.388671875 0.4466501240694789 0.0087890625 0.011166253101736972
0 0.4140625 0.44168734491315137 0.0078125 0.011166253101736972
0 0.43359375 0.43672456575682383 0.0087890625 0.011166253101736972
0 0.458984375 0.44044665012406947 0.0087890625 0.013647642679900745
0 0.4755859375 0.45161290322580644 0.0068359375 0.009925558312655087
0 0.5244140625 0.4801488833746898 0.0107421875 0.016129032258064516
0 0.4794921875 0.49503722084367247 0.0068359375 0.013647642679900745
0 0.4501953125 0.47642679900744417 0.0087890625 0.01240694789081886
0 0.4228515625 0.47890818858560796 0.009765625 0.01488833746898263
0 0.3984375 0.5 0.0107421875 0.013647642679900745
0 0.357421875 0.4801488833746898 0.009765625 0.01488833746898263
0 0.3291015625 0.47766749379652607 0.009765625 0.01488833746898263
0 0.2900390625 0.4813895781637717 0.0107421875 0.013647642679900745
0 0.92578125 0.5471464019851117 0.015625 0.02109181141439206
0 0.9208984375 0.5049627791563276 0.013671875 0.018610421836228287
0 0.8671875 0.5719602977667494 0.013671875 0.016129032258064516
0 0.123046875 0.44168734491315137 0.013671875 0.01488833746898263
0 0.1689453125 0.4292803970223325 0.0087890625 0.009925558312655087
0 0.2294921875 0.445409429280397 0.0087890625 0.013647642679900745
0 0.2626953125 0.445409429280397 0.0087890625 0.01240694789081886
0 0.2919921875 0.46029776674937967 0.0078125 0.009925558312655087
0 0.2724609375 0.46153846153846156 0.0068359375 0.009925558312655087
0 0.3154296875 0.4466501240694789 0.0078125 0.011166253101736972
0 0.1484375 0.5620347394540943 0.015625 0.01488833746898263
0 0.169921875 0.5421836228287841 0.015625 0.02109181141439206
0 0.2099609375 0.5272952853598015 0.017578125 0.02109181141439206
0 0.2392578125 0.5533498759305211 0.0146484375 0.018610421836228287
0 0.1240234375 0.48759305210918114 0.015625 0.017369727047146403
0 0.1728515625 0.4826302729528536 0.0126953125 0.01488833746898263
0 0.2109375 0.48883374689826303 0.0126953125 0.016129032258064516
0 0.2548828125 0.4851116625310174 0.0107421875 0.016129032258064516
0 0.1923828125 0.4491315136476427 0.0107421875 0.013647642679900745
0 0.50390625 0.45409429280397023 0.0068359375 0.011166253101736972
0 0.5322265625 0.44168734491315137 0.0087890625 0.011166253101736972
0 0.802734375 0.5607940446650124 0.013671875 0.017369727047146403
0 0.744140625 0.5471464019851117 0.0126953125 0.016129032258064516
0 0.875 0.5062034739454094 0.013671875 0.016129032258064516
0 0.84375 0.5074441687344913 0.0107421875 0.013647642679900745
0 0.8095703125 0.5074441687344913 0.009765625 0.013647642679900745
0 0.763671875 0.49255583126550867 0.009765625 0.016129032258064516
0 0.865234375 0.47766749379652607 0.0087890625 0.009925558312655087
0 0.857421875 0.45781637717121587 0.009765625 0.013647642679900745
0 0.8056640625 0.4627791563275434 0.009765625 0.01488833746898263
0 0.8212890625 0.45409429280397023 0.0107421875 0.013647642679900745
0 0.7880859375 0.47022332506203474 0.0087890625 0.011166253101736972
0 0.7646484375 0.45533498759305213 0.009765625 0.01240694789081886
0 0.734375 0.45409429280397023 0.0087890625 0.01240694789081886
0 0.7099609375 0.45409429280397023 0.0078125 0.009925558312655087
0 0.689453125 0.45037220843672454 0.0078125 0.01240694789081886
0 0.6455078125 0.4913151364764268 0.009765625 0.013647642679900745
0 0.064453125 0.5459057071960298 0.0234375 0.022332506203473945
0 0.10546875 0.5471464019851117 0.0185546875 0.019851116625310174
0 0.32421875 0.3920595533498759 0.005859375 0.009925558312655087
0 0.3544921875 0.39081885856079407 0.005859375 0.009925558312655087
0 0.3740234375 0.38461538461538464 0.0048828125 0.007444168734491315
0 0.3896484375 0.3920595533498759 0.0048828125 0.011166253101736972
0 0.408203125 0.3957816377171216 0.0068359375 0.009925558312655087
0 0.419921875 0.4044665012406948 0.0068359375 0.011166253101736972
0 0.42578125 0.3883374689826303 0.005859375 0.011166253101736972
0 0.4453125 0.3920595533498759 0.0068359375 0.01240694789081886
0 0.4609375 0.39081885856079407 0.0068359375 0.011166253101736972
0 0.4404296875 0.41811414392059554 0.0068359375 0.009925558312655087
0 0.4599609375 0.40818858560794047 0.005859375 0.011166253101736972
0 0.349609375 0.3523573200992556 0.005859375 0.008684863523573201
0 0.38671875 0.3573200992555831 0.0048828125 0.008684863523573201
0 0.3251953125 0.3436724565756824 0.0068359375 0.009925558312655087
0 0.2939453125 0.3436724565756824 0.0078125 0.011166253101736972
0 0.265625 0.34987593052109184 0.0068359375 0.009925558312655087
0 0.2509765625 0.3349875930521092 0.005859375 0.009925558312655087
0 0.2451171875 0.34863523573200994 0.005859375 0.009925558312655087
0 0.2265625 0.34739454094292804 0.005859375 0.008684863523573201
0 0.2880859375 0.3709677419354839 0.005859375 0.009925558312655087
0 0.2763671875 0.413151364764268 0.0078125 0.009925558312655087
0 0.427734375 0.3076923076923077 0.0048828125 0.009925558312655087
0 0.453125 0.3163771712158809 0.0048828125 0.007444168734491315
0 0.3681640625 0.3349875930521092 0.0068359375 0.011166253101736972
0 0.498046875 0.39081885856079407 0.0068359375 0.011166253101736972
0 0.515625 0.39081885856079407 0.0068359375 0.01240694789081886
0 0.4833984375 0.3883374689826303 0.0068359375 0.008684863523573201
0 0.521484375 0.358560794044665 0.005859375 0.007444168734491315
0 0.546875 0.3560794044665012 0.00390625 0.009925558312655087
0 0.5380859375 0.3920595533498759 0.0068359375 0.009925558312655087
0 0.5732421875 0.3858560794044665 0.005859375 0.008684863523573201
0 0.5576171875 0.33002481389578164 0.0048828125 0.007444168734491315
0 0.5732421875 0.32878411910669975 0.005859375 0.009925558312655087
0 0.5263671875 0.3337468982630273 0.005859375 0.009925558312655087
0 0.7744140625 0.3970223325062035 0.005859375 0.008684863523573201
0 0.7734375 0.38089330024813894 0.0048828125 0.009925558312655087
0 0.796875 0.39081885856079407 0.0068359375 0.011166253101736972
0 0.7509765625 0.3870967741935484 0.0068359375 0.008684863523573201
0 0.7314453125 0.4032258064516129 0.005859375 0.011166253101736972
0 0.71484375 0.38461538461538464 0.005859375 0.009925558312655087
0 0.7421875 0.36724565756823824 0.005859375 0.009925558312655087
0 0.7294921875 0.34491315136476425 0.0048828125 0.008684863523573201
0 0.6201171875 0.40074441687344914 0.005859375 0.008684863523573201
0 0.6259765625 0.3933002481389578 0.0048828125 0.008684863523573201
0 0.6748046875 0.39826302729528534 0.005859375 0.011166253101736972
0 0.58984375 0.36600496277915634 0.005859375 0.007444168734491315
0 0.6025390625 0.3746898263027295 0.005859375 0.008684863523573201
0 0.638671875 0.3784119106699752 0.0048828125 0.007444168734491315
0 0.6650390625 0.36476426799007444 0.0048828125 0.008684863523573201
0 0.69140625 0.36228287841191065 0.0048828125 0.008684863523573201
0 0.611328125 0.3598014888337469 0.00390625 0.007444168734491315
0 0.609375 0.34615384615384615 0.00390625 0.007444168734491315
0 0.625 0.34615384615384615 0.00390625 0.007444168734491315
0 0.6533203125 0.3560794044665012 0.00390625 0.00620347394540943
0 0.6669921875 0.34987593052109184 0.00390625 0.007444168734491315
0 0.68359375 0.34863523573200994 0.0048828125 0.008684863523573201
0 0.666015625 0.38461538461538464 0.005859375 0.007444168734491315
0 0.810546875 0.40818858560794047 0.0068359375 0.011166253101736972
0 0.748046875 0.4119106699751861 0.005859375 0.007444168734491315
0 0.689453125 0.38337468982630274 0.005859375 0.007444168734491315
0 0.69140625 0.39826302729528534 0.0048828125 0.008684863523573201
0 0.705078125 0.3560794044665012 0.005859375 0.008684863523573201
0 0.4794921875 0.31141439205955335 0.0048828125 0.007444168734491315
0 0.6044921875 0.3176178660049628 0.00390625 0.007444168734491315
0 0.5947265625 0.3163771712158809 0.00390625 0.007444168734491315
0 0.443359375 0.5173697270471465 0.0146484375 0.018610421836228287
0 0.7978515625 0.4057071960297767 0.0087890625 0.011166253101736972
0 0.52734375 0.4205955334987593 0.0068359375 0.009925558312655087
0 0.490234375 0.41687344913151364 0.0087890625 0.011166253101736972