0 0.265625 0.18328445747800587 0.0546875 0.08357771260997067
0 0.1220703125 0.1466275659824047 0.0576171875 0.08797653958944282
0 0.3291015625 0.375366568914956 0.0537109375 0.08651026392961877
0 0.8935546875 0.09970674486803519 0.048828125 0.08651026392961877
0 0.8203125 0.1348973607038123 0.0517578125 0.08797653958944282
0 0.693359375 0.16862170087976538 0.0458984375 0.07624633431085044
0 0.6552734375 0.15689149560117302 0.03515625 0.05865102639296188
0 0.591796875 0.14516129032258066 0.04296875 0.0747800586510264
0 0.5048828125 0.16715542521994134 0.037109375 0.06158357771260997
0 0.59375 0.530791788856305 0.056640625 0.10410557184750734
0 0.5048828125 0.4560117302052786 0.0537109375 0.11436950146627566
0 0.4501953125 0.5117302052785924 0.048828125 0.0747800586510264
0 0.4375 0.2785923753665689 0.0390625 0.06598240469208211
0 0.4267578125 0.17302052785923755 0.0390625 0.07038123167155426
0 0.314453125 0.08064516129032258 0.0478515625 0.08211143695014662
0 0.3447265625 0.13343108504398826 0.0341796875 0.0689149560117302