0 0.06640625 0.3984375 0.029296875 0.04296875
0 0.1171875 0.35546875 0.03125 0.046875
0 0.1787109375 0.3541666666666667 0.0263671875 0.046875
0 0.2294921875 0.3059895833333333 0.029296875 0.045572916666666664
0 0.3095703125 0.3489583333333333 0.025390625 0.04296875
0 0.4033203125 0.3880208333333333 0.0263671875 0.0390625
0 0.4619140625 0.37109375 0.02734375 0.041666666666666664
0 0.533203125 0.33203125 0.029296875 0.045572916666666664
0 0.6103515625 0.3671875 0.0234375 0.040364583333333336
0 0.10546875 0.52734375 0.0283203125 0.0390625
0 0.146484375 0.5169270833333334 0.03125 0.04296875
0 0.236328125 0.4713541666666667 0.029296875 0.046875
0 0.2744140625 0.60546875 0.0322265625 0.041666666666666664
0 0.3193359375 0.5768229166666666 0.0322265625 0.05078125
0 0.408203125 0.6223958333333334 0.029296875 0.046875
0 0.443359375 0.5546875 0.0380859375 0.061197916666666664
0 0.53125 0.6302083333333334 0.0283203125 0.044270833333333336
0 0.556640625 0.5716145833333334 0.0322265625 0.057291666666666664
0 0.4951171875 0.4309895833333333 0.0263671875 0.046875
0 0.568359375 0.4388020833333333 0.0283203125 0.041666666666666664
0 0.658203125 0.4283854166666667 0.025390625 0.041666666666666664
0 0.7373046875 0.4739583333333333 0.0205078125 0.032552083333333336
0 0.7841796875 0.4244791666666667 0.0283203125 0.045572916666666664
0 0.703125 0.3880208333333333 0.02734375 0.041666666666666664
0 0.8203125 0.3450520833333333 0.02734375 0.045572916666666664
0 0.8720703125 0.3971354166666667 0.02734375 0.044270833333333336
0 0.810546875 0.5442708333333334 0.0234375 0.044270833333333336
0 0.6962890625 0.6471354166666666 0.02734375 0.041666666666666664
0 0.63671875 0.6106770833333334 0.029296875 0.041666666666666664
0 0.5908203125 0.6536458333333334 0.0224609375 0.036458333333333336
0 0.908203125 0.50390625 0.03515625 0.055989583333333336