0 0.427734375 0.8448023426061494 0.0146484375 0.027818448023426062
0 0.4052734375 0.8448023426061494 0.017578125 0.03074670571010249
0 0.3720703125 0.8755490483162518 0.0166015625 0.03806734992679356
0 0.3974609375 0.8257686676427526 0.01171875 0.017569546120058566
0 0.3564453125 0.8755490483162518 0.0146484375 0.027818448023426062
0 0.3251953125 0.9194729136163983 0.0185546875 0.036603221083455345
0 0.3427734375 0.8462664714494875 0.01171875 0.02342606149341142
0 0.3486328125 0.7920937042459737 0.0126953125 0.020497803806734993
0 0.302734375 0.8052708638360175 0.01171875 0.024890190336749635
0 0.322265625 0.8008784773060029 0.0107421875 0.02342606149341142
0 0.3076171875 0.7906295754026355 0.0087890625 0.016105417276720352
0 0.0205078125 0.6749633967789166 0.0048828125 0.007320644216691069
0 0.0478515625 0.6764275256222547 0.005859375 0.007320644216691069
0 0.0322265625 0.6910688140556369 0.0068359375 0.010248901903367497
0 0.021484375 0.6925329428989752 0.005859375 0.008784773060029283
0 0.056640625 0.6676427525622255 0.005859375 0.010248901903367497
0 0.0751953125 0.6661786237188873 0.005859375 0.010248901903367497
0 0.0888671875 0.664714494875549 0.0068359375 0.008784773060029283
0 0.09765625 0.6764275256222547 0.005859375 0.007320644216691069
0 0.1201171875 0.6720351390922401 0.005859375 0.010248901903367497
0 0.1162109375 0.6852122986822841 0.005859375 0.007320644216691069
0 0.1416015625 0.677891654465593 0.0078125 0.010248901903367497
0 0.07421875 0.7101024890190337 0.0068359375 0.010248901903367497
0 0.044921875 0.7144948755490483 0.0068359375 0.013177159590043924
0 0.0595703125 0.7320644216691069 0.0087890625 0.014641288433382138
0 0.0556640625 0.7437774524158126 0.009765625 0.016105417276720352
0 0.01953125 0.7628111273792094 0.009765625 0.017569546120058566
0 0.013671875 0.7437774524158126 0.0068359375 0.014641288433382138
0 0.046875 0.7745241581259151 0.0126953125 0.020497803806734993
0 0.0625 0.7789165446559297 0.0126953125 0.024890190336749635
0 0.0791015625 0.746705710102489 0.009765625 0.01171303074670571
0 0.083984375 0.7554904831625183 0.0087890625 0.014641288433382138
0 0.0927734375 0.767203513909224 0.0107421875 0.01903367496339678
0 0.1015625 0.7628111273792094 0.0087890625 0.016105417276720352
0 0.0263671875 0.8096632503660323 0.01171875 0.017569546120058566
0 0.033203125 0.8111273792093704 0.013671875 0.01903367496339678
0 0.0302734375 0.83601756954612 0.0146484375 0.02635431918008785
0 0.0654296875 0.8404099560761347 0.0166015625 0.02342606149341142
0 0.0927734375 0.8330893118594437 0.013671875 0.02635431918008785
0 0.109375 0.8374816983894583 0.0185546875 0.024890190336749635
0 0.1416015625 0.767203513909224 0.0107421875 0.017569546120058566
0 0.1416015625 0.7452415812591509 0.0107421875 0.016105417276720352
0 0.146484375 0.7306002928257687 0.0107421875 0.017569546120058566
0 0.1552734375 0.7291361639824304 0.0078125 0.017569546120058566
0 0.1474609375 0.6998535871156661 0.009765625 0.014641288433382138
0 0.16015625 0.7027818448023426 0.0068359375 0.014641288433382138
0 0.1708984375 0.7086383601756955 0.0078125 0.013177159590043924
0 0.1904296875 0.7232796486090776 0.0078125 0.016105417276720352
0 0.1845703125 0.7496339677891655 0.0126953125 0.020497803806734993
0 0.15234375 0.8038067349926794 0.0126953125 0.02342606149341142
0 0.1396484375 0.8272327964860908 0.01171875 0.02635431918008785
0 0.1904296875 0.8169838945827232 0.0166015625 0.029282576866764276
0 0.203125 0.7335285505124451 0.009765625 0.020497803806734993
0 0.203125 0.7789165446559297 0.009765625 0.017569546120058566
0 0.212890625 0.7174231332357247 0.0078125 0.013177159590043924
0 0.21875 0.7349926793557833 0.0087890625 0.014641288433382138
0 0.2451171875 0.7349926793557833 0.0107421875 0.017569546120058566
0 0.251953125 0.7525622254758418 0.0126953125 0.021961932650073207
0 0.26171875 0.7525622254758418 0.0087890625 0.014641288433382138
0 0.2744140625 0.7510980966325037 0.0107421875 0.024890190336749635
0 0.2666015625 0.7642752562225475 0.0126953125 0.021961932650073207
0 0.236328125 0.8169838945827232 0.015625 0.029282576866764276
0 0.244140625 0.808199121522694 0.0107421875 0.02342606149341142
0 0.2236328125 0.7774524158125915 0.0126953125 0.020497803806734993
0 0.220703125 0.7554904831625183 0.0107421875 0.014641288433382138
0 0.2900390625 0.7759882869692533 0.0087890625 0.016105417276720352
0 0.298828125 0.7818448023426061 0.0107421875 0.01903367496339678
0 0.2216796875 0.8067349926793558 0.009765625 0.01903367496339678
0 0.1806640625 0.787701317715959 0.009765625 0.021961932650073207
0 0.2763671875 0.8711566617862372 0.0146484375 0.03074670571010249
0 0.28515625 0.8740849194729137 0.0126953125 0.024890190336749635
0 0.2958984375 0.9033674963396779 0.0166015625 0.027818448023426062
0 0.26953125 0.9297218155197657 0.0185546875 0.03513909224011713
0 0.23046875 0.9487554904831625 0.017578125 0.03367496339677892
0 0.2314453125 0.9209370424597365 0.0185546875 0.027818448023426062
0 0.18359375 0.9516837481698389 0.0205078125 0.036603221083455345
0 0.1826171875 0.890190336749634 0.0185546875 0.036603221083455345
0 0.2197265625 0.8799414348462665 0.01953125 0.03513909224011713
0 0.232421875 0.8594436310395315 0.0126953125 0.029282576866764276
0 0.1708984375 0.8667642752562226 0.017578125 0.03074670571010249
0 0.267578125 0.8418740849194729 0.017578125 0.027818448023426062
0 0.111328125 0.8667642752562226 0.0185546875 0.029282576866764276
0 0.103515625 0.9077598828696926 0.0185546875 0.03513909224011713
0 0.1298828125 0.9765739385065886 0.0185546875 0.03074670571010249
0 0.0615234375 0.9882869692532943 0.025390625 0.020497803806734993
0 0.04296875 0.9531478770131772 0.017578125 0.03367496339677892
0 0.0595703125 0.8931185944363104 0.015625 0.03074670571010249
0 0.0419921875 0.8828696925329429 0.013671875 0.02342606149341142
0 0.041015625 0.9224011713030746 0.017578125 0.03074670571010249
0 0.1328125 0.9428989751098097 0.0146484375 0.02342606149341142
0 0.14453125 0.6456808199121523 0.005859375 0.005856515373352855
0 0.1533203125 0.6442166910688141 0.0048828125 0.007320644216691069
0 0.1806640625 0.6339677891654466 0.00390625 0.007320644216691069
0 0.185546875 0.6398243045387995 0.0048828125 0.007320644216691069
0 0.1650390625 0.6530014641288433 0.00390625 0.008784773060029283
0 0.2001953125 0.6471449487554904 0.005859375 0.010248901903367497
0 0.1982421875 0.6617862371888726 0.0048828125 0.007320644216691069
0 0.205078125 0.6705710102489019 0.005859375 0.010248901903367497
0 0.189453125 0.6530014641288433 0.005859375 0.01171303074670571
0 0.2158203125 0.6632503660322109 0.0048828125 0.007320644216691069
0 0.2255859375 0.6632503660322109 0.0048828125 0.010248901903367497
0 0.2109375 0.6193265007320644 0.0048828125 0.008784773060029283
0 0.2041015625 0.6295754026354319 0.0048828125 0.007320644216691069
0 0.2255859375 0.6310395314787701 0.00390625 0.007320644216691069
0 0.2470703125 0.6207906295754027 0.0048828125 0.007320644216691069
0 0.2431640625 0.6251830161054173 0.00390625 0.005856515373352855
0 0.259765625 0.6134699853587116 0.0029296875 0.005856515373352855
0 0.2353515625 0.6720351390922401 0.0068359375 0.010248901903367497
0 0.2392578125 0.677891654465593 0.005859375 0.010248901903367497
0 0.25390625 0.6881405563689604 0.005859375 0.008784773060029283
0 0.24609375 0.6881405563689604 0.0068359375 0.010248901903367497
0 0.2685546875 0.6881405563689604 0.0078125 0.01171303074670571
0 0.2802734375 0.6764275256222547 0.0068359375 0.010248901903367497
0 0.6474609375 0.787701317715959 0.0087890625 0.02342606149341142
0 0.6689453125 0.7935578330893118 0.009765625 0.02342606149341142
0 0.6611328125 0.7715959004392386 0.01171875 0.020497803806734993
0 0.693359375 0.7774524158125915 0.0078125 0.017569546120058566
0 0.701171875 0.7774524158125915 0.0078125 0.01903367496339678
0 0.7216796875 0.7657393850658858 0.0126953125 0.01903367496339678
0 0.7451171875 0.7569546120058566 0.0126953125 0.020497803806734993
0 0.6064453125 0.7891654465592972 0.0126953125 0.024890190336749635
0 0.5830078125 0.7833089311859444 0.0126953125 0.021961932650073207
0 0.556640625 0.7891654465592972 0.0107421875 0.02342606149341142
0 0.53515625 0.7847730600292826 0.0107421875 0.021961932650073207
0 0.5751953125 0.7642752562225475 0.0107421875 0.021961932650073207
0 0.603515625 0.7686676427525623 0.0107421875 0.017569546120058566
0 0.609375 0.7613469985358712 0.009765625 0.01903367496339678
0 0.64453125 0.7554904831625183 0.009765625 0.017569546120058566
0 0.6748046875 0.7525622254758418 0.0126953125 0.02635431918008785
0 0.693359375 0.7481698389458272 0.009765625 0.021961932650073207
0 0.6328125 0.7423133235724744 0.009765625 0.01903367496339678
0 0.6591796875 0.7335285505124451 0.0107421875 0.017569546120058566
0 0.5400390625 0.7554904831625183 0.0107421875 0.024890190336749635
0 0.55859375 0.7540263543191801 0.0078125 0.014641288433382138
0 0.5869140625 0.7437774524158126 0.0107421875 0.017569546120058566
0 0.603515625 0.7364568081991215 0.0078125 0.017569546120058566
0 0.6220703125 0.7247437774524158 0.0087890625 0.016105417276720352
0 0.56640625 0.7276720351390923 0.0068359375 0.016105417276720352
0 0.5791015625 0.7291361639824304 0.0068359375 0.01171303074670571
0 0.529296875 0.7496339677891655 0.009765625 0.017569546120058566
0 0.513671875 0.7657393850658858 0.0068359375 0.020497803806734993
0 0.5126953125 0.7437774524158126 0.009765625 0.020497803806734993
0 0.4873046875 0.7584187408491947 0.009765625 0.017569546120058566
0 0.470703125 0.7510980966325037 0.0107421875 0.020497803806734993
0 0.4921875 0.7349926793557833 0.0087890625 0.020497803806734993
0 0.4541015625 0.7437774524158126 0.009765625 0.020497803806734993
0 0.4541015625 0.7247437774524158 0.009765625 0.017569546120058566
0 0.4619140625 0.7101024890190337 0.0087890625 0.017569546120058566
0 0.498046875 0.7232796486090776 0.0068359375 0.014641288433382138
0 0.517578125 0.7247437774524158 0.0068359375 0.013177159590043924
0 0.52734375 0.7364568081991215 0.0078125 0.017569546120058566
0 0.546875 0.7320644216691069 0.0078125 0.017569546120058566
0 0.556640625 0.7247437774524158 0.0078125 0.013177159590043924
0 0.5576171875 0.7071742313323572 0.0068359375 0.013177159590043924
0 0.560546875 0.6910688140556369 0.0078125 0.014641288433382138
0 0.5380859375 0.7042459736456809 0.0078125 0.014641288433382138
0 0.53125 0.7101024890190337 0.0078125 0.016105417276720352
0 0.517578125 0.6998535871156661 0.0068359375 0.013177159590043924
0 0.51171875 0.698389458272328 0.0048828125 0.01171303074670571
0 0.5126953125 0.7115666178623719 0.0068359375 0.014641288433382138
0 0.4873046875 0.705710102489019 0.0087890625 0.016105417276720352
0 0.4765625 0.705710102489019 0.0068359375 0.014641288433382138
0 0.44921875 0.6866764275256223 0.0087890625 0.014641288433382138
0 0.43359375 0.739385065885798 0.0078125 0.016105417276720352
0 0.431640625 0.7174231332357247 0.0078125 0.017569546120058566
0 0.4384765625 0.6998535871156661 0.0078125 0.014641288433382138
0 0.42578125 0.7071742313323572 0.0078125 0.013177159590043924
0 0.4130859375 0.7130307467057101 0.0087890625 0.01903367496339678
0 0.3916015625 0.7276720351390923 0.0087890625 0.017569546120058566
0 0.380859375 0.7335285505124451 0.0078125 0.014641288433382138
0 0.3740234375 0.7203513909224012 0.0078125 0.017569546120058566
0 0.3720703125 0.6954612005856515 0.005859375 0.013177159590043924
0 0.421875 0.6822840409956076 0.005859375 0.010248901903367497
0 0.427734375 0.6822840409956076 0.0048828125 0.01171303074670571
0 0.4619140625 0.6676427525622255 0.005859375 0.013177159590043924
0 0.46875 0.6705710102489019 0.0048828125 0.010248901903367497
0 0.48046875 0.657393850658858 0.005859375 0.010248901903367497
0 0.490234375 0.6852122986822841 0.005859375 0.01171303074670571
0 0.3603515625 0.7144948755490483 0.0068359375 0.016105417276720352
0 0.3408203125 0.7130307467057101 0.0068359375 0.01171303074670571
0 0.3251953125 0.7115666178623719 0.0087890625 0.016105417276720352
0 0.318359375 0.6764275256222547 0.0068359375 0.013177159590043924
0 0.3359375 0.6881405563689604 0.0068359375 0.013177159590043924
0 0.3427734375 0.6822840409956076 0.0068359375 0.013177159590043924
0 0.3076171875 0.698389458272328 0.0048828125 0.010248901903367497
0 0.3125 0.6910688140556369 0.0068359375 0.010248901903367497
0 0.3076171875 0.6705710102489019 0.005859375 0.010248901903367497
0 0.291015625 0.657393850658858 0.0068359375 0.010248901903367497
0 0.2958984375 0.6456808199121523 0.005859375 0.010248901903367497
0 0.3056640625 0.6544655929721815 0.0048828125 0.007320644216691069
0 0.302734375 0.6486090775988287 0.00390625 0.008784773060029283
0 0.318359375 0.6486090775988287 0.005859375 0.010248901903367497
0 0.314453125 0.6442166910688141 0.00390625 0.007320644216691069
0 0.318359375 0.6398243045387995 0.0048828125 0.007320644216691069
0 0.33984375 0.6559297218155198 0.0048828125 0.007320644216691069
0 0.3505859375 0.6456808199121523 0.005859375 0.008784773060029283
0 0.361328125 0.6427525622254758 0.0048828125 0.008784773060029283
0 0.3623046875 0.6515373352855052 0.0048828125 0.010248901903367497
0 0.3857421875 0.6471449487554904 0.0048828125 0.008784773060029283
0 0.3671875 0.6691068814055637 0.005859375 0.01171303074670571
0 0.416015625 0.6486090775988287 0.0048828125 0.010248901903367497
0 0.375 0.6544655929721815 0.0068359375 0.010248901903367497
0 0.2783203125 0.6090775988286969 0.005859375 0.007320644216691069
0 0.2958984375 0.6149341142020498 0.0048828125 0.007320644216691069
0 0.2900390625 0.6193265007320644 0.005859375 0.007320644216691069
0 0.3203125 0.6134699853587116 0.00390625 0.005856515373352855
0 0.359375 0.6310395314787701 0.00390625 0.008784773060029283
0 0.376953125 0.6149341142020498 0.0048828125 0.007320644216691069
0 0.3681640625 0.6046852122986823 0.0048828125 0.007320644216691069
0 0.3525390625 0.6076134699853587 0.00390625 0.005856515373352855
0 0.71875 0.739385065885798 0.009765625 0.01903367496339678
0 0.7294921875 0.726207906295754 0.009765625 0.016105417276720352
0 0.76171875 0.7423133235724744 0.009765625 0.014641288433382138
0 0.7646484375 0.726207906295754 0.009765625 0.017569546120058566
0 0.771484375 0.7130307467057101 0.0078125 0.014641288433382138
0 0.7529296875 0.7159590043923866 0.0107421875 0.017569546120058566
0 0.673828125 0.7174231332357247 0.0107421875 0.017569546120058566
0 0.6474609375 0.7174231332357247 0.0087890625 0.017569546120058566
0 0.6552734375 0.7174231332357247 0.0078125 0.016105417276720352
0 0.6396484375 0.7086383601756955 0.0078125 0.013177159590043924
0 0.6416015625 0.7013177159590044 0.0087890625 0.016105417276720352
0 0.6708984375 0.6939970717423133 0.0087890625 0.016105417276720352
0 0.61328125 0.6793557833089312 0.0087890625 0.016105417276720352
0 0.6220703125 0.6749633967789166 0.0078125 0.010248901903367497
0 0.615234375 0.6617862371888726 0.0068359375 0.01171303074670571
0 0.59375 0.664714494875549 0.0068359375 0.013177159590043924
0 0.587890625 0.6896046852122987 0.0068359375 0.01171303074670571
0 0.626953125 0.6588579795021962 0.005859375 0.01171303074670571
0 0.6455078125 0.6691068814055637 0.0068359375 0.013177159590043924
0 0.7861328125 0.7437774524158126 0.0087890625 0.020497803806734993
0 0.80078125 0.7496339677891655 0.0078125 0.014641288433382138
0 0.814453125 0.7276720351390923 0.0087890625 0.01903367496339678
0 0.8359375 0.7306002928257687 0.009765625 0.016105417276720352
0 0.8427734375 0.7291361639824304 0.0078125 0.016105417276720352
0 0.8818359375 0.7364568081991215 0.0107421875 0.017569546120058566
0 0.876953125 0.7101024890190337 0.0078125 0.016105417276720352
0 0.9033203125 0.6808199121522694 0.0087890625 0.017569546120058566
0 0.91796875 0.6925329428989752 0.0078125 0.014641288433382138
0 0.8896484375 0.6705710102489019 0.009765625 0.014641288433382138
0 0.869140625 0.6969253294289898 0.0087890625 0.016105417276720352
0 0.841796875 0.7071742313323572 0.0087890625 0.017569546120058566
0 0.8291015625 0.6896046852122987 0.0087890625 0.013177159590043924
0 0.8037109375 0.7130307467057101 0.0087890625 0.017569546120058566
0 0.7822265625 0.7115666178623719 0.01171875 0.016105417276720352
0 0.7822265625 0.6866764275256223 0.0068359375 0.01171303074670571
0 0.7578125 0.6896046852122987 0.0087890625 0.014641288433382138
0 0.7724609375 0.6676427525622255 0.0068359375 0.013177159590043924
0 0.779296875 0.6588579795021962 0.005859375 0.013177159590043924
0 0.8037109375 0.6676427525622255 0.009765625 0.014641288433382138
0 0.8076171875 0.6866764275256223 0.0068359375 0.014641288433382138
0 0.86328125 0.664714494875549 0.0068359375 0.013177159590043924
0 0.9140625 0.6442166910688141 0.005859375 0.01171303074670571
0 0.9033203125 0.6632503660322109 0.0078125 0.01171303074670571
0 0.9267578125 0.6866764275256223 0.0087890625 0.01171303074670571
0 0.9423828125 0.6354319180087847 0.0048828125 0.010248901903367497
0 0.888671875 0.6427525622254758 0.0078125 0.01171303074670571
0 0.8076171875 0.636896046852123 0.0048828125 0.010248901903367497
0 0.7490234375 0.6617862371888726 0.0068359375 0.013177159590043924
0 0.8671875 0.6310395314787701 0.005859375 0.010248901903367497
0 0.8544921875 0.6325036603221084 0.005859375 0.01171303074670571
0 0.828125 0.6134699853587116 0.0048828125 0.008784773060029283
0 0.7802734375 0.616398243045388 0.005859375 0.010248901903367497
0 0.77734375 0.6281112737920937 0.0078125 0.007320644216691069
0 0.7939453125 0.6207906295754027 0.0068359375 0.01171303074670571
0 0.759765625 0.6090775988286969 0.0048828125 0.008784773060029283
0 0.751953125 0.636896046852123 0.0048828125 0.008784773060029283
0 0.7431640625 0.6486090775988287 0.0068359375 0.01171303074670571
0 0.73828125 0.6530014641288433 0.005859375 0.007320644216691069
0 0.734375 0.6837481698389458 0.009765625 0.01903367496339678
0 0.72265625 0.6852122986822841 0.0078125 0.016105417276720352
0 0.728515625 0.6603221083455344 0.0048828125 0.008784773060029283
0 0.7275390625 0.6515373352855052 0.0068359375 0.01171303074670571
0 0.7109375 0.6588579795021962 0.0068359375 0.01171303074670571
0 0.7060546875 0.6734992679355783 0.005859375 0.010248901903367497
0 0.69140625 0.6427525622254758 0.0068359375 0.008784773060029283
0 0.6748046875 0.6442166910688141 0.0048828125 0.01171303074670571
0 0.6845703125 0.6530014641288433 0.0068359375 0.01171303074670571
0 0.763671875 0.6383601756954612 0.0068359375 0.005856515373352855
0 0.7099609375 0.6398243045387995 0.0068359375 0.010248901903367497
0 0.703125 0.6002928257686676 0.00390625 0.007320644216691069
0 0.6884765625 0.6193265007320644 0.0048828125 0.007320644216691069
0 0.666015625 0.6486090775988287 0.005859375 0.01171303074670571
0 0.6630859375 0.6676427525622255 0.0078125 0.01171303074670571
0 0.6376953125 0.6896046852122987 0.0078125 0.013177159590043924
0 0.6025390625 0.6339677891654466 0.00390625 0.008784773060029283
0 0.58203125 0.6251830161054173 0.0048828125 0.008784773060029283
0 0.5400390625 0.6530014641288433 0.005859375 0.008784773060029283
0 0.5302734375 0.6632503660322109 0.005859375 0.008784773060029283
0 0.5400390625 0.6617862371888726 0.0048828125 0.007320644216691069
0 0.599609375 0.6808199121522694 0.0068359375 0.010248901903367497
0 0.421875 0.6486090775988287 0.0048828125 0.008784773060029283
0 0.4462890625 0.6310395314787701 0.005859375 0.008784773060029283
0 0.4658203125 0.6266471449487555 0.0048828125 0.007320644216691069
0 0.43359375 0.6383601756954612 0.00390625 0.005856515373352855
0 0.4111328125 0.623718887262079 0.0048828125 0.007320644216691069
0 0.4169921875 0.6251830161054173 0.00390625 0.005856515373352855
0 0.3916015625 0.6325036603221084 0.0048828125 0.008784773060029283
0 0.4375 0.6105417276720352 0.00390625 0.007320644216691069
0 0.5107421875 0.6749633967789166 0.0078125 0.014641288433382138
0 0.521484375 0.6734992679355783 0.0048828125 0.01171303074670571
0 0.490234375 0.6471449487554904 0.0048828125 0.008784773060029283
0 0.49609375 0.6398243045387995 0.00390625 0.008784773060029283
0 0.525390625 0.6251830161054173 0.005859375 0.007320644216691069
0 0.537109375 0.6207906295754027 0.00390625 0.008784773060029283
0 0.5419921875 0.6251830161054173 0.005859375 0.007320644216691069
0 0.5185546875 0.6398243045387995 0.0048828125 0.008784773060029283
0 0.4599609375 0.6515373352855052 0.005859375 0.01171303074670571
0 0.6396484375 0.7320644216691069 0.009765625 0.014641288433382138
0 0.6767578125 0.6896046852122987 0.0087890625 0.017569546120058566
0 0.8896484375 0.7115666178623719 0.0126953125 0.020497803806734993
0 0.9541015625 0.6837481698389458 0.0068359375 0.013177159590043924
0 0.9775390625 0.6764275256222547 0.0078125 0.017569546120058566
0 0.9013671875 0.6120058565153733 0.00390625 0.008784773060029283
0 0.896484375 0.6002928257686676 0.00390625 0.007320644216691069
0 0.8876953125 0.5885797950219619 0.00390625 0.007320644216691069
0 0.8740234375 0.595900439238653 0.0048828125 0.008784773060029283
0 0.8740234375 0.6661786237188873 0.005859375 0.01171303074670571
0 0.8330078125 0.6661786237188873 0.005859375 0.01171303074670571
0 0.8310546875 0.6281112737920937 0.0048828125 0.01171303074670571
0 0.818359375 0.6325036603221084 0.005859375 0.010248901903367497
0 0.7392578125 0.6222547584187409 0.0078125 0.010248901903367497
0 0.6669921875 0.6266471449487555 0.005859375 0.008784773060029283
0 0.671875 0.6134699853587116 0.0048828125 0.008784773060029283
0 0.7431640625 0.6866764275256223 0.0078125 0.016105417276720352
0 0.69140625 0.6969253294289898 0.009765625 0.016105417276720352
0 0.505859375 0.7247437774524158 0.0068359375 0.016105417276720352
0 0.4404296875 0.6486090775988287 0.0048828125 0.008784773060029283
0 0.3330078125 0.705710102489019 0.005859375 0.01171303074670571
0 0.109375 0.6705710102489019 0.0048828125 0.010248901903367497
0 0.17578125 0.7306002928257687 0.0048828125 0.014641288433382138
0 0.1689453125 0.7437774524158126 0.005859375 0.01171303074670571
0 0.00390625 0.7291361639824304 0.0068359375 0.013177159590043924
0 0.0048828125 0.7818448023426061 0.0078125 0.01903367496339678
0 0.0048828125 0.9341142020497804 0.009765625 0.02635431918008785
0 0.3017578125 0.8330893118594437 0.0126953125 0.021961932650073207
0 0.32421875 0.8653001464128843 0.0126953125 0.024890190336749635
0 0.3828125 0.8272327964860908 0.009765625 0.021961932650073207
0 0.005859375 0.7013177159590044 0.0087890625 0.016105417276720352