0 0.0517578125 0.38945827232796487 0.0419921875 0.06734992679355783
0 0.111328125 0.404099560761347 0.0263671875 0.0424597364568082
0 0.171875 0.42020497803806733 0.0166015625 0.0424597364568082
0 0.1884765625 0.36749633967789164 0.01171875 0.01903367496339678
0 0.25390625 0.4465592972181552 0.03515625 0.08345534407027819
0 0.349609375 0.4407027818448023 0.025390625 0.05124450951683748
0 0.353515625 0.3938506588579795 0.015625 0.020497803806734993
0 0.3857421875 0.3953147877013177 0.0087890625 0.024890190336749635
0 0.21875 0.35871156661786235 0.0078125 0.016105417276720352
0 0.4990234375 0.39970717423133234 0.0126953125 0.027818448023426062
0 0.5009765625 0.3718887262079063 0.009765625 0.01903367496339678
0 0.5439453125 0.34260614934114203 0.0068359375 0.013177159590043924
0 0.580078125 0.3528550512445095 0.0078125 0.013177159590043924
0 0.6083984375 0.39970717423133234 0.013671875 0.03513909224011713
0 0.6328125 0.38653001464128844 0.015625 0.029282576866764276
0 0.658203125 0.35724743777452417 0.009765625 0.017569546120058566
0 0.6513671875 0.3806734992679356 0.009765625 0.02342606149341142
0 0.779296875 0.47291361639824303 0.0419921875 0.07613469985358712
0 0.7021484375 0.3967789165446559 0.0263671875 0.03953147877013177
0 0.6904296875 0.37920937042459735 0.0146484375 0.029282576866764276
0 0.7978515625 0.3689604685212299 0.0068359375 0.01171303074670571
0 0.8447265625 0.37920937042459735 0.0087890625 0.014641288433382138
0 0.888671875 0.4407027818448023 0.0263671875 0.0527086383601757
0 0.9140625 0.40263543191800877 0.0185546875 0.03513909224011713
0 0.904296875 0.3689604685212299 0.0087890625 0.014641288433382138
0 0.955078125 0.4333821376281113 0.0234375 0.036603221083455345
0 0.9697265625 0.37920937042459735 0.0078125 0.02342606149341142
0 0.52734375 0.3938506588579795 0.0068359375 0.020497803806734993
0 0.462890625 0.37920937042459735 0.0078125 0.017569546120058566
0 0.6123046875 0.3616398243045388 0.0087890625 0.017569546120058566