0 0.1923828125 0.6361221779548473 0.017578125 0.03054448871181939
0 0.2373046875 0.6640106241699867 0.0205078125 0.03187250996015936
0 0.251953125 0.646746347941567 0.017578125 0.025232403718459494
0 0.2919921875 0.6188579017264276 0.0087890625 0.01593625498007968
0 0.310546875 0.6440903054448871 0.01171875 0.021248339973439574
0 0.3232421875 0.6733067729083665 0.0166015625 0.03054448871181939
0 0.3759765625 0.6069057104913679 0.0087890625 0.01593625498007968
0 0.4443359375 0.6374501992031872 0.01171875 0.021248339973439574
0 0.46875 0.6440903054448871 0.017578125 0.027888446215139442
0 0.873046875 0.6958831341301461 0.021484375 0.034528552456839307
0 0.8603515625 0.6839309428950863 0.017578125 0.02257636122177955
0 0.6533203125 0.6520584329349269 0.015625 0.025232403718459494
0 0.6591796875 0.6135458167330677 0.009765625 0.017264276228419653
0 0.611328125 0.6905710491367862 0.01953125 0.03851261620185923
0 0.486328125 0.6122177954847278 0.0068359375 0.01195219123505976
0 0.4580078125 0.6055776892430279 0.005859375 0.01195219123505976
0 0.560546875 0.650730411686587 0.0078125 0.017264276228419653
0 0.5986328125 0.6241699867197875 0.0087890625 0.017264276228419653
0 0.5830078125 0.600265604249668 0.005859375 0.013280212483399735
0 0.576171875 0.598937583001328 0.0087890625 0.013280212483399735
0 0.5615234375 0.6215139442231076 0.0078125 0.013280212483399735
0 0.052734375 0.8671978751660027 0.029296875 0.04780876494023904