0 0.021484375 0.5299479166666666 0.0166015625 0.022135416666666668
0 0.04296875 0.5625 0.017578125 0.03125
0 0.0751953125 0.6588541666666666 0.0224609375 0.04296875
0 0.087890625 0.55859375 0.0166015625 0.029947916666666668
0 0.03515625 0.48828125 0.01953125 0.029947916666666668
0 0.0263671875 0.4518229166666667 0.01953125 0.029947916666666668
0 0.0517578125 0.4622395833333333 0.0146484375 0.01953125
0 0.0673828125 0.4283854166666667 0.017578125 0.024739583333333332
0 0.0830078125 0.421875 0.013671875 0.018229166666666668
0 0.0771484375 0.45703125 0.0146484375 0.0234375
0 0.0673828125 0.5091145833333334 0.0166015625 0.033854166666666664
0 0.1064453125 0.5091145833333334 0.0166015625 0.022135416666666668
0 0.0908203125 0.4544270833333333 0.013671875 0.026041666666666668
0 0.1142578125 0.4453125 0.0078125 0.014322916666666666
0 0.1240234375 0.4453125 0.013671875 0.026041666666666668
0 0.142578125 0.46875 0.013671875 0.024739583333333332
0 0.1494140625 0.43359375 0.013671875 0.01953125
0 0.1748046875 0.4479166666666667 0.0146484375 0.026041666666666668
0 0.1904296875 0.4322916666666667 0.01171875 0.024739583333333332
0 0.201171875 0.4440104166666667 0.013671875 0.020833333333333332
0 0.2138671875 0.4309895833333333 0.01171875 0.018229166666666668
0 0.234375 0.4479166666666667 0.015625 0.024739583333333332
0 0.2392578125 0.41015625 0.009765625 0.013020833333333334
0 0.2548828125 0.4388020833333333 0.0126953125 0.024739583333333332
0 0.171875 0.5065104166666666 0.0166015625 0.0234375
0 0.1767578125 0.546875 0.0146484375 0.02734375
0 0.158203125 0.5859375 0.0146484375 0.026041666666666668
0 0.1552734375 0.6236979166666666 0.021484375 0.033854166666666664
0 0.1728515625 0.6744791666666666 0.0234375 0.041666666666666664
0 0.2177734375 0.5247395833333334 0.0146484375 0.02734375
0 0.232421875 0.5598958333333334 0.0146484375 0.024739583333333332
0 0.28515625 0.5169270833333334 0.0146484375 0.026041666666666668
0 0.279296875 0.5677083333333334 0.0146484375 0.01953125
0 0.3017578125 0.546875 0.017578125 0.024739583333333332
0 0.306640625 0.61328125 0.017578125 0.03515625
0 0.322265625 0.57421875 0.017578125 0.0234375
0 0.3037109375 0.40234375 0.0146484375 0.022135416666666668
0 0.3095703125 0.4322916666666667 0.0126953125 0.026041666666666668
0 0.32421875 0.4231770833333333 0.0126953125 0.0234375
0 0.330078125 0.45703125 0.0146484375 0.0234375
0 0.3642578125 0.421875 0.013671875 0.029947916666666668
0 0.3779296875 0.4088541666666667 0.01171875 0.02734375
0 0.3994140625 0.4583333333333333 0.013671875 0.026041666666666668
0 0.4091796875 0.4361979166666667 0.0166015625 0.0234375
0 0.373046875 0.51171875 0.017578125 0.03125
0 0.3857421875 0.5520833333333334 0.01953125 0.026041666666666668
0 0.412109375 0.5169270833333334 0.013671875 0.026041666666666668
0 0.431640625 0.5390625 0.015625 0.02734375
0 0.380859375 0.6106770833333334 0.01953125 0.029947916666666668
0 0.365234375 0.6901041666666666 0.0263671875 0.044270833333333336
0 0.4130859375 0.6158854166666666 0.017578125 0.03125
0 0.4404296875 0.7161458333333334 0.021484375 0.033854166666666664
0 0.48046875 0.6119791666666666 0.021484375 0.033854166666666664
0 0.466796875 0.5455729166666666 0.017578125 0.028645833333333332
0 0.4541015625 0.5026041666666666 0.0166015625 0.0234375
0 0.4462890625 0.4583333333333333 0.013671875 0.0234375
0 0.4580078125 0.4466145833333333 0.0146484375 0.022135416666666668
0 0.4443359375 0.41796875 0.013671875 0.024739583333333332
0 0.48828125 0.4479166666666667 0.0146484375 0.028645833333333332
0 0.5 0.41796875 0.013671875 0.024739583333333332
0 0.5205078125 0.4166666666666667 0.017578125 0.026041666666666668
0 0.52734375 0.4440104166666667 0.0146484375 0.024739583333333332
0 0.5478515625 0.43359375 0.013671875 0.02734375
0 0.5166015625 0.4856770833333333 0.015625 0.0234375
0 0.5087890625 0.515625 0.0166015625 0.037760416666666664
0 0.5380859375 0.5846354166666666 0.0166015625 0.03125
0 0.5576171875 0.6471354166666666 0.0234375 0.0390625
0 0.564453125 0.4375 0.0126953125 0.024739583333333332
0 0.5693359375 0.40625 0.0126953125 0.018229166666666668
0 0.560546875 0.5013020833333334 0.0146484375 0.024739583333333332
0 0.5615234375 0.55859375 0.013671875 0.022135416666666668
0 0.5927734375 0.5625 0.017578125 0.024739583333333332
0 0.603515625 0.4453125 0.0166015625 0.026041666666666668
0 0.6474609375 0.4361979166666667 0.0126953125 0.022135416666666668
0 0.6708984375 0.4127604166666667 0.013671875 0.022135416666666668
0 0.6982421875 0.43359375 0.0166015625 0.026041666666666668
0 0.6572265625 0.4596354166666667 0.013671875 0.024739583333333332
0 0.6767578125 0.45703125 0.0126953125 0.0234375
0 0.6123046875 0.4895833333333333 0.0185546875 0.02734375
0 0.6748046875 0.5442708333333334 0.017578125 0.029947916666666668
0 0.6201171875 0.6328125 0.0224609375 0.0390625
0 0.65234375 0.6341145833333334 0.0263671875 0.032552083333333336
0 0.6669921875 0.59375 0.017578125 0.03125
0 0.7021484375 0.5924479166666666 0.01953125 0.033854166666666664
0 0.716796875 0.56640625 0.0146484375 0.026041666666666668
0 0.6826171875 0.5026041666666666 0.017578125 0.02734375
0 0.7333984375 0.453125 0.0166015625 0.026041666666666668
0 0.7548828125 0.42578125 0.013671875 0.024739583333333332
0 0.7548828125 0.4622395833333333 0.0166015625 0.02734375
0 0.76171875 0.5 0.0166015625 0.0234375
0 0.7392578125 0.5260416666666666 0.0146484375 0.024739583333333332
0 0.78515625 0.5442708333333334 0.0185546875 0.024739583333333332
0 0.7470703125 0.5989583333333334 0.0166015625 0.033854166666666664
0 0.7919921875 0.66015625 0.025390625 0.03515625
0 0.8134765625 0.5950520833333334 0.01953125 0.033854166666666664
0 0.876953125 0.6549479166666666 0.021484375 0.040364583333333336
0 0.9111328125 0.640625 0.0205078125 0.02734375
0 0.953125 0.59375 0.021484375 0.037760416666666664
0 0.869140625 0.5911458333333334 0.0205078125 0.036458333333333336
0 0.8251953125 0.5130208333333334 0.0185546875 0.029947916666666668
0 0.8720703125 0.53515625 0.0185546875 0.03125
0 0.845703125 0.4934895833333333 0.0185546875 0.036458333333333336
0 0.9453125 0.4609375 0.017578125 0.032552083333333336
0 0.9208984375 0.46875 0.017578125 0.02734375
0 0.8837890625 0.4622395833333333 0.017578125 0.028645833333333332
0 0.90234375 0.44140625 0.017578125 0.028645833333333332
0 0.9365234375 0.41796875 0.0166015625 0.029947916666666668
0 0.96875 0.4140625 0.0185546875 0.03125
0 0.7958984375 0.42578125 0.013671875 0.026041666666666668
0 0.7919921875 0.4609375 0.01953125 0.026041666666666668
0 0.8203125 0.4361979166666667 0.0185546875 0.032552083333333336
0 0.0029296875 0.47265625 0.0068359375 0.020833333333333332
0 0.0029296875 0.41015625 0.0068359375 0.026041666666666668
0 0.580078125 0.4401041666666667 0.0107421875 0.0234375