0 0.84375 0.9648609077598829 0.0361328125 0.07027818448023426
0 0.9482421875 0.7994143484626647 0.01953125 0.05710102489019034
0 0.9189453125 0.767203513909224 0.013671875 0.040995607613469986
0 0.9326171875 0.7115666178623719 0.009765625 0.024890190336749635
0 0.935546875 0.6793557833089312 0.00390625 0.010248901903367497
0 0.857421875 0.7437774524158126 0.0107421875 0.024890190336749635
0 0.8232421875 0.7364568081991215 0.005859375 0.01171303074670571
0 0.94140625 0.6632503660322109 0.0068359375 0.01171303074670571
0 0.4150390625 0.8638360175695461 0.0107421875 0.029282576866764276
0 0.44921875 0.8594436310395315 0.0126953125 0.01903367496339678
0 0.4912109375 0.8535871156661786 0.015625 0.0424597364568082
0 0.69140625 0.7935578330893118 0.0107421875 0.02342606149341142
0 0.7939453125 0.8418740849194729 0.021484375 0.04538799414348463
0 0.767578125 0.8052708638360175 0.0166015625 0.03367496339677892
0 0.75390625 0.780380673499268 0.009765625 0.016105417276720352
0 0.814453125 0.7891654465592972 0.0126953125 0.024890190336749635
0 0.8076171875 0.7657393850658858 0.009765625 0.017569546120058566
0 0.759765625 0.931185944363104 0.0146484375 0.05417276720351391
0 0.0537109375 0.7833089311859444 0.0166015625 0.043923865300146414
0 0.1376953125 0.8550512445095169 0.02734375 0.0527086383601757
0 0.16015625 0.9516837481698389 0.0205078125 0.055636896046852125
0 0.2138671875 0.8579795021961932 0.015625 0.03367496339677892
0 0.208984375 0.8008784773060029 0.013671875 0.027818448023426062
0 0.107421875 0.7496339677891655 0.0107421875 0.021961932650073207
0 0.048828125 0.746705710102489 0.0078125 0.020497803806734993
0 0.1279296875 0.7979502196193266 0.0166015625 0.03074670571010249
0 0.3642578125 0.8023426061493412 0.0068359375 0.014641288433382138
0 0.294921875 0.8535871156661786 0.017578125 0.04538799414348463