0 0.048828125 0.8008784773060029 0.0126953125 0.02342606149341142
0 0.333984375 0.7759882869692533 0.0087890625 0.020497803806734993
0 0.4677734375 0.7423133235724744 0.0087890625 0.016105417276720352
0 0.7822265625 0.7510980966325037 0.01171875 0.021961932650073207
0 0.7509765625 0.7833089311859444 0.0166015625 0.02635431918008785
0 0.833984375 0.8931185944363104 0.0234375 0.0629575402635432
0 0.9326171875 0.8433382137628112 0.0205078125 0.05124450951683748
0 0.94921875 0.8565153733528551 0.021484375 0.05710102489019034
0 0.9658203125 0.9692532942898975 0.0439453125 0.060029282576866766
0 0.90234375 0.8067349926793558 0.015625 0.036603221083455345
0 0.630859375 0.7540263543191801 0.0087890625 0.016105417276720352
0 0.7177734375 0.7496339677891655 0.0146484375 0.020497803806734993
0 0.5341796875 0.7408491947291361 0.0078125 0.014641288433382138
0 0.5615234375 0.7320644216691069 0.005859375 0.010248901903367497
0 0.892578125 0.828696925329429 0.0146484375 0.032210834553440704
0 0.4541015625 0.7423133235724744 0.0068359375 0.013177159590043924
0 0.404296875 0.7481698389458272 0.0068359375 0.017569546120058566
0 0.4091796875 0.7291361639824304 0.005859375 0.01171303074670571
0 0.2275390625 0.7569546120058566 0.0087890625 0.016105417276720352
0 0.3017578125 0.739385065885798 0.0107421875 0.017569546120058566
0 0.0703125 0.7920937042459737 0.0087890625 0.017569546120058566
0 0.087890625 0.7745241581259151 0.0087890625 0.017569546120058566