0 0.0234375 0.7847730600292826 0.009765625 0.02342606149341142
0 0.025390625 0.7745241581259151 0.0087890625 0.01903367496339678
0 0.0927734375 0.7774524158125915 0.009765625 0.020497803806734993
0 0.1171875 0.7642752562225475 0.0107421875 0.02342606149341142
0 0.1318359375 0.7613469985358712 0.01171875 0.020497803806734993
0 0.123046875 0.6515373352855052 0.0068359375 0.017569546120058566
0 0.0927734375 0.6500732064421669 0.0078125 0.020497803806734993
0 0.0390625 0.677891654465593 0.0087890625 0.021961932650073207
0 0.025390625 0.6471449487554904 0.0087890625 0.020497803806734993
0 0.0478515625 0.6193265007320644 0.0078125 0.016105417276720352
0 0.0556640625 0.6251830161054173 0.0078125 0.016105417276720352
0 0.0673828125 0.6530014641288433 0.0087890625 0.020497803806734993
0 0.08203125 0.6061493411420205 0.0068359375 0.017569546120058566
0 0.1328125 0.6251830161054173 0.0078125 0.016105417276720352
0 0.0732421875 0.657393850658858 0.0087890625 0.01903367496339678
0 0.099609375 0.6061493411420205 0.0078125 0.013177159590043924
0 0.1748046875 0.6588579795021962 0.01171875 0.01903367496339678
0 0.1630859375 0.6281112737920937 0.0068359375 0.013177159590043924
0 0.1513671875 0.6149341142020498 0.005859375 0.01171303074670571
0 0.1943359375 0.6222547584187409 0.005859375 0.016105417276720352
0 0.2099609375 0.6837481698389458 0.0078125 0.017569546120058566
0 0.2255859375 0.6427525622254758 0.005859375 0.017569546120058566
0 0.2275390625 0.6764275256222547 0.005859375 0.017569546120058566
0 0.2392578125 0.6691068814055637 0.0078125 0.01903367496339678
0 0.2431640625 0.623718887262079 0.0078125 0.014641288433382138
0 0.259765625 0.6764275256222547 0.0078125 0.017569546120058566
0 0.255859375 0.6266471449487555 0.005859375 0.013177159590043924
0 0.255859375 0.6456808199121523 0.0068359375 0.017569546120058566
0 0.2890625 0.6456808199121523 0.0068359375 0.013177159590043924
0 0.3203125 0.6456808199121523 0.0087890625 0.017569546120058566
0 0.3349609375 0.6339677891654466 0.0185546875 0.036603221083455345
0 0.4638671875 0.6603221083455344 0.01171875 0.024890190336749635
0 0.556640625 0.191800878477306 0.015625 0.02342606149341142
0 0.6142578125 0.11566617862371889 0.0146484375 0.027818448023426062
0 0.6669921875 0.15373352855051245 0.013671875 0.02342606149341142
0 0.7060546875 0.4289897510980966 0.015625 0.020497803806734993
0 0.8095703125 0.6383601756954612 0.017578125 0.032210834553440704
0 0.8671875 0.6325036603221084 0.01953125 0.032210834553440704
0 0.8564453125 0.6398243045387995 0.0087890625 0.01903367496339678
0 0.77734375 0.6427525622254758 0.0087890625 0.014641288433382138
0 0.7890625 0.6398243045387995 0.0078125 0.016105417276720352