0 0.35546875 0.7630208333333334 0.0146484375 0.02734375
0 0.5068359375 0.5872395833333334 0.009765625 0.018229166666666668
0 0.3388671875 0.5846354166666666 0.009765625 0.018229166666666668
0 0.44140625 0.6497395833333334 0.01171875 0.01953125
0 0.408203125 0.6627604166666666 0.0078125 0.014322916666666666
0 0.744140625 0.7122395833333334 0.0126953125 0.0234375
0 0.5869140625 0.6653645833333334 0.0078125 0.014322916666666666
0 0.9072265625 0.8984375 0.0234375 0.045572916666666664
0 0.89453125 0.7395833333333334 0.01171875 0.016927083333333332
0 0.8388671875 0.609375 0.01171875 0.018229166666666668
0 0.7060546875 0.6848958333333334 0.0087890625 0.015625