0 0.05859375 0.5285505124450952 0.017578125 0.027818448023426062
0 0.091796875 0.6676427525622255 0.0087890625 0.020497803806734993
0 0.115234375 0.6500732064421669 0.0087890625 0.020497803806734993
0 0.1298828125 0.5900439238653001 0.0068359375 0.013177159590043924
0 0.1923828125 0.6808199121522694 0.017578125 0.040995607613469986
0 0.14453125 0.7437774524158126 0.0205078125 0.03367496339677892
0 0.3115234375 0.5461200585651538 0.0078125 0.014641288433382138
0 0.4072265625 0.541727672035139 0.009765625 0.01903367496339678
0 0.3857421875 0.5358711566617862 0.005859375 0.010248901903367497
0 0.4150390625 0.5314787701317716 0.00390625 0.010248901903367497
0 0.521484375 0.541727672035139 0.00390625 0.01171303074670571
0 0.3818359375 0.6471449487554904 0.009765625 0.017569546120058566
0 0.5361328125 0.6896046852122987 0.0107421875 0.014641288433382138
0 0.5634765625 0.6734992679355783 0.0107421875 0.024890190336749635
0 0.5380859375 0.5900439238653001 0.005859375 0.013177159590043924
0 0.53125 0.5915080527086384 0.00390625 0.008784773060029283
0 0.5390625 0.5490483162518301 0.0048828125 0.01171303074670571
0 0.57421875 0.5431918008784773 0.0068359375 0.013177159590043924
0 0.58203125 0.6178623718887262 0.0048828125 0.013177159590043924
0 0.5927734375 0.5944363103953147 0.0048828125 0.008784773060029283
0 0.623046875 0.5461200585651538 0.005859375 0.008784773060029283
0 0.65234375 0.7613469985358712 0.01171875 0.029282576866764276
0 0.705078125 0.6866764275256223 0.013671875 0.02635431918008785
0 0.7451171875 0.6866764275256223 0.009765625 0.02342606149341142
0 0.7255859375 0.6325036603221084 0.0107421875 0.01903367496339678
0 0.6953125 0.6090775988286969 0.0078125 0.014641288433382138
0 0.7421875 0.6076134699853587 0.0078125 0.016105417276720352
0 0.7109375 0.5402635431918009 0.0048828125 0.01171303074670571
0 0.91796875 0.541727672035139 0.005859375 0.014641288433382138
0 0.75 0.5446559297218155 0.005859375 0.013177159590043924
0 0.98046875 0.6339677891654466 0.0302734375 0.07759882869692533