0 0.833984375 0.14338235294117646 0.04296875 0.07107843137254902
0 0.9765625 0.07475490196078431 0.015625 0.020833333333333332
0 0.9755859375 0.19730392156862744 0.0185546875 0.031862745098039214
0 0.8935546875 0.17892156862745098 0.021484375 0.03553921568627451
0 0.8681640625 0.25612745098039214 0.01953125 0.03676470588235294
0 0.935546875 0.14338235294117646 0.009765625 0.020833333333333332
0 0.91796875 0.07475490196078431 0.0146484375 0.013480392156862746
0 0.763671875 0.09926470588235294 0.0107421875 0.0196078431372549
0 0.7451171875 0.15318627450980393 0.0224609375 0.04044117647058824
0 0.712890625 0.19852941176470587 0.02734375 0.04534313725490196
0 0.7177734375 0.05024509803921569 0.0126953125 0.025735294117647058
0 0.6787109375 0.12622549019607843 0.0224609375 0.03553921568627451
0 0.6611328125 0.18627450980392157 0.0263671875 0.03799019607843137
0 0.638671875 0.22426470588235295 0.0263671875 0.04044117647058824
0 0.6337890625 0.09558823529411764 0.015625 0.023284313725490197
0 0.55859375 0.031862745098039214 0.01953125 0.030637254901960783
0 0.5791015625 0.13602941176470587 0.021484375 0.03676470588235294
0 0.5380859375 0.18627450980392157 0.0302734375 0.041666666666666664
0 0.5302734375 0.15808823529411764 0.013671875 0.0196078431372549
0 0.5205078125 0.13357843137254902 0.02734375 0.04044117647058824
0 0.490234375 0.2107843137254902 0.013671875 0.03431372549019608
0 0.447265625 0.20588235294117646 0.017578125 0.029411764705882353
0 0.4326171875 0.17279411764705882 0.0205078125 0.030637254901960783
0 0.3896484375 0.20955882352941177 0.021484375 0.03431372549019608
0 0.5869140625 0.4264705882352941 0.02734375 0.03308823529411765
0 0.419921875 0.2193627450980392 0.0146484375 0.025735294117647058
0 0.4306640625 0.23039215686274508 0.015625 0.0196078431372549
0 0.357421875 0.08333333333333333 0.021484375 0.02696078431372549
0 0.322265625 0.1642156862745098 0.0546875 0.0784313725490196
0 0.291015625 0.19607843137254902 0.0185546875 0.041666666666666664
0 0.2392578125 0.19975490196078433 0.017578125 0.0392156862745098
0 0.2080078125 0.17892156862745098 0.046875 0.06985294117647059
0 0.2734375 0.17034313725490197 0.0146484375 0.020833333333333332
0 0.13671875 0.15318627450980393 0.017578125 0.02696078431372549
0 0.13671875 0.19852941176470587 0.0244140625 0.04534313725490196
0 0.064453125 0.17034313725490197 0.015625 0.024509803921568627
0 0.0166015625 0.14583333333333334 0.0166015625 0.025735294117647058