0 0.1064453125 0.2265625 0.009765625 0.016927083333333332
0 0.2041015625 0.22135416666666666 0.009765625 0.013020833333333334
0 0.2080078125 0.25 0.0078125 0.01171875
0 0.2255859375 0.23828125 0.0087890625 0.013020833333333334
0 0.30859375 0.22916666666666666 0.009765625 0.013020833333333334
0 0.3544921875 0.23307291666666666 0.0087890625 0.01171875
0 0.3857421875 0.23958333333333334 0.0068359375 0.013020833333333334
0 0.4140625 0.2265625 0.0087890625 0.01171875
0 0.4140625 0.24609375 0.0087890625 0.01171875
0 0.2734375 0.2682291666666667 0.0166015625 0.022135416666666668
0 0.3955078125 0.4244791666666667 0.021484375 0.020833333333333332
0 0.47265625 0.24479166666666666 0.0078125 0.014322916666666666
0 0.4404296875 0.24609375 0.005859375 0.010416666666666666
0 0.4677734375 0.24609375 0.005859375 0.009114583333333334
0 0.4912109375 0.2421875 0.0087890625 0.014322916666666666
0 0.50390625 0.24609375 0.0078125 0.013020833333333334
0 0.509765625 0.234375 0.005859375 0.009114583333333334
0 0.5234375 0.23307291666666666 0.009765625 0.01171875
0 0.55859375 0.234375 0.0087890625 0.013020833333333334
0 0.5966796875 0.24479166666666666 0.0087890625 0.014322916666666666
0 0.5322265625 0.2942708333333333 0.0185546875 0.03515625
0 0.5244140625 0.5911458333333334 0.0244140625 0.044270833333333336
0 0.4658203125 0.5052083333333334 0.0224609375 0.040364583333333336
0 0.6337890625 0.5104166666666666 0.021484375 0.03125
0 0.6640625 0.4192708333333333 0.01953125 0.028645833333333332
0 0.5419921875 0.40234375 0.017578125 0.024739583333333332
0 0.7412109375 0.3020833333333333 0.0087890625 0.01171875
0 0.9384765625 0.23828125 0.0068359375 0.01171875
0 0.96484375 0.2526041666666667 0.0068359375 0.010416666666666666
0 0.98828125 0.2786458333333333 0.0048828125 0.0078125
0 0.9931640625 0.2786458333333333 0.005859375 0.009114583333333334
0 0.8642578125 0.2552083333333333 0.0048828125 0.0078125