0 0.5361328125 0.9414348462664714 0.0830078125 0.11420204978038068
0 0.322265625 0.9341142020497804 0.0830078125 0.13030746705710103
0 0.7412109375 0.9531478770131772 0.1005859375 0.09224011713030747
0 0.7060546875 0.7481698389458272 0.07421875 0.13469985358711567
0 0.8642578125 0.821376281112738 0.076171875 0.11420204978038068
0 0.8642578125 0.7510980966325037 0.060546875 0.07174231332357248
0 0.2685546875 0.7130307467057101 0.0478515625 0.09224011713030747
0 0.04296875 0.8184480234260615 0.080078125 0.19472913616398244
0 0.1328125 0.7584187408491947 0.048828125 0.08784773060029283
0 0.029296875 0.47584187408491946 0.0546875 0.08345534407027819
0 0.109375 0.43045387994143486 0.03125 0.060029282576866766
0 0.03515625 0.44363103953147875 0.03515625 0.08199121522693997
0 0.2001953125 0.3557833089311859 0.02734375 0.03513909224011713
0 0.25390625 0.445095168374817 0.03125 0.0629575402635432
0 0.271484375 0.34699853587115664 0.0234375 0.04685212298682284
0 0.2998046875 0.5109809663250366 0.0419921875 0.08199121522693997
0 0.3642578125 0.4538799414348463 0.025390625 0.05124450951683748
0 0.4453125 0.49487554904831627 0.025390625 0.05856515373352855
0 0.306640625 0.30453879941434847 0.013671875 0.024890190336749635
0 0.3291015625 0.31771595900439237 0.0146484375 0.02342606149341142
0 0.3740234375 0.3601756954612006 0.0166015625 0.024890190336749635
0 0.44140625 0.3733528550512445 0.021484375 0.036603221083455345
0 0.4599609375 0.3396778916544656 0.015625 0.021961932650073207
0 0.5263671875 0.3513909224011713 0.015625 0.027818448023426062
0 0.5146484375 0.33821376281112736 0.015625 0.01903367496339678
0 0.37890625 0.3089311859443631 0.01171875 0.02342606149341142
0 0.4130859375 0.32210834553440704 0.0107421875 0.01903367496339678
0 0.4619140625 0.4538799414348463 0.0166015625 0.032210834553440704
0 0.5439453125 0.5431918008784773 0.04296875 0.07759882869692533
0 0.6083984375 0.5622254758418741 0.052734375 0.10688140556368961
0 0.63671875 0.43484626647144947 0.0205078125 0.03953147877013177
0 0.671875 0.4407027818448023 0.0234375 0.03367496339677892
0 0.58203125 0.4158125915080527 0.015625 0.03074670571010249
0 0.98828125 0.7584187408491947 0.021484375 0.08052708638360176
0 0.34375 0.3367496339677892 0.0185546875 0.029282576866764276
0 0.771484375 0.3689604685212299 0.0146484375 0.02635431918008785
0 0.048828125 0.32210834553440704 0.01953125 0.03513909224011713
0 0.9541015625 0.38945827232796487 0.017578125 0.02635431918008785
0 0.5654296875 0.35724743777452417 0.01171875 0.02342606149341142
0 0.5517578125 0.38653001464128844 0.0126953125 0.02635431918008785
0 0.6318359375 0.3645680819912152 0.015625 0.02635431918008785
0 0.7236328125 0.3938506588579795 0.0126953125 0.024890190336749635
0 0.70703125 0.42752562225475843 0.025390625 0.0424597364568082
0 0.6875 0.37481698389458273 0.0107421875 0.021961932650073207
0 0.732421875 0.47584187408491946 0.0302734375 0.055636896046852125
0 0.7568359375 0.40995607613469986 0.017578125 0.03367496339677892
0 0.787109375 0.41874084919472915 0.01953125 0.036603221083455345
0 0.7939453125 0.38799414348462663 0.0166015625 0.027818448023426062
0 0.833984375 0.43484626647144947 0.0205078125 0.032210834553440704
0 0.7978515625 0.4773060029282577 0.025390625 0.040995607613469986
0 0.8818359375 0.43923865300146414 0.0244140625 0.03367496339677892
0 0.82421875 0.4978038067349927 0.03125 0.04685212298682284
0 0.9404296875 0.43191800878477304 0.0185546875 0.027818448023426062
0 0.9169921875 0.5007320644216691 0.033203125 0.04685212298682284
0 0.861328125 0.5446559297218155 0.037109375 0.04685212298682284
0 0.892578125 0.6002928257686676 0.0380859375 0.05124450951683748
0 0.771484375 0.541727672035139 0.033203125 0.04685212298682284
0 0.8603515625 0.6339677891654466 0.046875 0.0629575402635432
0 0.7255859375 0.5402635431918009 0.0361328125 0.06881405563689605
0 0.6552734375 0.49194729136163984 0.0283203125 0.05124450951683748
0 0.6884765625 0.6120058565153733 0.037109375 0.055636896046852125
0 0.490234375 0.7642752562225475 0.0517578125 0.11859443631039532
0 0.9140625 0.40263543191800877 0.0146484375 0.029282576866764276
0 0.8359375 0.39970717423133234 0.015625 0.027818448023426062
0 0.06640625 0.3689604685212299 0.017578125 0.027818448023426062
0 0.9921875 0.5329428989751098 0.0126953125 0.036603221083455345
0 0.9775390625 0.37481698389458273 0.009765625 0.01903367496339678
0 0.6689453125 0.3616398243045388 0.0185546875 0.03074670571010249
0 0.482421875 0.47144948755490484 0.0205078125 0.040995607613469986
0 0.583984375 0.3235724743777452 0.0107421875 0.017569546120058566
0 0.6279296875 0.3323572474377745 0.01171875 0.017569546120058566