0 0.798828125 0.5463768115942029 0.03515625 0.06956521739130435
0 0.90625 0.49420289855072463 0.0341796875 0.06956521739130435
0 0.8984375 0.3884057971014493 0.029296875 0.06376811594202898
0 0.7197265625 0.4 0.0263671875 0.05217391304347826
0 0.6953125 0.3855072463768116 0.0224609375 0.04782608695652174
0 0.603515625 0.5115942028985507 0.0302734375 0.05652173913043478
0 0.6044921875 0.4057971014492754 0.0205078125 0.042028985507246375
0 0.5888671875 0.41304347826086957 0.0244140625 0.050724637681159424
0 0.5361328125 0.39855072463768115 0.0283203125 0.0536231884057971
0 0.5771484375 0.3217391304347826 0.0263671875 0.0463768115942029
0 0.47265625 0.5434782608695652 0.037109375 0.057971014492753624
0 0.3779296875 0.5173913043478261 0.029296875 0.0463768115942029
0 0.390625 0.3492753623188406 0.0283203125 0.05217391304347826
0 0.25 0.3188405797101449 0.02734375 0.04492753623188406
0 0.2099609375 0.39710144927536234 0.017578125 0.043478260869565216
0 0.185546875 0.45217391304347826 0.029296875 0.06956521739130435
0 0.1064453125 0.47681159420289854 0.0263671875 0.043478260869565216
0 0.0439453125 0.3782608695652174 0.03515625 0.0536231884057971
0 0.1630859375 0.3782608695652174 0.0244140625 0.036231884057971016