0 0.1494140625 0.664714494875549 0.0068359375 0.016105417276720352
0 0.12890625 0.6764275256222547 0.009765625 0.017569546120058566
0 0.1025390625 0.6910688140556369 0.0107421875 0.01903367496339678
0 0.0751953125 0.6749633967789166 0.01171875 0.021961932650073207
0 0.0673828125 0.6764275256222547 0.0068359375 0.014641288433382138
0 0.029296875 0.6808199121522694 0.01171875 0.017569546120058566
0 0.0068359375 0.6515373352855052 0.0126953125 0.021961932650073207
0 0.1181640625 0.6822840409956076 0.005859375 0.01171303074670571
0 0.4052734375 0.6442166910688141 0.0029296875 0.005856515373352855
0 0.4150390625 0.6486090775988287 0.0029296875 0.007320644216691069
0 0.4462890625 0.6398243045387995 0.00390625 0.007320644216691069
0 0.4697265625 0.6325036603221084 0.001953125 0.007320644216691069
0 0.48046875 0.636896046852123 0.0029296875 0.008784773060029283