0 0.1044921875 0.515625 0.0380859375 0.08096590909090909
0 0.2490234375 0.4971590909090909 0.0361328125 0.07954545454545454
0 0.376953125 0.5085227272727273 0.0390625 0.07670454545454546
0 0.4541015625 0.4872159090909091 0.0302734375 0.0625
0 0.5166015625 0.5028409090909091 0.037109375 0.078125
0 0.6240234375 0.421875 0.0390625 0.08238636363636363
0 0.693359375 0.4588068181818182 0.0234375 0.045454545454545456
0 0.740234375 0.4872159090909091 0.0439453125 0.07386363636363637
0 0.80859375 0.484375 0.0341796875 0.06818181818181818
0 0.8828125 0.4786931818181818 0.0263671875 0.05823863636363636
0 0.94921875 0.45454545454545453 0.015625 0.046875
0 0.9794921875 0.4375 0.03515625 0.06676136363636363
0 0.4453125 0.2315340909090909 0.0263671875 0.046875
0 0.0341796875 0.46875 0.01171875 0.024147727272727272