0 0.1279296875 0.4978038067349927 0.0087890625 0.014641288433382138
0 0.0732421875 0.5036603221083455 0.009765625 0.016105417276720352
0 0.216796875 0.5519765739385066 0.0126953125 0.020497803806734993
0 0.3427734375 0.6383601756954612 0.0107421875 0.01903367496339678
0 0.376953125 0.575402635431918 0.01171875 0.020497803806734993
0 0.3779296875 0.4904831625183016 0.0078125 0.013177159590043924
0 0.58203125 0.5885797950219619 0.0146484375 0.024890190336749635
0 0.619140625 0.5988286969253295 0.01171875 0.024890190336749635
0 0.6025390625 0.6808199121522694 0.015625 0.02635431918008785
0 0.798828125 0.5944363103953147 0.0126953125 0.024890190336749635
0 0.7900390625 0.5636896046852123 0.0107421875 0.017569546120058566
0 0.8515625 0.6339677891654466 0.0166015625 0.040995607613469986
0 0.7587890625 0.6793557833089312 0.0146484375 0.02635431918008785
0 0.931640625 0.6061493411420205 0.0107421875 0.02635431918008785
0 0.9599609375 0.5915080527086384 0.013671875 0.02635431918008785
0 0.66015625 0.5212298682284041 0.009765625 0.017569546120058566
0 0.697265625 0.5329428989751098 0.0078125 0.016105417276720352
0 0.4990234375 0.5241581259150805 0.0087890625 0.017569546120058566
0 0.8349609375 0.5358711566617862 0.0048828125 0.010248901903367497
0 0.171875 0.5710102489019033 0.0087890625 0.020497803806734993
0 0.1494140625 0.4568081991215227 0.009765625 0.017569546120058566
0 0.0439453125 0.5183016105417276 0.0107421875 0.017569546120058566
0 0.2353515625 0.4670571010248902 0.0068359375 0.01171303074670571
0 0.2646484375 0.465592972181552 0.0068359375 0.013177159590043924