0 0.1611328125 0.1484375 0.046875 0.0921875
0 0.29296875 0.1515625 0.0537109375 0.0921875
0 0.375 0.090625 0.04296875 0.090625
0 0.4677734375 0.0921875 0.0419921875 0.0890625
0 0.5693359375 0.134375 0.044921875 0.09375
0 0.6748046875 0.1359375 0.0458984375 0.0921875
0 0.7841796875 0.1046875 0.0458984375 0.0953125
0 0.8828125 0.1 0.0458984375 0.1
0 0.6328125 0.1203125 0.0146484375 0.0296875
0 0.3330078125 0.1296875 0.0185546875 0.0421875
0 0.0888671875 0.21875 0.01171875 0.03125
0 0.10546875 0.11875 0.017578125 0.0359375
0 0.1162109375 0.1 0.0146484375 0.0296875
0 0.080078125 0.146875 0.0107421875 0.021875
0 0.046875 0.1171875 0.017578125 0.0390625
0 0.0419921875 0.1328125 0.01171875 0.0375
0 0.0185546875 0.146875 0.0244140625 0.0421875
0 0.5361328125 0.115625 0.017578125 0.0328125