0 0.0546875 0.31629392971246006 0.021484375 0.04472843450479233
0 0.109375 0.3801916932907348 0.01171875 0.022364217252396165
0 0.125 0.38817891373801916 0.01953125 0.02875399361022364
0 0.1396484375 0.33226837060702874 0.0146484375 0.023961661341853034
0 0.185546875 0.14057507987220447 0.0400390625 0.08146964856230032
0 0.25 0.40415335463258784 0.01953125 0.04313099041533546
0 0.228515625 0.3194888178913738 0.0185546875 0.039936102236421724
0 0.2724609375 0.35942492012779553 0.0234375 0.039936102236421724
0 0.3056640625 0.2971246006389776 0.0126953125 0.038338658146964855
0 0.33203125 0.329073482428115 0.025390625 0.04313099041533546
0 0.3671875 0.28753993610223644 0.0224609375 0.051118210862619806
0 0.37890625 0.2539936102236422 0.0126953125 0.036741214057507986
0 0.38671875 0.3258785942492013 0.0205078125 0.051118210862619806
0 0.4306640625 0.28115015974440893 0.0234375 0.05591054313099041
0 0.4599609375 0.26996805111821087 0.01171875 0.022364217252396165
0 0.5107421875 0.2507987220447284 0.0126953125 0.03514376996805112
0 0.4990234375 0.3258785942492013 0.021484375 0.04472843450479233
0 0.5244140625 0.28753993610223644 0.0224609375 0.04792332268370607
0 0.537109375 0.3514376996805112 0.017578125 0.04952076677316294
0 0.5908203125 0.30670926517571884 0.0283203125 0.05750798722044728
0 0.5830078125 0.26996805111821087 0.0234375 0.04313099041533546
0 0.6142578125 0.26038338658146964 0.0224609375 0.04313099041533546
0 0.5341796875 0.2220447284345048 0.013671875 0.023961661341853034
0 0.5859375 0.1964856230031949 0.013671875 0.03514376996805112
0 0.6337890625 0.17891373801916932 0.0185546875 0.03354632587859425
0 0.705078125 0.16932907348242812 0.015625 0.023961661341853034
0 0.716796875 0.25559105431309903 0.02734375 0.04952076677316294
0 0.7373046875 0.2939297124600639 0.029296875 0.054313099041533544
0 0.7958984375 0.2779552715654952 0.02734375 0.052715654952076675
0 0.7529296875 0.2507987220447284 0.0224609375 0.036741214057507986
0 0.7646484375 0.21405750798722045 0.0185546875 0.03514376996805112
0 0.7841796875 0.10702875399361023 0.0185546875 0.04313099041533546
0 0.8349609375 0.1805111821086262 0.0224609375 0.04313099041533546
0 0.869140625 0.13258785942492013 0.0185546875 0.03354632587859425
0 0.859375 0.25559105431309903 0.0283203125 0.06230031948881789
0 0.96875 0.23003194888178913 0.0283203125 0.07028753993610223
0 0.927734375 0.15814696485623003 0.0244140625 0.054313099041533544
0 0.95703125 0.10063897763578275 0.021484375 0.04153354632587859