0 0.1591796875 0.8111273792093704 0.0205078125 0.040995607613469986
0 0.1748046875 0.780380673499268 0.01171875 0.017569546120058566
0 0.1171875 0.8140556368960469 0.009765625 0.017569546120058566
0 0.2705078125 0.6998535871156661 0.0078125 0.016105417276720352
0 0.0166015625 0.6251830161054173 0.0068359375 0.01171303074670571
0 0.2470703125 0.5871156661786238 0.0048828125 0.007320644216691069
0 0.4091796875 0.5329428989751098 0.0029296875 0.007320644216691069
0 0.66015625 0.931185944363104 0.0166015625 0.0424597364568082
0 0.5810546875 0.808199121522694 0.01171875 0.027818448023426062
0 0.62890625 0.6076134699853587 0.0078125 0.013177159590043924
0 0.916015625 0.7979502196193266 0.013671875 0.021961932650073207
0 0.8623046875 0.9194729136163983 0.021484375 0.040995607613469986
0 0.9111328125 0.8857979502196194 0.02734375 0.04538799414348463
0 0.9443359375 0.6266471449487555 0.0087890625 0.013177159590043924
0 0.80859375 0.9502196193265008 0.0234375 0.04978038067349927