0 0.841796875 0.8755186721991701 0.056640625 0.08990318118948824
0 0.4814453125 0.39557399723374825 0.0068359375 0.012448132780082987
0 0.8876953125 0.7800829875518672 0.0478515625 0.0636237897648686
0 0.3349609375 0.7828492392807745 0.03515625 0.04979253112033195
0 0.2646484375 0.7565698478561549 0.0595703125 0.11618257261410789
0 0.109375 0.42323651452282157 0.01171875 0.016597510373443983
0 0.150390625 0.4508990318118949 0.0078125 0.011065006915629323
0 0.0087890625 0.4260027662517289 0.0107421875 0.013831258644536652
0 0.0458984375 0.4426002766251729 0.0107421875 0.016597510373443983
0 0.0595703125 0.4190871369294606 0.0107421875 0.011065006915629323
0 0.3857421875 0.4287690179806362 0.01171875 0.017980636237897647
0 0.3603515625 0.42738589211618255 0.017578125 0.016597510373443983
0 0.310546875 0.43291839557399725 0.01171875 0.016597510373443983
0 0.4140625 0.4343015214384509 0.013671875 0.016597510373443983
0 0.4736328125 0.4190871369294606 0.009765625 0.02074688796680498
0 0.5361328125 0.4287690179806362 0.01171875 0.029045643153526972
0 0.5947265625 0.41770401106500693 0.0107421875 0.015214384508990318
0 0.630859375 0.43015214384508993 0.0126953125 0.016597510373443983
0 0.7177734375 0.4315352697095436 0.015625 0.027662517289073305
0 0.728515625 0.4426002766251729 0.013671875 0.019363762102351315
0 0.6953125 0.5587828492392808 0.0322265625 0.06639004149377593
0 0.7353515625 0.5504840940525588 0.0322265625 0.0636237897648686
0 0.7744140625 0.5172890733056709 0.0302734375 0.040110650069156296
0 0.86328125 0.4467496542185339 0.013671875 0.022130013831258646
0 0.9638671875 0.5020746887966805 0.03125 0.06224066390041494
0 0.919921875 0.47441217150760717 0.025390625 0.030428769017980636
0 0.986328125 0.4426002766251729 0.0185546875 0.029045643153526972
0 0.9072265625 0.4066390041493776 0.0087890625 0.009681881051175657
0 0.04296875 0.8879668049792531 0.0859375 0.11341632088520055
0 0.046875 0.6334716459197787 0.052734375 0.08022130013831259
0 0.1064453125 0.5809128630705395 0.0205078125 0.02074688796680498
0 0.0849609375 0.5159059474412172 0.01953125 0.02351313969571231
0 0.0634765625 0.4426002766251729 0.0126953125 0.013831258644536652
0 0.2119140625 0.5352697095435685 0.0322265625 0.04702627939142462
0 0.2724609375 0.5117565698478561 0.0263671875 0.04426002766251729
0 0.3427734375 0.47994467496542187 0.0234375 0.03319502074688797
0 0.359375 0.5283540802213001 0.0244140625 0.042876901798063624
0 0.587890625 0.6058091286307054 0.0302734375 0.08160442600276625
0 0.603515625 0.4854771784232365 0.0283203125 0.048409405255878286
0 0.529296875 0.5145228215767634 0.02734375 0.048409405255878286
0 0.44921875 0.45504840940525587 0.0126953125 0.024896265560165973