0 0.6533203125 0.3347236704900938 0.0458984375 0.072992700729927
0 0.84375 0.4921793534932221 0.0390625 0.056308654848800835
0 0.873046875 0.48383733055265904 0.02734375 0.04275286757038582
0 0.9775390625 0.4807090719499479 0.0341796875 0.04275286757038582
0 0.7490234375 0.4994786235662148 0.0322265625 0.03962460896767466
0 0.490234375 0.4629822732012513 0.029296875 0.054223149113660066
0 0.5126953125 0.4556830031282586 0.0390625 0.056308654848800835
0 0.4150390625 0.5589155370177268 0.009765625 0.017726798748696558
0 0.4208984375 0.5745568300312826 0.0166015625 0.022940563086548488
0 0.3896484375 0.5912408759124088 0.0166015625 0.016684045881126174
0 0.3857421875 0.570385818561001 0.0107421875 0.016684045881126174
0 0.279296875 0.5495307612095933 0.0185546875 0.01981230448383733
0 0.3154296875 0.5557872784150156 0.0185546875 0.022940563086548488
0 0.283203125 0.5849843587069864 0.015625 0.018769551616266946
0 0.291015625 0.6371220020855057 0.009765625 0.018769551616266946
0 0.16796875 0.41605839416058393 0.052734375 0.0667361835245047
0 0.044921875 0.6016684045881127 0.0146484375 0.01564129301355579
0 0.0654296875 0.5693430656934306 0.013671875 0.018769551616266946
0 0.08203125 0.5557872784150156 0.0166015625 0.017726798748696558
0 0.0078125 0.5599582898852972 0.015625 0.01981230448383733