0 0.103515625 0.45440956651718983 0.0126953125 0.025411061285500747
0 0.134765625 0.49177877428998507 0.013671875 0.028400597907324365
0 0.2470703125 0.2765321375186846 0.015625 0.026905829596412557
0 0.236328125 0.414050822122571 0.013671875 0.026905829596412557
0 0.34375 0.29895366218236175 0.015625 0.03288490284005979
0 0.4072265625 0.242152466367713 0.015625 0.026905829596412557
0 0.466796875 0.23019431988041852 0.0166015625 0.029895366218236172
0 0.3349609375 0.16442451420029897 0.0146484375 0.02092675635276532
0 0.42578125 0.14648729446935724 0.0146484375 0.026905829596412557
0 0.470703125 0.09715994020926756 0.0166015625 0.03139013452914798
0 0.53125 0.11659192825112108 0.0146484375 0.029895366218236172
0 0.5810546875 0.15695067264573992 0.0166015625 0.029895366218236172
0 0.6044921875 0.2227204783258595 0.015625 0.026905829596412557
0 0.65625 0.1210762331838565 0.0146484375 0.028400597907324365
0 0.7158203125 0.1554559043348281 0.0126953125 0.026905829596412557
0 0.8310546875 0.22869955156950672 0.0185546875 0.02391629297458894
0 0.8017578125 0.2914798206278027 0.0146484375 0.025411061285500747
0 0.828125 0.3572496263079223 0.0146484375 0.028400597907324365
0 0.9716796875 0.3991031390134529 0.0146484375 0.026905829596412557
0 0.5732421875 0.7802690582959642 0.017578125 0.0343796711509716
0 0.9365234375 0.9177877428998505 0.0205078125 0.03587443946188341
0 0.09765625 0.9162929745889388 0.0146484375 0.03139013452914798
0 0.1865234375 0.9417040358744395 0.017578125 0.03886397608370702
0 0.06640625 0.6741405082212257 0.01953125 0.04035874439461883
0 0.017578125 0.01046337817638266 0.013671875 0.02242152466367713
0 0.1650390625 0.26606875934230195 0.015625 0.029895366218236172
0 0.103515625 0.3423019431988042 0.013671875 0.029895366218236172
0 0.0087890625 0.15396113602391628 0.009765625 0.01943198804185351