0 0.0400390625 0.8919270833333334 0.021484375 0.040364583333333336
0 0.0849609375 0.8268229166666666 0.0185546875 0.03125
0 0.0556640625 0.80078125 0.017578125 0.028645833333333332
0 0.037109375 0.7734375 0.0146484375 0.026041666666666668
0 0.0576171875 0.7643229166666666 0.021484375 0.029947916666666668
0 0.06640625 0.73828125 0.015625 0.0234375
0 0.05078125 0.7109375 0.0166015625 0.02734375
0 0.048828125 0.6783854166666666 0.013671875 0.020833333333333332
0 0.0478515625 0.65234375 0.0126953125 0.018229166666666668
0 0.072265625 0.6393229166666666 0.0126953125 0.01953125
0 0.0859375 0.66015625 0.0126953125 0.01953125
0 0.08984375 0.6783854166666666 0.0146484375 0.018229166666666668
0 0.0966796875 0.703125 0.0146484375 0.0234375
0 0.0908203125 0.7291666666666666 0.0146484375 0.0234375
0 0.109375 0.8020833333333334 0.0126953125 0.026041666666666668
0 0.1298828125 0.8541666666666666 0.0224609375 0.040364583333333336
0 0.1533203125 0.8515625 0.0205078125 0.04296875
0 0.1318359375 0.7942708333333334 0.0185546875 0.03515625
0 0.1279296875 0.6705729166666666 0.01171875 0.018229166666666668
0 0.1240234375 0.609375 0.013671875 0.022135416666666668
0 0.14453125 0.61328125 0.013671875 0.018229166666666668
0 0.1552734375 0.6731770833333334 0.009765625 0.015625
0 0.1455078125 0.7057291666666666 0.0126953125 0.02734375
0 0.158203125 0.7265625 0.0126953125 0.018229166666666668
0 0.185546875 0.7838541666666666 0.017578125 0.029947916666666668
0 0.19921875 0.8190104166666666 0.0205078125 0.032552083333333336
0 0.2021484375 0.8502604166666666 0.0234375 0.028645833333333332
0 0.2578125 0.8841145833333334 0.0224609375 0.03125
0 0.240234375 0.8138020833333334 0.021484375 0.040364583333333336
0 0.2216796875 0.7864583333333334 0.0166015625 0.02734375
0 0.205078125 0.7369791666666666 0.015625 0.028645833333333332
0 0.19140625 0.6966145833333334 0.0126953125 0.024739583333333332
0 0.17578125 0.6848958333333334 0.0107421875 0.020833333333333332
0 0.173828125 0.6484375 0.0107421875 0.01953125
0 0.166015625 0.6223958333333334 0.0087890625 0.018229166666666668
0 0.16015625 0.59765625 0.0078125 0.016927083333333332
0 0.181640625 0.5859375 0.0087890625 0.016927083333333332
0 0.171875 0.5963541666666666 0.009765625 0.014322916666666666
0 0.1982421875 0.6002604166666666 0.009765625 0.015625
0 0.189453125 0.62109375 0.009765625 0.014322916666666666
0 0.1962890625 0.6536458333333334 0.01171875 0.018229166666666668
0 0.2119140625 0.6302083333333334 0.0126953125 0.01953125
0 0.2158203125 0.6888020833333334 0.0126953125 0.020833333333333332
0 0.23046875 0.7135416666666666 0.0146484375 0.02734375
0 0.2470703125 0.7330729166666666 0.017578125 0.0234375
0 0.263671875 0.7942708333333334 0.0185546875 0.02734375
0 0.1064453125 0.6822916666666666 0.0107421875 0.016927083333333332
0 0.0263671875 0.6875 0.0087890625 0.022135416666666668
0 0.0712890625 0.6822916666666666 0.01171875 0.016927083333333332
0 0.0341796875 0.6263020833333334 0.009765625 0.014322916666666666
0 0.0537109375 0.6197916666666666 0.009765625 0.015625
0 0.072265625 0.61328125 0.0087890625 0.015625
0 0.0908203125 0.6236979166666666 0.0126953125 0.016927083333333332
0 0.08984375 0.6015625 0.0087890625 0.013020833333333334
0 0.0263671875 0.5807291666666666 0.009765625 0.015625
0 0.01953125 0.6171875 0.009765625 0.018229166666666668
0 0.0546875 0.5859375 0.0107421875 0.015625
0 0.06640625 0.57421875 0.0078125 0.014322916666666666
0 0.05078125 0.56640625 0.0087890625 0.01171875
0 0.06640625 0.5533854166666666 0.0068359375 0.01171875
0 0.0498046875 0.5533854166666666 0.0087890625 0.0078125
0 0.091796875 0.5716145833333334 0.0078125 0.013020833333333334
0 0.12890625 0.55859375 0.0078125 0.014322916666666666
0 0.1171875 0.59375 0.009765625 0.013020833333333334
0 0.134765625 0.5989583333333334 0.01171875 0.015625
0 0.111328125 0.5833333333333334 0.005859375 0.010416666666666666
0 0.1220703125 0.5416666666666666 0.0068359375 0.010416666666666666
0 0.1552734375 0.5403645833333334 0.0078125 0.010416666666666666
0 0.13671875 0.5338541666666666 0.0068359375 0.013020833333333334
0 0.1552734375 0.57421875 0.009765625 0.013020833333333334
0 0.158203125 0.5872395833333334 0.0087890625 0.013020833333333334
0 0.220703125 0.6067708333333334 0.009765625 0.015625
0 0.1904296875 0.5755208333333334 0.0087890625 0.015625
0 0.193359375 0.5533854166666666 0.005859375 0.013020833333333334
0 0.1767578125 0.546875 0.005859375 0.010416666666666666
0 0.171875 0.5638020833333334 0.0078125 0.010416666666666666
0 0.1982421875 0.5221354166666666 0.0087890625 0.01171875
0 0.1787109375 0.52734375 0.005859375 0.010416666666666666
0 0.2119140625 0.5364583333333334 0.0087890625 0.010416666666666666
0 0.212890625 0.5794270833333334 0.009765625 0.016927083333333332
0 0.22265625 0.5833333333333334 0.0087890625 0.013020833333333334
0 0.2392578125 0.6028645833333334 0.009765625 0.015625
0 0.232421875 0.6536458333333334 0.0126953125 0.0234375
0 0.23828125 0.68359375 0.013671875 0.022135416666666668
0 0.2568359375 0.7044270833333334 0.013671875 0.015625
0 0.2578125 0.6640625 0.0087890625 0.020833333333333332
0 0.2607421875 0.62109375 0.0087890625 0.016927083333333332
0 0.26171875 0.5807291666666666 0.0068359375 0.014322916666666666
0 0.2353515625 0.5520833333333334 0.0078125 0.013020833333333334
0 0.236328125 0.5338541666666666 0.0068359375 0.0078125
0 0.25390625 0.5403645833333334 0.0068359375 0.013020833333333334
0 0.2509765625 0.5794270833333334 0.0078125 0.010416666666666666
0 0.2529296875 0.5963541666666666 0.0087890625 0.015625
0 0.111328125 0.5208333333333334 0.0087890625 0.014322916666666666
0 0.271484375 0.7447916666666666 0.015625 0.03125
0 0.2744140625 0.7005208333333334 0.0126953125 0.018229166666666668
0 0.2890625 0.6901041666666666 0.01171875 0.020833333333333332
0 0.2919921875 0.6653645833333334 0.0126953125 0.024739583333333332
0 0.3125 0.8111979166666666 0.01953125 0.04296875
0 0.31640625 0.7799479166666666 0.01953125 0.03125
0 0.318359375 0.75 0.017578125 0.029947916666666668
0 0.3232421875 0.7252604166666666 0.0166015625 0.03125
0 0.306640625 0.7044270833333334 0.013671875 0.020833333333333332
0 0.32421875 0.6979166666666666 0.0107421875 0.022135416666666668
0 0.3134765625 0.6653645833333334 0.01171875 0.022135416666666668
0 0.3349609375 0.6640625 0.0126953125 0.020833333333333332
0 0.3359375 0.6393229166666666 0.0126953125 0.015625
0 0.3369140625 0.6197916666666666 0.009765625 0.020833333333333332
0 0.294921875 0.6158854166666666 0.01171875 0.015625
0 0.3076171875 0.5846354166666666 0.0087890625 0.013020833333333334
0 0.3310546875 0.56640625 0.009765625 0.015625
0 0.3564453125 0.58203125 0.009765625 0.013020833333333334
0 0.3583984375 0.62109375 0.009765625 0.013020833333333334
0 0.361328125 0.6341145833333334 0.0087890625 0.013020833333333334
0 0.3720703125 0.6328125 0.01171875 0.020833333333333332
0 0.3837890625 0.6471354166666666 0.01171875 0.020833333333333332
0 0.3623046875 0.65625 0.01171875 0.022135416666666668
0 0.3544921875 0.70703125 0.0146484375 0.024739583333333332
0 0.369140625 0.7239583333333334 0.017578125 0.024739583333333332
0 0.37109375 0.7565104166666666 0.015625 0.032552083333333336
0 0.3837890625 0.7434895833333334 0.015625 0.029947916666666668
0 0.3515625 0.8151041666666666 0.017578125 0.03125
0 0.3115234375 0.875 0.017578125 0.037760416666666664
0 0.3583984375 0.8671875 0.02734375 0.044270833333333336
0 0.3974609375 0.8684895833333334 0.0185546875 0.033854166666666664
0 0.404296875 0.8359375 0.0146484375 0.028645833333333332
0 0.4296875 0.80859375 0.0185546875 0.02734375
0 0.4248046875 0.7877604166666666 0.017578125 0.02734375
0 0.4248046875 0.7578125 0.0205078125 0.024739583333333332
0 0.404296875 0.6966145833333334 0.013671875 0.024739583333333332
0 0.4228515625 0.66015625 0.0126953125 0.02734375
0 0.4248046875 0.6393229166666666 0.0087890625 0.018229166666666668
0 0.4052734375 0.5885416666666666 0.0087890625 0.015625
0 0.2900390625 0.7239583333333334 0.015625 0.02734375
0 0.3857421875 0.6484375 0.0126953125 0.024739583333333332
0 0.4931640625 0.7994791666666666 0.0224609375 0.029947916666666668
0 0.3525390625 0.6692708333333334 0.01171875 0.014322916666666666
0 0.423828125 0.56640625 0.0068359375 0.013020833333333334
0 0.4482421875 0.5859375 0.009765625 0.020833333333333332
0 0.455078125 0.63671875 0.0107421875 0.020833333333333332
0 0.470703125 0.61328125 0.0126953125 0.022135416666666668
0 0.466796875 0.66796875 0.013671875 0.020833333333333332
0 0.4697265625 0.640625 0.0107421875 0.018229166666666668
0 0.455078125 0.7135416666666666 0.0126953125 0.022135416666666668
0 0.4375 0.7044270833333334 0.015625 0.02734375
0 0.4736328125 0.7799479166666666 0.0166015625 0.033854166666666664
0 0.486328125 0.7473958333333334 0.013671875 0.01953125
0 0.484375 0.7109375 0.0126953125 0.020833333333333332
0 0.4521484375 0.8515625 0.01953125 0.032552083333333336
0 0.421875 0.8984375 0.025390625 0.045572916666666664
0 0.4775390625 0.8489583333333334 0.01953125 0.03515625
0 0.5126953125 0.8606770833333334 0.0234375 0.044270833333333336
0 0.521484375 0.8971354166666666 0.021484375 0.049479166666666664
0 0.52734375 0.9427083333333334 0.0263671875 0.044270833333333336
0 0.5556640625 0.9440104166666666 0.0263671875 0.05078125
0 0.5537109375 0.8515625 0.0234375 0.045572916666666664
0 0.5556640625 0.7955729166666666 0.01953125 0.033854166666666664
0 0.517578125 0.703125 0.015625 0.024739583333333332
0 0.521484375 0.7434895833333334 0.0146484375 0.024739583333333332
0 0.3935546875 0.95703125 0.0263671875 0.044270833333333336
0 0.421875 0.9830729166666666 0.02734375 0.032552083333333336
0 0.4658203125 0.9440104166666666 0.01953125 0.036458333333333336
0 0.484375 0.91796875 0.0205078125 0.028645833333333332
0 0.4853515625 0.9739583333333334 0.025390625 0.045572916666666664
0 0.5712890625 0.8385416666666666 0.0185546875 0.0390625
0 0.61328125 0.8502604166666666 0.01953125 0.028645833333333332
0 0.4765625 0.5859375 0.009765625 0.01953125
0 0.494140625 0.5807291666666666 0.009765625 0.016927083333333332
0 0.5 0.5989583333333334 0.01171875 0.020833333333333332
0 0.5146484375 0.5872395833333334 0.009765625 0.014322916666666666
0 0.50390625 0.6328125 0.01171875 0.01953125
0 0.5166015625 0.6354166666666666 0.013671875 0.01953125
0 0.5419921875 0.65625 0.0146484375 0.01953125
0 0.5517578125 0.6302083333333334 0.0126953125 0.022135416666666668
0 0.55859375 0.6106770833333334 0.01171875 0.022135416666666668
0 0.544921875 0.6080729166666666 0.01171875 0.01953125
0 0.5615234375 0.6744791666666666 0.0146484375 0.01953125
0 0.576171875 0.703125 0.017578125 0.01953125
0 0.583984375 0.62109375 0.0107421875 0.01953125
0 0.595703125 0.6184895833333334 0.0126953125 0.01953125
0 0.5947265625 0.57421875 0.009765625 0.014322916666666666
0 0.607421875 0.5924479166666666 0.0087890625 0.018229166666666668
0 0.6259765625 0.59375 0.009765625 0.014322916666666666
0 0.6328125 0.6145833333333334 0.01171875 0.020833333333333332
0 0.6240234375 0.6471354166666666 0.01171875 0.020833333333333332
0 0.6376953125 0.640625 0.0087890625 0.015625
0 0.609375 0.67578125 0.01171875 0.01953125
0 0.599609375 0.703125 0.013671875 0.022135416666666668
0 0.63671875 0.6927083333333334 0.01953125 0.028645833333333332
0 0.548828125 0.56640625 0.01171875 0.014322916666666666
0 0.5830078125 0.7369791666666666 0.0146484375 0.029947916666666668
0 0.6142578125 0.7369791666666666 0.017578125 0.03515625
0 0.6435546875 0.7395833333333334 0.0166015625 0.02734375
0 0.615234375 0.7890625 0.0185546875 0.026041666666666668
0 0.654296875 0.796875 0.0185546875 0.028645833333333332
0 0.658203125 0.82421875 0.017578125 0.03125
0 0.673828125 0.8802083333333334 0.0244140625 0.04296875
0 0.6845703125 0.82421875 0.021484375 0.04296875
0 0.6171875 0.9375 0.01953125 0.0390625
0 0.6943359375 0.9205729166666666 0.021484375 0.032552083333333336
0 0.6826171875 0.97265625 0.0263671875 0.0390625
0 0.654296875 0.5716145833333334 0.009765625 0.016927083333333332
0 0.671875 0.6041666666666666 0.0126953125 0.016927083333333332
0 0.6875 0.6263020833333334 0.01171875 0.018229166666666668
0 0.6943359375 0.6028645833333334 0.0107421875 0.018229166666666668
0 0.6884765625 0.5625 0.009765625 0.015625
0 0.71484375 0.5807291666666666 0.01171875 0.015625
0 0.7177734375 0.6263020833333334 0.01171875 0.0234375
0 0.7294921875 0.6145833333333334 0.0107421875 0.020833333333333332
0 0.6826171875 0.6614583333333334 0.0146484375 0.022135416666666668
0 0.6474609375 0.6770833333333334 0.01171875 0.022135416666666668
0 0.6904296875 0.6809895833333334 0.017578125 0.02734375
0 0.70703125 0.6497395833333334 0.0146484375 0.0234375
0 0.7255859375 0.6588541666666666 0.01171875 0.026041666666666668
0 0.7412109375 0.6393229166666666 0.0107421875 0.01953125
0 0.748046875 0.65625 0.013671875 0.022135416666666668
0 0.7451171875 0.68359375 0.013671875 0.029947916666666668
0 0.6650390625 0.7265625 0.017578125 0.03125
0 0.701171875 0.72265625 0.0146484375 0.029947916666666668
0 0.734375 0.7174479166666666 0.0166015625 0.022135416666666668
0 0.7626953125 0.7278645833333334 0.017578125 0.026041666666666668
0 0.7119140625 0.79296875 0.0166015625 0.029947916666666668
0 0.775390625 0.7669270833333334 0.0205078125 0.037760416666666664
0 0.75390625 0.8151041666666666 0.0205078125 0.044270833333333336
0 0.7255859375 0.8567708333333334 0.0244140625 0.0390625
0 0.6669921875 0.5546875 0.0068359375 0.01171875
0 0.6455078125 0.5442708333333334 0.0078125 0.01171875
0 0.8251953125 0.5026041666666666 0.0078125 0.01171875
0 0.83984375 0.5065104166666666 0.005859375 0.01171875
0 0.8583984375 0.51171875 0.0068359375 0.013020833333333334
0 0.767578125 0.5533854166666666 0.0078125 0.014322916666666666
0 0.759765625 0.5924479166666666 0.01171875 0.018229166666666668
0 0.7734375 0.5442708333333334 0.0087890625 0.013020833333333334
0 0.796875 0.5325520833333334 0.0078125 0.01171875
0 0.78125 0.59765625 0.009765625 0.015625
0 0.8037109375 0.5911458333333334 0.01171875 0.018229166666666668
0 0.7568359375 0.64453125 0.0126953125 0.020833333333333332
0 0.7744140625 0.64453125 0.0126953125 0.0234375
0 0.826171875 0.578125 0.0107421875 0.020833333333333332
0 0.853515625 0.5846354166666666 0.013671875 0.022135416666666668
0 0.80859375 0.6536458333333334 0.01171875 0.0234375
0 0.857421875 0.65625 0.015625 0.026041666666666668
0 0.8857421875 0.6341145833333334 0.0126953125 0.020833333333333332
0 0.8232421875 0.6901041666666666 0.015625 0.024739583333333332
0 0.8662109375 0.69921875 0.013671875 0.024739583333333332
0 0.81640625 0.73046875 0.0224609375 0.033854166666666664
0 0.802734375 0.8177083333333334 0.0185546875 0.03125
0 0.810546875 0.85546875 0.0244140625 0.037760416666666664
0 0.8515625 0.8294270833333334 0.0205078125 0.0390625
0 0.90234375 0.8528645833333334 0.0234375 0.044270833333333336
0 0.8681640625 0.8893229166666666 0.029296875 0.033854166666666664
0 0.80078125 0.8815104166666666 0.0244140625 0.0390625
0 0.8251953125 0.9817708333333334 0.0361328125 0.036458333333333336
0 0.748046875 0.9778645833333334 0.0283203125 0.040364583333333336
0 0.759765625 0.9388020833333334 0.0234375 0.052083333333333336
0 0.8251953125 0.9309895833333334 0.02734375 0.040364583333333336
0 0.861328125 0.9518229166666666 0.0263671875 0.04296875
0 0.845703125 0.5598958333333334 0.0078125 0.018229166666666668
0 0.869140625 0.55078125 0.0078125 0.016927083333333332
0 0.890625 0.5208333333333334 0.005859375 0.013020833333333334
0 0.9013671875 0.5390625 0.0078125 0.014322916666666666
0 0.919921875 0.53515625 0.0078125 0.01171875
0 0.923828125 0.6223958333333334 0.013671875 0.02734375
0 0.9443359375 0.6341145833333334 0.015625 0.022135416666666668
0 0.95703125 0.625 0.0107421875 0.0234375
0 0.9384765625 0.5625 0.0078125 0.014322916666666666
0 0.951171875 0.5377604166666666 0.0087890625 0.013020833333333334
0 0.9580078125 0.5299479166666666 0.0087890625 0.018229166666666668
0 0.9541015625 0.67578125 0.0126953125 0.022135416666666668
0 0.94140625 0.7005208333333334 0.0166015625 0.029947916666666668
0 0.9189453125 0.6953125 0.0146484375 0.026041666666666668
0 0.919921875 0.7447916666666666 0.0185546875 0.028645833333333332
0 0.9228515625 0.796875 0.01953125 0.037760416666666664
0 0.9345703125 0.9075520833333334 0.03125 0.052083333333333336
0 0.9599609375 0.8815104166666666 0.02734375 0.048177083333333336
0 0.912109375 0.58203125 0.013671875 0.022135416666666668
0 0.9130859375 0.6028645833333334 0.0126953125 0.022135416666666668
0 0.9775390625 0.9752604166666666 0.0322265625 0.049479166666666664
0 0.9248046875 0.9713541666666666 0.033203125 0.045572916666666664
0 0.873046875 0.7708333333333334 0.01953125 0.032552083333333336
0 0.88671875 0.6588541666666666 0.015625 0.028645833333333332
0 0.5693359375 0.7734375 0.009765625 0.026041666666666668
0 0.6845703125 0.7721354166666666 0.01953125 0.026041666666666668
0 0.291015625 0.5729166666666666 0.0068359375 0.010416666666666666
0 0.16015625 0.7981770833333334 0.017578125 0.029947916666666668
0 0.1689453125 0.8606770833333334 0.0146484375 0.022135416666666668
0 0.275390625 0.6002604166666666 0.013671875 0.018229166666666668
0 0.986328125 0.58203125 0.013671875 0.0234375
0 0.0107421875 0.6549479166666666 0.0107421875 0.020833333333333332
0 0.0087890625 0.5924479166666666 0.0087890625 0.014322916666666666