0 0.234375 0.43636363636363634 0.017578125 0.02727272727272727
0 0.60546875 0.43636363636363634 0.015625 0.024242424242424242
0 0.869140625 0.6272727272727273 0.009765625 0.01818181818181818
0 0.90625 0.5984848484848485 0.0068359375 0.00909090909090909
0 0.67578125 0.5590909090909091 0.009765625 0.019696969696969695
0 0.603515625 0.5515151515151515 0.009765625 0.015151515151515152
0 0.716796875 0.6681818181818182 0.013671875 0.03333333333333333
0 0.6337890625 0.6666666666666666 0.017578125 0.030303030303030304
0 0.4873046875 0.6439393939393939 0.0087890625 0.015151515151515152
0 0.4345703125 0.6303030303030303 0.0068359375 0.010606060606060607
0 0.578125 0.5393939393939394 0.0048828125 0.010606060606060607
0 0.2490234375 0.6636363636363637 0.0068359375 0.013636363636363636
0 0.3408203125 0.646969696969697 0.0107421875 0.019696969696969695
0 0.28125 0.6409090909090909 0.0107421875 0.016666666666666666
0 0.162109375 0.7015151515151515 0.0126953125 0.022727272727272728
0 0.1826171875 0.5681818181818182 0.0068359375 0.013636363636363636
0 0.0986328125 0.5848484848484848 0.0078125 0.012121212121212121