0 0.4404296875 0.5494791666666666 0.0078125 0.022135416666666668
0 0.3935546875 0.6223958333333334 0.01171875 0.018229166666666668
0 0.51171875 0.6393229166666666 0.0087890625 0.013020833333333334
0 0.5419921875 0.5924479166666666 0.0107421875 0.016927083333333332
0 0.3291015625 0.4166666666666667 0.01171875 0.013020833333333334
0 0.17578125 0.4440104166666667 0.0087890625 0.014322916666666666
0 0.263671875 0.3567708333333333 0.0068359375 0.010416666666666666
0 0.3759765625 0.43359375 0.0068359375 0.014322916666666666
0 0.2265625 0.3880208333333333 0.0078125 0.01171875
0 0.39453125 0.3346354166666667 0.005859375 0.01171875
0 0.517578125 0.4947916666666667 0.0078125 0.020833333333333332
0 0.71875 0.4192708333333333 0.0078125 0.01171875
0 0.7724609375 0.4231770833333333 0.0078125 0.01171875
0 0.791015625 0.4088541666666667 0.005859375 0.01171875
0 0.744140625 0.6927083333333334 0.0107421875 0.01953125
0 0.7353515625 0.640625 0.0107421875 0.016927083333333332
0 0.775390625 0.5859375 0.0087890625 0.015625
0 0.8037109375 0.5651041666666666 0.009765625 0.016927083333333332
0 0.955078125 0.58203125 0.0078125 0.01953125
0 0.9853515625 0.50390625 0.0068359375 0.015625
0 0.8779296875 0.4791666666666667 0.0087890625 0.014322916666666666
0 0.8994140625 0.4270833333333333 0.0087890625 0.016927083333333332
0 0.79296875 0.3841145833333333 0.0078125 0.01171875
0 0.7734375 0.40625 0.0087890625 0.010416666666666666
0 0.7578125 0.4375 0.0068359375 0.01171875
0 0.9228515625 0.4934895833333333 0.0078125 0.014322916666666666
0 0.314453125 0.4309895833333333 0.0078125 0.01171875
0 0.0615234375 0.42578125 0.0078125 0.013020833333333334
0 0.0693359375 0.44921875 0.0078125 0.015625
0 0.8017578125 0.6705729166666666 0.01171875 0.015625
0 0.783203125 0.7174479166666666 0.009765625 0.01953125