0 0.1552734375 0.40234375 0.0107421875 0.01171875
0 0.1748046875 0.4205729166666667 0.0087890625 0.013020833333333334
0 0.236328125 0.4231770833333333 0.0107421875 0.014322916666666666
0 0.2490234375 0.40234375 0.0087890625 0.014322916666666666
0 0.255859375 0.42578125 0.01171875 0.0234375
0 0.3740234375 0.4075520833333333 0.009765625 0.014322916666666666
0 0.41015625 0.4518229166666667 0.009765625 0.01171875
0 0.4775390625 0.4557291666666667 0.0078125 0.013020833333333334
0 0.51953125 0.4309895833333333 0.0087890625 0.014322916666666666
0 0.5654296875 0.4856770833333333 0.0078125 0.009114583333333334
0 0.6064453125 0.48046875 0.0068359375 0.014322916666666666
0 0.6328125 0.4791666666666667 0.0078125 0.013020833333333334
0 0.7177734375 0.4388020833333333 0.0068359375 0.009114583333333334
0 0.8427734375 0.4596354166666667 0.0087890625 0.01171875
0 0.900390625 0.5208333333333334 0.005859375 0.0078125
0 0.916015625 0.5221354166666666 0.0048828125 0.010416666666666666
0 0.93359375 0.5247395833333334 0.005859375 0.009114583333333334
0 0.6298828125 0.6354166666666666 0.0126953125 0.028645833333333332
0 0.6875 0.6588541666666666 0.017578125 0.033854166666666664
0 0.724609375 0.6380208333333334 0.0126953125 0.033854166666666664
0 0.7412109375 0.6380208333333334 0.01171875 0.028645833333333332
0 0.748046875 0.6223958333333334 0.01171875 0.020833333333333332
0 0.81640625 0.62109375 0.0087890625 0.015625
0 0.8544921875 0.609375 0.0087890625 0.016927083333333332
0 0.8623046875 0.6080729166666666 0.0068359375 0.01171875
0 0.0185546875 0.6236979166666666 0.017578125 0.0390625
0 0.080078125 0.6901041666666666 0.0166015625 0.045572916666666664
0 0.091796875 0.62890625 0.0166015625 0.029947916666666668
0 0.103515625 0.62890625 0.009765625 0.024739583333333332
0 0.2138671875 0.6692708333333334 0.0234375 0.053385416666666664
0 0.279296875 0.6588541666666666 0.015625 0.03125
0 0.421875 0.6419270833333334 0.013671875 0.03125
0 0.4970703125 0.6380208333333334 0.0146484375 0.02734375
0 0.5263671875 0.6223958333333334 0.015625 0.032552083333333336
0 0.1474609375 0.6276041666666666 0.01171875 0.022135416666666668
0 0.4453125 0.62890625 0.0107421875 0.026041666666666668
0 0.244140625 0.6263020833333334 0.013671875 0.03515625
0 0.046875 0.5833333333333334 0.005859375 0.009114583333333334
0 0.0625 0.5872395833333334 0.0048828125 0.0078125
0 0.07421875 0.5794270833333334 0.005859375 0.009114583333333334
0 0.0400390625 0.5950520833333334 0.0048828125 0.009114583333333334
0 0.044921875 0.5950520833333334 0.0068359375 0.009114583333333334
0 0.9921875 0.6067708333333334 0.0078125 0.016927083333333332