0 0.1162109375 0.8059895833333334 0.013671875 0.02734375
0 0.158203125 0.84375 0.0146484375 0.024739583333333332
0 0.2060546875 0.8098958333333334 0.0126953125 0.020833333333333332
0 0.310546875 0.7981770833333334 0.0146484375 0.02734375
0 0.0751953125 0.7239583333333334 0.0107421875 0.013020833333333334
0 0.4140625 0.8606770833333334 0.0146484375 0.02734375
0 0.5478515625 0.8203125 0.0146484375 0.026041666666666668
0 0.5263671875 0.7239583333333334 0.0107421875 0.01953125
0 0.8671875 0.88671875 0.0146484375 0.03125
0 0.7373046875 0.7786458333333334 0.0107421875 0.022135416666666668
0 0.7646484375 0.75390625 0.013671875 0.018229166666666668
0 0.8095703125 0.7591145833333334 0.0107421875 0.01953125
0 0.904296875 0.7447916666666666 0.013671875 0.024739583333333332
0 0.783203125 0.78125 0.0107421875 0.020833333333333332
0 0.6591796875 0.8802083333333334 0.01171875 0.022135416666666668