0 0.4931640625 0.8237885462555066 0.0966796875 0.1894273127753304
0 0.015625 0.5624082232011748 0.0205078125 0.0631424375917768
0 0.0419921875 0.5873715124816447 0.0341796875 0.10572687224669604
0 0.1220703125 0.5741556534508077 0.0361328125 0.06901615271659324
0 0.1748046875 0.5888399412628488 0.0478515625 0.1013215859030837
0 0.111328125 0.7650513950073421 0.0439453125 0.08223201174743025
0 0.26171875 0.8281938325991189 0.0673828125 0.11747430249632893
0 0.3955078125 0.7591776798825257 0.06640625 0.14096916299559473
0 0.3525390625 0.5168869309838473 0.0478515625 0.0631424375917768
0 0.486328125 0.5947136563876652 0.0380859375 0.1013215859030837
0 0.5400390625 0.644640234948605 0.072265625 0.13656387665198239
0 0.576171875 0.5433186490455213 0.037109375 0.06020558002936858
0 0.6220703125 0.5624082232011748 0.0439453125 0.06020558002936858
0 0.6748046875 0.5256975036710719 0.033203125 0.08223201174743025
0 0.6884765625 0.461086637298091 0.0078125 0.014684287812041116
0 0.6494140625 0.6960352422907489 0.1162109375 0.17033773861967694
0 0.728515625 0.6211453744493393 0.0732421875 0.1277533039647577
0 0.548828125 0.4654919236417034 0.0068359375 0.016152716593245228
0 0.5634765625 0.49926578560939794 0.017578125 0.023494860499265784
0 0.5703125 0.4552129221732746 0.0068359375 0.014684287812041116
0 0.619140625 0.4977973568281938 0.01171875 0.01762114537444934
0 0.5498046875 0.447870778267254 0.0087890625 0.014684287812041116
0 0.6728515625 0.44640234948604995 0.0068359375 0.010279001468428781
0 0.5419921875 0.4713656387665198 0.0068359375 0.013215859030837005
0 0.1318359375 0.5080763582966226 0.0234375 0.049926578560939794
0 0.5908203125 0.4522760646108664 0.0078125 0.014684287812041116
0 0.70703125 0.47577092511013214 0.0126953125 0.023494860499265784
0 0.71484375 0.4522760646108664 0.0078125 0.01762114537444934
0 0.5634765625 0.4713656387665198 0.0068359375 0.014684287812041116
0 0.9638671875 0.7342143906020558 0.044921875 0.13509544787077826
0 0.9775390625 0.5991189427312775 0.0283203125 0.07048458149779736
0 0.958984375 0.5301027900146843 0.02734375 0.05726872246696035
0 0.990234375 0.5491923641703378 0.01953125 0.055800293685756244