0 0.0302734375 0.609375 0.0185546875 0.0390625
0 0.052734375 0.6471354166666666 0.0244140625 0.0390625
0 0.025390625 0.6770833333333334 0.0166015625 0.037760416666666664
0 0.09375 0.6067708333333334 0.021484375 0.037760416666666664
0 0.1982421875 0.6471354166666666 0.0263671875 0.040364583333333336
0 0.2587890625 0.6861979166666666 0.0244140625 0.033854166666666664
0 0.3681640625 0.7591145833333334 0.017578125 0.02734375
0 0.33203125 0.625 0.009765625 0.016927083333333332
0 0.2529296875 0.6315104166666666 0.009765625 0.018229166666666668
0 0.3955078125 0.6223958333333334 0.0107421875 0.014322916666666666
0 0.677734375 0.6197916666666666 0.01171875 0.018229166666666668
0 0.501953125 0.6171875 0.01171875 0.014322916666666666
0 0.5341796875 0.90625 0.0205078125 0.029947916666666668
0 0.474609375 0.6328125 0.0078125 0.014322916666666666
0 0.73046875 0.6549479166666666 0.015625 0.020833333333333332
0 0.8935546875 0.7760416666666666 0.0224609375 0.0703125
0 0.9296875 0.8059895833333334 0.0166015625 0.03515625
0 0.765625 0.8958333333333334 0.04296875 0.08072916666666667
0 0.7177734375 0.6067708333333334 0.0107421875 0.014322916666666666
0 0.91015625 0.6106770833333334 0.009765625 0.01171875
0 0.9267578125 0.6979166666666666 0.013671875 0.01953125
0 0.7861328125 0.7005208333333334 0.021484375 0.02734375
0 0.861328125 0.6002604166666666 0.0087890625 0.015625
0 0.76953125 0.5846354166666666 0.0078125 0.014322916666666666
0 0.5380859375 0.7122395833333334 0.013671875 0.016927083333333332
0 0.525390625 0.6184895833333334 0.005859375 0.010416666666666666
0 0.4228515625 0.6380208333333334 0.009765625 0.014322916666666666
0 0.6279296875 0.7395833333333334 0.015625 0.016927083333333332
0 0.412109375 0.7643229166666666 0.0107421875 0.022135416666666668
0 0.302734375 0.5885416666666666 0.0068359375 0.010416666666666666
0 0.1650390625 0.6380208333333334 0.0166015625 0.03515625
0 0.458984375 0.8880208333333334 0.013671875 0.029947916666666668
0 0.603515625 0.5963541666666666 0.0078125 0.015625
0 0.0107421875 0.6315104166666666 0.0224609375 0.03125
0 0.224609375 0.5794270833333334 0.0078125 0.010416666666666666
0 0.18359375 0.5807291666666666 0.0068359375 0.009114583333333334
0 0.4560546875 0.6184895833333334 0.0068359375 0.010416666666666666
0 0.5703125 0.5729166666666666 0.0068359375 0.010416666666666666
0 0.5859375 0.7513020833333334 0.0166015625 0.020833333333333332
0 0.8837890625 0.5989583333333334 0.0107421875 0.018229166666666668