0 0.041015625 0.772635814889336 0.0126953125 0.03822937625754527
0 0.0478515625 0.7263581488933601 0.017578125 0.04426559356136821
0 0.107421875 0.5271629778672032 0.015625 0.03822937625754527
0 0.08203125 0.5030181086519114 0.009765625 0.03822937625754527
0 0.0517578125 0.4768611670020121 0.0146484375 0.03822937625754527
0 0.134765625 0.7605633802816901 0.0107421875 0.03420523138832998
0 0.2431640625 0.738430583501006 0.0126953125 0.03219315895372234
0 0.2783203125 0.7766599597585513 0.0146484375 0.03822937625754527
0 0.3349609375 0.7525150905432596 0.0126953125 0.03219315895372234
0 0.162109375 0.5352112676056338 0.01171875 0.04426559356136821
0 0.1962890625 0.5291750503018109 0.013671875 0.03621730382293763
0 0.125 0.4788732394366197 0.013671875 0.03219315895372234
0 0.103515625 0.47283702213279677 0.0146484375 0.03420523138832998
0 0.1396484375 0.47283702213279677 0.01171875 0.03822937625754527
0 0.1591796875 0.4949698189134809 0.013671875 0.03420523138832998
0 0.1796875 0.5070422535211268 0.0126953125 0.03219315895372234
0 0.2109375 0.4708249496981891 0.013671875 0.030181086519114688
0 0.228515625 0.49899396378269617 0.013671875 0.028169014084507043
0 0.2177734375 0.5291750503018109 0.015625 0.04225352112676056
0 0.2490234375 0.5352112676056338 0.013671875 0.04426559356136821
0 0.2705078125 0.5372233400402414 0.015625 0.03822937625754527
0 0.2900390625 0.5231388329979879 0.0146484375 0.026156941649899398
0 0.26171875 0.49899396378269617 0.0126953125 0.03420523138832998
0 0.279296875 0.4869215291750503 0.0146484375 0.03621730382293763
0 0.3046875 0.48893360160965793 0.013671875 0.03219315895372234
0 0.32421875 0.5050301810865191 0.015625 0.03621730382293763
0 0.3408203125 0.5432595573440644 0.0107421875 0.028169014084507043
0 0.328125 0.5593561368209256 0.0126953125 0.03420523138832998
0 0.302734375 0.6016096579476862 0.0126953125 0.03420523138832998
0 0.36328125 0.5251509054325956 0.013671875 0.03822937625754527
0 0.3818359375 0.5251509054325956 0.013671875 0.03420523138832998
0 0.3984375 0.5331991951710262 0.01171875 0.03822937625754527
0 0.3759765625 0.7686116700201208 0.0126953125 0.030181086519114688
0 0.39453125 0.6881287726358148 0.01171875 0.03420523138832998
0 0.404296875 0.7364185110663984 0.0126953125 0.030181086519114688
0 0.3759765625 0.4969818913480885 0.0087890625 0.022132796780684104
0 0.388671875 0.5050301810865191 0.01171875 0.028169014084507043
0 0.4111328125 0.5090543259557344 0.0126953125 0.030181086519114688
0 0.4443359375 0.6740442655935613 0.0126953125 0.03822937625754527
0 0.490234375 0.7122736418511066 0.0146484375 0.03822937625754527
0 0.490234375 0.670020120724346 0.0126953125 0.028169014084507043
0 0.5087890625 0.6197183098591549 0.0146484375 0.03420523138832998
0 0.4599609375 0.6096579476861167 0.0107421875 0.030181086519114688
0 0.482421875 0.5030181086519114 0.013671875 0.03420523138832998
0 0.462890625 0.5331991951710262 0.0126953125 0.03219315895372234
0 0.453125 0.4869215291750503 0.013671875 0.028169014084507043
0 0.431640625 0.5150905432595574 0.01171875 0.026156941649899398
0 0.4775390625 0.4225352112676056 0.0126953125 0.030181086519114688
0 0.533203125 0.5191146881287726 0.0146484375 0.04024144869215292
0 0.55078125 0.4688128772635815 0.0126953125 0.03219315895372234
0 0.564453125 0.5150905432595574 0.0146484375 0.03219315895372234
0 0.5859375 0.49899396378269617 0.013671875 0.030181086519114688
0 0.5673828125 0.482897384305835 0.0126953125 0.03420523138832998
0 0.6123046875 0.45472837022132795 0.0126953125 0.03822937625754527
0 0.6474609375 0.4607645875251509 0.0146484375 0.03621730382293763
0 0.6337890625 0.4869215291750503 0.0166015625 0.03822937625754527
0 0.6171875 0.5291750503018109 0.0146484375 0.03420523138832998
0 0.6279296875 0.5372233400402414 0.013671875 0.03420523138832998
0 0.556640625 0.6458752515090543 0.013671875 0.03420523138832998
0 0.5283203125 0.7183098591549296 0.015625 0.04225352112676056
0 0.56640625 0.7122736418511066 0.015625 0.03822937625754527
0 0.5908203125 0.738430583501006 0.013671875 0.03822937625754527
0 0.6142578125 0.7243460764587525 0.0107421875 0.02414486921529175
0 0.6591796875 0.6961770623742455 0.0107421875 0.030181086519114688
0 0.689453125 0.6659959758551308 0.013671875 0.03219315895372234
0 0.677734375 0.7505030181086519 0.009765625 0.03219315895372234
0 0.6611328125 0.5070422535211268 0.0126953125 0.03621730382293763
0 0.6728515625 0.5392354124748491 0.0166015625 0.04225352112676056
0 0.6875 0.45472837022132795 0.0126953125 0.03621730382293763
0 0.7099609375 0.4647887323943662 0.013671875 0.030181086519114688
0 0.7119140625 0.5030181086519114 0.0146484375 0.03219315895372234
0 0.71875 0.5392354124748491 0.0166015625 0.04024144869215292
0 0.7353515625 0.4567404426559356 0.013671875 0.026156941649899398
0 0.7421875 0.4969818913480885 0.013671875 0.030181086519114688
0 0.7568359375 0.4909456740442656 0.013671875 0.03219315895372234
0 0.7255859375 0.7585513078470825 0.0146484375 0.03219315895372234
0 0.7470703125 0.7545271629778671 0.0107421875 0.03420523138832998
0 0.7685546875 0.5211267605633803 0.013671875 0.03621730382293763
0 0.7666015625 0.4688128772635815 0.0126953125 0.03219315895372234
0 0.7890625 0.4949698189134809 0.0126953125 0.04225352112676056
0 0.7958984375 0.5150905432595574 0.0068359375 0.01609657947686117
0 0.8115234375 0.5010060362173038 0.0146484375 0.03621730382293763
0 0.8193359375 0.5392354124748491 0.013671875 0.04024144869215292
0 0.8125 0.45875251509054327 0.0126953125 0.03219315895372234
0 0.8486328125 0.4567404426559356 0.0146484375 0.02414486921529175
0 0.8515625 0.4949698189134809 0.015625 0.03621730382293763
0 0.87109375 0.4909456740442656 0.013671875 0.03621730382293763
0 0.8837890625 0.5070422535211268 0.0126953125 0.03219315895372234
0 0.9296875 0.4305835010060362 0.0126953125 0.02012072434607646
0 0.947265625 0.4607645875251509 0.015625 0.05030181086519115
0 0.9306640625 0.5171026156941649 0.0126953125 0.03420523138832998
0 0.8701171875 0.6378269617706237 0.0185546875 0.04225352112676056
0 0.841796875 0.6498993963782697 0.017578125 0.03822937625754527
0 0.7744140625 0.7706237424547284 0.0087890625 0.030181086519114688
0 0.1142578125 0.43661971830985913 0.01171875 0.03219315895372234
0 0.58984375 0.46680080482897385 0.0146484375 0.03621730382293763