0 0.01953125 0.421875 0.015625 0.052083333333333336
0 0.0498046875 0.4375 0.03515625 0.048177083333333336
0 0.107421875 0.4440104166666667 0.021484375 0.036458333333333336
0 0.2197265625 0.45703125 0.0283203125 0.041666666666666664
0 0.27734375 0.4518229166666667 0.0234375 0.037760416666666664
0 0.3916015625 0.4778645833333333 0.025390625 0.053385416666666664
0 0.330078125 0.48828125 0.0068359375 0.01171875
0 0.48046875 0.4322916666666667 0.009765625 0.015625
0 0.5283203125 0.4192708333333333 0.0087890625 0.014322916666666666
0 0.6943359375 0.44140625 0.015625 0.024739583333333332
0 0.7734375 0.4713541666666667 0.0263671875 0.048177083333333336
0 0.849609375 0.43359375 0.02734375 0.03515625
0 0.962890625 0.4348958333333333 0.03125 0.057291666666666664
0 0.763671875 0.42578125 0.009765625 0.016927083333333332
0 0.1337890625 0.4166666666666667 0.0048828125 0.009114583333333334
0 0.17578125 0.4036458333333333 0.005859375 0.010416666666666666
0 0.1923828125 0.4049479166666667 0.0029296875 0.006510416666666667
0 0.73828125 0.4505208333333333 0.009765625 0.018229166666666668
0 0.3740234375 0.5130208333333334 0.0087890625 0.014322916666666666
0 0.5087890625 0.4205729166666667 0.0068359375 0.009114583333333334
0 0.4892578125 0.41796875 0.0068359375 0.013020833333333334
0 0.56640625 0.4283854166666667 0.0068359375 0.010416666666666666