0 0.0673828125 0.594017094017094 0.0166015625 0.03418803418803419
0 0.2529296875 0.4757834757834758 0.0146484375 0.024216524216524215
0 0.4697265625 0.5669515669515669 0.015625 0.029914529914529916
0 0.51171875 0.5726495726495726 0.01953125 0.03276353276353276
0 0.484375 0.4230769230769231 0.0166015625 0.027065527065527065
0 0.56640625 0.6794871794871795 0.01953125 0.04985754985754986
0 0.537109375 0.6339031339031339 0.0185546875 0.04985754985754986
0 0.6083984375 0.4985754985754986 0.009765625 0.018518518518518517
0 0.7666015625 0.41452991452991456 0.0048828125 0.009971509971509971
0 0.7099609375 0.4757834757834758 0.005859375 0.011396011396011397
0 0.1416015625 0.4672364672364672 0.0048828125 0.011396011396011397
0 0.1533203125 0.4672364672364672 0.0048828125 0.011396011396011397
0 0.37109375 0.5170940170940171 0.0068359375 0.011396011396011397