0 0.0361328125 0.7898832684824902 0.03515625 0.07392996108949416
0 0.0595703125 0.9105058365758755 0.064453125 0.11932555123216602
0 0.205078125 0.7756160830090791 0.0126953125 0.038910505836575876
0 0.2216796875 0.7782101167315175 0.0146484375 0.0324254215304799
0 0.2685546875 0.7769130998702983 0.013671875 0.040207522697795074
0 0.091796875 0.7704280155642024 0.009765625 0.014267185473411154
0 0.0673828125 0.7717250324254216 0.0068359375 0.011673151750972763
0 0.3759765625 0.7808041504539559 0.01171875 0.028534370946822308
0 0.4541015625 0.7976653696498055 0.0107421875 0.019455252918287938
0 0.5185546875 0.7704280155642024 0.0107421875 0.02464332036316472
0 0.5419921875 0.767833981841764 0.0126953125 0.02464332036316472
0 0.599609375 0.8015564202334631 0.01171875 0.03501945525291829
0 0.6474609375 0.7963683527885862 0.015625 0.0324254215304799
0 0.6220703125 0.795071335927367 0.013671875 0.02204928664072633
0 0.7822265625 0.8664072632944229 0.0498046875 0.08171206225680934
0 0.6875 0.8041504539559015 0.017578125 0.029831387808041506
0 0.720703125 0.8197146562905318 0.013671875 0.0311284046692607
0 0.82421875 0.788586251621271 0.013671875 0.03761348897535668
0 0.8076171875 0.7976653696498055 0.01953125 0.0324254215304799
0 0.935546875 0.7730220492866408 0.017578125 0.03372243839169909
0 0.9736328125 0.7522697795071336 0.0146484375 0.03501945525291829
0 0.3369140625 0.7574578469520103 0.0078125 0.01297016861219196
0 0.349609375 0.754863813229572 0.0087890625 0.018158236057068743
0 0.4033203125 0.7963683527885862 0.0126953125 0.04928664072632944
0 0.5029296875 0.7626459143968871 0.0107421875 0.019455252918287938