0 0.193359375 0.20572916666666666 0.0234375 0.06380208333333333
0 0.3046875 0.21614583333333334 0.013671875 0.045572916666666664
0 0.546875 0.2786458333333333 0.0244140625 0.055989583333333336
0 0.6005859375 0.2643229166666667 0.0068359375 0.014322916666666666
0 0.6123046875 0.2630208333333333 0.0068359375 0.014322916666666666
0 0.623046875 0.30859375 0.021484375 0.0625
0 0.7939453125 0.296875 0.0205078125 0.03125
0 0.71875 0.3658854166666667 0.0458984375 0.10677083333333333
0 0.822265625 0.3125 0.017578125 0.032552083333333336
0 0.79296875 0.4140625 0.0537109375 0.1171875
0 0.8662109375 0.5885416666666666 0.0830078125 0.16145833333333334
0 0.810546875 0.2630208333333333 0.0087890625 0.014322916666666666
0 0.6533203125 0.2682291666666667 0.0126953125 0.0234375
0 0.828125 0.2786458333333333 0.0185546875 0.037760416666666664
0 0.6201171875 0.265625 0.0087890625 0.020833333333333332