0 0.357421875 0.13177159590043924 0.0078125 0.017569546120058566
0 0.3759765625 0.14055636896046853 0.005859375 0.014641288433382138
0 0.4287109375 0.13616398243045388 0.0068359375 0.014641288433382138
0 0.4677734375 0.13469985358711567 0.005859375 0.016105417276720352
0 0.4892578125 0.13469985358711567 0.0068359375 0.01903367496339678
0 0.4462890625 0.13616398243045388 0.005859375 0.016105417276720352
0 0.5341796875 0.14494875549048317 0.0078125 0.016105417276720352
0 0.5986328125 0.13616398243045388 0.0087890625 0.016105417276720352
0 0.63671875 0.15373352855051245 0.0087890625 0.017569546120058566
0 0.662109375 0.1390922401171303 0.0048828125 0.013177159590043924
0 0.7041015625 0.14202049780380674 0.005859375 0.01171303074670571
0 0.7392578125 0.14055636896046853 0.0048828125 0.014641288433382138
0 0.783203125 0.13177159590043924 0.0068359375 0.017569546120058566
0 0.876953125 0.1493411420204978 0.0048828125 0.013177159590043924
0 0.90234375 0.14348462664714495 0.0087890625 0.017569546120058566
0 0.0859375 0.15519765739385066 0.0078125 0.016105417276720352
0 0.0361328125 0.20790629575402636 0.0302734375 0.05124450951683748
0 0.0947265625 0.19912152269399708 0.01953125 0.036603221083455345
0 0.1494140625 0.29282576866764276 0.0283203125 0.0629575402635432
0 0.2041015625 0.28989751098096633 0.0146484375 0.03513909224011713
0 0.29296875 0.41142020497803805 0.0166015625 0.048316251830161056
0 0.4287109375 0.45241581259150804 0.017578125 0.024890190336749635
0 0.5537109375 0.5256222547584187 0.0078125 0.016105417276720352
0 0.58203125 0.5124450951683748 0.0068359375 0.013177159590043924
0 0.5869140625 0.5490483162518301 0.005859375 0.010248901903367497
0 0.6376953125 0.5446559297218155 0.0048828125 0.013177159590043924
0 0.6845703125 0.5461200585651538 0.0048828125 0.013177159590043924
0 0.8076171875 0.7774524158125915 0.0078125 0.021961932650073207
0 0.79296875 0.8667642752562226 0.013671875 0.029282576866764276
0 0.892578125 0.5183016105417276 0.0068359375 0.013177159590043924
0 0.8466796875 0.5153733528550513 0.005859375 0.01171303074670571
0 0.8515625 0.5592972181551976 0.0078125 0.014641288433382138
0 0.8603515625 0.5812591508052709 0.00390625 0.014641288433382138
0 0.8798828125 0.6427525622254758 0.0087890625 0.017569546120058566
0 0.970703125 0.5666178623718887 0.0068359375 0.013177159590043924
0 0.984375 0.5856515373352855 0.0078125 0.014641288433382138
0 0.96875 0.6061493411420205 0.0068359375 0.014641288433382138
0 0.6357421875 0.6120058565153733 0.0185546875 0.03953147877013177
0 0.5693359375 0.6866764275256223 0.017578125 0.0424597364568082
0 0.783203125 0.6808199121522694 0.0068359375 0.01903367496339678
0 0.7587890625 0.5929721815519766 0.005859375 0.01171303074670571
0 0.720703125 0.5871156661786238 0.005859375 0.013177159590043924
0 0.912109375 0.8140556368960469 0.01171875 0.02342606149341142
0 0.908203125 0.8653001464128843 0.0166015625 0.03074670571010249
0 0.9609375 0.1376281112737921 0.0087890625 0.013177159590043924
0 0.9912109375 0.14202049780380674 0.005859375 0.013177159590043924
0 0.5283203125 0.5212298682284041 0.00390625 0.010248901903367497
0 0.521484375 0.6310395314787701 0.01171875 0.03367496339677892
0 0.1884765625 0.13616398243045388 0.0078125 0.013177159590043924
0 0.2578125 0.1259150805270864 0.0078125 0.01903367496339678
0 0.607421875 0.14494875549048317 0.005859375 0.01171303074670571
0 0.765625 0.5387994143484627 0.0048828125 0.010248901903367497
0 0.7822265625 0.5592972181551976 0.00390625 0.010248901903367497
0 0.810546875 0.6134699853587116 0.005859375 0.01171303074670571