0 0.3994140625 0.27596439169139464 0.0146484375 0.03560830860534125
0 0.384765625 0.29080118694362017 0.01171875 0.026706231454005934
0 0.322265625 0.3026706231454006 0.017578125 0.040059347181008904
0 0.451171875 0.3516320474777448 0.013671875 0.03412462908011869
0 0.478515625 0.3367952522255193 0.0146484375 0.037091988130563795
0 0.5361328125 0.2878338278931751 0.0166015625 0.03115727002967359
0 0.5625 0.2774480712166172 0.013671875 0.03412462908011869
0 0.515625 0.34124629080118696 0.01171875 0.03412462908011869
0 0.572265625 0.3620178041543027 0.0146484375 0.03560830860534125
0 0.5927734375 0.2507418397626113 0.017578125 0.02967359050445104
0 0.65234375 0.33086053412462907 0.013671875 0.037091988130563795
0 0.68359375 0.3397626112759644 0.0146484375 0.032640949554896145
0 0.7763671875 0.3768545994065282 0.0068359375 0.016320474777448073
0 0.8349609375 0.39317507418397624 0.0126953125 0.03560830860534125
0 0.8720703125 0.3916913946587537 0.0126953125 0.028189910979228485
0 0.46484375 0.5222551928783383 0.015625 0.040059347181008904
0 0.5732421875 0.5459940652818991 0.0205078125 0.05637982195845697
0 0.689453125 0.516320474777448 0.015625 0.04451038575667656
0 0.681640625 0.47774480712166173 0.0205078125 0.04451038575667656
0 0.796875 0.5252225519287834 0.017578125 0.05341246290801187
0 0.85546875 0.5222551928783383 0.0205078125 0.050445103857566766
0 0.951171875 0.5326409495548962 0.015625 0.05192878338278932
0 0.9833984375 0.6973293768545994 0.021484375 0.040059347181008904
0 0.0390625 0.3649851632047478 0.015625 0.040059347181008904
0 0.10546875 0.3590504451038576 0.017578125 0.03560830860534125
0 0.154296875 0.38427299703264095 0.0146484375 0.03412462908011869
0 0.2197265625 0.3189910979228487 0.0146484375 0.02967359050445104
0 0.2802734375 0.41543026706231456 0.0126953125 0.03857566765578635
0 0.1884765625 0.543026706231454 0.0234375 0.057863501483679525
0 0.26953125 0.5074183976261127 0.0234375 0.050445103857566766
0 0.3212890625 0.23590504451038577 0.01171875 0.026706231454005934
0 0.3369140625 0.2433234421364985 0.0126953125 0.026706231454005934