0 0.0146484375 0.4622395833333333 0.00390625 0.009114583333333334
0 0.1396484375 0.4544270833333333 0.0078125 0.018229166666666668
0 0.1533203125 0.4661458333333333 0.01171875 0.020833333333333332
0 0.1806640625 0.4934895833333333 0.0078125 0.026041666666666668
0 0.19140625 0.4518229166666667 0.0078125 0.014322916666666666
0 0.08203125 0.515625 0.0107421875 0.02734375
0 0.0625 0.4791666666666667 0.01171875 0.01953125
0 0.1025390625 0.5755208333333334 0.0322265625 0.048177083333333336
0 0.1298828125 0.6184895833333334 0.025390625 0.049479166666666664
0 0.30859375 0.4166666666666667 0.0078125 0.013020833333333334
0 0.251953125 0.5260416666666666 0.0185546875 0.033854166666666664
0 0.318359375 0.5755208333333334 0.01953125 0.03125
0 0.34375 0.4856770833333333 0.0126953125 0.03125
0 0.3408203125 0.43359375 0.0078125 0.013020833333333334
0 0.478515625 0.4427083333333333 0.0107421875 0.01171875
0 0.53125 0.4752604166666667 0.009765625 0.022135416666666668
0 0.60546875 0.4713541666666667 0.0146484375 0.0234375
0 0.6220703125 0.45703125 0.0087890625 0.026041666666666668
0 0.61328125 0.4231770833333333 0.0087890625 0.013020833333333334
0 0.5009765625 0.5690104166666666 0.0244140625 0.03515625
0 0.5263671875 0.7330729166666666 0.0322265625 0.020833333333333332
0 0.6572265625 0.4075520833333333 0.0068359375 0.01171875
0 0.720703125 0.44140625 0.0126953125 0.0234375
0 0.8349609375 0.46484375 0.0107421875 0.024739583333333332
0 0.849609375 0.4153645833333333 0.005859375 0.009114583333333334