0 0.74609375 0.21158854166666666 0.013671875 0.012369791666666666
0 0.8681640625 0.14713541666666666 0.009765625 0.008463541666666666
0 0.7431640625 0.177734375 0.0107421875 0.0078125
0 0.8173828125 0.18424479166666666 0.009765625 0.008463541666666666
0 0.8720703125 0.17643229166666666 0.0087890625 0.008463541666666666
0 0.576171875 0.20182291666666666 0.013671875 0.01171875
0 0.6201171875 0.20182291666666666 0.0107421875 0.009765625
0 0.7021484375 0.21744791666666666 0.01171875 0.012369791666666666
0 0.7646484375 0.220703125 0.0107421875 0.012369791666666666
0 0.8291015625 0.2578125 0.01953125 0.01953125
0 0.8408203125 0.2903645833333333 0.0205078125 0.020833333333333332
0 0.568359375 0.23567708333333334 0.01953125 0.016927083333333332
0 0.74609375 0.3001302083333333 0.021484375 0.018880208333333332
0 0.3681640625 0.2701822916666667 0.01953125 0.018229166666666668
0 0.5615234375 0.34375 0.041015625 0.029296875
0 0.228515625 0.3072916666666667 0.0791015625 0.060546875
0 0.88671875 0.22265625 0.01171875 0.013671875