0 0.1328125 0.2720125786163522 0.025390625 0.06761006289308176
0 0.60546875 0.800314465408805 0.0439453125 0.05188679245283019
0 0.5693359375 0.5801886792452831 0.0341796875 0.04874213836477988
0 0.541015625 0.4889937106918239 0.037109375 0.07389937106918239
0 0.57421875 0.27358490566037735 0.0390625 0.06918238993710692
0 0.7958984375 0.2688679245283019 0.033203125 0.07232704402515723
0 0.6142578125 0.5188679245283019 0.02734375 0.04874213836477988
0 0.4794921875 0.7012578616352201 0.015625 0.020440251572327043
0 0.5146484375 0.6163522012578616 0.01171875 0.018867924528301886
0 0.5361328125 0.7311320754716981 0.0341796875 0.04716981132075472
0 0.484375 0.8144654088050315 0.0166015625 0.0220125786163522
0 0.5146484375 0.7955974842767296 0.013671875 0.0220125786163522