0 0.7421875 0.4609375 0.048828125 0.0703125
0 0.6025390625 0.3958333333333333 0.04296875 0.06510416666666667
0 0.5244140625 0.4205729166666667 0.0302734375 0.045572916666666664
0 0.3798828125 0.3919270833333333 0.0205078125 0.029947916666666668
0 0.43359375 0.36328125 0.0205078125 0.036458333333333336
0 0.28125 0.3619791666666667 0.017578125 0.028645833333333332
0 0.341796875 0.3802083333333333 0.009765625 0.01953125
0 0.0986328125 0.3255208333333333 0.01953125 0.03125
0 0.2353515625 0.3619791666666667 0.0166015625 0.0234375
0 0.150390625 0.3359375 0.0087890625 0.01171875
0 0.16015625 0.3424479166666667 0.005859375 0.01171875
0 0.2265625 0.359375 0.01171875 0.020833333333333332
0 0.25 0.3606770833333333 0.01171875 0.022135416666666668
0 0.357421875 0.3815104166666667 0.0126953125 0.0234375
0 0.9794921875 0.2864583333333333 0.0361328125 0.10026041666666667