0 0.41796875 0.28851963746223563 0.013671875 0.028700906344410877
0 0.4248046875 0.31419939577039274 0.01171875 0.02416918429003021
0 0.4443359375 0.28700906344410876 0.0126953125 0.03172205438066465
0 0.45703125 0.29607250755287007 0.01171875 0.03172205438066465
0 0.4677734375 0.2945619335347432 0.013671875 0.03172205438066465
0 0.48828125 0.2945619335347432 0.013671875 0.03323262839879154
0 0.5068359375 0.297583081570997 0.0146484375 0.03474320241691843
0 0.5302734375 0.2794561933534743 0.017578125 0.03625377643504532
0 0.546875 0.29154078549848944 0.0146484375 0.03625377643504532
0 0.5595703125 0.29003021148036257 0.015625 0.03625377643504532
0 0.580078125 0.3021148036253776 0.0185546875 0.04229607250755287
0 0.595703125 0.28700906344410876 0.0166015625 0.04229607250755287
0 0.61328125 0.32326283987915405 0.013671875 0.03323262839879154
0 0.638671875 0.30513595166163143 0.0185546875 0.0377643504531722
0 0.6728515625 0.29003021148036257 0.0185546875 0.04229607250755287
0 0.6904296875 0.3217522658610272 0.0166015625 0.03625377643504532
0 0.7158203125 0.3187311178247734 0.0224609375 0.04380664652567976
0 0.75 0.3021148036253776 0.0185546875 0.04229607250755287
0 0.7724609375 0.29003021148036257 0.0244140625 0.04833836858006042
0 0.79296875 0.32628398791540786 0.021484375 0.045317220543806644
0 0.8173828125 0.3021148036253776 0.0234375 0.0513595166163142
0 0.8544921875 0.2945619335347432 0.0234375 0.052870090634441085
0 0.896484375 0.30513595166163143 0.0205078125 0.054380664652567974
0 0.919921875 0.33081570996978854 0.0166015625 0.04833836858006042
0 0.939453125 0.324773413897281 0.0283203125 0.052870090634441085
0 0.97265625 0.311178247734139 0.0224609375 0.054380664652567974
0 0.9931640625 0.3293051359516616 0.013671875 0.055891238670694864
0 0.1025390625 0.27492447129909364 0.0361328125 0.0891238670694864
0 0.1240234375 0.30060422960725075 0.0361328125 0.08006042296072508
0 0.1416015625 0.3338368580060423 0.041015625 0.08006042296072508
0 0.3828125 0.2990936555891239 0.041015625 0.08308157099697885