0 0.0302734375 0.39669421487603307 0.033203125 0.05509641873278237
0 0.244140625 0.3415977961432507 0.029296875 0.04269972451790634
0 0.2138671875 0.4380165289256198 0.0322265625 0.03994490358126722
0 0.501953125 0.24104683195592286 0.025390625 0.0371900826446281
0 0.7197265625 0.41460055096418735 0.0263671875 0.049586776859504134
0 0.64453125 0.40082644628099173 0.02734375 0.05096418732782369
0 0.671875 0.3650137741046832 0.025390625 0.05371900826446281
0 0.9599609375 0.3581267217630854 0.029296875 0.05234159779614325
0 0.3681640625 0.2878787878787879 0.0146484375 0.02203856749311295
0 0.435546875 0.256198347107438 0.0146484375 0.024793388429752067
0 0.525390625 0.47796143250688705 0.0263671875 0.05234159779614325
0 0.24609375 0.5895316804407713 0.056640625 0.05647382920110193
0 0.423828125 0.6611570247933884 0.037109375 0.03581267217630854
0 0.6904296875 0.41460055096418735 0.0302734375 0.03581267217630854