0 0.2060546875 0.2981878088962109 0.03125 0.07413509060955518
0 0.263671875 0.19934102141680396 0.0224609375 0.05271828665568369
0 0.3564453125 0.28665568369028005 0.03125 0.0757825370675453
0 0.39453125 0.27347611202635913 0.0322265625 0.060955518945634266
0 0.5107421875 0.3245469522240527 0.0390625 0.04942339373970346
0 0.5576171875 0.2372322899505766 0.0302734375 0.05930807248764415
0 0.60546875 0.3130148270181219 0.0380859375 0.06260296540362438
0 0.548828125 0.3344316309719934 0.029296875 0.07084019769357495
0 0.666015625 0.24052718286655683 0.0439453125 0.06919275123558484
0 0.8193359375 0.26359143327841844 0.033203125 0.07084019769357495
0 0.8935546875 0.26194398682042835 0.0263671875 0.06919275123558484
0 0.921875 0.2586490939044481 0.0302734375 0.07248764415156507