0 0.49609375 0.3313782991202346 0.0263671875 0.045454545454545456
0 0.8212890625 0.5219941348973607 0.0078125 0.01466275659824047
0 0.919921875 0.5219941348973607 0.005859375 0.011730205278592375
0 0.939453125 0.5205278592375366 0.005859375 0.011730205278592375
0 0.9658203125 0.5513196480938416 0.0048828125 0.011730205278592375
0 0.9912109375 0.5571847507331378 0.0068359375 0.013196480938416423
0 0.0419921875 0.5630498533724341 0.0087890625 0.02346041055718475
0 0.064453125 0.5630498533724341 0.009765625 0.01906158357771261
0 0.8974609375 0.5689149560117303 0.005859375 0.01466275659824047
0 0.9150390625 0.5762463343108505 0.0048828125 0.010263929618768328
0 0.859375 0.5161290322580645 0.0068359375 0.010263929618768328
0 0.8740234375 0.5645161290322581 0.005859375 0.010263929618768328
0 0.8779296875 0.5601173020527859 0.005859375 0.011730205278592375
0 0.984375 0.5131964809384164 0.005859375 0.010263929618768328
0 0.9853515625 0.5425219941348973 0.00390625 0.010263929618768328
0 0.9052734375 0.5190615835777126 0.0048828125 0.008797653958944282