0 0.2509765625 0.3862158647594278 0.0234375 0.027308192457737322
0 0.2958984375 0.4135240572171652 0.0166015625 0.031209362808842653
0 0.32421875 0.40182054616384916 0.01171875 0.031209362808842653
0 0.35546875 0.38881664499349805 0.0205078125 0.031209362808842653
0 0.4189453125 0.4174252275682705 0.0166015625 0.02990897269180754
0 0.4599609375 0.4096228868660598 0.0146484375 0.02600780234070221
0 0.517578125 0.4265279583875163 0.021484375 0.02860858257477243
0 0.5849609375 0.4057217165149545 0.015625 0.031209362808842653
0 0.611328125 0.4187256176853056 0.017578125 0.02600780234070221
0 0.6748046875 0.41092327698309494 0.0126953125 0.02860858257477243
0 0.6875 0.40312093628088425 0.0224609375 0.032509752925877766
0 0.759765625 0.4538361508452536 0.0087890625 0.011703511053315995
0 0.0126953125 0.4057217165149545 0.0107421875 0.02080624187256177
0 0.7275390625 0.45253576072821844 0.0087890625 0.01950585175552666
0 0.8095703125 0.459037711313394 0.009765625 0.014304291287386216