0 0.1611328125 0.21484375 0.033203125 0.0703125
0 0.15625 0.4309895833333333 0.06640625 0.1328125
0 0.345703125 0.2890625 0.09765625 0.19791666666666666
0 0.451171875 0.2565104166666667 0.033203125 0.057291666666666664
0 0.5673828125 0.2760416666666667 0.0302734375 0.05078125
0 0.60546875 0.36328125 0.0673828125 0.125
0 0.69921875 0.2890625 0.091796875 0.19661458333333334
0 0.7294921875 0.3645833333333333 0.0361328125 0.09895833333333333
0 0.8212890625 0.2942708333333333 0.0361328125 0.0625
0 0.9638671875 0.3697916666666667 0.0712890625 0.17578125
0 0.73828125 0.3385416666666667 0.046875 0.1015625
0 0.294921875 0.40625 0.0498046875 0.08463541666666667
0 0.05078125 0.3385416666666667 0.021484375 0.0390625