0 0.2197265625 0.5672514619883041 0.0283203125 0.06140350877192982
0 0.123046875 0.6973684210526315 0.0087890625 0.021929824561403508
0 0.412109375 0.6257309941520468 0.0087890625 0.014619883040935672
0 0.45703125 0.6330409356725146 0.0068359375 0.01608187134502924
0 0.49609375 0.6154970760233918 0.0078125 0.019005847953216373
0 0.50390625 0.6827485380116959 0.0078125 0.01608187134502924
0 0.533203125 0.6885964912280702 0.009765625 0.019005847953216373
0 0.4482421875 0.695906432748538 0.0078125 0.017543859649122806
0 0.5859375 0.6067251461988304 0.0185546875 0.039473684210526314
0 0.65625 0.631578947368421 0.015625 0.03070175438596491
0 0.6982421875 0.6535087719298246 0.015625 0.03070175438596491
0 0.7265625 0.6067251461988304 0.01953125 0.038011695906432746
0 0.775390625 0.6213450292397661 0.0166015625 0.03508771929824561
0 0.814453125 0.6271929824561403 0.0166015625 0.027777777777777776
0 0.884765625 0.7032163742690059 0.0126953125 0.024853801169590642
0 0.9541015625 0.7441520467836257 0.009765625 0.019005847953216373
0 0.0771484375 0.6944444444444444 0.01171875 0.02046783625730994
0 0.021484375 0.6739766081871345 0.0048828125 0.008771929824561403
0 0.482421875 0.6096491228070176 0.0068359375 0.011695906432748537
0 0.4521484375 0.6798245614035088 0.005859375 0.011695906432748537
0 0.4580078125 0.6710526315789473 0.0068359375 0.013157894736842105
0 0.9228515625 0.7266081871345029 0.0087890625 0.02046783625730994
0 0.8994140625 0.716374269005848 0.0068359375 0.014619883040935672
0 0.9091796875 0.7134502923976608 0.005859375 0.013157894736842105