0 0.0205078125 0.20535714285714285 0.0390625 0.08290816326530612
0 0.068359375 0.1836734693877551 0.044921875 0.07525510204081633
0 0.1455078125 0.16198979591836735 0.0458984375 0.07142857142857142
0 0.1982421875 0.16964285714285715 0.037109375 0.0663265306122449
0 0.23828125 0.17346938775510204 0.041015625 0.05612244897959184
0 0.3037109375 0.10204081632653061 0.04296875 0.0625
0 0.3671875 0.1377551020408163 0.0419921875 0.07142857142857142
0 0.43359375 0.21301020408163265 0.0439453125 0.06760204081632654
0 0.490234375 0.14795918367346939 0.0400390625 0.0663265306122449
0 0.521484375 0.17857142857142858 0.0361328125 0.0625
0 0.6025390625 0.2602040816326531 0.0458984375 0.06505102040816327
0 0.0693359375 0.4770408163265306 0.048828125 0.07270408163265306
0 0.1953125 0.5165816326530612 0.0419921875 0.06377551020408163
0 0.294921875 0.4272959183673469 0.04296875 0.07015306122448979
0 0.275390625 0.5471938775510204 0.0478515625 0.07908163265306123
0 0.3916015625 0.5663265306122449 0.0517578125 0.08163265306122448
0 0.4140625 0.4387755102040816 0.0498046875 0.07908163265306123
0 0.6474609375 0.43494897959183676 0.0498046875 0.06505102040816327
0 0.5341796875 0.49744897959183676 0.0517578125 0.09821428571428571