0 0.064453125 0.370253164556962 0.05859375 0.05458860759493671
0 0.10546875 0.4129746835443038 0.02734375 0.027689873417721517
0 0.1865234375 0.40585443037974683 0.0498046875 0.05617088607594937
0 0.25 0.3987341772151899 0.0283203125 0.028481012658227847
0 0.2802734375 0.4074367088607595 0.029296875 0.030063291139240507
0 0.3076171875 0.40585443037974683 0.0341796875 0.03639240506329114
0 0.421875 0.3916139240506329 0.0361328125 0.037183544303797465
0 0.5068359375 0.41139240506329117 0.046875 0.04509493670886076
0 0.4375 0.46914556962025317 0.0419921875 0.041930379746835444
0 0.5830078125 0.45806962025316456 0.0537109375 0.05221518987341772
0 0.671875 0.4525316455696203 0.0517578125 0.0490506329113924
0 0.70703125 0.41218354430379744 0.06640625 0.05458860759493671
0 0.498046875 0.569620253164557 0.0458984375 0.04509493670886076
0 0.59765625 0.6123417721518988 0.0517578125 0.037183544303797465
0 0.6962890625 0.6020569620253164 0.0556640625 0.04667721518987342
0 0.3125 0.5221518987341772 0.060546875 0.03560126582278481
0 0.400390625 0.5862341772151899 0.0517578125 0.05221518987341772
0 0.318359375 0.632120253164557 0.0615234375 0.06091772151898734