0 0.228515625 0.5080500894454383 0.0087890625 0.03041144901610018
0 0.3203125 0.4669051878354204 0.0087890625 0.026833631484794274
0 0.353515625 0.47227191413237923 0.009765625 0.028622540250447227
0 0.3935546875 0.3810375670840787 0.009765625 0.023255813953488372
0 0.4912109375 0.5867620751341681 0.01171875 0.026833631484794274
0 0.544921875 0.6601073345259392 0.013671875 0.03756708407871199
0 0.5673828125 0.740608228980322 0.015625 0.03577817531305903
0 0.4755859375 0.5617173524150268 0.0107421875 0.03041144901610018
0 0.513671875 0.5348837209302325 0.0126953125 0.023255813953488372
0 0.5361328125 0.5134168157423972 0.009765625 0.026833631484794274
0 0.6328125 0.5259391771019678 0.0107421875 0.02146690518783542
0 0.6796875 0.7370304114490162 0.017578125 0.046511627906976744
0 0.78125 0.774597495527728 0.0166015625 0.03756708407871199
0 0.9287109375 0.5813953488372093 0.0146484375 0.03220035778175313
0 0.8994140625 0.3005366726296959 0.009765625 0.02146690518783542
0 0.8115234375 0.35241502683363146 0.0087890625 0.02146690518783542
0 0.962890625 0.32021466905187834 0.0078125 0.023255813953488372
0 0.8583984375 0.7459749552772809 0.0166015625 0.04114490161001789
0 0.7685546875 0.47942754919499103 0.0126953125 0.03220035778175313
0 0.7587890625 0.23792486583184258 0.0087890625 0.017889087656529516
0 0.8515625 0.3488372093023256 0.0087890625 0.023255813953488372
0 0.7294921875 0.3810375670840787 0.0107421875 0.01967799642218247
0 0.697265625 0.37924865831842575 0.009765625 0.023255813953488372
0 0.74609375 0.38461538461538464 0.0068359375 0.01967799642218247
0 0.6904296875 0.41681574239713776 0.009765625 0.01967799642218247
0 0.7021484375 0.2844364937388193 0.0087890625 0.02146690518783542
0 0.603515625 0.5098389982110912 0.0078125 0.028622540250447227
0 0.6201171875 0.5008944543828264 0.0078125 0.023255813953488372
0 0.630859375 0.481216457960644 0.0087890625 0.023255813953488372
0 0.6962890625 0.5617173524150268 0.01171875 0.026833631484794274
0 0.724609375 0.5652951699463328 0.0087890625 0.025044722719141325