0 0.09765625 0.43359375 0.01171875 0.05859375
0 0.28125 0.466796875 0.0146484375 0.037109375
0 0.3291015625 0.44921875 0.0166015625 0.04296875
0 0.3837890625 0.44921875 0.017578125 0.041015625
0 0.4287109375 0.431640625 0.01953125 0.048828125
0 0.5029296875 0.4375 0.0166015625 0.044921875
0 0.546875 0.4296875 0.01953125 0.052734375
0 0.6064453125 0.439453125 0.0205078125 0.044921875
0 0.6611328125 0.443359375 0.0166015625 0.0390625
0 0.6845703125 0.404296875 0.0224609375 0.05078125
0 0.76171875 0.4140625 0.0166015625 0.041015625
0 0.8046875 0.396484375 0.025390625 0.0625
0 0.8486328125 0.392578125 0.021484375 0.05078125
0 0.88671875 0.419921875 0.021484375 0.044921875