0 0.0595703125 0.26929982046678635 0.0380859375 0.09694793536804308
0 0.12109375 0.22621184919210055 0.0458984375 0.10412926391382406
0 0.166015625 0.17594254937163376 0.056640625 0.11131059245960502
0 0.2744140625 0.27827648114901254 0.0458984375 0.10053859964093358
0 0.3369140625 0.3249551166965889 0.0419921875 0.0807899461400359
0 0.3876953125 0.2244165170556553 0.0498046875 0.1059245960502693
0 0.572265625 0.1490125673249551 0.0537109375 0.12746858168761221
0 0.72265625 0.3213644524236984 0.0419921875 0.10053859964093358
0 0.677734375 0.35727109515260325 0.033203125 0.08976660682226212
0 0.8095703125 0.26750448833034113 0.0478515625 0.10951526032315978
0 0.9599609375 0.2980251346499102 0.0419921875 0.09515260323159784