0 0.1435546875 0.4143484626647145 0.0087890625 0.014641288433382138
0 0.0859375 0.40995607613469986 0.0078125 0.017569546120058566
0 0.1044921875 0.4465592972181552 0.0107421875 0.020497803806734993
0 0.1201171875 0.45534407027818447 0.0107421875 0.016105417276720352
0 0.056640625 0.46412884333821375 0.009765625 0.020497803806734993
0 0.1630859375 0.4699853587115666 0.0126953125 0.021961932650073207
0 0.0615234375 0.5007320644216691 0.0146484375 0.03074670571010249
0 0.1259765625 0.49487554904831627 0.0107421875 0.02342606149341142
0 0.103515625 0.7232796486090776 0.0400390625 0.06881405563689605
0 0.30078125 0.5446559297218155 0.0185546875 0.032210834553440704
0 0.30078125 0.49633967789165445 0.0107421875 0.027818448023426062
0 0.3310546875 0.486090775988287 0.01171875 0.029282576866764276
0 0.3837890625 0.5358711566617862 0.0146484375 0.029282576866764276
0 0.19921875 0.4816983894582723 0.009765625 0.020497803806734993
0 0.0458984375 0.4538799414348463 0.013671875 0.02342606149341142
0 0.369140625 0.4978038067349927 0.0107421875 0.027818448023426062
0 0.4853515625 0.493411420204978 0.0205078125 0.040995607613469986
0 0.5263671875 0.5519765739385066 0.0166015625 0.036603221083455345
0 0.541015625 0.4992679355783309 0.0087890625 0.02342606149341142
0 0.5556640625 0.5314787701317716 0.0146484375 0.029282576866764276
0 0.51953125 0.5095168374816984 0.0146484375 0.021961932650073207
0 0.634765625 0.48316251830161056 0.0224609375 0.055636896046852125
0 0.7314453125 0.4743777452415813 0.0185546875 0.04978038067349927
0 0.7607421875 0.5241581259150805 0.0146484375 0.02635431918008785
0 0.919921875 0.5841874084919473 0.01171875 0.027818448023426062
0 0.0107421875 0.43923865300146414 0.013671875 0.021961932650073207
0 0.072265625 0.46266471449487556 0.0087890625 0.017569546120058566
0 0.28515625 0.4699853587115666 0.009765625 0.02342606149341142
0 0.263671875 0.48316251830161056 0.0107421875 0.024890190336749635