0 0.310546875 0.36597938144329895 0.0048828125 0.01804123711340206
0 0.2783203125 0.5 0.0107421875 0.028350515463917526
0 0.359375 0.38917525773195877 0.0068359375 0.023195876288659795
0 0.599609375 0.6056701030927835 0.0146484375 0.05154639175257732
0 0.7197265625 0.48711340206185566 0.005859375 0.020618556701030927
0 0.73828125 0.5876288659793815 0.013671875 0.04381443298969072
0 0.4599609375 0.6237113402061856 0.015625 0.041237113402061855
0 0.482421875 0.38402061855670105 0.0068359375 0.023195876288659795
0 0.310546875 0.5695876288659794 0.0107421875 0.03608247422680412
0 0.337890625 0.538659793814433 0.0087890625 0.030927835051546393
0 0.509765625 0.5670103092783505 0.009765625 0.04381443298969072
0 0.4716796875 0.5257731958762887 0.0087890625 0.04381443298969072
0 0.4345703125 0.5257731958762887 0.01171875 0.03608247422680412
0 0.0625 0.6082474226804123 0.0185546875 0.04639175257731959
0 0.12890625 0.6417525773195877 0.017578125 0.04896907216494845
0 0.150390625 0.6082474226804123 0.0146484375 0.03865979381443299
0 0.234375 0.6108247422680413 0.0166015625 0.04896907216494845
0 0.2490234375 0.5438144329896907 0.0146484375 0.05154639175257732
0 0.265625 0.36082474226804123 0.0078125 0.04381443298969072
0 0.552734375 0.3479381443298969 0.017578125 0.059278350515463915
0 0.6240234375 0.3788659793814433 0.01171875 0.041237113402061855
0 0.4140625 0.6108247422680413 0.0146484375 0.041237113402061855
0 0.283203125 0.5618556701030928 0.0126953125 0.04639175257731959
0 0.6875 0.5515463917525774 0.01171875 0.03608247422680412
0 0.8291015625 0.5154639175257731 0.013671875 0.041237113402061855
0 0.75390625 0.4896907216494845 0.0126953125 0.03608247422680412
0 0.9306640625 0.5618556701030928 0.013671875 0.03608247422680412
0 0.8740234375 0.5618556701030928 0.0126953125 0.03350515463917526
0 0.1142578125 0.39948453608247425 0.0078125 0.028350515463917526
0 0.1982421875 0.38917525773195877 0.005859375 0.02577319587628866
0 0.21875 0.39690721649484534 0.0048828125 0.015463917525773196