0 0.0234375 0.16691068814055637 0.0146484375 0.027818448023426062
0 0.2529296875 0.1259150805270864 0.0185546875 0.03074670571010249
0 0.2421875 0.17862371888726208 0.013671875 0.024890190336749635
0 0.34765625 0.13323572474377746 0.0166015625 0.03074670571010249
0 0.396484375 0.09224011713030747 0.017578125 0.03806734992679356
0 0.5322265625 0.13616398243045388 0.015625 0.03074670571010249
0 0.3056640625 0.2986822840409956 0.025390625 0.04538799414348463
0 0.3349609375 0.3118594436310395 0.0302734375 0.04538799414348463
0 0.4072265625 0.32503660322108346 0.0341796875 0.055636896046852125
0 0.4677734375 0.3206442166910688 0.0302734375 0.05124450951683748
0 0.5400390625 0.3162518301610542 0.029296875 0.0527086383601757
0 0.6064453125 0.3103953147877013 0.0263671875 0.0527086383601757
0 0.70703125 0.16691068814055637 0.0166015625 0.03513909224011713
0 0.8056640625 0.30307467057101023 0.015625 0.027818448023426062
0 0.845703125 0.2781844802342606 0.013671875 0.03513909224011713
0 0.8662109375 0.17715959004392387 0.0244140625 0.036603221083455345
0 0.9736328125 0.27379209370424595 0.017578125 0.036603221083455345
0 0.6318359375 0.18887262079062958 0.0146484375 0.027818448023426062