0 0.486328125 0.5241581259150805 0.0478515625 0.13616398243045388
0 0.6396484375 0.4216691068814056 0.0205078125 0.0424597364568082
0 0.662109375 0.3484626647144949 0.0087890625 0.01903367496339678
0 0.6240234375 0.34699853587115664 0.013671875 0.02342606149341142
0 0.5556640625 0.35431918008784774 0.013671875 0.02342606149341142
0 0.5458984375 0.35724743777452417 0.0068359375 0.016105417276720352
0 0.513671875 0.3411420204978038 0.0126953125 0.027818448023426062
0 0.4912109375 0.34699853587115664 0.0234375 0.03953147877013177
0 0.431640625 0.3557833089311859 0.015625 0.03074670571010249
0 0.3671875 0.3528550512445095 0.0361328125 0.06881405563689605
0 0.3818359375 0.32503660322108346 0.01953125 0.036603221083455345
0 0.3974609375 0.3484626647144949 0.0126953125 0.024890190336749635
0 0.3115234375 0.3367496339677892 0.015625 0.032210834553440704
0 0.28515625 0.3396778916544656 0.0283203125 0.04538799414348463
0 0.2392578125 0.34260614934114203 0.021484375 0.036603221083455345
0 0.1982421875 0.34553440702781846 0.0263671875 0.03953147877013177
0 0.126953125 0.34553440702781846 0.0634765625 0.11273792093704246
0 0.029296875 0.33528550512445093 0.056640625 0.07759882869692533