0 0.9560546875 0.24597364568081992 0.056640625 0.053440702781844804
0 0.826171875 0.2562225475841874 0.068359375 0.04758418740849195
0 0.6142578125 0.5234260614934114 0.1435546875 0.1054172767203514
0 0.421875 0.48243045387994143 0.099609375 0.10395314787701318
0 0.3095703125 0.42093704245973645 0.0986328125 0.05710102489019034
0 0.181640625 0.39970717423133234 0.06640625 0.053440702781844804
0 0.34765625 0.2862371888726208 0.041015625 0.0314787701317716
0 0.482421875 0.29428989751098095 0.046875 0.03806734992679356
0 0.09765625 0.2884333821376281 0.05078125 0.05197657393850659
0 0.1396484375 0.2445095168374817 0.02734375 0.02562225475841874
0 0.1728515625 0.2144948755490483 0.021484375 0.016105417276720352
0 0.7607421875 0.2613469985358712 0.0224609375 0.019765739385065886
0 0.875 0.2554904831625183 0.025390625 0.024890190336749635
0 0.5869140625 0.25036603221083453 0.015625 0.019765739385065886
0 0.755859375 0.19838945827232796 0.0107421875 0.010980966325036604
0 0.685546875 0.15885797950219618 0.0087890625 0.007320644216691069
0 0.728515625 0.14568081991215226 0.01171875 0.008784773060029283
0 0.6982421875 0.14275256222547583 0.0107421875 0.008784773060029283
0 0.6298828125 0.15739385065885797 0.009765625 0.006588579795021962
0 0.603515625 0.2005856515373353 0.013671875 0.01171303074670571
0 0.552734375 0.25768667642752563 0.0126953125 0.012445095168374817
0 0.5244140625 0.23206442166910687 0.015625 0.015373352855051245
0 0.337890625 0.22840409956076135 0.017578125 0.017569546120058566
0 0.4140625 0.19619326500732065 0.0087890625 0.00951683748169839
0 0.41796875 0.1720351390922401 0.0107421875 0.010248901903367497
0 0.3935546875 0.1720351390922401 0.0078125 0.008052708638360176
0 0.462890625 0.17862371888726208 0.0107421875 0.010248901903367497
0 0.46484375 0.24963396778916544 0.0146484375 0.01171303074670571
0 0.5009765625 0.24890190336749635 0.0126953125 0.010980966325036604
0 0.494140625 0.23133235724743778 0.01171875 0.010980966325036604
0 0.447265625 0.23133235724743778 0.009765625 0.010980966325036604
0 0.439453125 0.22913616398243045 0.0087890625 0.01171303074670571
0 0.4052734375 0.22693997071742314 0.0107421875 0.010980966325036604
0 0.4560546875 0.19912152269399708 0.01171875 0.01171303074670571
0 0.38671875 0.19692532942898974 0.009765625 0.010980966325036604
0 0.3525390625 0.19985358711566617 0.009765625 0.010248901903367497
0 0.466796875 0.2240117130307467 0.009765625 0.007320644216691069
0 0.4794921875 0.14568081991215226 0.009765625 0.00951683748169839
0 0.2109375 0.1486090775988287 0.0107421875 0.010248901903367497
0 0.21875 0.1273792093704246 0.0126953125 0.008784773060029283
0 0.3125 0.11859443631039532 0.0107421875 0.00951683748169839
0 0.35546875 0.11420204978038068 0.009765625 0.008784773060029283
0 0.2529296875 0.10175695461200586 0.0087890625 0.005856515373352855
0 0.279296875 0.09809663250366032 0.01171875 0.008052708638360176
0 0.240234375 0.09224011713030747 0.0107421875 0.00951683748169839
0 0.15625 0.09224011713030747 0.01171875 0.008052708638360176
0 0.1953125 0.18667642752562225 0.013671875 0.01171303074670571
0 0.17578125 0.1493411420204978 0.0107421875 0.008052708638360176
0 0.578125 0.23865300146412885 0.009765625 0.010980966325036604
0 0.5615234375 0.22986822840409957 0.0087890625 0.008052708638360176
0 0.4921875 0.18521229868228403 0.0087890625 0.008784773060029283
0 0.5712890625 0.19838945827232796 0.0078125 0.008052708638360176
0 0.5048828125 0.14714494875549047 0.0068359375 0.005856515373352855
0 0.5146484375 0.13177159590043924 0.0078125 0.007320644216691069
0 0.470703125 0.16471449487554904 0.005859375 0.005856515373352855
0 0.5107421875 0.16691068814055637 0.005859375 0.006588579795021962
0 0.5380859375 0.16691068814055637 0.0048828125 0.006588579795021962
0 0.60546875 0.14055636896046853 0.0078125 0.006588579795021962
0 0.626953125 0.14055636896046853 0.0087890625 0.007320644216691069
0 0.666015625 0.14348462664714495 0.0087890625 0.007320644216691069
0 0.716796875 0.16910688140556368 0.01171875 0.006588579795021962
0 0.791015625 0.19765739385065886 0.0107421875 0.008052708638360176
0 0.7021484375 0.21595900439238652 0.0087890625 0.007320644216691069
0 0.6201171875 0.22767203513909223 0.0087890625 0.006588579795021962
0 0.412109375 0.14568081991215226 0.009765625 0.007320644216691069
0 0.3359375 0.17496339677891654 0.0107421875 0.008784773060029283
0 0.361328125 0.15519765739385066 0.0078125 0.008052708638360176
0 0.3984375 0.13030746705710103 0.0078125 0.008052708638360176
0 0.3994140625 0.14128843338213762 0.0078125 0.006588579795021962
0 0.4072265625 0.12518301610541727 0.0048828125 0.005856515373352855
0 0.3857421875 0.1061493411420205 0.0087890625 0.00951683748169839
0 0.3525390625 0.10395314787701318 0.0087890625 0.005856515373352855
0 0.328125 0.10175695461200586 0.0087890625 0.006588579795021962
0 0.396484375 0.09443631039531479 0.0078125 0.007320644216691069
0 0.4287109375 0.1061493411420205 0.0087890625 0.008052708638360176
0 0.3671875 0.1390922401171303 0.0078125 0.008784773060029283
0 0.3154296875 0.25768667642752563 0.029296875 0.021961932650073207
0 0.4228515625 0.2569546120058565 0.021484375 0.01903367496339678
0 0.400390625 0.24743777452415813 0.01953125 0.022693997071742314
0 0.986328125 0.38653001464128844 0.0263671875 0.07174231332357248
0 0.646484375 0.3257686676427526 0.0390625 0.03806734992679356
0 0.6875 0.28257686676427524 0.0166015625 0.015373352855051245
0 0.685546875 0.24597364568081992 0.0107421875 0.013177159590043924
0 0.619140625 0.2452415812591508 0.015625 0.012445095168374817
0 0.7177734375 0.19472913616398244 0.0107421875 0.008052708638360176
0 0.6865234375 0.19326500732064422 0.0087890625 0.00951683748169839
0 0.63671875 0.22693997071742314 0.01171875 0.00951683748169839
0 0.884765625 0.2232796486090776 0.0107421875 0.010248901903367497
0 0.349609375 0.12518301610541727 0.0087890625 0.007320644216691069
0 0.4794921875 0.11346998535871157 0.005859375 0.006588579795021962
0 0.4716796875 0.12884333821376281 0.0087890625 0.007320644216691069
0 0.443359375 0.13396778916544655 0.0068359375 0.005856515373352855
0 0.3330078125 0.15739385065885797 0.0107421875 0.010248901903367497
0 0.27734375 0.13543191800878476 0.009765625 0.00951683748169839
0 0.2841796875 0.11566617862371889 0.0078125 0.008052708638360176
0 0.2412109375 0.12079062957540264 0.009765625 0.007320644216691069
0 0.25390625 0.11932650073206442 0.009765625 0.007320644216691069
0 0.30078125 0.1910688140556369 0.0126953125 0.01171303074670571
0 0.3134765625 0.2240117130307467 0.0126953125 0.010248901903367497
0 0.3955078125 0.2232796486090776 0.009765625 0.013177159590043924
0 0.4130859375 0.20644216691068815 0.009765625 0.008052708638360176
0 0.396484375 0.10468521229868229 0.005859375 0.007320644216691069
0 0.41796875 0.13250366032210834 0.0087890625 0.010248901903367497
0 0.443359375 0.1581259150805271 0.0107421875 0.008784773060029283
0 0.439453125 0.18814055636896046 0.0087890625 0.00951683748169839
0 0.4912109375 0.16471449487554904 0.0078125 0.008052708638360176
0 0.27734375 0.16764275256222547 0.0361328125 0.03294289897510981
0 0.208984375 0.11786237188872621 0.0068359375 0.00951683748169839
0 0.24609375 0.14128843338213762 0.013671875 0.010980966325036604
0 0.1884765625 0.13103953147877012 0.01171875 0.008784773060029283
0 0.1875 0.11566617862371889 0.0107421875 0.008052708638360176
0 0.2548828125 0.08272327964860908 0.0078125 0.008784773060029283
0 0.30859375 0.0841874084919473 0.0078125 0.008784773060029283
0 0.330078125 0.08711566617862372 0.01171875 0.008784773060029283
0 0.3505859375 0.07686676427525622 0.01171875 0.007320644216691069
0 0.3720703125 0.09443631039531479 0.0078125 0.008784773060029283
0 0.4189453125 0.095900439238653 0.0087890625 0.008784773060029283
0 0.201171875 0.07833089311859444 0.009765625 0.007320644216691069
0 0.1767578125 0.08052708638360176 0.01171875 0.013177159590043924
0 0.01953125 0.22767203513909223 0.0166015625 0.013909224011713031
0 0.0380859375 0.22035139092240116 0.0126953125 0.013909224011713031
0 0.056640625 0.24231332357247437 0.0244140625 0.017569546120058566
0 0.1064453125 0.21376281112737922 0.013671875 0.013177159590043924
0 0.1611328125 0.2240117130307467 0.015625 0.014641288433382138
0 0.193359375 0.2613469985358712 0.0205078125 0.02562225475841874
0 0.083984375 0.1910688140556369 0.0126953125 0.01171303074670571
0 0.060546875 0.1910688140556369 0.0126953125 0.01171303074670571
0 0.0771484375 0.16471449487554904 0.0126953125 0.01171303074670571
0 0.0439453125 0.16251830161054173 0.01171875 0.012445095168374817
0 0.0146484375 0.1486090775988287 0.01171875 0.01171303074670571
0 0.1123046875 0.14421669106881405 0.0126953125 0.00951683748169839
0 0.146484375 0.13030746705710103 0.009765625 0.00951683748169839
0 0.0791015625 0.116398243045388 0.0087890625 0.010248901903367497
0 0.0576171875 0.08931185944363104 0.009765625 0.010248901903367497
0 0.103515625 0.09297218155197658 0.009765625 0.008784773060029283
0 0.1298828125 0.07540263543191801 0.01171875 0.010248901903367497
0 0.0380859375 0.11346998535871157 0.009765625 0.008052708638360176
0 0.0947265625 0.24377745241581258 0.01171875 0.014641288433382138
0 0.103515625 0.06734992679355783 0.0087890625 0.007320644216691069
0 0.0810546875 0.0527086383601757 0.0078125 0.005856515373352855
0 0.1142578125 0.057833089311859445 0.009765625 0.005856515373352855
0 0.173828125 0.04538799414348463 0.0048828125 0.005856515373352855
0 0.1923828125 0.04319180087847731 0.0078125 0.005856515373352855
0 0.02734375 0.06808199121522694 0.009765625 0.007320644216691069
0 0.021484375 0.04978038067349927 0.01171875 0.010248901903367497
0 0.0439453125 0.04978038067349927 0.0087890625 0.008052708638360176
0 0.0341796875 0.04465592972181552 0.0078125 0.008052708638360176
0 0.0556640625 0.043923865300146414 0.0087890625 0.007320644216691069
0 0.08984375 0.046120058565153735 0.0087890625 0.007320644216691069
0 0.140625 0.10322108345534407 0.0078125 0.010980966325036604
0 0.1201171875 0.10980966325036604 0.009765625 0.010980966325036604
0 0.2216796875 0.095900439238653 0.0078125 0.008784773060029283
0 0.23046875 0.07833089311859444 0.0087890625 0.012445095168374817
0 0.2236328125 0.06881405563689605 0.009765625 0.008784773060029283
0 0.25390625 0.050512445095168376 0.0107421875 0.010248901903367497
0 0.2333984375 0.03733528550512445 0.0146484375 0.013909224011713031
0 0.2900390625 0.05124450951683748 0.0068359375 0.005124450951683748
0 0.3125 0.05710102489019034 0.0078125 0.006588579795021962
0 0.453125 0.09663250366032211 0.005859375 0.005856515373352855
0 0.400390625 0.0636896046852123 0.0068359375 0.006588579795021962
0 0.4287109375 0.07833089311859444 0.0078125 0.006588579795021962
0 0.3779296875 0.0739385065885798 0.005859375 0.006588579795021962
0 0.4140625 0.08272327964860908 0.005859375 0.008052708638360176
0 0.38671875 0.06808199121522694 0.0068359375 0.008052708638360176
0 0.333984375 0.07101024890190337 0.009765625 0.008052708638360176
0 0.611328125 0.12152269399707175 0.009765625 0.006588579795021962
0 0.6923828125 0.10688140556368961 0.0087890625 0.006588579795021962
0 0.5908203125 0.12445095168374817 0.0048828125 0.005856515373352855
0 0.654296875 0.11566617862371889 0.0078125 0.006588579795021962
0 0.5869140625 0.09809663250366032 0.0068359375 0.005856515373352855
0 0.646484375 0.08784773060029283 0.009765625 0.007320644216691069
0 0.662109375 0.08199121522693997 0.0078125 0.007320644216691069
0 0.52734375 0.0849194729136164 0.0068359375 0.006588579795021962
0 0.51953125 0.07906295754026355 0.0068359375 0.005856515373352855
0 0.935546875 0.16617862371888725 0.0078125 0.006588579795021962
0 0.9619140625 0.14641288433382138 0.0068359375 0.005124450951683748
0 0.9755859375 0.13250366032210834 0.005859375 0.005856515373352855
0 0.9775390625 0.17862371888726208 0.0078125 0.007320644216691069
0 0.91796875 0.1273792093704246 0.005859375 0.005124450951683748
0 0.9404296875 0.1295754026354319 0.0078125 0.005856515373352855
0 0.96875 0.11420204978038068 0.0087890625 0.006588579795021962
0 0.98828125 0.15226939970717424 0.0068359375 0.006588579795021962
0 0.9892578125 0.12884333821376281 0.0087890625 0.007320644216691069
0 0.927734375 0.14348462664714495 0.009765625 0.007320644216691069
0 0.9072265625 0.11932650073206442 0.0107421875 0.008052708638360176
0 0.93359375 0.12298682284040996 0.01171875 0.008052708638360176
0 0.9443359375 0.116398243045388 0.0107421875 0.008784773060029283
0 0.9794921875 0.11420204978038068 0.0078125 0.010248901903367497
0 0.9931640625 0.09882869692532943 0.009765625 0.007320644216691069
0 0.994140625 0.07101024890190337 0.0078125 0.007320644216691069
0 0.9169921875 0.07613469985358712 0.0107421875 0.007320644216691069
0 0.974609375 0.06734992679355783 0.009765625 0.006588579795021962
0 0.9521484375 0.08125915080527087 0.0078125 0.008052708638360176
0 0.8876953125 0.0841874084919473 0.0078125 0.006588579795021962
0 0.8779296875 0.07247437774524158 0.0078125 0.008784773060029283
0 0.8896484375 0.06661786237188873 0.0087890625 0.00951683748169839
0 0.9033203125 0.06515373352855051 0.0087890625 0.005856515373352855
0 0.9423828125 0.08565153733528551 0.009765625 0.008784773060029283
0 0.91015625 0.09004392386530015 0.009765625 0.010248901903367497
0 0.931640625 0.1061493411420205 0.0087890625 0.007320644216691069
0 0.921875 0.06442166910688141 0.0078125 0.008784773060029283
0 0.84765625 0.04758418740849195 0.01171875 0.00951683748169839
0 0.876953125 0.0314787701317716 0.009765625 0.008784773060029283
0 0.8671875 0.04978038067349927 0.0107421875 0.007320644216691069
0 0.857421875 0.060029282576866766 0.0107421875 0.008784773060029283
0 0.927734375 0.03953147877013177 0.01171875 0.008052708638360176
0 0.9736328125 0.05197657393850659 0.009765625 0.008784773060029283
0 0.9521484375 0.01683748169838946 0.0068359375 0.008052708638360176
0 0.943359375 0.010980966325036604 0.0087890625 0.00951683748169839
0 0.931640625 0.022693997071742314 0.01171875 0.008784773060029283
0 0.9140625 0.03074670571010249 0.0087890625 0.008052708638360176
0 0.849609375 0.03074670571010249 0.009765625 0.005856515373352855
0 0.87109375 0.008784773060029283 0.0068359375 0.005856515373352855
0 0.8515625 0.006588579795021962 0.0078125 0.005124450951683748
0 0.837890625 0.00951683748169839 0.0068359375 0.005856515373352855
0 0.83203125 0.01683748169838946 0.0078125 0.005856515373352855
0 0.833984375 0.024890190336749635 0.009765625 0.007320644216691069
0 0.810546875 0.014641288433382138 0.0078125 0.005124450951683748
0 0.81640625 0.004392386530014641 0.0087890625 0.005124450951683748
0 0.798828125 0.005124450951683748 0.0078125 0.006588579795021962
0 0.9501953125 0.05710102489019034 0.009765625 0.00951683748169839
0 0.884765625 0.03587115666178624 0.0087890625 0.010248901903367497
0 0.96875 0.03733528550512445 0.0078125 0.006588579795021962
0 0.9453125 0.02855051244509517 0.009765625 0.00951683748169839
0 0.96484375 0.015373352855051245 0.0087890625 0.01171303074670571
0 0.9892578125 0.036603221083455345 0.0078125 0.006588579795021962
0 0.9775390625 0.014641288433382138 0.01171875 0.010980966325036604
0 0.900390625 0.016105417276720352 0.0107421875 0.010980966325036604
0 0.869140625 0.0212298682284041 0.0126953125 0.007320644216691069
0 0.849609375 0.01683748169838946 0.0107421875 0.008052708638360176
0 0.8974609375 0.04026354319180088 0.0107421875 0.008052708638360176
0 0.91015625 0.043923865300146414 0.0087890625 0.008784773060029283
0 0.9111328125 0.024158125915080528 0.009765625 0.010980966325036604
0 0.7548828125 0.06149341142020498 0.009765625 0.008052708638360176
0 0.7021484375 0.06149341142020498 0.009765625 0.008052708638360176
0 0.7138671875 0.03953147877013177 0.0126953125 0.010980966325036604
0 0.7314453125 0.0424597364568082 0.009765625 0.010248901903367497
0 0.7373046875 0.022693997071742314 0.0107421875 0.01171303074670571
0 0.6748046875 0.012445095168374817 0.0078125 0.005124450951683748
0 0.6376953125 0.024890190336749635 0.009765625 0.006588579795021962
0 0.6806640625 0.04685212298682284 0.0087890625 0.007320644216691069
0 0.65625 0.038799414348462666 0.0087890625 0.008052708638360176
0 0.67578125 0.03733528550512445 0.009765625 0.008052708638360176
0 0.6357421875 0.06076134699853587 0.0087890625 0.010980966325036604
0 0.6015625 0.06222547584187409 0.0126953125 0.010980966325036604
0 0.623046875 0.05636896046852123 0.0107421875 0.007320644216691069
0 0.6162109375 0.040995607613469986 0.009765625 0.007320644216691069
0 0.607421875 0.027086383601756955 0.0078125 0.007320644216691069
0 0.6064453125 0.018301610541727673 0.0078125 0.005856515373352855
0 0.6201171875 0.024890190336749635 0.0068359375 0.007320644216691069
0 0.630859375 0.013909224011713031 0.0078125 0.007320644216691069
0 0.7646484375 0.057833089311859445 0.0087890625 0.008784773060029283
0 0.775390625 0.0636896046852123 0.009765625 0.008784773060029283
0 0.6669921875 0.06076134699853587 0.0078125 0.007320644216691069
0 0.6591796875 0.07101024890190337 0.0078125 0.007320644216691069
0 0.681640625 0.06149341142020498 0.0087890625 0.010248901903367497
0 0.69921875 0.014641288433382138 0.0107421875 0.010248901903367497
0 0.6865234375 0.02855051244509517 0.0087890625 0.005856515373352855
0 0.693359375 0.036603221083455345 0.009765625 0.006588579795021962
0 0.712890625 0.020497803806734993 0.0078125 0.008784773060029283
0 0.65234375 0.005124450951683748 0.0107421875 0.007320644216691069
0 0.431640625 0.018301610541727673 0.0078125 0.005856515373352855
0 0.4462890625 0.015373352855051245 0.0107421875 0.006588579795021962
0 0.484375 0.03074670571010249 0.009765625 0.005856515373352855
0 0.5 0.03367496339677892 0.0087890625 0.006588579795021962
0 0.5341796875 0.055636896046852125 0.0087890625 0.008052708638360176
0 0.5244140625 0.0424597364568082 0.0087890625 0.006588579795021962
0 0.5361328125 0.07101024890190337 0.0126953125 0.008784773060029283
0 0.5732421875 0.07027818448023426 0.0107421875 0.010248901903367497
0 0.5498046875 0.08857979502196194 0.009765625 0.01171303074670571
0 0.580078125 0.04904831625183016 0.0107421875 0.010980966325036604
0 0.5498046875 0.04538799414348463 0.0107421875 0.010248901903367497
0 0.5869140625 0.03587115666178624 0.0107421875 0.00951683748169839
0 0.580078125 0.017569546120058566 0.009765625 0.006588579795021962
0 0.5625 0.01683748169838946 0.009765625 0.010980966325036604
0 0.541015625 0.014641288433382138 0.009765625 0.006588579795021962
0 0.4765625 0.04685212298682284 0.01171875 0.008784773060029283
0 0.44921875 0.03074670571010249 0.0087890625 0.006588579795021962
0 0.4912109375 0.007320644216691069 0.0087890625 0.008784773060029283
0 0.474609375 0.00951683748169839 0.0107421875 0.006588579795021962
0 0.4267578125 0.005856515373352855 0.005859375 0.004392386530014641
0 0.4912109375 0.017569546120058566 0.0087890625 0.007320644216691069
0 0.5009765625 0.01683748169838946 0.0078125 0.007320644216691069
0 0.474609375 0.017569546120058566 0.009765625 0.007320644216691069
0 0.4150390625 0.007320644216691069 0.009765625 0.008052708638360176
0 0.404296875 0.048316251830161056 0.0078125 0.006588579795021962
0 0.373046875 0.050512445095168376 0.009765625 0.007320644216691069
0 0.3779296875 0.027818448023426062 0.0078125 0.005856515373352855
0 0.361328125 0.02342606149341142 0.0078125 0.006588579795021962
0 0.3525390625 0.03367496339677892 0.0087890625 0.006588579795021962
0 0.3232421875 0.024158125915080528 0.0087890625 0.008784773060029283
0 0.3408203125 0.024158125915080528 0.0078125 0.008052708638360176
0 0.34765625 0.015373352855051245 0.0107421875 0.008052708638360176
0 0.3193359375 0.004392386530014641 0.005859375 0.006588579795021962
0 0.3369140625 0.03733528550512445 0.0087890625 0.005856515373352855
0 0.322265625 0.04026354319180088 0.009765625 0.007320644216691069
0 0.2685546875 0.0314787701317716 0.009765625 0.008784773060029283
0 0.2236328125 0.02342606149341142 0.015625 0.008784773060029283
0 0.2060546875 0.03587115666178624 0.01171875 0.010248901903367497
0 0.248046875 0.010980966325036604 0.01171875 0.008784773060029283
0 0.298828125 0.01171303074670571 0.009765625 0.008052708638360176
0 0.2666015625 0.018301610541727673 0.01171875 0.008784773060029283
0 0.310546875 0.04172767203513909 0.009765625 0.008052708638360176
0 0.2197265625 0.04465592972181552 0.009765625 0.008052708638360176
0 0.2353515625 0.013177159590043924 0.0087890625 0.008052708638360176
0 0.26171875 0.008784773060029283 0.0087890625 0.007320644216691069
0 0.26953125 0.008784773060029283 0.0107421875 0.008784773060029283
0 0.283203125 0.010248901903367497 0.0087890625 0.008784773060029283
0 0.19140625 0.02635431918008785 0.009765625 0.006588579795021962
0 0.1455078125 0.022693997071742314 0.009765625 0.007320644216691069
0 0.1611328125 0.013177159590043924 0.0087890625 0.00951683748169839
0 0.1171875 0.038799414348462666 0.0107421875 0.00951683748169839
0 0.107421875 0.02855051244509517 0.01171875 0.008784773060029283
0 0.08203125 0.019765739385065886 0.009765625 0.00951683748169839
0 0.0087890625 0.014641288433382138 0.0107421875 0.008052708638360176
0 0.0546875 0.016105417276720352 0.0078125 0.006588579795021962
0 0.013671875 0.027818448023426062 0.0107421875 0.00951683748169839
0 0.0146484375 0.07174231332357248 0.009765625 0.010248901903367497
0 0.03515625 0.0849194729136164 0.015625 0.010248901903367497
0 0.166015625 0.030014641288433383 0.01171875 0.010248901903367497
0 0.0029296875 0.07101024890190337 0.0068359375 0.00951683748169839
0 0.0517578125 0.0314787701317716 0.0126953125 0.007320644216691069
0 0.0693359375 0.03953147877013177 0.009765625 0.008052708638360176
0 0.1220703125 0.010980966325036604 0.0087890625 0.007320644216691069
0 0.10546875 0.005124450951683748 0.01171875 0.010248901903367497
0 0.140625 0.16251830161054173 0.0126953125 0.012445095168374817
0 0.662109375 0.2642752562225476 0.0244140625 0.024158125915080528