0 0.2158203125 0.46568627450980393 0.044921875 0.05196078431372549
0 0.4326171875 0.5901960784313726 0.029296875 0.03431372549019608
0 0.4892578125 0.5901960784313726 0.0234375 0.029411764705882353
0 0.4033203125 0.5901960784313726 0.021484375 0.026470588235294117
0 0.556640625 0.596078431372549 0.025390625 0.025490196078431372
0 0.79296875 0.5882352941176471 0.0263671875 0.03235294117647059
0 0.8271484375 0.611764705882353 0.029296875 0.03333333333333333
0 0.8515625 0.6166666666666667 0.0234375 0.025490196078431372
0 0.88671875 0.615686274509804 0.02734375 0.03333333333333333
0 0.9306640625 0.592156862745098 0.0263671875 0.03431372549019608
0 0.98828125 0.6196078431372549 0.0224609375 0.027450980392156862
0 0.01953125 0.5627450980392157 0.0263671875 0.03137254901960784
0 0.8701171875 0.3215686274509804 0.013671875 0.016666666666666666
0 0.8359375 0.3382352941176471 0.017578125 0.0196078431372549
0 0.7724609375 0.31666666666666665 0.0126953125 0.01764705882352941
0 0.779296875 0.29705882352941176 0.0166015625 0.01764705882352941
0 0.796875 0.2754901960784314 0.013671875 0.016666666666666666
0 0.7451171875 0.3058823529411765 0.0166015625 0.018627450980392157
0 0.857421875 0.2833333333333333 0.013671875 0.016666666666666666
0 0.888671875 0.25882352941176473 0.015625 0.016666666666666666
0 0.9921875 0.2411764705882353 0.013671875 0.018627450980392157
0 0.9599609375 0.38529411764705884 0.0166015625 0.0196078431372549
0 0.810546875 0.21372549019607842 0.0166015625 0.016666666666666666
0 0.82421875 0.14607843137254903 0.013671875 0.018627450980392157
0 0.8623046875 0.15490196078431373 0.0146484375 0.013725490196078431
0 0.8837890625 0.1980392156862745 0.0185546875 0.0196078431372549
0 0.90234375 0.17941176470588235 0.017578125 0.018627450980392157
0 0.9072265625 0.15196078431372548 0.0166015625 0.018627450980392157
0 0.8740234375 0.11862745098039215 0.0126953125 0.014705882352941176
0 0.849609375 0.1 0.0185546875 0.020588235294117647
0 0.9140625 0.1323529411764706 0.0126953125 0.014705882352941176
0 0.7265625 0.3382352941176471 0.0166015625 0.0196078431372549
0 0.4736328125 0.21470588235294116 0.0126953125 0.014705882352941176
0 0.416015625 0.16372549019607843 0.0166015625 0.018627450980392157
0 0.439453125 0.15196078431372548 0.0166015625 0.022549019607843137
0 0.4912109375 0.13333333333333333 0.017578125 0.01764705882352941
0 0.509765625 0.15098039215686274 0.017578125 0.0196078431372549
0 0.5302734375 0.1480392156862745 0.015625 0.01568627450980392
0 0.5498046875 0.1696078431372549 0.0126953125 0.016666666666666666
0 0.5390625 0.18235294117647058 0.013671875 0.013725490196078431
0 0.5400390625 0.20392156862745098 0.015625 0.01764705882352941
0 0.498046875 0.20588235294117646 0.009765625 0.014705882352941176
0 0.568359375 0.1392156862745098 0.015625 0.016666666666666666
0 0.5888671875 0.1588235294117647 0.013671875 0.012745098039215686
0 0.5205078125 0.346078431372549 0.015625 0.022549019607843137
0 0.4697265625 0.3803921568627451 0.017578125 0.021568627450980392
0 0.4052734375 0.2852941176470588 0.0166015625 0.0196078431372549
0 0.4306640625 0.2696078431372549 0.015625 0.021568627450980392
0 0.4482421875 0.27647058823529413 0.0146484375 0.014705882352941176
0 0.30078125 0.31176470588235294 0.0126953125 0.014705882352941176
0 0.31640625 0.29411764705882354 0.0146484375 0.014705882352941176
0 0.3408203125 0.2676470588235294 0.015625 0.018627450980392157
0 0.2919921875 0.2823529411764706 0.017578125 0.01764705882352941
0 0.2724609375 0.3333333333333333 0.013671875 0.014705882352941176
0 0.2470703125 0.36764705882352944 0.0146484375 0.018627450980392157
0 0.216796875 0.35294117647058826 0.0146484375 0.01568627450980392
0 0.2177734375 0.3303921568627451 0.0146484375 0.01764705882352941
0 0.2158203125 0.28431372549019607 0.017578125 0.016666666666666666
0 0.21875 0.30392156862745096 0.0126953125 0.013725490196078431
0 0.25390625 0.2901960784313726 0.013671875 0.01568627450980392
0 0.267578125 0.3058823529411765 0.01171875 0.012745098039215686
0 0.279296875 0.26176470588235295 0.01171875 0.013725490196078431
0 0.310546875 0.2676470588235294 0.015625 0.01764705882352941
0 0.3544921875 0.23039215686274508 0.015625 0.012745098039215686
0 0.2978515625 0.22549019607843138 0.0166015625 0.01568627450980392
0 0.296875 0.246078431372549 0.0166015625 0.018627450980392157
0 0.259765625 0.2411764705882353 0.013671875 0.014705882352941176
0 0.2734375 0.22549019607843138 0.0166015625 0.01568627450980392
0 0.18359375 0.30980392156862746 0.0185546875 0.01764705882352941
0 0.1484375 0.34509803921568627 0.01953125 0.021568627450980392
0 0.1376953125 0.3656862745098039 0.0166015625 0.018627450980392157
0 0.4169921875 0.3392156862745098 0.015625 0.0196078431372549
0 0.423828125 0.3637254901960784 0.015625 0.018627450980392157
0 0.193359375 0.2607843137254902 0.017578125 0.022549019607843137
0 0.23046875 0.22058823529411764 0.015625 0.018627450980392157
0 0.3857421875 0.23921568627450981 0.017578125 0.018627450980392157
0 0.3212890625 0.20392156862745098 0.015625 0.018627450980392157
0 0.046875 0.29705882352941176 0.0126953125 0.01568627450980392
0 0.0869140625 0.3862745098039216 0.01953125 0.021568627450980392
0 0.060546875 0.37450980392156863 0.0166015625 0.01764705882352941
0 0.0986328125 0.3607843137254902 0.0185546875 0.020588235294117647
0 0.087890625 0.3352941176470588 0.015625 0.0196078431372549
0 0.0068359375 0.3382352941176471 0.013671875 0.016666666666666666
0 0.0390625 0.2774509803921569 0.0166015625 0.018627450980392157
0 0.0810546875 0.2911764705882353 0.0126953125 0.013725490196078431
0 0.0986328125 0.2833333333333333 0.0146484375 0.01764705882352941
0 0.1708984375 0.27647058823529413 0.0146484375 0.018627450980392157
0 0.166015625 0.2549019607843137 0.0107421875 0.013725490196078431
0 0.08984375 0.2627450980392157 0.0205078125 0.0196078431372549
0 0.1005859375 0.24313725490196078 0.013671875 0.01568627450980392
0 0.123046875 0.26176470588235295 0.0126953125 0.013725490196078431
0 0.1435546875 0.30196078431372547 0.015625 0.0196078431372549
0 0.1435546875 0.27450980392156865 0.015625 0.016666666666666666
0 0.0126953125 0.20490196078431372 0.0166015625 0.021568627450980392
0 0.046875 0.20588235294117646 0.013671875 0.016666666666666666
0 0.091796875 0.19705882352941176 0.0126953125 0.012745098039215686
0 0.119140625 0.20588235294117646 0.0126953125 0.01764705882352941
0 0.14453125 0.20784313725490197 0.0107421875 0.014705882352941176
0 0.0185546875 0.23529411764705882 0.01171875 0.016666666666666666
0 0.1337890625 0.12941176470588237 0.0205078125 0.024509803921568627
0 0.18359375 0.20588235294117646 0.0166015625 0.016666666666666666
0 0.359375 0.1450980392156863 0.017578125 0.022549019607843137
0 0.3994140625 0.14901960784313725 0.017578125 0.020588235294117647
0 0.966796875 0.17549019607843136 0.0205078125 0.020588235294117647
0 0.73046875 0.06862745098039216 0.0126953125 0.01568627450980392
0 0.7451171875 0.05196078431372549 0.0146484375 0.016666666666666666
0 0.814453125 0.047058823529411764 0.015625 0.013725490196078431
0 0.8017578125 0.0696078431372549 0.0126953125 0.01764705882352941
0 0.7724609375 0.07156862745098039 0.0146484375 0.01568627450980392
0 0.8515625 0.030392156862745098 0.0146484375 0.016666666666666666
0 0.8544921875 0.0696078431372549 0.013671875 0.020588235294117647
0 0.9228515625 0.06666666666666667 0.0107421875 0.013725490196078431
0 0.923828125 0.09019607843137255 0.01171875 0.014705882352941176
0 0.9609375 0.06666666666666667 0.013671875 0.016666666666666666
0 0.931640625 0.052941176470588235 0.0166015625 0.01568627450980392
0 0.96484375 0.03333333333333333 0.013671875 0.01764705882352941
0 0.9736328125 0.04803921568627451 0.01171875 0.014705882352941176
0 0.0400390625 0.09411764705882353 0.013671875 0.018627450980392157
0 0.1103515625 0.08823529411764706 0.009765625 0.014705882352941176
0 0.0078125 0.08627450980392157 0.0087890625 0.01568627450980392
0 0.7529296875 0.15 0.0166015625 0.020588235294117647
0 0.396484375 0.17647058823529413 0.0185546875 0.018627450980392157
0 0.1396484375 0.5872549019607843 0.02734375 0.03431372549019608
0 0.77734375 0.40784313725490196 0.0205078125 0.021568627450980392
0 0.8193359375 0.41274509803921566 0.017578125 0.020588235294117647
0 0.8544921875 0.4107843137254902 0.017578125 0.024509803921568627
0 0.84765625 0.396078431372549 0.01953125 0.0196078431372549
0 0.9052734375 0.3931372549019608 0.017578125 0.021568627450980392
0 0.9306640625 0.3911764705882353 0.021484375 0.024509803921568627
0 0.95703125 0.40784313725490196 0.0185546875 0.0196078431372549
0 0.9169921875 0.36666666666666664 0.01953125 0.023529411764705882
0 0.9580078125 0.353921568627451 0.015625 0.01764705882352941
0 0.91015625 0.3411764705882353 0.0185546875 0.022549019607843137
0 0.8720703125 0.34901960784313724 0.013671875 0.016666666666666666
0 0.8173828125 0.38529411764705884 0.01953125 0.0196078431372549
0 0.8427734375 0.3696078431372549 0.0146484375 0.01764705882352941
0 0.794921875 0.37450980392156863 0.013671875 0.01568627450980392
0 0.791015625 0.34411764705882353 0.017578125 0.0196078431372549
0 0.7509765625 0.34411764705882353 0.013671875 0.016666666666666666
0 0.91015625 0.4196078431372549 0.0126953125 0.01568627450980392
0 0.9541015625 0.3058823529411765 0.0166015625 0.0196078431372549
0 0.9951171875 0.3254901960784314 0.0087890625 0.012745098039215686
0 0.9873046875 0.353921568627451 0.0126953125 0.014705882352941176
0 0.916015625 0.30098039215686273 0.01953125 0.018627450980392157
0 0.9267578125 0.2852941176470588 0.0166015625 0.020588235294117647
0 0.9443359375 0.15980392156862744 0.013671875 0.01568627450980392
0 0.9453125 0.1323529411764706 0.0166015625 0.020588235294117647
0 0.966796875 0.10686274509803921 0.015625 0.01764705882352941
0 0.974609375 0.1588235294117647 0.0146484375 0.01568627450980392
0 0.740234375 0.1980392156862745 0.015625 0.01764705882352941
0 0.767578125 0.24313725490196078 0.013671875 0.014705882352941176
0 0.796875 0.23333333333333334 0.0146484375 0.016666666666666666
0 0.697265625 0.23627450980392156 0.0146484375 0.018627450980392157
0 0.689453125 0.21372549019607842 0.0166015625 0.016666666666666666
0 0.65234375 0.23137254901960785 0.0146484375 0.01568627450980392
0 0.59765625 0.23039215686274508 0.0126953125 0.01568627450980392
0 0.6279296875 0.16862745098039217 0.0146484375 0.020588235294117647
0 0.6474609375 0.14901960784313725 0.0166015625 0.020588235294117647
0 0.78515625 0.10098039215686275 0.0126953125 0.016666666666666666
0 0.818359375 0.10588235294117647 0.0126953125 0.014705882352941176
0 0.8037109375 0.12450980392156863 0.0126953125 0.014705882352941176
0 0.7822265625 0.1392156862745098 0.029296875 0.03333333333333333
0 0.6357421875 0.10490196078431373 0.0146484375 0.016666666666666666
0 0.654296875 0.11960784313725491 0.0166015625 0.01764705882352941
0 0.5927734375 0.12745098039215685 0.0146484375 0.01764705882352941
0 0.619140625 0.12156862745098039 0.015625 0.016666666666666666
0 0.595703125 0.09803921568627451 0.0185546875 0.020588235294117647
0 0.7080078125 0.13725490196078433 0.015625 0.016666666666666666
0 0.740234375 0.10490196078431373 0.0166015625 0.016666666666666666
0 0.4453125 0.2323529411764706 0.015625 0.01764705882352941
0 0.48828125 0.25098039215686274 0.015625 0.01764705882352941
0 0.51953125 0.25 0.017578125 0.016666666666666666
0 0.5322265625 0.22745098039215686 0.0166015625 0.0196078431372549
0 0.517578125 0.17549019607843136 0.0146484375 0.01568627450980392
0 0.4736328125 0.1803921568627451 0.015625 0.016666666666666666
0 0.4443359375 0.1803921568627451 0.0126953125 0.01568627450980392
0 0.107421875 0.5676470588235294 0.02734375 0.029411764705882353