0 0.216796875 0.3938730853391685 0.0439453125 0.05616338439095551
0 0.3779296875 0.3967906637490883 0.0224609375 0.05981035740335521
0 0.03125 0.42669584245076586 0.0263671875 0.03646973012399708
0 0.0107421875 0.3537563822027717 0.0146484375 0.015317286652078774
0 0.0595703125 0.36688548504741064 0.013671875 0.010940919037199124
0 0.0751953125 0.31801604668125455 0.0087890625 0.008023340627279359
0 0.0458984375 0.32458059810357404 0.0068359375 0.005835156819839533
0 0.126953125 0.3274981765134938 0.0068359375 0.005105762217359592
0 0.828125 0.2939460247994165 0.029296875 0.02698760029175784
0 0.9150390625 0.28665207877461707 0.03515625 0.028446389496717725
0 0.947265625 0.31072210065645517 0.02734375 0.02261123267687819
0 0.62109375 0.33698030634573306 0.0107421875 0.010940919037199124
0 0.177734375 0.3610503282275711 0.0107421875 0.011670313639679067