0 0.6767578125 0.2591145833333333 0.0107421875 0.020833333333333332
0 0.7119140625 0.2604166666666667 0.0126953125 0.0234375
0 0.75390625 0.2721354166666667 0.0107421875 0.018229166666666668
0 0.7998046875 0.2877604166666667 0.009765625 0.015625
0 0.873046875 0.2916666666666667 0.01171875 0.022135416666666668
0 0.9169921875 0.3059895833333333 0.01171875 0.022135416666666668
0 0.9560546875 0.3229166666666667 0.01171875 0.020833333333333332
0 0.990234375 0.2630208333333333 0.0107421875 0.018229166666666668
0 0.97265625 0.24088541666666666 0.0107421875 0.020833333333333332
0 0.9423828125 0.22786458333333334 0.0107421875 0.016927083333333332
0 0.912109375 0.2265625 0.0107421875 0.018229166666666668
0 0.873046875 0.23567708333333334 0.0126953125 0.01953125
0 0.849609375 0.21223958333333334 0.0107421875 0.01953125
0 0.8154296875 0.2109375 0.009765625 0.018229166666666668
0 0.779296875 0.20442708333333334 0.01171875 0.018229166666666668
0 0.7333984375 0.19661458333333334 0.01171875 0.016927083333333332
0 0.6943359375 0.18229166666666666 0.01171875 0.0234375
0 0.666015625 0.17708333333333334 0.0107421875 0.01953125
0 0.6826171875 0.09114583333333333 0.009765625 0.018229166666666668
0 0.7099609375 0.08333333333333333 0.01171875 0.020833333333333332
0 0.740234375 0.13020833333333334 0.01171875 0.01953125
0 0.7783203125 0.13151041666666666 0.01171875 0.024739583333333332
0 0.8095703125 0.140625 0.0107421875 0.022135416666666668
0 0.8369140625 0.1484375 0.0126953125 0.01953125
0 0.900390625 0.16536458333333334 0.01171875 0.022135416666666668
0 0.9375 0.16927083333333334 0.01171875 0.018229166666666668
0 0.9921875 0.18880208333333334 0.009765625 0.01953125
0 0.92578125 0.059895833333333336 0.0087890625 0.015625
0 0.8935546875 0.055989583333333336 0.0107421875 0.018229166666666668
0 0.8623046875 0.07682291666666667 0.009765625 0.014322916666666666
0 0.82421875 0.040364583333333336 0.0107421875 0.016927083333333332
0 0.7900390625 0.032552083333333336 0.009765625 0.015625
0 0.8095703125 0.009114583333333334 0.0107421875 0.016927083333333332
0 0.3330078125 0.16145833333333334 0.009765625 0.015625
0 0.0078125 0.09765625 0.01171875 0.020833333333333332
0 0.3525390625 0.005208333333333333 0.01171875 0.010416666666666666
0 0.6376953125 0.2578125 0.0107421875 0.01953125
0 0.4404296875 0.10546875 0.0107421875 0.016927083333333332
0 0.7744140625 0.006510416666666667 0.0107421875 0.013020833333333334
0 0.73828125 0.02734375 0.0107421875 0.01953125
0 0.763671875 0.049479166666666664 0.01171875 0.016927083333333332
0 0.7802734375 0.048177083333333336 0.0107421875 0.015625
0 0.7177734375 0.022135416666666668 0.0107421875 0.016927083333333332
0 0.5078125 0.22135416666666666 0.0126953125 0.020833333333333332
0 0.4658203125 0.22265625 0.01171875 0.015625
0 0.4990234375 0.12239583333333333 0.01171875 0.020833333333333332
0 0.603515625 0.03515625 0.009765625 0.010416666666666666
0 0.44921875 0.07552083333333333 0.01171875 0.018229166666666668
0 0.4130859375 0.09505208333333333 0.009765625 0.016927083333333332
0 0.4091796875 0.059895833333333336 0.009765625 0.015625
0 0.3828125 0.026041666666666668 0.009765625 0.018229166666666668
0 0.37890625 0.09375 0.0078125 0.015625
0 0.3583984375 0.12760416666666666 0.009765625 0.018229166666666668
0 0.4013671875 0.17838541666666666 0.0087890625 0.016927083333333332
0 0.3740234375 0.16666666666666666 0.009765625 0.018229166666666668
0 0.9892578125 0.0703125 0.0078125 0.016927083333333332
0 0.9462890625 0.109375 0.005859375 0.01171875
0 0.9658203125 0.17578125 0.0087890625 0.015625
0 0.8701171875 0.15625 0.009765625 0.015625
0 0.62890625 0.037760416666666664 0.0078125 0.014322916666666666
0 0.607421875 0.23958333333333334 0.009765625 0.015625
0 0.5361328125 0.22135416666666666 0.009765625 0.016927083333333332
0 0.5576171875 0.11848958333333333 0.0087890625 0.016927083333333332
0 0.33984375 0.13802083333333334 0.0068359375 0.015625
0 0.234375 0.13541666666666666 0.0087890625 0.015625
0 0.25 0.14583333333333334 0.0087890625 0.015625
0 0.3154296875 0.11067708333333333 0.0068359375 0.013020833333333334
0 0.3095703125 0.0546875 0.005859375 0.01171875
0 0.2841796875 0.055989583333333336 0.005859375 0.01171875
0 0.2568359375 0.032552083333333336 0.0078125 0.01171875
0 0.23046875 0.0234375 0.0107421875 0.015625
0 0.24609375 0.06380208333333333 0.005859375 0.010416666666666666
0 0.259765625 0.13802083333333334 0.009765625 0.015625
0 0.2939453125 0.17057291666666666 0.009765625 0.016927083333333332
0 0.0615234375 0.024739583333333332 0.0078125 0.015625
0 0.0322265625 0.040364583333333336 0.0078125 0.018229166666666668
0 0.0341796875 0.09505208333333333 0.009765625 0.01953125
0 0.1416015625 0.07291666666666667 0.0087890625 0.015625
0 0.1298828125 0.11588541666666667 0.0087890625 0.014322916666666666
0 0.142578125 0.13671875 0.0087890625 0.015625
0 0.1796875 0.13932291666666666 0.0087890625 0.014322916666666666
0 0.1953125 0.13541666666666666 0.0087890625 0.014322916666666666
0 0.181640625 0.07942708333333333 0.0087890625 0.013020833333333334
0 0.193359375 0.028645833333333332 0.0078125 0.013020833333333334
0 0.162109375 0.02734375 0.0078125 0.016927083333333332
0 0.6826171875 0.7395833333333334 0.009765625 0.015625
0 0.71875 0.7161458333333334 0.0068359375 0.015625
0 0.20703125 0.6171875 0.01171875 0.01953125
0 0.4697265625 0.10286458333333333 0.0087890625 0.015625
0 0.4990234375 0.061197916666666664 0.0087890625 0.01171875
0 0.52734375 0.045572916666666664 0.009765625 0.013020833333333334
0 0.48046875 0.07421875 0.005859375 0.014322916666666666
0 0.5986328125 0.1015625 0.0087890625 0.015625
0 0.57421875 0.23828125 0.01171875 0.015625