0 0.4169921875 0.19577735124760076 0.0517578125 0.16314779270633398
0 0.583984375 0.4779270633397313 0.0283203125 0.1036468330134357
0 0.4619140625 0.4952015355086372 0.05078125 0.12092130518234165
0 0.76171875 0.45489443378119004 0.0458984375 0.12284069097888675
0 0.9326171875 0.6717850287907869 0.0419921875 0.10556621880998081
0 0.1259765625 0.9616122840690979 0.015625 0.04030710172744722
0 0.078125 0.9558541266794626 0.013671875 0.04030710172744722
0 0.1357421875 0.927063339731286 0.017578125 0.04798464491362764
0 0.1806640625 0.9788867562380038 0.015625 0.036468330134357005
0 0.23046875 0.9251439539347409 0.013671875 0.030710172744721688
0 0.2626953125 0.946257197696737 0.0146484375 0.03838771593090211
0 0.259765625 0.8925143953934741 0.0126953125 0.0345489443378119
0 0.2255859375 0.8867562380038387 0.0126953125 0.036468330134357005
0 0.1845703125 0.8579654510556622 0.013671875 0.0345489443378119
0 0.2294921875 0.8522072936660269 0.01171875 0.03262955854126679
0 0.2607421875 0.8714011516314779 0.0126953125 0.03262955854126679
0 0.2431640625 0.8214971209213052 0.0087890625 0.028790786948176585
0 0.22265625 0.7504798464491362 0.01171875 0.028790786948176585
0 0.142578125 0.8560460652591171 0.01171875 0.028790786948176585
0 0.0478515625 0.8656429942418427 0.0107421875 0.02495201535508637
0 0.0341796875 0.9213051823416507 0.009765625 0.028790786948176585
0 0.0673828125 0.7946257197696737 0.0107421875 0.028790786948176585
0 0.0634765625 0.763915547024952 0.01171875 0.026871401151631478
0 0.0205078125 0.7485604606525912 0.0087890625 0.023032629558541268
0 0.0205078125 0.8733205374280231 0.0087890625 0.026871401151631478
0 0.13671875 0.7677543186180422 0.0087890625 0.026871401151631478
0 0.119140625 0.7696737044145874 0.0107421875 0.028790786948176585
0 0.083984375 0.7408829174664108 0.009765625 0.026871401151631478
0 0.07421875 0.9078694817658349 0.01171875 0.030710172744721688
0 0.0927734375 0.944337811900192 0.0126953125 0.03262955854126679
0 0.15625 0.8157389635316699 0.0126953125 0.0345489443378119
0 0.1533203125 0.7408829174664108 0.0107421875 0.028790786948176585
0 0.2109375 0.783109404990403 0.0107421875 0.02495201535508637
0 0.177734375 0.7869481765834933 0.009765625 0.026871401151631478
0 0.1005859375 0.836852207293666 0.0126953125 0.028790786948176585
0 0.267578125 0.8272552783109405 0.01171875 0.03262955854126679
0 0.3046875 0.944337811900192 0.015625 0.03838771593090211
0 0.294921875 0.9136276391554703 0.0126953125 0.03262955854126679
0 0.3095703125 0.8925143953934741 0.013671875 0.03838771593090211
0 0.189453125 0.7005758157389635 0.0087890625 0.026871401151631478
0 0.033203125 0.9596928982725528 0.0126953125 0.03262955854126679
0 0.134765625 0.8349328214971209 0.0107421875 0.030710172744721688
0 0.140625 0.6890595009596929 0.009765625 0.028790786948176585
0 0.111328125 0.7024952015355086 0.009765625 0.026871401151631478
0 0.1748046875 0.8886756238003839 0.0146484375 0.03838771593090211
0 0.04296875 0.6852207293666027 0.0107421875 0.026871401151631478
0 0.0732421875 0.6890595009596929 0.009765625 0.028790786948176585
0 0.08984375 0.5988483685220729 0.0107421875 0.02495201535508637
0 0.205078125 0.6756238003838771 0.0078125 0.023032629558541268
0 0.1083984375 0.8119001919385797 0.0126953125 0.0345489443378119
0 0.248046875 0.7600767754318618 0.0107421875 0.02495201535508637
0 0.28515625 0.8023032629558541 0.009765625 0.02495201535508637
0 0.3037109375 0.7888675623800384 0.0078125 0.02495201535508637
0 0.1806640625 0.7504798464491362 0.0078125 0.02111324376199616