0 0.2294921875 0.5058823529411764 0.078125 0.11911764705882352
0 0.1611328125 0.23676470588235293 0.0634765625 0.10735294117647058
0 0.365234375 0.29411764705882354 0.0546875 0.09852941176470588
0 0.3916015625 0.19852941176470587 0.044921875 0.07352941176470588
0 0.4833984375 0.5088235294117647 0.0615234375 0.10882352941176471
0 0.5849609375 0.6397058823529411 0.0673828125 0.15588235294117647
0 0.81640625 0.4294117647058823 0.0732421875 0.15294117647058825
0 0.9306640625 0.08676470588235294 0.0498046875 0.08676470588235294
0 0.787109375 0.325 0.0595703125 0.10294117647058823
0 0.51953125 0.23970588235294119 0.0654296875 0.10441176470588236
0 0.6640625 0.09558823529411764 0.0400390625 0.06911764705882353
0 0.7587890625 0.17794117647058824 0.0419921875 0.060294117647058824
0 0.6572265625 0.21470588235294116 0.0498046875 0.08235294117647059
0 0.744140625 0.27794117647058825 0.0458984375 0.07352941176470588
0 0.078125 0.22647058823529412 0.033203125 0.058823529411764705
0 0.419921875 0.2323529411764706 0.0234375 0.039705882352941174
0 0.42578125 0.2661764705882353 0.0205078125 0.03823529411764706
0 0.0224609375 0.2426470588235294 0.0283203125 0.045588235294117645
0 0.380859375 0.12794117647058822 0.0146484375 0.01764705882352941