0 0.7392578125 0.3689604685212299 0.01171875 0.027818448023426062
0 0.8037109375 0.3967789165446559 0.015625 0.03513909224011713
0 0.8173828125 0.4363103953147877 0.0126953125 0.03367496339677892
0 0.2421875 0.17569546120058566 0.0205078125 0.027818448023426062
0 0.333984375 0.14641288433382138 0.017578125 0.032210834553440704
0 0.4130859375 0.35871156661786235 0.017578125 0.02635431918008785
0 0.4072265625 0.11273792093704246 0.0166015625 0.027818448023426062
0 0.5595703125 0.14641288433382138 0.015625 0.029282576866764276
0 0.4814453125 0.1054172767203514 0.0166015625 0.024890190336749635
0 0.4873046875 0.05417276720351391 0.0146484375 0.027818448023426062
0 0.5361328125 0.016105417276720352 0.0146484375 0.024890190336749635
0 0.5498046875 0.06734992679355783 0.009765625 0.01903367496339678
0 0.583984375 0.010248901903367497 0.0126953125 0.017569546120058566
0 0.708984375 0.10834553440702782 0.017578125 0.029282576866764276
0 0.86328125 0.10248901903367497 0.0126953125 0.020497803806734993
0 0.796875 0.03513909224011713 0.01171875 0.027818448023426062
0 0.8701171875 0.02635431918008785 0.01171875 0.010248901903367497
0 0.013671875 0.0849194729136164 0.0185546875 0.02342606149341142
0 0.177734375 0.486090775988287 0.01953125 0.021961932650073207
0 0.2412109375 0.013177159590043924 0.0146484375 0.01903367496339678
0 0.16015625 0.024890190336749635 0.017578125 0.02342606149341142