0 0.083984375 0.6038514442916093 0.017578125 0.033012379642365884
0 0.1103515625 0.6024759284731774 0.0166015625 0.03163686382393398
0 0.142578125 0.5955983493810179 0.0146484375 0.033012379642365884
0 0.1640625 0.6189821182943603 0.017578125 0.03163686382393398
0 0.2021484375 0.5900962861072903 0.017578125 0.03576341127922971
0 0.2392578125 0.5969738651994498 0.01953125 0.03163686382393398
0 0.158203125 0.5667125171939478 0.0126953125 0.024759284731774415
0 0.1240234375 0.5240715268225584 0.013671875 0.02200825309491059
0 0.1494140625 0.5213204951856947 0.013671875 0.023383768913342505
0 0.171875 0.5144429160935351 0.0126953125 0.024759284731774415
0 0.171875 0.4828060522696011 0.01171875 0.023383768913342505
0 0.2275390625 0.5598349381017882 0.013671875 0.023383768913342505
0 0.2509765625 0.5598349381017882 0.0126953125 0.017881705639614855
0 0.005859375 0.45529573590096284 0.01171875 0.02888583218707015
0 0.0439453125 0.45392022008253097 0.0107421875 0.016506189821182942
0 0.2060546875 0.48005502063273725 0.0126953125 0.02063273727647868
0 0.1845703125 0.5447042640990372 0.0107421875 0.017881705639614855
0 0.2490234375 0.44566712517193946 0.0087890625 0.016506189821182942
0 0.26953125 0.40027510316368636 0.01171875 0.02063273727647868
0 0.375 0.2297111416781293 0.0400390625 0.061898211829436035
0 0.5234375 0.4497936726272352 0.01953125 0.04126547455295736
0 0.4541015625 0.6121045392022009 0.01953125 0.033012379642365884
0 0.453125 0.5694635488308115 0.017578125 0.030261348005502064
0 0.48828125 0.5612104539202201 0.015625 0.0343878954607978
0 0.5009765625 0.5708390646492435 0.015625 0.030261348005502064
0 0.5947265625 0.5515818431911967 0.017578125 0.03163686382393398
0 0.5986328125 0.5997248968363136 0.0166015625 0.030261348005502064
0 0.6455078125 0.5777166437414031 0.017578125 0.03163686382393398
0 0.6640625 0.5034387895460798 0.0146484375 0.027510316368638238
0 0.6416015625 0.46354883081155435 0.0166015625 0.027510316368638238
0 0.5927734375 0.41815680880330125 0.01171875 0.02063273727647868
0 0.4775390625 0.4951856946354883 0.0146484375 0.026134800550206328
0 0.4736328125 0.46629986244841815 0.0107421875 0.017881705639614855
0 0.5078125 0.4580467675378267 0.0078125 0.015130674002751032
0 0.484375 0.4236588720770289 0.01171875 0.023383768913342505
0 0.5859375 0.5337001375515819 0.0126953125 0.024759284731774415
0 0.6884765625 0.41815680880330125 0.0146484375 0.030261348005502064
0 0.6962890625 0.5845942228335625 0.017578125 0.02888583218707015
0 0.48046875 0.3947730398899587 0.0146484375 0.017881705639614855
0 0.4482421875 0.4016506189821183 0.0107421875 0.01925722145804677
0 0.5224609375 0.40027510316368636 0.0107421875 0.02063273727647868
0 0.560546875 0.4346629986244842 0.009765625 0.016506189821182942
0 0.42578125 0.2751031636863824 0.0107421875 0.02063273727647868
0 0.4697265625 0.3493810178817056 0.0107421875 0.017881705639614855
0 0.521484375 0.35213204951856947 0.0107421875 0.01925722145804677
0 0.546875 0.3892709766162311 0.0126953125 0.027510316368638238
0 0.5888671875 0.3562585969738652 0.0107421875 0.026134800550206328
0 0.615234375 0.38651994497936726 0.013671875 0.02063273727647868
0 0.587890625 0.265474552957359 0.0107421875 0.02063273727647868
0 0.66015625 0.3314993122420908 0.009765625 0.02200825309491059
0 0.6640625 0.2627235213204952 0.009765625 0.017881705639614855
0 0.669921875 0.30261348005502064 0.013671875 0.02063273727647868
0 0.708984375 0.25034387895460797 0.01171875 0.02063273727647868
0 0.572265625 0.4580467675378267 0.015625 0.026134800550206328
0 0.6240234375 0.33012379642365886 0.0107421875 0.02063273727647868
0 0.6484375 0.31636863823933975 0.009765625 0.01925722145804677
0 0.5634765625 0.30398899587345257 0.009765625 0.016506189821182942
0 0.6015625 0.297111416781293 0.009765625 0.015130674002751032
0 0.5673828125 0.3631361760660248 0.0107421875 0.02063273727647868
0 0.6103515625 0.4401650618982118 0.01171875 0.02200825309491059
0 0.8837890625 0.5914718019257221 0.0205078125 0.03851444291609354
0 0.873046875 0.5584594222833562 0.017578125 0.030261348005502064
0 0.86328125 0.5419532324621733 0.013671875 0.024759284731774415
0 0.87109375 0.5130674002751031 0.0146484375 0.02200825309491059
0 0.908203125 0.5199449793672627 0.0185546875 0.02888583218707015
0 0.9306640625 0.5185694635488308 0.017578125 0.0343878954607978
0 0.9404296875 0.5777166437414031 0.0234375 0.039889958734525444
0 0.986328125 0.5584594222833562 0.021484375 0.037138927097661624
0 0.9716796875 0.5268225584594223 0.015625 0.02888583218707015
0 0.9609375 0.5226960110041265 0.017578125 0.03576341127922971
0 0.93359375 0.46354883081155435 0.015625 0.027510316368638238
0 0.9013671875 0.4497936726272352 0.015625 0.027510316368638238
0 0.8720703125 0.43191196698762035 0.015625 0.030261348005502064
0 0.94921875 0.4250343878954608 0.0166015625 0.02888583218707015
0 0.876953125 0.3562585969738652 0.013671875 0.024759284731774415
0 0.87890625 0.3149931224209078 0.0126953125 0.024759284731774415
0 0.9208984375 0.30261348005502064 0.0126953125 0.023383768913342505
0 0.951171875 0.3246217331499312 0.0146484375 0.01925722145804677
0 0.951171875 0.2764786795048143 0.013671875 0.024759284731774415
0 0.8916015625 0.2751031636863824 0.013671875 0.024759284731774415
0 0.0556640625 0.6189821182943603 0.015625 0.026134800550206328
0 0.2705078125 0.4759284731774415 0.0185546875 0.039889958734525444
0 0.02734375 0.6781292984869326 0.01171875 0.02063273727647868
0 0.056640625 0.5969738651994498 0.015625 0.030261348005502064
0 0.0380859375 0.609353507565337 0.0107421875 0.02200825309491059
0 0.9140625 0.343878954607978 0.013671875 0.027510316368638238
0 0.986328125 0.469050894085282 0.01171875 0.027510316368638238