0 0.9443359375 0.1226252158894646 0.0439453125 0.10189982728842832
0 0.8837890625 0.12435233160621761 0.04296875 0.09671848013816926
0 0.802734375 0.10535405872193437 0.046875 0.0846286701208981
0 0.955078125 0.5354058721934369 0.072265625 0.1381692573402418
0 0.8466796875 0.34024179620034545 0.0576171875 0.12953367875647667
0 0.7802734375 0.38860103626943004 0.046875 0.09671848013816926
0 0.73828125 0.4697754749568221 0.052734375 0.1157167530224525
0 0.9912109375 0.6632124352331606 0.017578125 0.15544041450777202
0 0.7353515625 0.8324697754749568 0.083984375 0.18652849740932642
0 0.6845703125 0.6511226252158895 0.078125 0.15198618307426598
0 0.8310546875 0.6545768566493955 0.06640625 0.1381692573402418
0 0.646484375 0.5043177892918825 0.07421875 0.13126079447322972
0 0.4736328125 0.5474956822107081 0.087890625 0.1692573402417962
0 0.7685546875 0.08808290155440414 0.0390625 0.08635578583765112
0 0.498046875 0.10880829015544041 0.05859375 0.10362694300518134
0 0.5771484375 0.22279792746113988 0.0419921875 0.09153713298791019
0 0.646484375 0.11053540587219343 0.037109375 0.08981001727115717
0 0.466796875 0.3143350604490501 0.046875 0.10362694300518134
0 0.2802734375 0.20552677029360966 0.064453125 0.12780656303972365
0 0.5400390625 0.8618307426597582 0.0986328125 0.19170984455958548
0 0.8330078125 0.022452504317789293 0.0361328125 0.044905008635578586
0 0.5498046875 0.03626943005181347 0.0458984375 0.07253886010362694
0 0.0498046875 0.12780656303972365 0.0703125 0.12435233160621761
0 0.2822265625 0.5198618307426598 0.087890625 0.18134715025906736
0 0.693359375 0.385146804835924 0.04296875 0.09844559585492228
0 0.7236328125 0.025906735751295335 0.04296875 0.05008635578583765
0 0.3359375 0.07426597582037997 0.04296875 0.1001727115716753
0 0.197265625 0.14162348877374784 0.0498046875 0.10189982728842832
0 0.427734375 0.40414507772020725 0.0712890625 0.13471502590673576
0 0.9521484375 0.05699481865284974 0.0390625 0.06735751295336788
0 0.888671875 0.02072538860103627 0.009765625 0.022452504317789293
0 0.8984375 0.03281519861830743 0.009765625 0.024179620034542316
0 0.9677734375 0.22452504317789293 0.03515625 0.08808290155440414
0 0.9833984375 0.23488773747841105 0.033203125 0.10189982728842832