0 0.025390625 0.38514442916093533 0.0380859375 0.07565337001375516
0 0.16796875 0.38514442916093533 0.03515625 0.07290233837689133
0 0.2294921875 0.3947730398899587 0.03515625 0.06464924346629987
0 0.330078125 0.5969738651994498 0.0341796875 0.06602475928473177
0 0.0908203125 0.405777166437414 0.03515625 0.06602475928473177
0 0.1298828125 0.38651994497936726 0.02734375 0.05364511691884457
0 0.1787109375 0.24896836313617607 0.021484375 0.04401650618982118
0 0.263671875 0.2627235213204952 0.025390625 0.05364511691884457
0 0.2333984375 0.2861072902338377 0.01953125 0.0453920220082531
0 0.2705078125 0.34800550206327374 0.0322265625 0.0687757909215956
0 0.3447265625 0.35900962861072905 0.0322265625 0.06464924346629987
0 0.3740234375 0.3631361760660248 0.0244140625 0.0577716643741403
0 0.357421875 0.22558459422283356 0.01953125 0.039889958734525444
0 0.4287109375 0.21595598349381018 0.01953125 0.04401650618982118
0 0.48828125 0.25034387895460797 0.0244140625 0.04401650618982118
0 0.560546875 0.2297111416781293 0.0244140625 0.0343878954607978
0 0.4345703125 0.38376891334250346 0.0283203125 0.0577716643741403
0 0.4638671875 0.37551581843191195 0.0302734375 0.061898211829436035
0 0.505859375 0.40027510316368636 0.0283203125 0.059147180192572216
0 0.5322265625 0.35488308115543327 0.025390625 0.04951856946354883
0 0.560546875 0.43191196698762035 0.033203125 0.06327372764786796
0 0.6259765625 0.22145804676753783 0.025390625 0.04264099037138927
0 0.6533203125 0.4030261348005502 0.025390625 0.06052269601100413
0 0.5986328125 0.40440165061898214 0.0302734375 0.05364511691884457
0 0.619140625 0.6134800550206327 0.033203125 0.059147180192572216
0 0.7294921875 0.4140302613480055 0.03515625 0.048143053645116916
0 0.80078125 0.41127922971114167 0.033203125 0.05639614855570839
0 0.8193359375 0.34800550206327374 0.0322265625 0.06052269601100413
0 0.9375 0.39614855570839064 0.03125 0.05639614855570839
0 0.9169921875 0.34800550206327374 0.0341796875 0.052269601100412656
0 0.763671875 0.24346629986244842 0.01953125 0.04264099037138927
0 0.689453125 0.2737276478679505 0.0234375 0.04264099037138927
0 0.6640625 0.3562585969738652 0.0263671875 0.04264099037138927
0 0.763671875 0.40027510316368636 0.0234375 0.0577716643741403
0 0.4970703125 0.5914718019257221 0.03125 0.06464924346629987
0 0.4052734375 0.3686382393397524 0.03125 0.05364511691884457
0 0.291015625 0.3603851444291609 0.017578125 0.05639614855570839