0 0.703125 0.19921875 0.0322265625 0.052083333333333336
0 0.794921875 0.4557291666666667 0.0224609375 0.044270833333333336
0 0.6396484375 0.4609375 0.025390625 0.0390625
0 0.46875 0.2565104166666667 0.0283203125 0.04296875
0 0.453125 0.5 0.0341796875 0.041666666666666664
0 0.3505859375 0.4713541666666667 0.0302734375 0.045572916666666664
0 0.408203125 0.4596354166666667 0.0224609375 0.036458333333333336
0 0.1806640625 0.3151041666666667 0.0302734375 0.045572916666666664
0 0.1279296875 0.44921875 0.033203125 0.04296875
0 0.2177734375 0.4830729166666667 0.021484375 0.0390625
0 0.0947265625 0.5520833333333334 0.0302734375 0.057291666666666664
0 0.4580078125 0.7473958333333334 0.05859375 0.08203125
0 0.1611328125 0.7903645833333334 0.03125 0.08854166666666667