0 0.794921875 0.5604606525911708 0.048828125 0.11516314779270634
0 0.87890625 0.46065259117082535 0.0341796875 0.08253358925143954
0 0.6142578125 0.5738963531669866 0.046875 0.10556621880998081
0 0.5615234375 0.4107485604606526 0.0439453125 0.1017274472168906
0 0.4697265625 0.4952015355086372 0.037109375 0.07485604606525911
0 0.4228515625 0.5623800383877159 0.0498046875 0.1017274472168906
0 0.3466796875 0.46449136276391556 0.037109375 0.1036468330134357
0 0.3056640625 0.46065259117082535 0.041015625 0.09596928982725528
0 0.4736328125 0.800383877159309 0.0595703125 0.11132437619961612
0 0.689453125 0.8963531669865643 0.083984375 0.14971209213051823
0 0.1689453125 0.5009596928982726 0.0380859375 0.0690978886756238
0 0.244140625 0.46833013435700577 0.03125 0.06525911708253358
0 0.0244140625 0.45873320537428025 0.0400390625 0.06333973128598848
0 0.076171875 0.6314779270633397 0.0361328125 0.07869481765834933
0 0.150390625 0.4069097888675624 0.0283203125 0.06525911708253358
0 0.2099609375 0.8330134357005758 0.0576171875 0.11324376199616124
0 0.1171875 0.7850287907869482 0.04296875 0.09021113243761997
0 0.470703125 0.9481765834932822 0.068359375 0.1017274472168906
0 0.9521484375 0.6391554702495201 0.0302734375 0.0690978886756238
0 0.0791015625 0.9213051823416507 0.1005859375 0.15547024952015356
0 0.73828125 0.4990403071017274 0.0341796875 0.09021113243761997