0 0.9794921875 0.5647743813682679 0.0283203125 0.06259097525473072
0 0.9736328125 0.6593886462882096 0.03125 0.07423580786026202
0 0.93359375 0.5749636098981077 0.0244140625 0.048034934497816595
0 0.8740234375 0.5618631732168851 0.021484375 0.03202328966521106
0 0.830078125 0.519650655021834 0.0166015625 0.026200873362445413
0 0.7998046875 0.5181950509461426 0.015625 0.024745269286754003
0 0.7431640625 0.5560407569141194 0.0146484375 0.036390101892285295
0 0.7705078125 0.5094614264919942 0.0146484375 0.021834061135371178
0 0.7109375 0.5211062590975255 0.013671875 0.03202328966521106
0 0.7314453125 0.5007278020378457 0.01171875 0.023289665211062592
0 0.7158203125 0.5909752547307132 0.0244140625 0.053857350800582245
0 0.6923828125 0.604075691411936 0.0244140625 0.05967976710334789
0 0.912109375 0.5545851528384279 0.0205078125 0.026200873362445413
0 0.666015625 0.5443959243085881 0.021484375 0.03784570596797671
0 0.6142578125 0.5385735080058224 0.015625 0.036390101892285295
0 0.5576171875 0.5385735080058224 0.0205078125 0.042212518195050945
0 0.515625 0.5851528384279476 0.025390625 0.050946142649199416
0 0.48828125 0.5662299854439592 0.015625 0.043668122270742356
0 0.408203125 0.6069868995633187 0.03515625 0.06695778748180495
0 0.41796875 0.4949053857350801 0.013671875 0.02911208151382824
0 0.3935546875 0.50509461426492 0.013671875 0.027656477438136828
0 0.4384765625 0.4978165938864629 0.0126953125 0.021834061135371178
0 0.482421875 0.5211062590975255 0.013671875 0.02911208151382824
0 0.4677734375 0.4890829694323144 0.009765625 0.01601164483260553
0 0.5771484375 0.5007278020378457 0.0126953125 0.027656477438136828
0 0.482421875 0.45997088791848617 0.0068359375 0.013100436681222707
0 0.4814453125 0.50509461426492 0.0126953125 0.020378457059679767
0 0.314453125 0.5560407569141194 0.021484375 0.043668122270742356
0 0.3310546875 0.5283842794759825 0.0107421875 0.027656477438136828
0 0.287109375 0.4992721979621543 0.0126953125 0.023289665211062592
0 0.2978515625 0.4774381368267831 0.009765625 0.020378457059679767
0 0.244140625 0.5007278020378457 0.013671875 0.03202328966521106
0 0.2470703125 0.5982532751091703 0.0419921875 0.07860262008733625
0 0.12890625 0.6346433770014556 0.0517578125 0.08151382823871907
0 0.18359375 0.5545851528384279 0.0166015625 0.046579330422125184
0 0.1962890625 0.5167394468704513 0.0185546875 0.033478893740902474
0 0.029296875 0.6317321688500728 0.0380859375 0.07423580786026202