0 0.7607421875 0.396969696969697 0.0185546875 0.03484848484848485
0 0.7294921875 0.30454545454545456 0.0087890625 0.016666666666666666
0 0.751953125 0.32575757575757575 0.0068359375 0.015151515151515152
0 0.796875 0.29848484848484846 0.0078125 0.012121212121212121
0 0.6298828125 0.30454545454545456 0.0087890625 0.016666666666666666
0 0.5888671875 0.3090909090909091 0.0078125 0.015151515151515152
0 0.5068359375 0.3242424242424242 0.0068359375 0.016666666666666666
0 0.4375 0.3196969696969697 0.0078125 0.01818181818181818
0 0.3232421875 0.4621212121212121 0.01953125 0.04090909090909091
0 0.1318359375 0.4409090909090909 0.0166015625 0.03636363636363636
0 0.4619140625 0.3181818181818182 0.0068359375 0.016666666666666666