0 0.0732421875 0.384 0.05078125 0.0928
0 0.1279296875 0.4656 0.0361328125 0.08
0 0.1630859375 0.4544 0.0302734375 0.0672
0 0.2060546875 0.4992 0.033203125 0.08
0 0.2529296875 0.5072 0.037109375 0.0752
0 0.3291015625 0.496 0.0341796875 0.0672
0 0.28515625 0.4832 0.033203125 0.0672
0 0.13671875 0.72 0.046875 0.0896
0 0.205078125 0.656 0.0439453125 0.088
0 0.416015625 0.4944 0.0390625 0.0752
0 0.3681640625 0.4544 0.033203125 0.0704
0 0.44921875 0.44 0.037109375 0.072
0 0.501953125 0.472 0.0380859375 0.0832
0 0.5126953125 0.3952 0.0341796875 0.064
0 0.55859375 0.4576 0.0322265625 0.0784
0 0.591796875 0.4976 0.0341796875 0.0688
0 0.6591796875 0.5072 0.037109375 0.0704
0 0.6123046875 0.4272 0.0302734375 0.0624
0 0.6884765625 0.4448 0.0283203125 0.072
0 0.7998046875 0.448 0.0361328125 0.0912
0 0.8837890625 0.4848 0.0390625 0.0848
0 0.951171875 0.4176 0.041015625 0.0944
0 0.859375 0.6256 0.046875 0.112
0 0.7939453125 0.7072 0.044921875 0.1056
0 0.7451171875 0.4928 0.02734375 0.0592
0 0.7548828125 0.6464 0.03515625 0.096
0 0.853515625 0.4784 0.0302734375 0.0912
0 0.419921875 0.4256 0.0263671875 0.0544