0 0.9677734375 0.38675213675213677 0.013671875 0.038461538461538464
0 0.9326171875 0.358974358974359 0.015625 0.049145299145299144
0 0.8662109375 0.3803418803418803 0.0126953125 0.042735042735042736
0 0.828125 0.3525641025641026 0.015625 0.04700854700854701
0 0.744140625 0.32905982905982906 0.015625 0.0405982905982906
0 0.6953125 0.3269230769230769 0.009765625 0.029914529914529916
0 0.650390625 0.3504273504273504 0.0068359375 0.017094017094017096
0 0.6044921875 0.3311965811965812 0.0048828125 0.014957264957264958
0 0.5283203125 0.28205128205128205 0.0107421875 0.038461538461538464
0 0.4111328125 0.28846153846153844 0.0087890625 0.027777777777777776
0 0.427734375 0.2692307692307692 0.0068359375 0.023504273504273504
0 0.3828125 0.28846153846153844 0.0078125 0.027777777777777776
0 0.3916015625 0.27564102564102566 0.0068359375 0.02564102564102564
0 0.3623046875 0.2799145299145299 0.0078125 0.02564102564102564
0 0.1064453125 0.21367521367521367 0.01171875 0.03418803418803419
0 0.1455078125 0.22008547008547008 0.0126953125 0.03418803418803419
0 0.2646484375 0.27136752136752135 0.01171875 0.027777777777777776
0 0.3046875 0.27350427350427353 0.0107421875 0.027777777777777776
0 0.052734375 0.18376068376068377 0.01171875 0.0405982905982906
0 0.013671875 0.19017094017094016 0.01171875 0.042735042735042736
0 0.0341796875 0.18376068376068377 0.0107421875 0.04700854700854701
0 0.5810546875 0.3247863247863248 0.0068359375 0.019230769230769232
0 0.5732421875 0.32264957264957267 0.0068359375 0.021367521367521368
0 0.615234375 0.3247863247863248 0.0068359375 0.019230769230769232
0 0.6357421875 0.33547008547008544 0.0068359375 0.019230769230769232
0 0.5478515625 0.3547008547008547 0.0068359375 0.027777777777777776
0 0.2060546875 0.2692307692307692 0.0078125 0.02564102564102564
0 0.47265625 0.32051282051282054 0.0078125 0.017094017094017096
0 0.4765625 0.31196581196581197 0.005859375 0.017094017094017096
0 0.486328125 0.3269230769230769 0.0087890625 0.02564102564102564
0 0.4013671875 0.2670940170940171 0.0068359375 0.021367521367521368
0 0.439453125 0.2799145299145299 0.009765625 0.029914529914529916