0 0.1435546875 0.1990521327014218 0.0234375 0.044233807266982623
0 0.1044921875 0.26224328593996843 0.029296875 0.053712480252764615
0 0.1826171875 0.3001579778830964 0.025390625 0.05055292259083728
0 0.2138671875 0.2669826224328594 0.021484375 0.044233807266982623
0 0.291015625 0.2353870458135861 0.0234375 0.04107424960505529
0 0.3671875 0.28278041074249605 0.0234375 0.04739336492890995
0 0.4111328125 0.3175355450236967 0.0234375 0.053712480252764615
0 0.4404296875 0.22432859399684044 0.021484375 0.045813586097946286
0 0.474609375 0.3285939968404423 0.0234375 0.04739336492890995
0 0.396484375 0.3949447077409163 0.025390625 0.05055292259083728
0 0.31640625 0.4218009478672986 0.025390625 0.05687203791469194
0 0.2646484375 0.3127962085308057 0.0244140625 0.05055292259083728
0 0.23828125 0.43601895734597157 0.0263671875 0.052132701421800945
0 0.326171875 0.33965244865718797 0.0224609375 0.04739336492890995
0 0.158203125 0.4344391785150079 0.0263671875 0.05687203791469194
0 0.142578125 0.5039494470774092 0.03125 0.05845181674565561
0 0.330078125 0.5292259083728278 0.02734375 0.05845181674565561
0 0.4169921875 0.5434439178515008 0.03125 0.05529225908372828
0 0.2333984375 0.5402843601895735 0.0283203125 0.0631911532385466
0 0.056640625 0.4834123222748815 0.03125 0.06003159557661927
0 0.580078125 0.24644549763033174 0.0224609375 0.03949447077409163
0 0.6513671875 0.2717219589257504 0.0205078125 0.04265402843601896
0 0.6669921875 0.3175355450236967 0.0244140625 0.05055292259083728
0 0.7470703125 0.330173775671406 0.0244140625 0.045813586097946286
0 0.7265625 0.22748815165876776 0.021484375 0.03949447077409163
0 0.7919921875 0.4060031595576619 0.0244140625 0.053712480252764615
0 0.5888671875 0.5055292259083728 0.0263671875 0.05845181674565561
0 0.673828125 0.5229067930489731 0.0283203125 0.05529225908372828
0 0.6826171875 0.42022116903633494 0.0224609375 0.04739336492890995
0 0.771484375 0.5118483412322274 0.025390625 0.06003159557661927
0 0.8701171875 0.5071090047393365 0.0283203125 0.05529225908372828
0 0.57421875 0.4344391785150079 0.0244140625 0.05529225908372828
0 0.4912109375 0.41390205371248023 0.0283203125 0.052132701421800945
0 0.5029296875 0.5655608214849921 0.02734375 0.06003159557661927
0 0.58984375 0.320695102685624 0.0244140625 0.04739336492890995
0 0.5068359375 0.22906793048973143 0.0234375 0.052132701421800945