0 0.1982421875 0.2807017543859649 0.076171875 0.1476608187134503
0 0.1396484375 0.059941520467836254 0.0458984375 0.0847953216374269
0 0.224609375 0.03216374269005848 0.0283203125 0.05116959064327485
0 0.2939453125 0.10526315789473684 0.0361328125 0.06725146198830409
0 0.8310546875 0.24707602339181287 0.0361328125 0.06871345029239766
0 0.6416015625 0.07602339181286549 0.015625 0.03508771929824561
0 0.724609375 0.07017543859649122 0.0166015625 0.03216374269005848
0 0.84765625 0.1067251461988304 0.0234375 0.043859649122807015
0 0.783203125 0.13450292397660818 0.01953125 0.04824561403508772
0 0.8740234375 0.21052631578947367 0.03125 0.07456140350877193
0 0.9072265625 0.20175438596491227 0.02734375 0.06432748538011696
0 0.69921875 0.2222222222222222 0.0419921875 0.0891812865497076
0 0.576171875 0.20906432748538012 0.0400390625 0.10526315789473684
0 0.3271484375 0.05555555555555555 0.0302734375 0.054093567251461985
0 0.41015625 0.06432748538011696 0.0234375 0.04532163742690058
0 0.4560546875 0.34502923976608185 0.05078125 0.1067251461988304
0 0.50390625 0.06871345029239766 0.0185546875 0.04093567251461988
0 0.8330078125 0.24707602339181287 0.033203125 0.06871345029239766
0 0.6865234375 0.08187134502923976 0.015625 0.029239766081871343
0 0.56640625 0.05701754385964912 0.0205078125 0.039473684210526314