0 0.013671875 0.22796934865900384 0.015625 0.05172413793103448
0 0.0712890625 0.2471264367816092 0.013671875 0.038314176245210725
0 0.056640625 0.18007662835249041 0.013671875 0.04789272030651341
0 0.0849609375 0.1839080459770115 0.015625 0.038314176245210725
0 0.1123046875 0.18582375478927204 0.01953125 0.038314176245210725
0 0.150390625 0.18007662835249041 0.015625 0.03065134099616858
0 0.1923828125 0.1839080459770115 0.017578125 0.038314176245210725
0 0.2333984375 0.18007662835249041 0.0126953125 0.03639846743295019
0 0.263671875 0.14559386973180077 0.0166015625 0.03065134099616858
0 0.2919921875 0.1685823754789272 0.009765625 0.03065134099616858
0 0.3310546875 0.1743295019157088 0.009765625 0.02490421455938697
0 0.36328125 0.1685823754789272 0.01171875 0.03065134099616858
0 0.4111328125 0.15708812260536398 0.009765625 0.022988505747126436
0 0.4140625 0.1111111111111111 0.01171875 0.02490421455938697
0 0.435546875 0.1360153256704981 0.0087890625 0.02490421455938697
0 0.458984375 0.15708812260536398 0.0078125 0.022988505747126436
0 0.4921875 0.09770114942528736 0.0107421875 0.03065134099616858
0 0.515625 0.16091954022988506 0.0107421875 0.02490421455938697
0 0.5732421875 0.11685823754789272 0.01171875 0.034482758620689655
0 0.544921875 0.09195402298850575 0.013671875 0.03065134099616858
0 0.6064453125 0.10153256704980843 0.01171875 0.02681992337164751
0 0.6025390625 0.16091954022988506 0.0107421875 0.022988505747126436
0 0.65234375 0.08812260536398467 0.0009765625 0.0
0 0.6572265625 0.10344827586206896 0.0126953125 0.03065134099616858
0 0.6435546875 0.15134099616858238 0.0107421875 0.022988505747126436
0 0.6728515625 0.1475095785440613 0.0087890625 0.017241379310344827
0 0.69921875 0.13409961685823754 0.0087890625 0.022988505747126436
0 0.748046875 0.07088122605363985 0.013671875 0.032567049808429116
0 0.75 0.15900383141762453 0.0126953125 0.028735632183908046
0 0.77734375 0.07088122605363985 0.0126953125 0.032567049808429116
0 0.8056640625 0.09578544061302682 0.0146484375 0.03639846743295019
0 0.783203125 0.1360153256704981 0.0126953125 0.03639846743295019
0 0.8388671875 0.14367816091954022 0.0166015625 0.034482758620689655
0 0.87109375 0.09578544061302682 0.0126953125 0.032567049808429116
0 0.873046875 0.19731800766283525 0.01171875 0.02681992337164751
0 0.97265625 0.17049808429118773 0.0166015625 0.038314176245210725
0 0.9189453125 0.13984674329501914 0.0107421875 0.032567049808429116
0 0.919921875 0.19348659003831417 0.0126953125 0.03639846743295019
0 0.0654296875 0.1475095785440613 0.0166015625 0.034482758620689655
0 0.798828125 0.14367816091954022 0.0107421875 0.028735632183908046
0 0.8583984375 0.15134099616858238 0.013671875 0.028735632183908046