0 0.7021484375 0.51171875 0.068359375 0.12630208333333334
0 0.6083984375 0.5091145833333334 0.0615234375 0.109375
0 0.6083984375 0.3229166666666667 0.056640625 0.10546875
0 0.712890625 0.4205729166666667 0.0537109375 0.08984375
0 0.474609375 0.5325520833333334 0.06640625 0.11848958333333333
0 0.4189453125 0.4830729166666667 0.0546875 0.09375
0 0.4619140625 0.3958333333333333 0.046875 0.07682291666666667
0 0.3388671875 0.4895833333333333 0.052734375 0.10416666666666667
0 0.29296875 0.3958333333333333 0.044921875 0.08072916666666667
0 0.2431640625 0.4765625 0.0556640625 0.1015625
0 0.169921875 0.47265625 0.0478515625 0.09114583333333333
0 0.08984375 0.4934895833333333 0.0576171875 0.09505208333333333