0 0.546875 0.4307004470938897 0.0458984375 0.10283159463487332
0 0.677734375 0.5573770491803278 0.033203125 0.06557377049180328
0 0.8779296875 0.6274217585692996 0.1025390625 0.22503725782414308
0 0.251953125 0.7168405365126677 0.01953125 0.046199701937406856
0 0.404296875 0.698956780923994 0.0185546875 0.041728763040238454
0 0.0810546875 0.7242921013412816 0.0166015625 0.028315946348733235
0 0.0263671875 0.7347242921013413 0.0107421875 0.020864381520119227
0 0.2001953125 0.6810730253353204 0.0078125 0.01788375558867362
0 0.6708984375 0.6453055141579732 0.0146484375 0.02384500745156483
0 0.1748046875 0.684053651266766 0.0078125 0.014903129657228018
0 0.09765625 0.6631892697466468 0.0498046875 0.09090909090909091