0 0.408203125 0.3601756954612006 0.0048828125 0.010248901903367497
0 0.4228515625 0.35431918008784774 0.0068359375 0.010248901903367497
0 0.4326171875 0.3528550512445095 0.005859375 0.008784773060029283
0 0.484375 0.4055636896046852 0.013671875 0.021961932650073207
0 0.5498046875 0.38945827232796487 0.01171875 0.01903367496339678
0 0.51953125 0.40702781844802344 0.0078125 0.010248901903367497
0 0.634765625 0.3528550512445095 0.015625 0.03074670571010249
0 0.6298828125 0.39092240117130306 0.017578125 0.03367496339677892
0 0.75390625 0.37481698389458273 0.009765625 0.017569546120058566
0 0.9951171875 0.363103953147877 0.009765625 0.024890190336749635
0 0.9287109375 0.4084919472913616 0.005859375 0.008784773060029283
0 0.8642578125 0.41142020497803805 0.0048828125 0.007320644216691069
0 0.21875 0.4011713030746706 0.0068359375 0.013177159590043924
0 0.2470703125 0.4084919472913616 0.0078125 0.01171303074670571
0 0.115234375 0.3411420204978038 0.0078125 0.013177159590043924
0 0.13671875 0.3850658857979502 0.0068359375 0.01171303074670571
0 0.15625 0.3718887262079063 0.0078125 0.01171303074670571
0 0.1796875 0.4128843338213763 0.0068359375 0.01171303074670571
0 0.15625 0.40702781844802344 0.0068359375 0.01171303074670571
0 0.1552734375 0.44216691068814057 0.01171875 0.017569546120058566
0 0.119140625 0.5344070278184481 0.0126953125 0.016105417276720352
0 0.1884765625 0.486090775988287 0.009765625 0.016105417276720352
0 0.26953125 0.46266471449487556 0.0078125 0.013177159590043924
0 0.2451171875 0.42313323572474376 0.0107421875 0.017569546120058566
0 0.328125 0.38799414348462663 0.0107421875 0.020497803806734993
0 0.3603515625 0.4699853587115666 0.005859375 0.013177159590043924
0 0.27734375 0.4055636896046852 0.0068359375 0.01171303074670571
0 0.2841796875 0.3762811127379209 0.0048828125 0.008784773060029283
0 0.2958984375 0.383601756954612 0.0068359375 0.010248901903367497
0 0.2666015625 0.37042459736456806 0.005859375 0.01171303074670571
0 0.2431640625 0.3718887262079063 0.0068359375 0.01171303074670571
0 0.255859375 0.3206442166910688 0.005859375 0.010248901903367497
0 0.21484375 0.3528550512445095 0.0068359375 0.008784773060029283
0 0.205078125 0.34699853587115664 0.005859375 0.008784773060029283
0 0.2158203125 0.31771595900439237 0.0068359375 0.010248901903367497
0 0.3037109375 0.3279648609077599 0.0048828125 0.008784773060029283
0 0.34375 0.3396778916544656 0.0048828125 0.010248901903367497
0 0.3642578125 0.3513909224011713 0.0068359375 0.008784773060029283
0 0.37890625 0.383601756954612 0.005859375 0.007320644216691069
0 0.38671875 0.3821376281112738 0.005859375 0.010248901903367497
0 0.0693359375 0.6222547584187409 0.0205078125 0.07027818448023426
0 0.5576171875 0.3440702781844802 0.0078125 0.01171303074670571
0 0.7783203125 0.39824304538799415 0.005859375 0.010248901903367497
0 0.0087890625 0.37481698389458273 0.0087890625 0.010248901903367497
0 0.3388671875 0.40702781844802344 0.0087890625 0.013177159590043924
0 0.3359375 0.38799414348462663 0.0087890625 0.013177159590043924
0 0.466796875 0.32650073206442165 0.00390625 0.008784773060029283
0 0.0263671875 0.5300146412884333 0.0107421875 0.01903367496339678
0 0.4638671875 0.3967789165446559 0.005859375 0.010248901903367497
0 0.7978515625 0.36749633967789164 0.009765625 0.01903367496339678
0 0.830078125 0.42313323572474376 0.0048828125 0.007320644216691069