0 0.0859375 0.30892857142857144 0.0341796875 0.09107142857142857
0 0.091796875 0.6732142857142858 0.0576171875 0.12857142857142856
0 0.3349609375 0.8642857142857143 0.0791015625 0.11964285714285715
0 0.4580078125 0.5839285714285715 0.048828125 0.11607142857142858
0 0.6953125 0.625 0.0537109375 0.12857142857142856
0 0.8193359375 0.44821428571428573 0.037109375 0.09285714285714286
0 0.427734375 0.30892857142857144 0.0380859375 0.07142857142857142
0 0.5224609375 0.3678571428571429 0.03515625 0.06785714285714285
0 0.58203125 0.3267857142857143 0.029296875 0.06428571428571428
0 0.5830078125 0.46964285714285714 0.0361328125 0.1
0 0.6748046875 0.41964285714285715 0.0341796875 0.10178571428571428
0 0.21875 0.5017857142857143 0.044921875 0.12142857142857143
0 0.271484375 0.3875 0.0390625 0.09285714285714286
0 0.2265625 0.2892857142857143 0.02734375 0.05714285714285714
0 0.26953125 0.24642857142857144 0.02734375 0.07321428571428572
0 0.3291015625 0.2571428571428571 0.0224609375 0.055357142857142855
0 0.8515625 0.2732142857142857 0.0302734375 0.06785714285714285
0 0.7841796875 0.32321428571428573 0.03515625 0.09107142857142857
0 0.6943359375 0.19464285714285715 0.0234375 0.048214285714285716
0 0.0634765625 0.2 0.025390625 0.05
0 0.1318359375 0.20892857142857144 0.01953125 0.05178571428571429
0 0.1591796875 0.14642857142857144 0.017578125 0.044642857142857144
0 0.1748046875 0.13214285714285715 0.0146484375 0.04285714285714286
0 0.1279296875 0.1125 0.0205078125 0.04107142857142857
0 0.0810546875 0.10892857142857143 0.015625 0.04285714285714286
0 0.208984375 0.22321428571428573 0.021484375 0.05178571428571429
0 0.287109375 0.2125 0.0224609375 0.048214285714285716
0 0.3134765625 0.15535714285714286 0.021484375 0.05892857142857143
0 0.337890625 0.18035714285714285 0.0185546875 0.05
0 0.3330078125 0.08928571428571429 0.0146484375 0.04285714285714286
0 0.3798828125 0.1 0.015625 0.039285714285714285
0 0.3935546875 0.15535714285714286 0.0185546875 0.04285714285714286
0 0.42578125 0.16607142857142856 0.0205078125 0.048214285714285716
0 0.443359375 0.1125 0.013671875 0.04642857142857143
0 0.4892578125 0.1 0.0126953125 0.03214285714285714
0 0.4931640625 0.19107142857142856 0.015625 0.04285714285714286
0 0.51171875 0.1732142857142857 0.0166015625 0.039285714285714285
0 0.53125 0.1392857142857143 0.017578125 0.033928571428571426
0 0.55078125 0.175 0.0185546875 0.04107142857142857
0 0.5849609375 0.175 0.0205078125 0.044642857142857144
0 0.576171875 0.25535714285714284 0.025390625 0.055357142857142855
0 0.5126953125 0.23392857142857143 0.025390625 0.05714285714285714
0 0.5654296875 0.12678571428571428 0.0126953125 0.03571428571428571
0 0.6279296875 0.125 0.0166015625 0.044642857142857144
0 0.6513671875 0.10357142857142858 0.017578125 0.0375
0 0.6962890625 0.13214285714285715 0.0185546875 0.0375
0 0.7265625 0.09821428571428571 0.015625 0.0375
0 0.7607421875 0.08214285714285714 0.013671875 0.03571428571428571
0 0.7783203125 0.08392857142857142 0.015625 0.0375
0 0.7783203125 0.16785714285714284 0.0244140625 0.05
0 0.775390625 0.25535714285714284 0.0244140625 0.060714285714285714
0 0.9296875 0.14285714285714285 0.017578125 0.048214285714285716
0 0.8564453125 0.14821428571428572 0.0185546875 0.05
0 0.8251953125 0.12321428571428572 0.013671875 0.033928571428571426
0 0.94921875 0.33035714285714285 0.0322265625 0.06964285714285715
0 0.671875 0.20892857142857144 0.01953125 0.04107142857142857
0 0.2294921875 0.4375 0.0419921875 0.07142857142857142