0 0.3291015625 0.2555066079295154 0.0166015625 0.030837004405286344
0 0.171875 0.21292217327459617 0.0205078125 0.042584434654919234
0 0.0693359375 0.0763582966226138 0.01171875 0.024963289280469897
0 0.1181640625 0.12481644640234948 0.0185546875 0.030837004405286344
0 0.16015625 0.1262848751835536 0.0166015625 0.027900146842878122
0 0.1083984375 0.23788546255506607 0.0302734375 0.04552129221732746
0 0.046875 0.19970631424375918 0.0361328125 0.06020558002936858
0 0.0419921875 0.2790014684287812 0.046875 0.08076358296622614
0 0.16796875 0.26725403817914833 0.0341796875 0.06607929515418502
0 0.212890625 0.33627019089574156 0.0419921875 0.06607929515418502
0 0.271484375 0.2687224669603524 0.0283203125 0.048458149779735685
0 0.302734375 0.23494860499265785 0.021484375 0.042584434654919234
0 0.216796875 0.1644640234948605 0.0107421875 0.032305433186490456
0 0.2265625 0.16299559471365638 0.015625 0.033773861967694566
0 0.1015625 0.11600587371512482 0.0126953125 0.02936857562408223
0 0.044921875 0.1013215859030837 0.0126953125 0.027900146842878122
0 0.013671875 0.08957415565345081 0.01171875 0.027900146842878122
0 0.2890625 0.18502202643171806 0.0146484375 0.022026431718061675
0 0.2353515625 0.30983847283406757 0.0283203125 0.05433186490455213
0 0.2578125 0.17180616740088106 0.0107421875 0.01908957415565345
0 0.4755859375 0.1762114537444934 0.0166015625 0.030837004405286344
0 0.5185546875 0.19823788546255505 0.0234375 0.048458149779735685
0 0.470703125 0.23494860499265785 0.0185546875 0.030837004405286344
0 0.4228515625 0.302496328928047 0.0244140625 0.04405286343612335
0 0.447265625 0.35829662261380324 0.033203125 0.055800293685756244
0 0.4140625 0.34508076358296624 0.017578125 0.039647577092511016
0 0.5234375 0.36270190895741555 0.02734375 0.04405286343612335
0 0.376953125 0.11894273127753303 0.015625 0.024963289280469897
0 0.5712890625 0.3891336270190896 0.0224609375 0.033773861967694566
0 0.6123046875 0.39941262848751835 0.0234375 0.04405286343612335
0 0.6416015625 0.37151248164464024 0.01953125 0.027900146842878122
0 0.6640625 0.4199706314243759 0.0205078125 0.03524229074889868
0 0.736328125 0.4199706314243759 0.021484375 0.0381791483113069
0 0.5869140625 0.49045521292217326 0.0361328125 0.0631424375917768
0 0.9208984375 0.44052863436123346 0.0224609375 0.04405286343612335
0 0.802734375 0.2966226138032305 0.0205078125 0.03524229074889868
0 0.962890625 0.6284875183553598 0.0400390625 0.06020558002936858
0 0.9072265625 0.6387665198237885 0.0380859375 0.06167400881057269
0 0.8544921875 0.6196769456681351 0.0390625 0.05873715124816446
0 0.814453125 0.5491923641703378 0.03125 0.05286343612334802
0 0.74609375 0.5389133627019089 0.0263671875 0.041116005873715125
0 0.759765625 0.5227606461086637 0.0205078125 0.05873715124816446
0 0.7822265625 0.6402349486049926 0.041015625 0.07782672540381791
0 0.7099609375 0.6079295154185022 0.0361328125 0.07488986784140969
0 0.638671875 0.6064610866372981 0.0517578125 0.10719530102790015
0 0.5771484375 0.580029368575624 0.056640625 0.08516886930983847
0 0.5478515625 0.4787077826725404 0.03125 0.05726872246696035
0 0.32421875 0.28634361233480177 0.01953125 0.041116005873715125
0 0.4580078125 0.6196769456681351 0.0654296875 0.12481644640234948
0 0.283203125 0.3744493392070485 0.0625 0.10425844346549193
0 0.8779296875 0.5110132158590308 0.0224609375 0.048458149779735685
0 0.4970703125 0.5756240822320118 0.0576171875 0.12187958883994127
0 0.142578125 0.44493392070484583 0.064453125 0.08370044052863436
0 0.185546875 0.2540381791483113 0.01953125 0.041116005873715125