0 0.05078125 0.3484848484848485 0.0146484375 0.028925619834710745
0 0.09375 0.45041322314049587 0.0419921875 0.07575757575757576
0 0.0966796875 0.3333333333333333 0.0126953125 0.01790633608815427
0 0.2451171875 0.5426997245179064 0.0478515625 0.08539944903581267
0 0.2568359375 0.453168044077135 0.0400390625 0.05647382920110193
0 0.384765625 0.5247933884297521 0.041015625 0.06060606060606061
0 0.4697265625 0.4889807162534435 0.0380859375 0.05922865013774105
0 0.4384765625 0.7107438016528925 0.0537109375 0.08677685950413223
0 0.8857421875 0.30165289256198347 0.099609375 0.1652892561983471
0 0.1396484375 0.39807162534435264 0.0126953125 0.01928374655647383
0 0.1416015625 0.33608815426997246 0.0146484375 0.02203856749311295
0 0.02734375 0.2741046831955923 0.009765625 0.01790633608815427
0 0.0810546875 0.29614325068870523 0.0068359375 0.012396694214876033