0 0.3984375 0.455078125 0.0078125 0.0087890625
0 0.3251953125 0.41015625 0.0078125 0.0078125
0 0.1171875 0.44921875 0.0087890625 0.0107421875
0 0.0888671875 0.44921875 0.0087890625 0.01171875
0 0.0029296875 0.4384765625 0.005859375 0.0185546875
0 0.0283203125 0.4560546875 0.0087890625 0.01171875
0 0.0400390625 0.447265625 0.0078125 0.0126953125
0 0.0517578125 0.4384765625 0.0068359375 0.0087890625
0 0.2373046875 0.7109375 0.009765625 0.0126953125
0 0.2373046875 0.673828125 0.0087890625 0.009765625
0 0.2041015625 0.673828125 0.0078125 0.009765625
0 0.1162109375 0.7119140625 0.0068359375 0.0107421875
0 0.2978515625 0.6904296875 0.0078125 0.0087890625
0 0.4619140625 0.7255859375 0.0087890625 0.01171875
0 0.4794921875 0.7109375 0.0078125 0.0087890625
0 0.482421875 0.7255859375 0.005859375 0.009765625
0 0.400390625 0.7138671875 0.0087890625 0.0107421875
0 0.3515625 0.73828125 0.009765625 0.01171875
0 0.3984375 0.828125 0.0146484375 0.0205078125
0 0.529296875 0.7978515625 0.0126953125 0.015625
0 0.517578125 0.7939453125 0.01171875 0.013671875
0 0.4970703125 0.734375 0.0107421875 0.01171875
0 0.5263671875 0.7236328125 0.009765625 0.0146484375
0 0.5439453125 0.7197265625 0.0087890625 0.0078125
0 0.5078125 0.7255859375 0.005859375 0.0078125
0 0.46484375 0.75390625 0.0087890625 0.0087890625
0 0.4638671875 0.779296875 0.01171875 0.0166015625
0 0.3271484375 0.720703125 0.009765625 0.01171875
0 0.439453125 0.7236328125 0.0087890625 0.01171875
0 0.390625 0.736328125 0.0087890625 0.009765625
0 0.7900390625 0.689453125 0.0078125 0.009765625
0 0.5927734375 0.7587890625 0.009765625 0.009765625
0 0.6123046875 0.7314453125 0.0078125 0.0107421875
0 0.5888671875 0.728515625 0.0078125 0.0107421875
0 0.580078125 0.71484375 0.0078125 0.0107421875
0 0.7705078125 0.7177734375 0.0087890625 0.009765625
0 0.640625 0.71484375 0.0087890625 0.0107421875
0 0.6416015625 0.73046875 0.009765625 0.01171875
0 0.587890625 0.7783203125 0.0078125 0.013671875
0 0.7529296875 0.7236328125 0.0078125 0.009765625
0 0.9931640625 0.703125 0.009765625 0.0107421875
0 0.927734375 0.7021484375 0.0078125 0.0087890625
0 0.8642578125 0.7001953125 0.0078125 0.0078125
0 0.966796875 0.6845703125 0.0078125 0.0078125
0 0.79296875 0.72265625 0.0107421875 0.0107421875
0 0.8046875 0.7236328125 0.0078125 0.009765625
0 0.82421875 0.728515625 0.0078125 0.0087890625
0 0.8837890625 0.76953125 0.0087890625 0.0107421875
0 0.98828125 0.7783203125 0.013671875 0.0126953125
0 0.953125 0.7841796875 0.0107421875 0.01171875
0 0.986328125 0.8251953125 0.009765625 0.0107421875
0 0.9560546875 0.8564453125 0.017578125 0.015625
0 0.9111328125 0.6982421875 0.0068359375 0.0087890625
0 0.7119140625 0.7197265625 0.0078125 0.0087890625
0 0.6728515625 0.71875 0.0078125 0.01171875
0 0.615234375 0.7734375 0.0087890625 0.0126953125
0 0.6923828125 0.7607421875 0.0068359375 0.0087890625
0 0.298828125 0.7197265625 0.0078125 0.0107421875
0 0.63671875 0.884765625 0.0244140625 0.0390625
0 0.62109375 0.865234375 0.0205078125 0.0263671875