0 0.09375 0.6702619414483821 0.0390625 0.05701078582434515
0 0.154296875 0.613251155624037 0.0341796875 0.060092449922958396
0 0.25390625 0.5793528505392912 0.04296875 0.05855161787365177
0 0.2578125 0.674884437596302 0.041015625 0.06933744221879815
0 0.208984375 0.7704160246533128 0.0458984375 0.08166409861325115
0 0.1611328125 0.7134052388289677 0.04296875 0.07550077041602465
0 0.1611328125 0.8952234206471494 0.0517578125 0.0847457627118644
0 0.0634765625 0.7996918335901386 0.041015625 0.07550077041602465
0 0.2744140625 0.9553158705701078 0.0517578125 0.08782742681047766
0 0.3955078125 0.8597842835130971 0.046875 0.08166409861325115
0 0.5009765625 0.6656394453004623 0.037109375 0.07395993836671803
0 0.365234375 0.687211093990755 0.0390625 0.06317411402157165
0 0.3134765625 0.7026194144838213 0.0419921875 0.061633281972265024
0 0.1826171875 0.8443759630200308 0.044921875 0.06779661016949153
0 0.017578125 0.6486902927580893 0.03515625 0.06471494607087827
0 0.0185546875 0.7411402157164869 0.0380859375 0.0662557781201849
0 0.046875 0.5901386748844376 0.02734375 0.06471494607087827
0 0.0263671875 0.6147919876733436 0.0341796875 0.060092449922958396
0 0.5908203125 0.7134052388289677 0.0439453125 0.08012326656394453
0 0.1240234375 0.5685670261941448 0.0361328125 0.05084745762711865
0 0.2060546875 0.5439137134052389 0.0322265625 0.05701078582434515
0 0.369140625 0.5562403697996918 0.0380859375 0.061633281972265024
0 0.3017578125 0.5608628659476117 0.03515625 0.053929121725731895
0 0.328125 0.50231124807396 0.0322265625 0.05855161787365177
0 0.3759765625 0.5100154083204931 0.03515625 0.05238828967642527
0 0.462890625 0.5208012326656395 0.0361328125 0.05701078582434515
0 0.44921875 0.6656394453004623 0.03515625 0.06779661016949153
0 0.3798828125 0.6425269645608629 0.033203125 0.053929121725731895
0 0.5390625 0.5115562403697997 0.0322265625 0.053929121725731895
0 0.1748046875 0.5115562403697997 0.029296875 0.04930662557781202
0 0.5 0.963020030816641 0.0517578125 0.07395993836671803
0 0.6015625 0.9522342064714946 0.03125 0.09090909090909091
0 0.701171875 0.9291217257318952 0.0576171875 0.09090909090909091
0 0.759765625 0.8613251155624037 0.0361328125 0.0970724191063174
0 0.8603515625 0.9661016949152542 0.048828125 0.06779661016949153
0 0.603515625 0.5639445300462249 0.037109375 0.06933744221879815
0 0.7294921875 0.5485362095531587 0.0380859375 0.06933744221879815
0 0.7705078125 0.6332819722650231 0.04296875 0.06317411402157165
0 0.625 0.6687211093990755 0.037109375 0.06317411402157165
0 0.765625 0.5423728813559322 0.0322265625 0.060092449922958396
0 0.875 0.559322033898305 0.0390625 0.06317411402157165
0 0.8515625 0.7935285053929122 0.048828125 0.08166409861325115
0 0.916015625 0.7103235747303543 0.0439453125 0.06471494607087827
0 0.9853515625 0.8613251155624037 0.029296875 0.08320493066255778
0 0.857421875 0.7395993836671803 0.0390625 0.061633281972265024
0 0.8828125 0.6841294298921418 0.02734375 0.06779661016949153
0 0.70703125 0.5192604006163328 0.03125 0.05701078582434515
0 0.908203125 0.4406779661016949 0.029296875 0.04776579352850539
0 0.990234375 0.38212634822804314 0.01953125 0.05238828967642527
0 0.9775390625 0.3312788906009245 0.01953125 0.03543913713405239
0 0.9228515625 0.325115562403698 0.021484375 0.040061633281972264
0 0.9345703125 0.5100154083204931 0.03125 0.053929121725731895
0 0.88671875 0.50231124807396 0.02734375 0.04468412942989214
0 0.94140625 0.5839753466872111 0.0302734375 0.04776579352850539
0 0.96484375 0.674884437596302 0.0361328125 0.05855161787365177
0 0.9052734375 0.6348228043143297 0.0302734375 0.040061633281972264
0 0.951171875 0.4591679506933744 0.0263671875 0.03852080123266564
0 0.794921875 0.5439137134052389 0.0166015625 0.03543913713405239
0 0.701171875 0.46687211093990755 0.0244140625 0.040061633281972264
0 0.6279296875 0.5130970724191063 0.0283203125 0.053929121725731895
0 0.583984375 0.4637904468412943 0.025390625 0.026194144838212634
0 0.7900390625 0.48536209553158705 0.0185546875 0.03543913713405239
0 0.232421875 0.4869029275808937 0.029296875 0.05701078582434515
0 0.3115234375 0.4699537750385208 0.029296875 0.04160246533127889
0 0.3564453125 0.4714946070878274 0.0263671875 0.04314329738058552
0 0.4091796875 0.48228043143297383 0.0283203125 0.03852080123266564
0 0.099609375 0.49768875192604006 0.0263671875 0.04930662557781202
0 0.0068359375 0.5562403697996918 0.013671875 0.05084745762711865
0 0.009765625 0.5069337442218799 0.0205078125 0.05546995377503852
0 0.05859375 0.41294298921417566 0.021484375 0.029275808936825885
0 0.0048828125 0.36517719568567025 0.0107421875 0.03697996918335902
0 0.119140625 0.4776579352850539 0.01953125 0.030816640986132512
0 0.4072265625 0.17719568567026195 0.0087890625 0.01078582434514638
0 0.4248046875 0.17411402157164868 0.0068359375 0.01078582434514638
0 0.76953125 0.13405238828967642 0.0078125 0.009244992295839754
0 0.689453125 0.4576271186440678 0.0166015625 0.03543913713405239
0 0.970703125 0.4530046224961479 0.025390625 0.05546995377503852
0 0.4775390625 0.4869029275808937 0.029296875 0.05855161787365177
0 0.130859375 0.6933744221879815 0.033203125 0.06471494607087827
0 0.07421875 0.5670261941448382 0.03125 0.06317411402157165
0 0.0205078125 0.827426810477658 0.0419921875 0.07550077041602465