0 0.09375 0.32360742705570295 0.033203125 0.04376657824933687
0 0.21484375 0.3169761273209549 0.017578125 0.029177718832891247
0 0.27734375 0.3090185676392573 0.02734375 0.04774535809018567
0 0.310546875 0.2718832891246684 0.021484375 0.03580901856763926
0 0.013671875 0.42838196286472147 0.015625 0.026525198938992044
0 0.392578125 0.3156498673740053 0.015625 0.026525198938992044
0 0.4072265625 0.25596816976127323 0.0146484375 0.021220159151193633
0 0.470703125 0.32360742705570295 0.013671875 0.023872679045092837
0 0.578125 0.3076923076923077 0.0380859375 0.05702917771883289
0 0.623046875 0.29045092838196285 0.0263671875 0.04907161803713528
0 0.765625 0.2519893899204244 0.03125 0.05172413793103448
0 0.8125 0.28249336870026526 0.03515625 0.07029177718832891
0 0.740234375 0.259946949602122 0.0166015625 0.029177718832891247
0 0.876953125 0.26525198938992045 0.017578125 0.03580901856763926
0 0.91015625 0.2493368700265252 0.0166015625 0.033156498673740056
0 0.9912109375 0.2612732095490716 0.015625 0.026525198938992044
0 0.990234375 0.29442970822281167 0.0146484375 0.026525198938992044