0 0.3173828125 0.6339677891654466 0.056640625 0.1171303074670571
0 0.142578125 0.6559297218155198 0.05078125 0.09956076134699854
0 0.072265625 0.746705710102489 0.0625 0.10980966325036604
0 0.3564453125 0.7920937042459737 0.0654296875 0.12884333821376281
0 0.25390625 0.6207906295754027 0.033203125 0.06442166910688141
0 0.26953125 0.5651537335285505 0.0263671875 0.06442166910688141
0 0.474609375 0.8462664714494875 0.0908203125 0.25768667642752563
0 0.5439453125 0.4699853587115666 0.0634765625 0.13177159590043924
0 0.72265625 0.5622254758418741 0.08203125 0.17715959004392387
0 0.9013671875 0.34699853587115664 0.03515625 0.06734992679355783
0 0.8427734375 0.47144948755490484 0.033203125 0.08052708638360176
0 0.6083984375 0.45095168374816985 0.0283203125 0.060029282576866766