0 0.6328125 0.9635416666666666 0.05859375 0.07118055555555555
0 0.498046875 0.9739583333333334 0.0693359375 0.050347222222222224
0 0.4296875 0.9739583333333334 0.05859375 0.050347222222222224
0 0.607421875 0.8350694444444444 0.044921875 0.07465277777777778
0 0.6962890625 0.8142361111111112 0.044921875 0.09027777777777778
0 0.779296875 0.8229166666666666 0.0400390625 0.078125
0 0.4931640625 0.6961805555555556 0.0390625 0.0763888888888889
0 0.4130859375 0.6666666666666666 0.033203125 0.06597222222222222
0 0.3974609375 0.9201388888888888 0.05859375 0.1232638888888889
0 0.490234375 0.8940972222222222 0.044921875 0.057291666666666664
0 0.3603515625 0.9166666666666666 0.0615234375 0.1111111111111111
0 0.265625 0.9756944444444444 0.0703125 0.04861111111111111
0 0.125 0.8732638888888888 0.0498046875 0.10416666666666667
0 0.3271484375 0.6163194444444444 0.033203125 0.0625
0 0.966796875 0.5190972222222222 0.025390625 0.057291666666666664
0 0.8818359375 0.5399305555555556 0.0234375 0.04513888888888889
0 0.7861328125 0.6701388888888888 0.03125 0.059027777777777776
0 0.8056640625 0.6388888888888888 0.029296875 0.057291666666666664
0 0.291015625 0.5503472222222222 0.0234375 0.046875
0 0.13671875 0.6527777777777778 0.0234375 0.04513888888888889
0 0.21875 0.6927083333333334 0.03125 0.0625
0 0.189453125 0.5572916666666666 0.0244140625 0.046875
0 0.2421875 0.5798611111111112 0.025390625 0.05381944444444445
0 0.16796875 0.7256944444444444 0.0302734375 0.06597222222222222
0 0.0341796875 0.6319444444444444 0.0263671875 0.06944444444444445
0 0.0517578125 0.5572916666666666 0.0205078125 0.04513888888888889
0 0.0908203125 0.6180555555555556 0.0244140625 0.05381944444444445
0 0.166015625 0.6284722222222222 0.025390625 0.050347222222222224
0 0.4267578125 0.609375 0.0322265625 0.059027777777777776
0 0.611328125 0.4409722222222222 0.0224609375 0.04513888888888889
0 0.9091796875 0.5659722222222222 0.0244140625 0.046875
0 0.98828125 0.46875 0.0224609375 0.050347222222222224
0 0.275390625 0.5572916666666666 0.0224609375 0.052083333333333336
0 0.9560546875 0.9496527777777778 0.052734375 0.10069444444444445
0 0.865234375 0.9600694444444444 0.046875 0.078125
0 0.8330078125 0.7795138888888888 0.0361328125 0.08854166666666667
0 0.9794921875 0.6909722222222222 0.033203125 0.0625
0 0.9765625 0.5954861111111112 0.029296875 0.059027777777777776