0 0.03125 0.3502604166666667 0.0361328125 0.055989583333333336
0 0.1103515625 0.3502604166666667 0.046875 0.08072916666666667
0 0.1884765625 0.3528645833333333 0.056640625 0.08984375
0 0.2607421875 0.296875 0.05078125 0.1171875
0 0.400390625 0.3828125 0.0341796875 0.06510416666666667
0 0.44140625 0.3880208333333333 0.0751953125 0.1328125
0 0.541015625 0.3880208333333333 0.046875 0.08203125
0 0.587890625 0.4114583333333333 0.0283203125 0.055989583333333336
0 0.638671875 0.3776041666666667 0.046875 0.0625
0 0.716796875 0.3203125 0.0439453125 0.10026041666666667
0 0.8173828125 0.37109375 0.029296875 0.053385416666666664
0 0.869140625 0.3411458333333333 0.0498046875 0.07421875
0 0.9169921875 0.3802083333333333 0.021484375 0.037760416666666664