0 0.0537109375 0.5367647058823529 0.068359375 0.13088235294117648
0 0.162109375 0.5117647058823529 0.0380859375 0.07794117647058824
0 0.3349609375 0.5661764705882353 0.111328125 0.2073529411764706
0 0.6474609375 0.5985294117647059 0.0693359375 0.16029411764705884
0 0.501953125 0.4970588235294118 0.044921875 0.08823529411764706
0 0.841796875 0.5955882352941176 0.013671875 0.03529411764705882
0 0.9150390625 0.6279411764705882 0.0234375 0.06470588235294118
0 0.9833984375 0.5955882352941176 0.033203125 0.07794117647058824
0 0.4384765625 0.12941176470588237 0.1220703125 0.2
0 0.8740234375 0.6132352941176471 0.0126953125 0.027941176470588237
0 0.25390625 0.5338235294117647 0.0126953125 0.022058823529411766
0 0.1630859375 0.6338235294117647 0.0234375 0.06764705882352941
0 0.201171875 0.6441176470588236 0.0244140625 0.10147058823529412