0 0.9404296875 0.18740849194729137 0.0107421875 0.02342606149341142
0 0.9931640625 0.3396778916544656 0.0126953125 0.04685212298682284
0 0.908203125 0.28257686676427524 0.013671875 0.03074670571010249
0 0.9130859375 0.21961932650073207 0.0166015625 0.029282576866764276
0 0.8916015625 0.2240117130307467 0.009765625 0.021961932650073207
0 0.869140625 0.2430453879941435 0.0126953125 0.02635431918008785
0 0.861328125 0.3323572474377745 0.0185546875 0.036603221083455345
0 0.822265625 0.21815519765739386 0.0078125 0.01903367496339678
0 0.7958984375 0.2445095168374817 0.0146484375 0.029282576866764276
0 0.7490234375 0.24890190336749635 0.0126953125 0.024890190336749635
0 0.7275390625 0.20790629575402636 0.0087890625 0.014641288433382138
0 0.724609375 0.26939970717423134 0.009765625 0.021961932650073207
0 0.701171875 0.24890190336749635 0.0087890625 0.013177159590043924
0 0.8515625 0.43191800878477304 0.03515625 0.0629575402635432
0 0.7978515625 0.38653001464128844 0.01953125 0.040995607613469986
0 0.671875 0.2767203513909224 0.0107421875 0.02635431918008785
0 0.6533203125 0.34553440702781846 0.021484375 0.036603221083455345
0 0.6279296875 0.32650073206442165 0.0185546875 0.043923865300146414
0 0.6435546875 0.24743777452415813 0.0107421875 0.020497803806734993
0 0.60546875 0.24011713030746706 0.009765625 0.017569546120058566
0 0.587890625 0.26061493411420206 0.0087890625 0.017569546120058566
0 0.587890625 0.22986822840409957 0.005859375 0.01171303074670571
0 0.5341796875 0.22840409956076135 0.005859375 0.010248901903367497
0 0.49609375 0.23865300146412885 0.0068359375 0.01171303074670571
0 0.46875 0.22693997071742314 0.005859375 0.010248901903367497
0 0.642578125 0.465592972181552 0.029296875 0.055636896046852125
0 0.537109375 0.4143484626647145 0.021484375 0.043923865300146414
0 0.515625 0.3689604685212299 0.015625 0.032210834553440704
0 0.3515625 0.7042459736456809 0.0517578125 0.0849194729136164
0 0.376953125 0.2884333821376281 0.0126953125 0.02635431918008785
0 0.3662109375 0.2913616398243045 0.0087890625 0.02342606149341142
0 0.37890625 0.32503660322108346 0.013671875 0.027818448023426062
0 0.3310546875 0.3440702781844802 0.013671875 0.024890190336749635
0 0.3046875 0.34992679355783307 0.013671875 0.027818448023426062
0 0.2978515625 0.3938506588579795 0.017578125 0.032210834553440704
0 0.259765625 0.4128843338213763 0.021484375 0.03953147877013177
0 0.4228515625 0.3279648609077599 0.005859375 0.010248901903367497
0 0.4404296875 0.31771595900439237 0.00390625 0.007320644216691069
0 0.341796875 0.2591508052708638 0.009765625 0.017569546120058566
0 0.3466796875 0.2430453879941435 0.0068359375 0.013177159590043924
0 0.3076171875 0.2679355783308931 0.0078125 0.016105417276720352
0 0.287109375 0.2679355783308931 0.0078125 0.016105417276720352
0 0.2783203125 0.2752562225475842 0.0107421875 0.020497803806734993
0 0.2802734375 0.24158125915080528 0.0068359375 0.01171303074670571
0 0.265625 0.2752562225475842 0.0068359375 0.013177159590043924
0 0.25390625 0.35871156661786235 0.0185546875 0.032210834553440704
0 0.4345703125 0.25329428989751096 0.005859375 0.01171303074670571
0 0.443359375 0.29428989751098095 0.0048828125 0.008784773060029283
0 0.392578125 0.2796486090775988 0.005859375 0.008784773060029283
0 0.3935546875 0.2972181551976574 0.0068359375 0.010248901903367497
0 0.3994140625 0.31771595900439237 0.0048828125 0.008784773060029283
0 0.404296875 0.33821376281112736 0.0048828125 0.008784773060029283
0 0.4130859375 0.33528550512445093 0.00390625 0.008784773060029283
0 0.4296875 0.32210834553440704 0.005859375 0.007320644216691069
0 0.44921875 0.3118594436310395 0.00390625 0.007320644216691069
0 0.1181640625 0.38945827232796487 0.0166015625 0.03074670571010249
0 0.1220703125 0.35724743777452417 0.01171875 0.021961932650073207
0 0.12890625 0.3206442166910688 0.0087890625 0.017569546120058566
0 0.1044921875 0.2913616398243045 0.009765625 0.016105417276720352
0 0.171875 0.2635431918008785 0.005859375 0.01171303074670571
0 0.0810546875 0.30161054172767204 0.0087890625 0.014641288433382138
0 0.0322265625 0.29428989751098095 0.0078125 0.013177159590043924
0 0.0166015625 0.3440702781844802 0.01171875 0.01903367496339678
0 0.1171875 0.28257686676427524 0.0078125 0.014641288433382138
0 0.150390625 0.27232796486090777 0.0087890625 0.01171303074670571
0 0.2412109375 0.28111273792093705 0.005859375 0.01171303074670571
0 0.24609375 0.2767203513909224 0.005859375 0.014641288433382138
0 0.9912109375 0.20497803806734993 0.0166015625 0.021961932650073207