0 0.82421875 0.577373211963589 0.0283203125 0.045513654096228866
0 0.8671875 0.5123537061118335 0.0224609375 0.02990897269180754
0 0.708984375 0.5864759427828349 0.029296875 0.035110533159947985
0 0.810546875 0.48634590377113135 0.021484375 0.033810143042912875
0 0.693359375 0.5383615084525357 0.021484375 0.031209362808842653
0 0.7294921875 0.49024707412223667 0.0185546875 0.031209362808842653
0 0.654296875 0.5383615084525357 0.021484375 0.033810143042912875
0 0.697265625 0.49154746423927176 0.015625 0.027308192457737322
0 0.6435546875 0.46553966189856955 0.01953125 0.027308192457737322
0 0.6806640625 0.4343302990897269 0.0146484375 0.01950585175552666
0 0.77734375 0.42392717815344605 0.0166015625 0.02340702210663199
0 0.7548828125 0.6293888166449935 0.02734375 0.05981794538361508
0 0.623046875 0.6033810143042913 0.033203125 0.054616384915474644
0 0.544921875 0.5578673602080624 0.0205078125 0.02990897269180754
0 0.966796875 0.4174252275682705 0.06640625 0.16124837451235371
0 0.8916015625 0.3810143042912874 0.0185546875 0.02600780234070221
0 0.8388671875 0.37971391417425226 0.0166015625 0.0247074122236671
0 0.8984375 0.31729518855656696 0.013671875 0.022106631989596878
0 0.935546875 0.28998699609882966 0.0078125 0.011703511053315995
0 0.8388671875 0.3459037711313394 0.009765625 0.015604681404421327
0 0.7109375 0.42522756827048114 0.0146484375 0.02080624187256177
0 0.751953125 0.3732119635890767 0.0126953125 0.022106631989596878
0 0.662109375 0.38751625487646296 0.0078125 0.011703511053315995
0 0.720703125 0.3550065019505852 0.005859375 0.009102730819245773
0 0.712890625 0.37581274382314694 0.0078125 0.010403120936280884
0 0.8017578125 0.37581274382314694 0.013671875 0.022106631989596878
0 0.8154296875 0.3641092327698309 0.01171875 0.018205461638491547
0 0.76953125 0.3706111833550065 0.015625 0.02340702210663199
0 0.810546875 0.31859557867360205 0.0078125 0.010403120936280884
0 0.5771484375 0.3641092327698309 0.0078125 0.013003901170351105
0 0.162109375 0.7035110533159948 0.021484375 0.031209362808842653
0 0.15234375 0.6436931079323797 0.017578125 0.0247074122236671
0 0.1259765625 0.6072821846553966 0.015625 0.031209362808842653
0 0.4453125 0.5604681404421327 0.03125 0.03901170351105332
0 0.3349609375 0.6605981794538361 0.0205078125 0.033810143042912875
0 0.427734375 0.26007802340702213 0.009765625 0.015604681404421327
0 0.3916015625 0.23146944083224968 0.01171875 0.01950585175552666
0 0.1904296875 0.07802340702210664 0.0146484375 0.022106631989596878
0 0.140625 0.044213263979193757 0.017578125 0.027308192457737322
0 0.8603515625 0.33940182054616386 0.01171875 0.01950585175552666
0 0.80859375 0.3368010403120936 0.0087890625 0.016905071521456438
0 0.47265625 0.2964889466840052 0.009765625 0.014304291287386216
0 0.5625 0.3602080624187256 0.0087890625 0.013003901170351105
0 0.5283203125 0.3472041612483745 0.0087890625 0.014304291287386216
0 0.5009765625 0.31339401820546164 0.009765625 0.01950585175552666
0 0.3056640625 0.15864759427828348 0.0126953125 0.02340702210663199