0 0.873046875 0.07692307692307693 0.0341796875 0.03978779840848806
0 0.712890625 0.08090185676392574 0.03125 0.05968169761273209
0 0.4921875 0.050397877984084884 0.0361328125 0.0649867374005305
0 0.396484375 0.027851458885941646 0.0224609375 0.04376657824933687
0 0.546875 0.21087533156498675 0.03125 0.0610079575596817
0 0.90234375 0.3806366047745358 0.0234375 0.05172413793103448
0 0.625 0.40185676392572944 0.05078125 0.08090185676392574
0 0.42578125 0.4482758620689655 0.0546875 0.09549071618037135
0 0.34765625 0.29310344827586204 0.0361328125 0.0649867374005305
0 0.115234375 0.4416445623342175 0.0458984375 0.07957559681697612
0 0.1962890625 0.5915119363395226 0.0498046875 0.08885941644562334