0 0.7646484375 0.12351190476190477 0.046875 0.07738095238095238
0 0.525390625 0.40029761904761907 0.0302734375 0.044642857142857144
0 0.408203125 0.5401785714285714 0.0166015625 0.03571428571428571
0 0.3505859375 0.5892857142857143 0.0185546875 0.02976190476190476
0 0.2998046875 0.6741071428571429 0.01171875 0.023809523809523808
0 0.2783203125 0.6994047619047619 0.0146484375 0.026785714285714284
0 0.2529296875 0.7172619047619048 0.0107421875 0.022321428571428572
0 0.216796875 0.7514880952380952 0.009765625 0.020833333333333332
0 0.1728515625 0.7916666666666666 0.0087890625 0.019345238095238096
0 0.0458984375 0.7782738095238095 0.0107421875 0.022321428571428572
0 0.0078125 0.7797619047619048 0.009765625 0.022321428571428572
0 0.078125 0.8779761904761905 0.0048828125 0.011904761904761904
0 0.1796875 0.8735119047619048 0.001953125 0.004464285714285714
0 0.9658203125 0.7678571428571429 0.0087890625 0.01488095238095238
0 0.923828125 0.7976190476190477 0.005859375 0.013392857142857142
0 0.89453125 0.8035714285714286 0.0068359375 0.011904761904761904
0 0.953125 0.7916666666666666 0.0078125 0.01636904761904762
0 0.69140625 0.8422619047619048 0.0048828125 0.011904761904761904
0 0.7041015625 0.8482142857142857 0.005859375 0.01488095238095238
0 0.7607421875 0.8303571428571429 0.005859375 0.013392857142857142
0 0.7470703125 0.8333333333333334 0.005859375 0.011904761904761904
0 0.619140625 0.8541666666666666 0.0048828125 0.010416666666666666
0 0.541015625 0.8482142857142857 0.0048828125 0.011904761904761904