0 0.0400390625 0.4832116788321168 0.0302734375 0.06423357664233577
0 0.08984375 0.5080291970802919 0.0283203125 0.04671532846715328
0 0.140625 0.5036496350364964 0.0205078125 0.043795620437956206
0 0.013671875 0.3678832116788321 0.017578125 0.027737226277372264
0 0.005859375 0.3386861313868613 0.0107421875 0.02335766423357664
0 0.1259765625 0.34744525547445254 0.015625 0.030656934306569343
0 0.1181640625 0.37518248175182484 0.0146484375 0.024817518248175182
0 0.19140625 0.3883211678832117 0.0146484375 0.027737226277372264
0 0.2158203125 0.40145985401459855 0.0126953125 0.030656934306569343
0 0.23828125 0.5080291970802919 0.0205078125 0.04525547445255475
0 0.2255859375 0.3372262773722628 0.0146484375 0.026277372262773723
0 0.23046875 0.36496350364963503 0.0185546875 0.020437956204379562
0 0.25390625 0.34014598540145985 0.015625 0.024817518248175182
0 0.2783203125 0.3883211678832117 0.015625 0.024817518248175182
0 0.2685546875 0.5094890510948905 0.03125 0.05693430656934306
0 0.2978515625 0.5211678832116788 0.03125 0.052554744525547446
0 0.298828125 0.36934306569343067 0.0126953125 0.020437956204379562
0 0.2119140625 0.30656934306569344 0.0126953125 0.017518248175182483
0 0.2353515625 0.3051094890510949 0.0126953125 0.016058394160583942
0 0.3154296875 0.36642335766423356 0.013671875 0.021897810218978103
0 0.3134765625 0.34306569343065696 0.013671875 0.013138686131386862
0 0.3544921875 0.38248175182481753 0.013671875 0.024817518248175182
0 0.37890625 0.4058394160583942 0.021484375 0.026277372262773723
0 0.3916015625 0.39854014598540144 0.0126953125 0.030656934306569343
0 0.349609375 0.47883211678832116 0.0244140625 0.042335766423357665
0 0.4365234375 0.4029197080291971 0.0205078125 0.0364963503649635
0 0.4326171875 0.35474452554744523 0.017578125 0.016058394160583942
0 0.4482421875 0.345985401459854 0.01171875 0.027737226277372264
0 0.3662109375 0.3284671532846715 0.0166015625 0.027737226277372264
0 0.439453125 0.3182481751824818 0.0107421875 0.021897810218978103
0 0.4697265625 0.3051094890510949 0.013671875 0.016058394160583942
0 0.4716796875 0.3372262773722628 0.013671875 0.027737226277372264
0 0.486328125 0.3182481751824818 0.005859375 0.008759124087591242
0 0.53125 0.3197080291970803 0.01171875 0.020437956204379562
0 0.419921875 0.48905109489051096 0.01953125 0.04671532846715328
0 0.5 0.4554744525547445 0.013671875 0.024817518248175182
0 0.5546875 0.33138686131386863 0.017578125 0.033576642335766425
0 0.578125 0.3416058394160584 0.013671875 0.02335766423357664
0 0.6005859375 0.34890510948905107 0.0146484375 0.02335766423357664
0 0.6103515625 0.3956204379562044 0.0126953125 0.026277372262773723
0 0.6015625 0.4218978102189781 0.0126953125 0.030656934306569343
0 0.6044921875 0.32408759124087594 0.0078125 0.016058394160583942
0 0.6083984375 0.3051094890510949 0.0107421875 0.020437956204379562
0 0.7470703125 0.42773722627737226 0.0224609375 0.030656934306569343
0 0.7841796875 0.3678832116788321 0.005859375 0.024817518248175182
0 0.818359375 0.3722627737226277 0.009765625 0.026277372262773723
0 0.8330078125 0.36934306569343067 0.0146484375 0.01897810218978102
0 0.8603515625 0.3708029197080292 0.013671875 0.021897810218978103
0 0.8466796875 0.3445255474452555 0.0087890625 0.014598540145985401
0 0.9326171875 0.3781021897810219 0.01953125 0.0364963503649635
0 0.9912109375 0.4116788321167883 0.017578125 0.032116788321167884
0 0.572265625 0.2145985401459854 0.0087890625 0.014598540145985401
0 0.8623046875 0.31386861313868614 0.0087890625 0.016058394160583942
0 0.7578125 0.39416058394160586 0.0126953125 0.01897810218978102
0 0.9375 0.5240875912408759 0.0185546875 0.03795620437956204
0 0.541015625 0.2948905109489051 0.0087890625 0.013138686131386862
0 0.4609375 0.4832116788321168 0.0234375 0.03795620437956204
0 0.0068359375 0.32408759124087594 0.009765625 0.020437956204379562
0 0.1015625 0.41751824817518246 0.015625 0.027737226277372264
0 0.1328125 0.3124087591240876 0.0068359375 0.017518248175182483
0 0.3974609375 0.3386861313868613 0.0107421875 0.020437956204379562
0 0.412109375 0.2934306569343066 0.009765625 0.021897810218978103
0 0.791015625 0.35474452554744523 0.01171875 0.030656934306569343
0 0.8369140625 0.34890510948905107 0.009765625 0.020437956204379562
0 0.919921875 0.4248175182481752 0.0126953125 0.024817518248175182
0 0.9228515625 0.49343065693430654 0.013671875 0.030656934306569343
0 0.236328125 0.35766423357664234 0.01171875 0.026277372262773723