0 0.2255859375 0.8664169787765293 0.046875 0.08863920099875156
0 0.1083984375 0.7965043695380774 0.0517578125 0.08489388264669163
0 0.138671875 0.797752808988764 0.0380859375 0.08239700374531835
0 0.1767578125 0.7428214731585518 0.041015625 0.06367041198501873
0 0.2587890625 0.7203495630461922 0.0419921875 0.08114856429463171
0 0.3212890625 0.7016229712858927 0.046875 0.07240948813982521
0 0.30859375 0.7902621722846442 0.046875 0.0686641697877653
0 0.4013671875 0.7952559300873908 0.0439453125 0.06491885143570537
0 0.02734375 0.6092384519350812 0.0361328125 0.056179775280898875
0 0.109375 0.5967540574282147 0.029296875 0.05368289637952559
0 0.1611328125 0.6004993757802747 0.0341796875 0.06741573033707865
0 0.1943359375 0.6192259675405742 0.029296875 0.06117353308364544
0 0.2646484375 0.616729088639201 0.0283203125 0.0599250936329588
0 0.3388671875 0.6192259675405742 0.0400390625 0.06491885143570537
0 0.349609375 0.5468164794007491 0.0322265625 0.05493133583021224
0 0.419921875 0.6054931335830213 0.033203125 0.05867665418227216
0 0.4404296875 0.5980024968789014 0.017578125 0.05867665418227216
0 0.427734375 0.4918851435705368 0.0341796875 0.06117353308364544
0 0.4013671875 0.7078651685393258 0.048828125 0.06367041198501873
0 0.4296875 0.7028714107365793 0.0302734375 0.0686641697877653
0 0.4970703125 0.6978776529338327 0.056640625 0.08114856429463171
0 0.44921875 0.5006242197253433 0.021484375 0.05368289637952559
0 0.4619140625 0.5181023720349563 0.0166015625 0.03870162297128589
0 0.5478515625 0.533083645443196 0.037109375 0.056179775280898875
0 0.486328125 0.42197253433208487 0.02734375 0.046192259675405745
0 0.39453125 0.3757802746566791 0.017578125 0.03245942571785269
0 0.5478515625 0.4044943820224719 0.025390625 0.03620474406991261
0 0.541015625 0.66167290886392 0.0390625 0.066167290886392
0 0.474609375 0.9238451935081149 0.0556640625 0.07240948813982521
0 0.46875 0.3433208489388265 0.0146484375 0.02372034956304619
0 0.5166015625 0.3470661672908864 0.015625 0.024968789013732832
0 0.423828125 0.3283395755305868 0.009765625 0.019975031210986267
0 0.3935546875 0.3283395755305868 0.0107421875 0.019975031210986267
0 0.5986328125 0.4369538077403246 0.01953125 0.04369538077403246
0 0.576171875 0.35081148564294634 0.021484375 0.0299625468164794
0 0.712890625 0.4781523096129838 0.03515625 0.049937578027465665
0 0.72265625 0.42946317103620474 0.01953125 0.03620474406991261
0 0.7421875 0.4556803995006242 0.0234375 0.0449438202247191
0 0.7783203125 0.46941323345817726 0.0322265625 0.04868913857677903
0 0.748046875 0.37203495630461925 0.0166015625 0.02746566791510612
0 0.6162109375 0.6841448189762797 0.0498046875 0.06741573033707865
0 0.6923828125 0.7028714107365793 0.0400390625 0.06741573033707865
0 0.755859375 0.7103620474406991 0.0390625 0.06117353308364544
0 0.7734375 0.6966292134831461 0.0341796875 0.06367041198501873
0 0.5908203125 0.8339575530586767 0.041015625 0.06367041198501873
0 0.5712890625 0.8289637952559301 0.0390625 0.0686641697877653
0 0.6513671875 0.8414481897627965 0.0419921875 0.07240948813982521
0 0.716796875 0.898876404494382 0.06640625 0.07240948813982521
0 0.8173828125 0.8901373283395755 0.0419921875 0.07116104868913857
0 0.86328125 0.885143570536829 0.0537109375 0.08863920099875156
0 0.783203125 0.83270911360799 0.0498046875 0.07116104868913857
0 0.806640625 0.8002496878901373 0.0361328125 0.066167290886392
0 0.8544921875 0.7777777777777778 0.0361328125 0.06367041198501873
0 0.630859375 0.6379525593008739 0.0380859375 0.06367041198501873
0 0.951171875 0.8764044943820225 0.0576171875 0.09238451935081149
0 0.876953125 0.5168539325842697 0.0224609375 0.03870162297128589
0 0.7578125 0.5168539325842697 0.0302734375 0.0449438202247191
0 0.869140625 0.4769038701622971 0.0283203125 0.04119850187265917
0 0.6171875 0.5493133583021224 0.04296875 0.062421972534332085
0 0.701171875 0.3982521847690387 0.0205078125 0.0299625468164794
0 0.857421875 0.4019975031210986 0.0224609375 0.031210986267166042
0 0.423828125 0.3682896379525593 0.0224609375 0.02871410736579276
0 0.435546875 0.3495630461922597 0.017578125 0.024968789013732832