0 0.7548828125 0.14630872483221477 0.173828125 0.29261744966442954
0 0.62890625 0.5865771812080537 0.0302734375 0.04697986577181208
0 0.328125 0.548993288590604 0.068359375 0.11812080536912752
0 0.373046875 0.625503355704698 0.0234375 0.05100671140939597
0 0.388671875 0.625503355704698 0.0078125 0.016107382550335572
0 0.4091796875 0.574496644295302 0.0205078125 0.03758389261744966
0 0.42578125 0.6201342281879194 0.0302734375 0.04429530201342282
0 0.4609375 0.5825503355704698 0.025390625 0.04832214765100671
0 0.490234375 0.553020134228188 0.0126953125 0.028187919463087248
0 0.5029296875 0.5543624161073826 0.0283203125 0.04832214765100671
0 0.54296875 0.6187919463087248 0.037109375 0.0738255033557047
0 0.587890625 0.5610738255033557 0.025390625 0.03758389261744966
0 0.662109375 0.5677852348993289 0.02734375 0.04563758389261745
0 0.736328125 0.6080536912751678 0.0595703125 0.08456375838926175
0 0.07421875 0.5852348993288591 0.048828125 0.10738255033557047
0 0.099609375 0.6389261744966444 0.0498046875 0.06845637583892618
0 0.0888671875 0.47651006711409394 0.01953125 0.03087248322147651
0 0.1748046875 0.4563758389261745 0.0107421875 0.021476510067114093
0 0.1884765625 0.4483221476510067 0.01171875 0.01879194630872483
0 0.1083984375 0.5046979865771812 0.0146484375 0.01879194630872483
0 0.109375 0.5516778523489932 0.017578125 0.026845637583892617
0 0.0693359375 0.4966442953020134 0.009765625 0.020134228187919462