0 0.5927734375 0.2552083333333333 0.015625 0.036458333333333336
0 0.6162109375 0.23958333333333334 0.009765625 0.024305555555555556
0 0.6572265625 0.2204861111111111 0.0107421875 0.022569444444444444
0 0.6298828125 0.21180555555555555 0.009765625 0.020833333333333332
0 0.6171875 0.1892361111111111 0.0078125 0.019097222222222224
0 0.5654296875 0.1996527777777778 0.0107421875 0.022569444444444444
0 0.52734375 0.1892361111111111 0.0087890625 0.019097222222222224
0 0.49609375 0.15625 0.0078125 0.015625
0 0.466796875 0.1753472222222222 0.009765625 0.022569444444444444
0 0.439453125 0.20833333333333334 0.015625 0.03125
0 0.3876953125 0.18229166666666666 0.0087890625 0.019097222222222224
0 0.3681640625 0.21180555555555555 0.0126953125 0.022569444444444444
0 0.3876953125 0.2204861111111111 0.009765625 0.019097222222222224
0 0.9140625 0.2847222222222222 0.015625 0.03298611111111111
0 0.9375 0.2708333333333333 0.0166015625 0.03298611111111111
0 0.982421875 0.2951388888888889 0.015625 0.03298611111111111
0 0.8515625 0.3576388888888889 0.017578125 0.03125
0 0.8583984375 0.3159722222222222 0.015625 0.03125
0 0.8779296875 0.21180555555555555 0.01171875 0.026041666666666668
0 0.837890625 0.2569444444444444 0.013671875 0.029513888888888888
0 0.802734375 0.22395833333333334 0.017578125 0.03298611111111111
0 0.78515625 0.2326388888888889 0.0185546875 0.03819444444444445
0 0.24609375 0.22743055555555555 0.015625 0.034722222222222224
0 0.24609375 0.1857638888888889 0.0078125 0.017361111111111112
0 0.3037109375 0.1840277777777778 0.0078125 0.019097222222222224
0 0.333984375 0.203125 0.0087890625 0.020833333333333332
0 0.5927734375 0.1284722222222222 0.005859375 0.013888888888888888
0 0.6044921875 0.109375 0.005859375 0.012152777777777778
0 0.6337890625 0.13541666666666666 0.00390625 0.010416666666666666
0 0.6337890625 0.11458333333333333 0.0048828125 0.012152777777777778
0 0.65625 0.12152777777777778 0.00390625 0.013888888888888888
0 0.666015625 0.11631944444444445 0.0048828125 0.012152777777777778
0 0.697265625 0.11284722222222222 0.0048828125 0.012152777777777778
0 0.720703125 0.13541666666666666 0.0048828125 0.008680555555555556
0 0.708984375 0.13368055555555555 0.0048828125 0.010416666666666666
0 0.7578125 0.1875 0.0068359375 0.017361111111111112
0 0.6904296875 0.1736111111111111 0.009765625 0.022569444444444444
0 0.677734375 0.1857638888888889 0.0087890625 0.017361111111111112
0 0.669921875 0.16145833333333334 0.009765625 0.020833333333333332
0 0.3369140625 0.265625 0.021484375 0.04861111111111111
0 0.4814453125 0.140625 0.005859375 0.019097222222222224