0 0.986328125 0.1915204678362573 0.0244140625 0.0891812865497076
0 0.94921875 0.15350877192982457 0.046875 0.0847953216374269
0 0.845703125 0.1871345029239766 0.056640625 0.09064327485380116
0 0.8154296875 0.24707602339181287 0.0791015625 0.12134502923976608
0 0.82421875 0.4239766081871345 0.09375 0.1739766081871345
0 0.7802734375 0.14035087719298245 0.0234375 0.043859649122807015
0 0.6845703125 0.15497076023391812 0.04296875 0.08187134502923976
0 0.6513671875 0.17105263157894737 0.0244140625 0.04532163742690058
0 0.6259765625 0.19444444444444445 0.0234375 0.03216374269005848
0 0.630859375 0.16228070175438597 0.013671875 0.021929824561403508
0 0.595703125 0.15497076023391812 0.017578125 0.029239766081871343
0 0.5224609375 0.21783625730994152 0.060546875 0.11695906432748537
0 0.5625 0.22660818713450293 0.03515625 0.09064327485380116
0 0.48046875 0.1783625730994152 0.037109375 0.07017543859649122
0 0.478515625 0.48391812865497075 0.0908203125 0.16228070175438597
0 0.392578125 0.3260233918128655 0.0673828125 0.11695906432748537
0 0.34375 0.2675438596491228 0.02734375 0.054093567251461985
0 0.2841796875 0.24853801169590642 0.0361328125 0.05555555555555555
0 0.17578125 0.2850877192982456 0.064453125 0.1023391812865497
0 0.0380859375 0.2909356725146199 0.076171875 0.1827485380116959