0 0.6923828125 0.6064453125 0.0068359375 0.0087890625
0 0.623046875 0.8154296875 0.0107421875 0.0146484375
0 0.6435546875 0.611328125 0.0048828125 0.0107421875
0 0.693359375 0.6669921875 0.0068359375 0.0126953125
0 0.5615234375 0.5908203125 0.0048828125 0.0068359375
0 0.65234375 0.7177734375 0.0048828125 0.0107421875
0 0.197265625 0.6083984375 0.0048828125 0.0068359375
0 0.208984375 0.607421875 0.00390625 0.0078125
0 0.1875 0.59375 0.0048828125 0.0087890625
0 0.1513671875 0.658203125 0.0068359375 0.01171875
0 0.201171875 0.6259765625 0.005859375 0.009765625
0 0.2451171875 0.6416015625 0.005859375 0.0107421875
0 0.2998046875 0.62109375 0.0048828125 0.0068359375
0 0.3154296875 0.638671875 0.00390625 0.0107421875
0 0.3076171875 0.619140625 0.0068359375 0.0087890625
0 0.3349609375 0.6943359375 0.0068359375 0.0087890625
0 0.4541015625 0.9892578125 0.0166015625 0.0185546875
0 0.1923828125 0.9736328125 0.01171875 0.0224609375
0 0.1513671875 0.671875 0.0068359375 0.0078125
0 0.1748046875 0.6884765625 0.0068359375 0.0087890625
0 0.1982421875 0.7021484375 0.0068359375 0.009765625
0 0.2236328125 0.7158203125 0.0087890625 0.0087890625
0 0.23046875 0.7001953125 0.0068359375 0.0078125
0 0.2841796875 0.724609375 0.005859375 0.0087890625
0 0.291015625 0.7001953125 0.0078125 0.0107421875
0 0.28125 0.6982421875 0.0068359375 0.01171875
0 0.2734375 0.673828125 0.005859375 0.009765625
0 0.265625 0.6728515625 0.005859375 0.0087890625
0 0.2529296875 0.7177734375 0.0068359375 0.0087890625
0 0.224609375 0.67578125 0.005859375 0.0087890625
0 0.20703125 0.6640625 0.0078125 0.0078125
0 0.2470703125 0.6591796875 0.005859375 0.0087890625
0 0.275390625 0.6494140625 0.005859375 0.0078125
0 0.2587890625 0.634765625 0.0068359375 0.0068359375
0 0.27734375 0.6298828125 0.0048828125 0.0078125
0 0.2890625 0.6181640625 0.0078125 0.01171875
0 0.2373046875 0.62890625 0.0048828125 0.005859375
0 0.2685546875 0.61328125 0.0068359375 0.0126953125
0 0.2587890625 0.59765625 0.005859375 0.0078125
0 0.28515625 0.578125 0.0048828125 0.0078125
0 0.2236328125 0.626953125 0.0048828125 0.0078125
0 0.2119140625 0.6328125 0.005859375 0.005859375
0 0.2099609375 0.642578125 0.0048828125 0.0078125
0 0.2431640625 0.6083984375 0.0068359375 0.0087890625
0 0.220703125 0.6181640625 0.0107421875 0.0068359375
0 0.2265625 0.61328125 0.0068359375 0.0068359375
0 0.1640625 0.6689453125 0.0087890625 0.0087890625
0 0.15625 0.6533203125 0.0048828125 0.0078125
0 0.158203125 0.638671875 0.00390625 0.0078125
0 0.181640625 0.6298828125 0.0048828125 0.0078125
0 0.1865234375 0.625 0.005859375 0.009765625
0 0.1884765625 0.6044921875 0.005859375 0.0087890625
0 0.173828125 0.6083984375 0.0068359375 0.0068359375
0 0.158203125 0.6171875 0.0048828125 0.0087890625
0 0.1513671875 0.6015625 0.00390625 0.0078125
0 0.14453125 0.6357421875 0.005859375 0.0087890625
0 0.14453125 0.6181640625 0.0048828125 0.009765625
0 0.1630859375 0.59765625 0.0048828125 0.0087890625
0 0.3125 0.658203125 0.0068359375 0.0078125
0 0.3310546875 0.671875 0.005859375 0.0078125
0 0.359375 0.6806640625 0.0048828125 0.009765625
0 0.384765625 0.673828125 0.005859375 0.0107421875
0 0.380859375 0.6591796875 0.005859375 0.0087890625
0 0.34765625 0.6474609375 0.0029296875 0.0068359375
0 0.29296875 0.6484375 0.0068359375 0.0078125
0 0.30078125 0.6396484375 0.0068359375 0.009765625
0 0.298828125 0.611328125 0.0048828125 0.0087890625
0 0.365234375 0.6083984375 0.00390625 0.0068359375
0 0.3779296875 0.60546875 0.0068359375 0.0087890625
0 0.373046875 0.6171875 0.00390625 0.0068359375
0 0.376953125 0.6328125 0.00390625 0.0078125
0 0.4287109375 0.7080078125 0.0078125 0.009765625
0 0.44921875 0.724609375 0.0068359375 0.01171875
0 0.4404296875 0.7646484375 0.0087890625 0.009765625
0 0.3876953125 0.759765625 0.009765625 0.01171875
0 0.3994140625 0.7216796875 0.0078125 0.01171875
0 0.34375 0.7470703125 0.0107421875 0.013671875
0 0.32421875 0.73828125 0.0078125 0.0126953125
0 0.3388671875 0.716796875 0.0078125 0.0107421875
0 0.3681640625 0.703125 0.005859375 0.01171875
0 0.2919921875 0.8408203125 0.0078125 0.0146484375
0 0.427734375 0.6796875 0.0068359375 0.0087890625
0 0.4208984375 0.6572265625 0.0068359375 0.0078125
0 0.4130859375 0.6455078125 0.0068359375 0.0078125
0 0.4091796875 0.6376953125 0.0048828125 0.0078125
0 0.3955078125 0.6318359375 0.0078125 0.0087890625
0 0.4033203125 0.6328125 0.00390625 0.005859375
0 0.3525390625 0.6328125 0.0048828125 0.0068359375
0 0.3818359375 0.6513671875 0.0048828125 0.0078125
0 0.556640625 0.65234375 0.0048828125 0.009765625
0 0.5380859375 0.6474609375 0.0068359375 0.005859375
0 0.5283203125 0.6474609375 0.0048828125 0.005859375
0 0.513671875 0.63671875 0.0068359375 0.009765625
0 0.4912109375 0.62890625 0.005859375 0.0068359375
0 0.4794921875 0.6435546875 0.0078125 0.0087890625
0 0.5087890625 0.6572265625 0.0078125 0.0087890625
0 0.521484375 0.6630859375 0.0068359375 0.009765625
0 0.4931640625 0.6611328125 0.0068359375 0.0068359375
0 0.451171875 0.6328125 0.005859375 0.0068359375
0 0.466796875 0.640625 0.00390625 0.0068359375
0 0.44140625 0.6513671875 0.00390625 0.0078125
0 0.4892578125 0.693359375 0.0078125 0.0107421875
0 0.5078125 0.7001953125 0.0068359375 0.0068359375
0 0.5400390625 0.71484375 0.0087890625 0.0126953125
0 0.498046875 0.734375 0.0068359375 0.013671875
0 0.5234375 0.759765625 0.009765625 0.0126953125
0 0.5400390625 0.7001953125 0.0068359375 0.0107421875
0 0.5615234375 0.68359375 0.0078125 0.0126953125
0 0.572265625 0.7041015625 0.0068359375 0.0126953125
0 0.53125 0.619140625 0.0048828125 0.0087890625
0 0.5478515625 0.6298828125 0.00390625 0.0078125
0 0.4462890625 0.6650390625 0.005859375 0.0078125
0 0.46875 0.65625 0.0087890625 0.009765625
0 0.517578125 0.6083984375 0.0048828125 0.0068359375
0 0.509765625 0.626953125 0.005859375 0.0068359375
0 0.453125 0.62109375 0.00390625 0.0068359375
0 0.4384765625 0.6181640625 0.0048828125 0.009765625
0 0.4580078125 0.6748046875 0.005859375 0.0078125
0 0.5791015625 0.72265625 0.0087890625 0.01171875
0 0.615234375 0.6865234375 0.0078125 0.0107421875
0 0.6103515625 0.66796875 0.005859375 0.009765625
0 0.490234375 0.7841796875 0.009765625 0.0126953125
0 0.5400390625 0.798828125 0.01171875 0.0146484375
0 0.587890625 0.8046875 0.01171875 0.013671875
0 0.578125 0.771484375 0.0087890625 0.015625
0 0.4853515625 0.603515625 0.0048828125 0.0068359375
0 0.4541015625 0.595703125 0.0048828125 0.0068359375
0 0.435546875 0.5859375 0.00390625 0.005859375
0 0.548828125 0.578125 0.0048828125 0.0078125
0 0.568359375 0.6025390625 0.005859375 0.0107421875
0 0.55078125 0.603515625 0.0068359375 0.0078125
0 0.5908203125 0.6025390625 0.005859375 0.009765625
0 0.5771484375 0.5927734375 0.0048828125 0.0087890625
0 0.6015625 0.638671875 0.00390625 0.005859375
0 0.6142578125 0.6357421875 0.005859375 0.0068359375
0 0.6484375 0.6279296875 0.005859375 0.0078125
0 0.6181640625 0.6552734375 0.00390625 0.0068359375
0 0.6328125 0.6748046875 0.0078125 0.0087890625
0 0.6494140625 0.6455078125 0.005859375 0.009765625
0 0.6630859375 0.6494140625 0.0068359375 0.0087890625
0 0.673828125 0.654296875 0.0048828125 0.009765625
0 0.7001953125 0.62109375 0.00390625 0.0078125
0 0.6513671875 0.6767578125 0.005859375 0.0107421875
0 0.6796875 0.6376953125 0.0068359375 0.009765625
0 0.6357421875 0.62109375 0.0078125 0.009765625
0 0.7109375 0.6357421875 0.0048828125 0.01171875
0 0.6806640625 0.66015625 0.0078125 0.009765625
0 0.62109375 0.6201171875 0.0029296875 0.005859375
0 0.6845703125 0.6181640625 0.0068359375 0.009765625
0 0.701171875 0.65625 0.005859375 0.0068359375
0 0.74609375 0.6669921875 0.0078125 0.009765625
0 0.76953125 0.6630859375 0.0048828125 0.0078125
0 0.7998046875 0.6435546875 0.0048828125 0.0068359375
0 0.6474609375 0.5986328125 0.0068359375 0.0087890625
0 0.5869140625 0.6171875 0.0068359375 0.0078125
0 0.623046875 0.7060546875 0.0078125 0.0126953125
0 0.646484375 0.705078125 0.0087890625 0.0126953125
0 0.62890625 0.6455078125 0.0087890625 0.009765625
0 0.7763671875 0.6484375 0.0078125 0.01171875
0 0.8349609375 0.6591796875 0.0068359375 0.0107421875
0 0.685546875 0.70703125 0.0068359375 0.0087890625
0 0.671875 0.7373046875 0.009765625 0.0126953125
0 0.712890625 0.7216796875 0.0078125 0.013671875
0 0.7705078125 0.755859375 0.01171875 0.0146484375
0 0.810546875 0.7099609375 0.009765625 0.01171875
0 0.8212890625 0.783203125 0.0126953125 0.0166015625
0 0.8486328125 0.7626953125 0.0087890625 0.013671875
0 0.74609375 0.798828125 0.0087890625 0.013671875
0 0.65234375 0.7978515625 0.015625 0.013671875
0 0.671875 0.755859375 0.01171875 0.013671875
0 0.7255859375 0.763671875 0.009765625 0.0146484375
0 0.81640625 0.833984375 0.0166015625 0.0166015625
0 0.853515625 0.669921875 0.00390625 0.005859375
0 0.837890625 0.681640625 0.0048828125 0.0068359375
0 0.8466796875 0.6943359375 0.0087890625 0.0078125
0 0.6396484375 0.7275390625 0.009765625 0.0146484375
0 0.62890625 0.76953125 0.0087890625 0.01171875
0 0.6259765625 0.787109375 0.0087890625 0.0087890625
0 0.6494140625 0.8408203125 0.013671875 0.013671875
0 0.716796875 0.859375 0.015625 0.0146484375
0 0.8095703125 0.890625 0.015625 0.0185546875
0 0.5888671875 0.9892578125 0.021484375 0.021484375
0 0.310546875 0.5859375 0.0205078125 0.0419921875
0 0.7470703125 0.619140625 0.0068359375 0.009765625
0 0.6064453125 0.6064453125 0.00390625 0.005859375
0 0.6220703125 0.6123046875 0.0048828125 0.0078125
0 0.603515625 0.619140625 0.005859375 0.0078125