0 0.03125 0.1950509461426492 0.0068359375 0.010189228529839884
0 0.0439453125 0.17758369723435224 0.005859375 0.008733624454148471
0 0.0771484375 0.18340611353711792 0.005859375 0.008733624454148471
0 0.0966796875 0.1717612809315866 0.005859375 0.011644832605531296
0 0.0546875 0.16885007278020378 0.0048828125 0.010189228529839884
0 0.1396484375 0.17321688500727803 0.00390625 0.00727802037845706
0 0.1513671875 0.1717612809315866 0.00390625 0.010189228529839884
0 0.1708984375 0.17321688500727803 0.00390625 0.010189228529839884
0 0.1884765625 0.17758369723435224 0.0048828125 0.008733624454148471
0 0.21875 0.17903930131004367 0.0048828125 0.011644832605531296
0 0.18359375 0.22998544395924309 0.00390625 0.008733624454148471
0 0.2744140625 0.16302765647743814 0.005859375 0.008733624454148471
0 0.3076171875 0.16593886462882096 0.00390625 0.00727802037845706
0 0.3134765625 0.16302765647743814 0.0029296875 0.005822416302765648
0 0.3291015625 0.18340611353711792 0.0029296875 0.00727802037845706
0 0.322265625 0.18340611353711792 0.00390625 0.005822416302765648
0 0.3828125 0.1717612809315866 0.0029296875 0.005822416302765648
0 0.4580078125 0.19213973799126638 0.00390625 0.008733624454148471
0 0.5078125 0.18631732168850074 0.0048828125 0.010189228529839884
0 0.1650390625 0.3231441048034934 0.01953125 0.048034934497816595
0 0.328125 0.2954876273653566 0.0224609375 0.049490538573508006
0 0.43359375 0.29839883551673946 0.021484375 0.048034934497816595
0 0.51953125 0.29985443959243085 0.0205078125 0.048034934497816595
0 0.5546875 0.2954876273653566 0.01953125 0.039301310043668124
0 0.609375 0.3056768558951965 0.025390625 0.043668122270742356
0 0.7197265625 0.29694323144104806 0.0263671875 0.042212518195050945
0 0.8271484375 0.3231441048034934 0.0224609375 0.048034934497816595
0 0.4287109375 0.264919941775837 0.01953125 0.03784570596797671
0 0.0859375 0.1572052401746725 0.0048828125 0.010189228529839884
0 0.119140625 0.16593886462882096 0.0048828125 0.010189228529839884
0 0.111328125 0.17321688500727803 0.0048828125 0.010189228529839884
0 0.08203125 0.1717612809315866 0.005859375 0.011644832605531296
0 0.1962890625 0.17321688500727803 0.00390625 0.010189228529839884
0 0.2119140625 0.16739446870451238 0.00390625 0.00727802037845706
0 0.3486328125 0.17612809315866085 0.0029296875 0.005822416302765648