0 0.0078125 0.25877192982456143 0.015625 0.039473684210526314
0 0.0048828125 0.22660818713450293 0.009765625 0.019005847953216373
0 0.052734375 0.24707602339181287 0.015625 0.033625730994152045
0 0.05078125 0.2149122807017544 0.015625 0.02631578947368421
0 0.0986328125 0.26169590643274854 0.01953125 0.04239766081871345
0 0.0908203125 0.23391812865497075 0.015625 0.033625730994152045
0 0.13671875 0.2309941520467836 0.013671875 0.029239766081871343
0 0.1298828125 0.21929824561403508 0.017578125 0.023391812865497075
0 0.1904296875 0.19736842105263158 0.0166015625 0.03654970760233918
0 0.2080078125 0.21052631578947367 0.0146484375 0.027777777777777776
0 0.232421875 0.2149122807017544 0.015625 0.03654970760233918
0 0.251953125 0.20029239766081872 0.015625 0.03070175438596491
0 0.2763671875 0.2236842105263158 0.015625 0.03070175438596491
0 0.30078125 0.195906432748538 0.015625 0.029239766081871343
0 0.3330078125 0.260233918128655 0.0419921875 0.0847953216374269
0 0.46875 0.3084795321637427 0.044921875 0.07748538011695906
0 0.568359375 0.1915204678362573 0.0166015625 0.03216374269005848
0 0.5498046875 0.19298245614035087 0.0107421875 0.02046783625730994
0 0.6044921875 0.2046783625730994 0.0146484375 0.02631578947368421
0 0.6376953125 0.19005847953216373 0.01953125 0.038011695906432746
0 0.7001953125 0.2149122807017544 0.0166015625 0.033625730994152045
0 0.6748046875 0.3128654970760234 0.04296875 0.09210526315789473
0 0.7490234375 0.18128654970760233 0.025390625 0.05555555555555555
0 0.802734375 0.18859649122807018 0.0185546875 0.03508771929824561
0 0.841796875 0.20614035087719298 0.0185546875 0.033625730994152045
0 0.869140625 0.20906432748538012 0.0185546875 0.039473684210526314
0 0.8603515625 0.1783625730994152 0.013671875 0.027777777777777776
0 0.923828125 0.2324561403508772 0.025390625 0.07748538011695906
0 0.9716796875 0.19005847953216373 0.0263671875 0.05116959064327485
0 0.94921875 0.19444444444444445 0.021484375 0.038011695906432746
0 0.9833984375 0.20321637426900585 0.0224609375 0.04824561403508772
0 0.98828125 0.24561403508771928 0.021484375 0.07748538011695906