0 0.939453125 0.17657657657657658 0.0078125 0.01981981981981982
0 0.884765625 0.16036036036036036 0.0087890625 0.018018018018018018
0 0.873046875 0.18018018018018017 0.0078125 0.023423423423423424
0 0.859375 0.17297297297297298 0.0068359375 0.01981981981981982
0 0.80859375 0.21621621621621623 0.009765625 0.018018018018018018
0 0.7919921875 0.13513513513513514 0.0068359375 0.016216216216216217
0 0.7978515625 0.24504504504504504 0.009765625 0.01981981981981982
0 0.6962890625 0.25585585585585585 0.009765625 0.016216216216216217
0 0.6826171875 0.26666666666666666 0.009765625 0.021621621621621623
0 0.685546875 0.1981981981981982 0.0048828125 0.014414414414414415
0 0.689453125 0.16036036036036036 0.005859375 0.018018018018018018
0 0.75390625 0.18018018018018017 0.0068359375 0.018018018018018018
0 0.716796875 0.3027027027027027 0.0087890625 0.018018018018018018
0 0.748046875 0.3261261261261261 0.0078125 0.018018018018018018
0 0.7861328125 0.3153153153153153 0.005859375 0.01981981981981982
0 0.9716796875 0.409009009009009 0.0068359375 0.021621621621621623
0 0.765625 0.5243243243243243 0.0107421875 0.02882882882882883
0 0.7880859375 0.5801801801801801 0.009765625 0.021621621621621623
0 0.9912109375 0.8792792792792793 0.0126953125 0.02702702702702703
0 0.970703125 0.8612612612612612 0.0107421875 0.02702702702702703
0 0.9287109375 0.827027027027027 0.0107421875 0.023423423423423424
0 0.9013671875 0.9675675675675676 0.009765625 0.021621621621621623
0 0.9248046875 0.8648648648648649 0.0078125 0.018018018018018018
0 0.6455078125 0.14594594594594595 0.009765625 0.01981981981981982
0 0.560546875 0.14774774774774774 0.0078125 0.016216216216216217
0 0.544921875 0.1783783783783784 0.0078125 0.012612612612612612
0 0.62109375 0.17657657657657658 0.009765625 0.023423423423423424
0 0.6640625 0.23603603603603604 0.0078125 0.021621621621621623
0 0.5478515625 0.23063063063063063 0.0078125 0.01981981981981982
0 0.548828125 0.26306306306306304 0.01171875 0.018018018018018018
0 0.525390625 0.23603603603603604 0.0087890625 0.016216216216216217
0 0.5244140625 0.1927927927927928 0.0087890625 0.021621621621621623
0 0.578125 0.34594594594594597 0.0107421875 0.021621621621621623
0 0.6025390625 0.3801801801801802 0.0068359375 0.01981981981981982
0 0.63671875 0.2882882882882883 0.013671875 0.021621621621621623
0 0.6171875 0.27387387387387385 0.0078125 0.023423423423423424
0 0.53515625 0.618018018018018 0.009765625 0.02702702702702703
0 0.646484375 0.44684684684684683 0.01171875 0.025225225225225224
0 0.5146484375 0.8198198198198198 0.0107421875 0.025225225225225224
0 0.4873046875 0.8072072072072072 0.0087890625 0.021621621621621623
0 0.4580078125 0.8612612612612612 0.0107421875 0.02702702702702703
0 0.462890625 0.9765765765765766 0.0126953125 0.025225225225225224
0 0.1552734375 0.6720720720720721 0.0126953125 0.021621621621621623
0 0.19140625 0.7477477477477478 0.013671875 0.02702702702702703
0 0.1259765625 0.7765765765765765 0.0107421875 0.023423423423423424
0 0.1201171875 0.6342342342342342 0.009765625 0.021621621621621623
0 0.2412109375 0.5135135135135135 0.013671875 0.02702702702702703
0 0.205078125 0.4972972972972973 0.01171875 0.025225225225225224
0 0.2236328125 0.45045045045045046 0.009765625 0.023423423423423424
0 0.2177734375 0.36396396396396397 0.009765625 0.01981981981981982
0 0.15625 0.45225225225225224 0.0107421875 0.01981981981981982
0 0.1259765625 0.3801801801801802 0.009765625 0.018018018018018018
0 0.1220703125 0.34774774774774775 0.0087890625 0.01981981981981982
0 0.193359375 0.31891891891891894 0.013671875 0.023423423423423424
0 0.0439453125 0.3621621621621622 0.0087890625 0.021621621621621623
0 0.1474609375 0.42882882882882883 0.0107421875 0.016216216216216217
0 0.171875 0.36396396396396397 0.0078125 0.018018018018018018
0 0.115234375 0.3099099099099099 0.009765625 0.018018018018018018
0 0.080078125 0.3099099099099099 0.009765625 0.01981981981981982
0 0.0654296875 0.2864864864864865 0.0078125 0.018018018018018018
0 0.11328125 0.26306306306306304 0.0078125 0.01981981981981982
0 0.095703125 0.24684684684684685 0.0087890625 0.018018018018018018
0 0.080078125 0.25765765765765763 0.0087890625 0.016216216216216217
0 0.0498046875 0.2648648648648649 0.0087890625 0.01981981981981982
0 0.087890625 0.2018018018018018 0.0068359375 0.016216216216216217
0 0.1435546875 0.1981981981981982 0.0078125 0.01981981981981982
0 0.166015625 0.2036036036036036 0.0068359375 0.01981981981981982
0 0.1484375 0.24504504504504504 0.0087890625 0.021621621621621623
0 0.205078125 0.24504504504504504 0.0078125 0.025225225225225224
0 0.1953125 0.2882882882882883 0.0078125 0.021621621621621623
0 0.205078125 0.12432432432432433 0.0087890625 0.021621621621621623
0 0.185546875 0.16216216216216217 0.0078125 0.018018018018018018
0 0.1650390625 0.17477477477477477 0.0087890625 0.023423423423423424
0 0.1357421875 0.12792792792792793 0.0078125 0.018018018018018018
0 0.1142578125 0.12432432432432433 0.0068359375 0.021621621621621623
0 0.0986328125 0.12612612612612611 0.0087890625 0.023423423423423424
0 0.0654296875 0.14594594594594595 0.0078125 0.021621621621621623
0 0.0615234375 0.12252252252252252 0.0087890625 0.02702702702702703
0 0.046875 0.14954954954954955 0.009765625 0.021621621621621623
0 0.1044921875 0.29009009009009007 0.0068359375 0.021621621621621623
0 0.21875 0.29009009009009007 0.0087890625 0.018018018018018018
0 0.20703125 0.3153153153153153 0.0087890625 0.023423423423423424
0 0.2060546875 0.0936936936936937 0.009765625 0.025225225225225224
0 0.224609375 0.10810810810810811 0.0087890625 0.018018018018018018
0 0.23828125 0.12252252252252252 0.009765625 0.021621621621621623
0 0.2470703125 0.14414414414414414 0.0078125 0.016216216216216217
0 0.265625 0.14414414414414414 0.0078125 0.021621621621621623
0 0.271484375 0.12432432432432433 0.0078125 0.018018018018018018
0 0.2724609375 0.1009009009009009 0.0078125 0.01981981981981982
0 0.3046875 0.14954954954954955 0.0078125 0.016216216216216217
0 0.2265625 0.21981981981981982 0.0107421875 0.02702702702702703
0 0.248046875 0.2018018018018018 0.0087890625 0.021621621621621623
0 0.322265625 0.21441441441441442 0.0078125 0.01981981981981982
0 0.314453125 0.26846846846846845 0.0087890625 0.023423423423423424
0 0.3046875 0.2864864864864865 0.0087890625 0.01981981981981982
0 0.2607421875 0.24504504504504504 0.0087890625 0.021621621621621623
0 0.31640625 0.33153153153153153 0.0078125 0.018018018018018018
0 0.3642578125 0.27207207207207207 0.0068359375 0.021621621621621623
0 0.365234375 0.16216216216216217 0.009765625 0.023423423423423424
0 0.3330078125 0.16216216216216217 0.0068359375 0.018018018018018018
0 0.2607421875 0.3927927927927928 0.0078125 0.023423423423423424
0 0.484375 0.11531531531531532 0.0068359375 0.01981981981981982
0 0.453125 0.10990990990990991 0.0078125 0.016216216216216217
0 0.48828125 0.17117117117117117 0.0068359375 0.018018018018018018
0 0.4873046875 0.1981981981981982 0.0087890625 0.021621621621621623
0 0.458984375 0.1963963963963964 0.009765625 0.01981981981981982
0 0.4501953125 0.16216216216216217 0.0087890625 0.021621621621621623
0 0.4501953125 0.27207207207207207 0.0087890625 0.021621621621621623
0 0.4345703125 0.25225225225225223 0.0068359375 0.016216216216216217
0 0.4169921875 0.1981981981981982 0.0087890625 0.023423423423423424
0 0.41796875 0.23423423423423423 0.005859375 0.01981981981981982
0 0.40625 0.22882882882882882 0.0078125 0.01981981981981982
0 0.38671875 0.23603603603603604 0.0078125 0.01981981981981982
0 0.3564453125 0.12432432432432433 0.0078125 0.021621621621621623
0 0.4755859375 0.2864864864864865 0.0087890625 0.01981981981981982
0 0.2646484375 0.4486486486486487 0.0126953125 0.02882882882882883
0 0.4140625 0.618018018018018 0.01171875 0.021621621621621623
0 0.3173828125 0.3783783783783784 0.0078125 0.01981981981981982
0 0.412109375 0.36036036036036034 0.0078125 0.01981981981981982
0 0.28125 0.38738738738738737 0.0107421875 0.023423423423423424
0 0.298828125 0.3009009009009009 0.0078125 0.023423423423423424
0 0.5439453125 0.645045045045045 0.0107421875 0.023423423423423424
0 0.2841796875 0.16756756756756758 0.0087890625 0.021621621621621623
0 0.302734375 0.2126126126126126 0.0068359375 0.021621621621621623
0 0.28515625 0.34774774774774775 0.0087890625 0.023423423423423424
0 0.255859375 0.032432432432432434 0.0078125 0.01981981981981982
0 0.2236328125 0.02702702702702703 0.0078125 0.01981981981981982
0 0.388671875 0.07207207207207207 0.0087890625 0.01981981981981982
0 0.365234375 0.3153153153153153 0.0087890625 0.023423423423423424
0 0.3603515625 0.4828828828828829 0.0087890625 0.021621621621621623
0 0.5830078125 0.11351351351351352 0.0068359375 0.018018018018018018
0 0.5400390625 0.11171171171171171 0.0068359375 0.014414414414414415
0 0.6484375 0.209009009009009 0.0078125 0.01981981981981982
0 0.0029296875 0.1783783783783784 0.005859375 0.018018018018018018
0 0.0947265625 0.03423423423423423 0.0078125 0.021621621621621623
0 0.1611328125 0.1063063063063063 0.009765625 0.01981981981981982
0 0.103515625 0.09549549549549549 0.0087890625 0.01981981981981982
0 0.1142578125 0.15855855855855855 0.01171875 0.02702702702702703