0 0.94921875 0.23008849557522124 0.0380859375 0.08112094395280237
0 0.7939453125 0.19911504424778761 0.068359375 0.14454277286135694
0 0.6875 0.21386430678466076 0.0361328125 0.10914454277286136
0 0.580078125 0.27876106194690264 0.025390625 0.06047197640117994
0 0.54296875 0.25073746312684364 0.015625 0.04277286135693215
0 0.4931640625 0.23156342182890854 0.0283203125 0.06342182890855458
0 0.4521484375 0.24926253687315633 0.0205078125 0.06784660766961652
0 0.4248046875 0.24631268436578171 0.0224609375 0.048672566371681415
0 0.380859375 0.26843657817109146 0.013671875 0.0471976401179941
0 0.3486328125 0.24188790560471976 0.0185546875 0.05309734513274336
0 0.3046875 0.23893805309734514 0.0166015625 0.032448377581120944
0 0.27734375 0.2551622418879056 0.0205078125 0.04424778761061947
0 0.2421875 0.25663716814159293 0.017578125 0.038348082595870206
0 0.2138671875 0.24041297935103245 0.017578125 0.030973451327433628
0 0.177734375 0.252212389380531 0.017578125 0.029498525073746312
0 0.146484375 0.24926253687315633 0.01953125 0.030973451327433628
0 0.09765625 0.25663716814159293 0.0185546875 0.029498525073746312
0 0.076171875 0.3185840707964602 0.0146484375 0.02064896755162242
0 0.025390625 0.32448377581120946 0.0166015625 0.025073746312684365
0 0.0654296875 0.26991150442477874 0.0166015625 0.029498525073746312
0 0.0556640625 0.25073746312684364 0.013671875 0.02359882005899705
0 0.0322265625 0.25663716814159293 0.0126953125 0.02064896755162242
0 0.01953125 0.2448377581120944 0.0107421875 0.022123893805309734