0 0.9384765625 0.390625 0.044921875 0.06640625
0 0.892578125 0.4088541666666667 0.01171875 0.01953125
0 0.8740234375 0.4296875 0.01953125 0.02734375
0 0.8623046875 0.39453125 0.013671875 0.02734375
0 0.796875 0.4375 0.0166015625 0.02734375
0 0.826171875 0.4153645833333333 0.0107421875 0.016927083333333332
0 0.8173828125 0.4283854166666667 0.0078125 0.013020833333333334
0 0.83984375 0.3619791666666667 0.009765625 0.014322916666666666
0 0.890625 0.3723958333333333 0.005859375 0.010416666666666666
0 0.8134765625 0.4127604166666667 0.009765625 0.016927083333333332
0 0.7998046875 0.4010416666666667 0.0087890625 0.014322916666666666
0 0.7998046875 0.3815104166666667 0.0068359375 0.01171875
0 0.77734375 0.3984375 0.0078125 0.014322916666666666
0 0.759765625 0.4322916666666667 0.0166015625 0.024739583333333332
0 0.7294921875 0.4075520833333333 0.017578125 0.022135416666666668
0 0.658203125 0.4127604166666667 0.017578125 0.026041666666666668
0 0.681640625 0.390625 0.009765625 0.014322916666666666
0 0.7470703125 0.4244791666666667 0.0087890625 0.015625
0 0.75390625 0.4140625 0.0078125 0.013020833333333334
0 0.7001953125 0.4166666666666667 0.0078125 0.013020833333333334
0 0.6845703125 0.43359375 0.0126953125 0.01953125
0 0.6787109375 0.42578125 0.01171875 0.01953125
0 0.6669921875 0.40234375 0.005859375 0.010416666666666666
0 0.5927734375 0.4309895833333333 0.015625 0.01953125
0 0.64453125 0.4192708333333333 0.0087890625 0.015625
0 0.6337890625 0.4296875 0.0107421875 0.016927083333333332
0 0.625 0.4205729166666667 0.0107421875 0.015625
0 0.6259765625 0.41015625 0.009765625 0.015625
0 0.5927734375 0.41015625 0.0126953125 0.016927083333333332
0 0.5830078125 0.4127604166666667 0.0107421875 0.018229166666666668
0 0.5615234375 0.4361979166666667 0.0166015625 0.0234375
0 0.568359375 0.41796875 0.0126953125 0.01953125
0 0.544921875 0.4205729166666667 0.0107421875 0.015625
0 0.5107421875 0.41796875 0.0146484375 0.016927083333333332
0 0.498046875 0.4270833333333333 0.009765625 0.014322916666666666
0 0.48828125 0.43359375 0.0146484375 0.0234375
0 0.44140625 0.43359375 0.017578125 0.026041666666666668
0 0.4296875 0.4283854166666667 0.0107421875 0.015625
0 0.4208984375 0.421875 0.009765625 0.015625
0 0.3916015625 0.4270833333333333 0.009765625 0.015625
0 0.38671875 0.4309895833333333 0.009765625 0.014322916666666666
0 0.3701171875 0.4375 0.0146484375 0.0234375
0 0.3427734375 0.44140625 0.009765625 0.013020833333333334
0 0.3359375 0.4309895833333333 0.0107421875 0.015625
0 0.34765625 0.4309895833333333 0.005859375 0.009114583333333334
0 0.2763671875 0.4583333333333333 0.0146484375 0.026041666666666668
0 0.263671875 0.4388020833333333 0.013671875 0.01953125
0 0.275390625 0.43359375 0.009765625 0.015625
0 0.2138671875 0.453125 0.013671875 0.01953125
0 0.2490234375 0.4440104166666667 0.0107421875 0.018229166666666668
0 0.2236328125 0.4427083333333333 0.0126953125 0.024739583333333332
0 0.134765625 0.5559895833333334 0.0517578125 0.06380208333333333
0 0.181640625 0.4440104166666667 0.0234375 0.037760416666666664
0 0.1435546875 0.4296875 0.0068359375 0.013020833333333334
0 0.1572265625 0.4153645833333333 0.0068359375 0.009114583333333334
0 0.154296875 0.4765625 0.0068359375 0.01171875
0 0.08984375 0.4609375 0.0107421875 0.015625
0 0.1259765625 0.4557291666666667 0.009765625 0.01953125
0 0.130859375 0.4192708333333333 0.0087890625 0.01171875
0 0.154296875 0.40234375 0.005859375 0.010416666666666666
0 0.1103515625 0.3828125 0.005859375 0.01171875
0 0.091796875 0.4388020833333333 0.0078125 0.016927083333333332
0 0.07421875 0.4440104166666667 0.0107421875 0.014322916666666666
0 0.0478515625 0.4635416666666667 0.015625 0.026041666666666668
0 0.01953125 0.4479166666666667 0.009765625 0.014322916666666666
0 0.0546875 0.4401041666666667 0.0087890625 0.013020833333333334
0 0.0224609375 0.4791666666666667 0.0107421875 0.016927083333333332