0 0.9443359375 0.8740849194729137 0.0224609375 0.03953147877013177
0 0.9326171875 0.8316251830161054 0.0263671875 0.04685212298682284
0 0.8095703125 0.8521229868228404 0.0263671875 0.048316251830161056
0 0.8388671875 0.8111273792093704 0.0205078125 0.04538799414348463
0 0.6787109375 0.9677891654465594 0.0244140625 0.04685212298682284
0 0.46484375 0.9062957540263543 0.01953125 0.043923865300146414
0 0.46484375 0.8228404099560761 0.013671875 0.03367496339677892
0 0.3017578125 0.8448023426061494 0.02734375 0.048316251830161056
0 0.3369140625 0.8316251830161054 0.017578125 0.043923865300146414
0 0.556640625 0.7247437774524158 0.013671875 0.036603221083455345
0 0.5419921875 0.7833089311859444 0.013671875 0.036603221083455345
0 0.5810546875 0.7598828696925329 0.015625 0.036603221083455345
0 0.1650390625 0.9253294289897511 0.025390625 0.04978038067349927
0 0.265625 0.8535871156661786 0.013671875 0.03953147877013177
0 0.189453125 0.8052708638360175 0.009765625 0.027818448023426062
0 0.029296875 0.6764275256222547 0.021484375 0.043923865300146414
0 0.1201171875 0.5988286969253295 0.0166015625 0.03367496339677892
0 0.2119140625 0.6281112737920937 0.01953125 0.040995607613469986
0 0.234375 0.6032210834553441 0.017578125 0.03513909224011713
0 0.1728515625 0.6632503660322109 0.017578125 0.03953147877013177
0 0.06640625 0.636896046852123 0.015625 0.036603221083455345
0 0.1923828125 0.8975109809663251 0.0146484375 0.040995607613469986
0 0.7978515625 0.7232796486090776 0.021484375 0.0424597364568082
0 0.7490234375 0.6427525622254758 0.0224609375 0.040995607613469986
0 0.7919921875 0.6486090775988287 0.0185546875 0.03806734992679356
0 0.4541015625 0.6427525622254758 0.01953125 0.03806734992679356
0 0.4267578125 0.6076134699853587 0.0166015625 0.03953147877013177
0 0.40625 0.6456808199121523 0.021484375 0.03806734992679356
0 0.31640625 0.6632503660322109 0.0205078125 0.03806734992679356
0 0.2578125 0.6442166910688141 0.015625 0.029282576866764276
0 0.3193359375 0.5563689604685212 0.017578125 0.03806734992679356
0 0.2548828125 0.5592972181551976 0.021484375 0.02635431918008785
0 0.2158203125 0.5256222547584187 0.017578125 0.03367496339677892
0 0.3046875 0.5168374816983895 0.013671875 0.029282576866764276
0 0.1728515625 0.4670571010248902 0.017578125 0.03513909224011713
0 0.107421875 0.5212298682284041 0.0146484375 0.03513909224011713
0 0.1142578125 0.4289897510980966 0.015625 0.032210834553440704
0 0.1494140625 0.4377745241581259 0.0146484375 0.03367496339677892
0 0.08984375 0.3294289897510981 0.0126953125 0.029282576866764276
0 0.1298828125 0.36749633967789164 0.0146484375 0.03074670571010249
0 0.1318359375 0.3294289897510981 0.01171875 0.032210834553440704
0 0.0830078125 0.38799414348462663 0.017578125 0.036603221083455345
0 0.0546875 0.33821376281112736 0.015625 0.03074670571010249
0 0.04296875 0.29428989751098095 0.0146484375 0.024890190336749635
0 0.0146484375 0.26061493411420206 0.0146484375 0.02635431918008785
0 0.763671875 0.49487554904831627 0.017578125 0.036603221083455345
0 0.8623046875 0.4802342606149341 0.01953125 0.03367496339677892
0 0.8349609375 0.5461200585651538 0.015625 0.03513909224011713
0 0.7021484375 0.5285505124450952 0.0205078125 0.036603221083455345
0 0.6484375 0.5080527086383602 0.0185546875 0.03367496339677892
0 0.5703125 0.5256222547584187 0.01953125 0.03513909224011713
0 0.560546875 0.5710102489019033 0.0185546875 0.036603221083455345
0 0.52734375 0.5095168374816984 0.017578125 0.036603221083455345
0 0.529296875 0.5666178623718887 0.01953125 0.040995607613469986
0 0.619140625 0.5695461200585652 0.015625 0.03513909224011713
0 0.4755859375 0.5534407027818448 0.0205078125 0.040995607613469986
0 0.494140625 0.5256222547584187 0.017578125 0.03513909224011713
0 0.4541015625 0.5065885797950219 0.017578125 0.03806734992679356
0 0.48046875 0.48462664714494874 0.0166015625 0.036603221083455345
0 0.4326171875 0.48755490483162517 0.017578125 0.03953147877013177
0 0.4033203125 0.541727672035139 0.015625 0.027818448023426062
0 0.38671875 0.5226939970717424 0.0166015625 0.03367496339677892
0 0.345703125 0.5124450951683748 0.0185546875 0.036603221083455345
0 0.32421875 0.4743777452415813 0.0185546875 0.03953147877013177
0 0.4248046875 0.43484626647144947 0.0166015625 0.036603221083455345
0 0.408203125 0.44216691068814057 0.015625 0.032210834553440704
0 0.373046875 0.48755490483162517 0.013671875 0.029282576866764276
0 0.3291015625 0.43484626647144947 0.0166015625 0.02635431918008785
0 0.15234375 0.3528550512445095 0.0126953125 0.03074670571010249
0 0.1416015625 0.30307467057101023 0.0146484375 0.027818448023426062
0 0.220703125 0.3001464128843338 0.0087890625 0.017569546120058566
0 0.2041015625 0.3923865300146413 0.01171875 0.027818448023426062
0 0.109375 0.20644216691068815 0.01171875 0.02635431918008785
0 0.1337890625 0.18887262079062958 0.0107421875 0.021961932650073207
0 0.107421875 0.25036603221083453 0.0107421875 0.020497803806734993
0 0.8720703125 0.3821376281112738 0.017578125 0.03806734992679356
0 0.9521484375 0.39970717423133234 0.015625 0.03513909224011713
0 0.908203125 0.3967789165446559 0.0126953125 0.02635431918008785
0 0.865234375 0.3396778916544656 0.013671875 0.024890190336749635
0 0.841796875 0.33821376281112736 0.0146484375 0.032210834553440704
0 0.87890625 0.33528550512445093 0.0107421875 0.02342606149341142
0 0.923828125 0.32210834553440704 0.0107421875 0.024890190336749635
0 0.8779296875 0.43045387994143486 0.0146484375 0.03074670571010249
0 0.484375 0.4216691068814056 0.0166015625 0.032210834553440704
0 0.5693359375 0.45241581259150804 0.0166015625 0.03513909224011713
0 0.5478515625 0.43191800878477304 0.013671875 0.03074670571010249
0 0.5078125 0.4084919472913616 0.017578125 0.03806734992679356
0 0.6171875 0.4216691068814056 0.0146484375 0.0424597364568082
0 0.609375 0.39970717423133234 0.0146484375 0.03513909224011713
0 0.3583984375 0.37042459736456806 0.013671875 0.032210834553440704
0 0.3955078125 0.3762811127379209 0.015625 0.032210834553440704
0 0.4150390625 0.3294289897510981 0.0146484375 0.032210834553440704
0 0.3564453125 0.4216691068814056 0.013671875 0.027818448023426062
0 0.55078125 0.3557833089311859 0.0146484375 0.029282576866764276
0 0.5068359375 0.3308931185944363 0.0146484375 0.02635431918008785
0 0.4912109375 0.33821376281112736 0.009765625 0.020497803806734993
0 0.4814453125 0.32210834553440704 0.015625 0.029282576866764276
0 0.5185546875 0.2884333821376281 0.0107421875 0.01903367496339678
0 0.4765625 0.3806734992679356 0.0146484375 0.02635431918008785
0 0.2197265625 0.44216691068814057 0.0146484375 0.03367496339677892
0 0.20703125 0.33821376281112736 0.015625 0.03074670571010249
0 0.2373046875 0.2767203513909224 0.009765625 0.01903367496339678
0 0.345703125 0.30600292825768666 0.013671875 0.029282576866764276
0 0.2900390625 0.2884333821376281 0.0126953125 0.02342606149341142
0 0.3125 0.3294289897510981 0.01171875 0.03074670571010249
0 0.314453125 0.3103953147877013 0.0107421875 0.021961932650073207
0 0.275390625 0.2635431918008785 0.0126953125 0.02342606149341142
0 0.2099609375 0.23865300146412885 0.009765625 0.024890190336749635
0 0.1826171875 0.24743777452415813 0.0107421875 0.024890190336749635
0 0.6298828125 0.28989751098096633 0.0126953125 0.02635431918008785
0 0.6376953125 0.3440702781844802 0.013671875 0.02635431918008785
0 0.5966796875 0.3308931185944363 0.01171875 0.024890190336749635
0 0.556640625 0.2957540263543192 0.01171875 0.02635431918008785
0 0.5009765625 0.2664714494875549 0.013671875 0.02342606149341142
0 0.5849609375 0.3718887262079063 0.0146484375 0.029282576866764276
0 0.59765625 0.2591508052708638 0.0126953125 0.02635431918008785
0 0.6220703125 0.2591508052708638 0.009765625 0.02342606149341142
0 0.5205078125 0.24597364568081992 0.01171875 0.024890190336749635
0 0.71484375 0.22108345534407028 0.01171875 0.024890190336749635
0 0.681640625 0.2108345534407028 0.01171875 0.021961932650073207
0 0.6904296875 0.19326500732064422 0.01171875 0.021961932650073207
0 0.732421875 0.19912152269399708 0.0078125 0.016105417276720352
0 0.7080078125 0.18887262079062958 0.0087890625 0.020497803806734993
0 0.4736328125 0.23572474377745242 0.0107421875 0.02635431918008785
0 0.4716796875 0.2708638360175695 0.0126953125 0.024890190336749635
0 0.5673828125 0.2108345534407028 0.0107421875 0.02342606149341142
0 0.310546875 0.1683748169838946 0.009765625 0.021961932650073207
0 0.6044921875 0.20497803806734993 0.0126953125 0.029282576866764276
0 0.583984375 0.2020497803806735 0.0107421875 0.02342606149341142
0 0.5654296875 0.17715959004392387 0.009765625 0.01903367496339678
0 0.35546875 0.19765739385065886 0.0078125 0.014641288433382138
0 0.40234375 0.20790629575402636 0.0107421875 0.020497803806734993
0 0.3779296875 0.2445095168374817 0.01171875 0.029282576866764276
0 0.7470703125 0.26061493411420206 0.01171875 0.03074670571010249
0 0.744140625 0.23572474377745242 0.0087890625 0.01903367496339678
0 0.8037109375 0.2972181551976574 0.0146484375 0.029282576866764276
0 0.857421875 0.38799414348462663 0.0126953125 0.029282576866764276
0 0.80078125 0.25036603221083453 0.01171875 0.01903367496339678
0 0.8837890625 0.2781844802342606 0.0146484375 0.027818448023426062
0 0.8115234375 0.34553440702781846 0.017578125 0.029282576866764276
0 0.7587890625 0.2884333821376281 0.0087890625 0.021961932650073207
0 0.775390625 0.2913616398243045 0.01171875 0.027818448023426062
0 0.33203125 0.2664714494875549 0.0087890625 0.021961932650073207
0 0.26953125 0.2240117130307467 0.0087890625 0.01903367496339678
0 0.318359375 0.09224011713030747 0.01171875 0.02342606149341142
0 0.4755859375 0.17423133235724744 0.01171875 0.021961932650073207
0 0.5087890625 0.18740849194729137 0.01171875 0.02342606149341142
0 0.5009765625 0.15666178623718888 0.0146484375 0.021961932650073207
0 0.48046875 0.14055636896046853 0.009765625 0.021961932650073207
0 0.8232421875 0.20351390922401172 0.009765625 0.020497803806734993
0 0.5625 0.43045387994143486 0.0166015625 0.032210834553440704
0 0.6103515625 0.3396778916544656 0.0166015625 0.03367496339677892
0 0.5625 0.4055636896046852 0.017578125 0.03513909224011713
0 0.54296875 0.4904831625183016 0.0166015625 0.03513909224011713
0 0.521484375 0.3235724743777452 0.013671875 0.03367496339677892
0 0.5888671875 0.2518301610541728 0.0146484375 0.02635431918008785
0 0.2705078125 0.4978038067349927 0.017578125 0.02635431918008785
0 0.078125 0.4890190336749634 0.0166015625 0.03074670571010249
0 0.095703125 0.48462664714494874 0.017578125 0.03953147877013177