0 0.041015625 0.8846846846846846 0.005859375 0.016216216216216217
0 0.107421875 0.7441441441441441 0.0068359375 0.016216216216216217
0 0.1689453125 0.8954954954954955 0.0078125 0.014414414414414415
0 0.171875 0.8054054054054054 0.0068359375 0.012612612612612612
0 0.140625 0.781981981981982 0.0087890625 0.016216216216216217
0 0.1826171875 0.7351351351351352 0.0048828125 0.012612612612612612
0 0.1630859375 0.6990990990990991 0.005859375 0.012612612612612612
0 0.0791015625 0.69009009009009 0.0078125 0.014414414414414415
0 0.232421875 0.8774774774774775 0.0048828125 0.014414414414414415
0 0.2763671875 0.790990990990991 0.005859375 0.016216216216216217
0 0.16796875 0.7351351351351352 0.00390625 0.012612612612612612
0 0.3251953125 0.69009009009009 0.005859375 0.012612612612612612
0 0.4609375 0.8864864864864865 0.005859375 0.014414414414414415
0 0.5185546875 0.8486486486486486 0.0048828125 0.012612612612612612
0 0.5859375 0.9045045045045045 0.0078125 0.012612612612612612
0 0.6416015625 0.9873873873873874 0.0087890625 0.021621621621621623
0 0.7822265625 0.818018018018018 0.005859375 0.016216216216216217
0 0.705078125 0.9225225225225225 0.005859375 0.016216216216216217
0 0.85546875 0.8756756756756757 0.0078125 0.016216216216216217
0 0.884765625 0.8882882882882883 0.005859375 0.014414414414414415
0 0.58984375 0.8144144144144144 0.0078125 0.014414414414414415
0 0.640625 0.9423423423423424 0.0078125 0.014414414414414415