0 0.21875 0.259946949602122 0.0283203125 0.04509283819628647
0 0.3203125 0.2612732095490716 0.0322265625 0.05172413793103448
0 0.49609375 0.27453580901856767 0.02734375 0.04376657824933687
0 0.5625 0.3050397877984085 0.021484375 0.03978779840848806
0 0.9306640625 0.29045092838196285 0.0263671875 0.03978779840848806
0 0.90625 0.27586206896551724 0.0166015625 0.04111405835543767
0 0.8232421875 0.253315649867374 0.0234375 0.054376657824933686
0 0.587890625 0.2519893899204244 0.0185546875 0.03978779840848806
0 0.61328125 0.28514588859416445 0.0205078125 0.05702917771883289
0 0.7138671875 0.2718832891246684 0.0234375 0.046419098143236075
0 0.390625 0.25862068965517243 0.0126953125 0.029177718832891247
0 0.376953125 0.28249336870026526 0.0185546875 0.038461538461538464
0 0.474609375 0.25596816976127323 0.0185546875 0.029177718832891247
0 0.513671875 0.2625994694960212 0.017578125 0.033156498673740056
0 0.541015625 0.2692307692307692 0.0107421875 0.017241379310344827
0 0.5673828125 0.26790450928381965 0.021484375 0.03183023872679045
0 0.1025390625 0.20954907161803712 0.0263671875 0.06896551724137931
0 0.1474609375 0.2480106100795756 0.015625 0.023872679045092837
0 0.759765625 0.27718832891246686 0.0244140625 0.04907161803713528
0 0.662109375 0.2864721485411141 0.01953125 0.034482758620689655
0 0.6796875 0.29973474801061006 0.0263671875 0.03713527851458886
0 0.2841796875 0.2440318302387268 0.0185546875 0.03713527851458886
0 0.107421875 0.26790450928381965 0.0205078125 0.033156498673740056
0 0.1220703125 0.2639257294429708 0.009765625 0.022546419098143235
0 0.1337890625 0.2546419098143236 0.0078125 0.01856763925729443