0 0.96484375 0.6569010416666666 0.033203125 0.026041666666666668
0 0.8837890625 0.638671875 0.0400390625 0.026692708333333332
0 0.6318359375 0.4420572916666667 0.11328125 0.08528645833333333
0 0.302734375 0.5227864583333334 0.0966796875 0.07291666666666667
0 0.140625 0.548828125 0.0224609375 0.018880208333333332
0 0.0322265625 0.8059895833333334 0.060546875 0.045572916666666664
0 0.73046875 0.10221354166666667 0.04296875 0.034505208333333336
0 0.3759765625 0.146484375 0.0703125 0.059895833333333336
0 0.013671875 0.4856770833333333 0.02734375 0.02734375
0 0.0126953125 0.6946614583333334 0.0263671875 0.037760416666666664
0 0.3837890625 0.5188802083333334 0.03125 0.025390625