0 0.8681640625 0.56640625 0.0341796875 0.125
0 0.857421875 0.42578125 0.0185546875 0.048177083333333336
0 0.576171875 0.7747395833333334 0.0751953125 0.11848958333333333
0 0.61328125 0.4752604166666667 0.0263671875 0.06510416666666667
0 0.43359375 0.546875 0.0234375 0.08072916666666667
0 0.9130859375 0.40625 0.0205078125 0.045572916666666664
0 0.978515625 0.2708333333333333 0.0126953125 0.020833333333333332
0 0.84765625 0.3815104166666667 0.015625 0.032552083333333336
0 0.8935546875 0.35546875 0.01953125 0.032552083333333336
0 0.9365234375 0.29296875 0.01171875 0.016927083333333332
0 0.88671875 0.2942708333333333 0.01171875 0.020833333333333332
0 0.833984375 0.2864583333333333 0.01171875 0.01953125
0 0.8125 0.32421875 0.015625 0.024739583333333332
0 0.82421875 0.3567708333333333 0.0146484375 0.022135416666666668
0 0.783203125 0.36328125 0.025390625 0.04296875
0 0.791015625 0.2799479166666667 0.0126953125 0.016927083333333332
0 0.779296875 0.3255208333333333 0.013671875 0.024739583333333332
0 0.9873046875 0.3385416666666667 0.0107421875 0.022135416666666668
0 0.9853515625 0.5065104166666666 0.0283203125 0.08333333333333333
0 0.73046875 0.38671875 0.0263671875 0.036458333333333336
0 0.751953125 0.4583333333333333 0.0302734375 0.05859375
0 0.716796875 0.3567708333333333 0.01953125 0.03125
0 0.7470703125 0.3359375 0.017578125 0.026041666666666668
0 0.755859375 0.2604166666666667 0.01171875 0.01953125
0 0.740234375 0.31640625 0.01171875 0.022135416666666668
0 0.7177734375 0.27734375 0.01171875 0.01953125
0 0.701171875 0.2799479166666667 0.013671875 0.01953125
0 0.6884765625 0.3294270833333333 0.013671875 0.0234375
0 0.6611328125 0.3216145833333333 0.0126953125 0.024739583333333332
0 0.6259765625 0.3411458333333333 0.0126953125 0.028645833333333332
0 0.6611328125 0.2552083333333333 0.0087890625 0.016927083333333332
0 0.658203125 0.2760416666666667 0.0078125 0.016927083333333332
0 0.640625 0.2565104166666667 0.009765625 0.018229166666666668
0 0.6298828125 0.3203125 0.009765625 0.01953125
0 0.62109375 0.25390625 0.0087890625 0.018229166666666668
0 0.58203125 0.3346354166666667 0.0068359375 0.028645833333333332
0 0.5947265625 0.26171875 0.0068359375 0.014322916666666666
0 0.5771484375 0.2630208333333333 0.0068359375 0.016927083333333332
0 0.572265625 0.2591145833333333 0.009765625 0.016927083333333332
0 0.4970703125 0.3190104166666667 0.0126953125 0.020833333333333332
0 0.5263671875 0.25390625 0.009765625 0.014322916666666666
0 0.537109375 0.328125 0.0107421875 0.018229166666666668
0 0.53515625 0.3020833333333333 0.01171875 0.016927083333333332
0 0.482421875 0.3072916666666667 0.01171875 0.0234375
0 0.505859375 0.265625 0.0087890625 0.015625
0 0.46875 0.265625 0.0087890625 0.016927083333333332
0 0.4453125 0.24869791666666666 0.0078125 0.014322916666666666
0 0.4140625 0.24609375 0.009765625 0.016927083333333332
0 0.525390625 0.42578125 0.0263671875 0.046875
0 0.46484375 0.3528645833333333 0.009765625 0.03125
0 0.5107421875 0.3177083333333333 0.0087890625 0.026041666666666668
0 0.40234375 0.4140625 0.0205078125 0.057291666666666664
0 0.5927734375 0.4088541666666667 0.0166015625 0.041666666666666664
0 0.2900390625 0.2513020833333333 0.0078125 0.013020833333333334
0 0.333984375 0.2604166666666667 0.0068359375 0.013020833333333334
0 0.2744140625 0.2643229166666667 0.0078125 0.01171875
0 0.2548828125 0.2630208333333333 0.0068359375 0.013020833333333334
0 0.2451171875 0.2604166666666667 0.0078125 0.013020833333333334
0 0.2236328125 0.2591145833333333 0.0078125 0.01171875
0 0.455078125 0.3203125 0.0126953125 0.024739583333333332
0 0.412109375 0.3125 0.0107421875 0.01953125
0 0.4443359375 0.3046875 0.0107421875 0.018229166666666668
0 0.029296875 0.2643229166666667 0.0078125 0.018229166666666668
0 0.177734375 0.3020833333333333 0.0078125 0.013020833333333334
0 0.9345703125 0.34375 0.0185546875 0.03125
0 0.3037109375 0.2526041666666667 0.0068359375 0.014322916666666666