0 0.1650390625 0.3008849557522124 0.0517578125 0.07743362831858407
0 0.2578125 0.3219026548672566 0.0419921875 0.06969026548672566
0 0.3408203125 0.33185840707964603 0.05078125 0.08075221238938053
0 0.2890625 0.30973451327433627 0.021484375 0.05752212389380531
0 0.37890625 0.3219026548672566 0.037109375 0.06969026548672566
0 0.419921875 0.3230088495575221 0.0390625 0.0586283185840708
0 0.5078125 0.2853982300884956 0.046875 0.07190265486725664
0 0.5419921875 0.2721238938053097 0.0224609375 0.03871681415929203
0 0.6162109375 0.27101769911504425 0.015625 0.02101769911504425
0 0.65234375 0.26991150442477874 0.017578125 0.022123893805309734
0 0.890625 0.25 0.015625 0.022123893805309734
0 0.8349609375 0.24336283185840707 0.015625 0.024336283185840708
0 0.916015625 0.30973451327433627 0.015625 0.02765486725663717
0 0.7744140625 0.27876106194690264 0.0146484375 0.018805309734513276
0 0.7392578125 0.27986725663716816 0.0107421875 0.018805309734513276
0 0.8125 0.18915929203539822 0.0146484375 0.023230088495575223
0 0.861328125 0.206858407079646 0.015625 0.022123893805309734
0 0.87890625 0.1747787610619469 0.0146484375 0.024336283185840708
0 0.7802734375 0.14712389380530974 0.0146484375 0.02101769911504425
0 0.923828125 0.035398230088495575 0.0166015625 0.024336283185840708
0 0.8857421875 0.03650442477876106 0.015625 0.018805309734513276
0 0.845703125 0.12057522123893805 0.0146484375 0.016592920353982302
0 0.8046875 0.1261061946902655 0.0126953125 0.018805309734513276
0 0.82421875 0.08738938053097345 0.01171875 0.015486725663716814
0 0.83984375 0.05309734513274336 0.0126953125 0.01991150442477876
0 0.7666015625 0.03871681415929203 0.0126953125 0.018805309734513276
0 0.728515625 0.05530973451327434 0.0126953125 0.01991150442477876
0 0.7177734375 0.04424778761061947 0.01171875 0.014380530973451327
0 0.7919921875 0.05088495575221239 0.0126953125 0.018805309734513276