0 0.9873046875 0.23929098966026588 0.0185546875 0.03545051698670606
0 0.943359375 0.21270310192023634 0.0283203125 0.050221565731166914
0 0.9208984375 0.27326440177252587 0.0166015625 0.03249630723781388
0 0.8642578125 0.23929098966026588 0.0205078125 0.03840472673559823
0 0.8203125 0.2466765140324963 0.0283203125 0.051698670605613
0 0.8046875 0.276218611521418 0.0126953125 0.03545051698670606
0 0.7509765625 0.23042836041358936 0.0244140625 0.03988183161004431
0 0.6904296875 0.22895125553914328 0.0283203125 0.056129985228951254
0 0.6474609375 0.2555391432791728 0.0146484375 0.028064992614475627
0 0.5927734375 0.2658788774002954 0.0361328125 0.053175775480059084
0 0.4765625 0.3397341211225997 0.0478515625 0.04874446085672083
0 0.2373046875 0.1329394387001477 0.04296875 0.10487444608567208