0 0.9482421875 0.39446870451237265 0.0185546875 0.027656477438136828
0 0.8740234375 0.3726346433770015 0.015625 0.046579330422125184
0 0.869140625 0.39592430858806404 0.0185546875 0.03202328966521106
0 0.8583984375 0.487627365356623 0.01953125 0.033478893740902474
0 0.9169921875 0.5211062590975255 0.0361328125 0.05967976710334789
0 0.7998046875 0.413391557496361 0.0166015625 0.03056768558951965
0 0.7783203125 0.4861717612809316 0.0166015625 0.027656477438136828
0 0.740234375 0.5240174672489083 0.0205078125 0.03784570596797671
0 0.7744140625 0.5385735080058224 0.0205078125 0.033478893740902474
0 0.7939453125 0.6142649199417758 0.0380859375 0.07569141193595343
0 0.6708984375 0.6885007278020379 0.083984375 0.15138282387190685
0 0.642578125 0.5662299854439592 0.033203125 0.05240174672489083
0 0.6416015625 0.4992721979621543 0.0166015625 0.03056768558951965
0 0.6220703125 0.50509461426492 0.013671875 0.03056768558951965
0 0.6318359375 0.43377001455604075 0.013671875 0.020378457059679767
0 0.525390625 0.604075691411936 0.021484375 0.053857350800582245
0 0.59375 0.61863173216885 0.0234375 0.020378457059679767
0 0.462890625 0.9446870451237264 0.087890625 0.11062590975254731
0 0.1435546875 0.8005822416302766 0.0869140625 0.16448326055312956
0 0.376953125 0.39737991266375544 0.064453125 0.12518195050946143
0 0.150390625 0.6346433770014556 0.0322265625 0.07132459970887918
0 0.0986328125 0.6375545851528385 0.0283203125 0.050946142649199416
0 0.263671875 0.5924308588064047 0.01953125 0.049490538573508006
0 0.21484375 0.5909752547307132 0.0234375 0.03784570596797671
0 0.158203125 0.5633187772925764 0.021484375 0.03056768558951965
0 0.1259765625 0.5502183406113537 0.015625 0.03202328966521106
0 0.1025390625 0.529839883551674 0.0107421875 0.023289665211062592
0 0.0712890625 0.5356622998544396 0.0126953125 0.024745269286754003
0 0.2158203125 0.5385735080058224 0.013671875 0.021834061135371178
0 0.212890625 0.519650655021834 0.01171875 0.021834061135371178
0 0.0625 0.7874818049490538 0.0771484375 0.10189228529839883
0 0.3193359375 0.44541484716157204 0.009765625 0.020378457059679767
0 0.28125 0.4468704512372635 0.0078125 0.017467248908296942
0 0.3388671875 0.4468704512372635 0.01171875 0.023289665211062592
0 0.2001953125 0.46142649199417757 0.0078125 0.01601164483260553
0 0.16015625 0.5181950509461426 0.0087890625 0.01601164483260553
0 0.1337890625 0.5327510917030568 0.0107421875 0.018922852983988356
0 0.0439453125 0.47161572052401746 0.0126953125 0.020378457059679767
0 0.1982421875 0.5181950509461426 0.005859375 0.010189228529839884
0 0.0185546875 0.727802037845706 0.0380859375 0.11208151382823872