0 0.009765625 0.32991202346041054 0.01171875 0.021994134897360705
0 0.0361328125 0.3416422287390029 0.01171875 0.02785923753665689
0 0.0732421875 0.312316715542522 0.01171875 0.02785923753665689
0 0.041015625 0.7668621700879765 0.0732421875 0.2155425219941349
0 0.279296875 0.8826979472140762 0.1162109375 0.23460410557184752
0 0.603515625 0.9002932551319648 0.0859375 0.19794721407624633
0 0.365234375 0.36070381231671556 0.033203125 0.05571847507331378
0 0.56640625 0.2844574780058651 0.0419921875 0.0689149560117302
0 0.765625 0.2126099706744868 0.044921875 0.07771260997067449
0 0.73828125 0.09237536656891496 0.015625 0.04105571847507331
0 0.9599609375 0.22434017595307917 0.052734375 0.0747800586510264
0 0.9248046875 0.10117302052785923 0.0380859375 0.05571847507331378