0 0.1845703125 0.25057471264367814 0.0078125 0.00842911877394636
0 0.3076171875 0.3731800766283525 0.0107421875 0.010727969348659003
0 0.2890625 0.24980842911877393 0.0078125 0.006896551724137931
0 0.271484375 0.26053639846743293 0.0107421875 0.007662835249042145
0 0.2578125 0.25134099616858235 0.0078125 0.007662835249042145
0 0.2783203125 0.24061302681992336 0.0068359375 0.006130268199233717
0 0.6064453125 0.38850574712643676 0.015625 0.012260536398467433
0 0.5869140625 0.31340996168582375 0.0078125 0.009195402298850575
0 0.5693359375 0.2950191570881226 0.0087890625 0.00996168582375479
0 0.533203125 0.30114942528735633 0.009765625 0.010727969348659003
0 0.5263671875 0.28888888888888886 0.0078125 0.007662835249042145
0 0.6181640625 0.25287356321839083 0.009765625 0.010727969348659003
0 0.634765625 0.2727969348659004 0.01171875 0.013026819923371647
0 0.646484375 0.2988505747126437 0.0126953125 0.013793103448275862
0 0.6953125 0.30727969348659 0.0166015625 0.014559386973180077
0 0.7275390625 0.3088122605363985 0.015625 0.013793103448275862
0 0.744140625 0.27662835249042145 0.0087890625 0.010727969348659003
0 0.763671875 0.271264367816092 0.009765625 0.009195402298850575
0 0.7568359375 0.2590038314176245 0.009765625 0.010727969348659003
0 0.76953125 0.25363984674329504 0.009765625 0.007662835249042145
0 0.7392578125 0.2475095785440613 0.009765625 0.009195402298850575
0 0.7158203125 0.25134099616858235 0.0078125 0.006896551724137931
0 0.7041015625 0.25363984674329504 0.0078125 0.00996168582375479
0 0.6806640625 0.25363984674329504 0.0107421875 0.009195402298850575
0 0.708984375 0.2720306513409962 0.009765625 0.010727969348659003
0 0.767578125 0.23601532567049807 0.009765625 0.006896551724137931
0 0.759765625 0.22452107279693487 0.005859375 0.007662835249042145
0 0.7822265625 0.26590038314176245 0.0107421875 0.011494252873563218
0 0.794921875 0.2796934865900383 0.0078125 0.006130268199233717
0 0.7900390625 0.29272030651340997 0.005859375 0.007662835249042145
0 0.8017578125 0.2942528735632184 0.005859375 0.006130268199233717
0 0.8154296875 0.28812260536398465 0.0126953125 0.012260536398467433
0 0.828125 0.2582375478927203 0.0078125 0.010727969348659003
0 0.798828125 0.2574712643678161 0.005859375 0.0053639846743295016
0 0.8564453125 0.2567049808429119 0.009765625 0.00996168582375479
0 0.87890625 0.2628352490421456 0.0068359375 0.007662835249042145
0 0.8955078125 0.2597701149425287 0.005859375 0.007662835249042145
0 0.8837890625 0.25057471264367814 0.0068359375 0.007662835249042145
0 0.8505859375 0.2996168582375479 0.0107421875 0.011494252873563218
0 0.8193359375 0.30191570881226054 0.0078125 0.009195402298850575
0 0.908203125 0.30114942528735633 0.0078125 0.010727969348659003
0 0.89453125 0.2934865900383142 0.0078125 0.010727969348659003
0 0.923828125 0.3065134099616858 0.0107421875 0.013793103448275862
0 0.9453125 0.2950191570881226 0.01171875 0.012260536398467433
0 0.9619140625 0.31800766283524906 0.0078125 0.010727969348659003
0 0.9111328125 0.3264367816091954 0.0107421875 0.011494252873563218
0 0.8876953125 0.34022988505747126 0.01171875 0.013026819923371647
0 0.83984375 0.3157088122605364 0.0087890625 0.009195402298850575
0 0.9326171875 0.4521072796934866 0.0146484375 0.014559386973180077
0 0.95703125 0.4528735632183908 0.009765625 0.013026819923371647
0 0.9296875 0.43984674329501916 0.0146484375 0.013026819923371647
0 0.888671875 0.44980842911877394 0.013671875 0.017624521072796936
0 0.8671875 0.4444444444444444 0.0126953125 0.013793103448275862
0 0.7060546875 0.41762452107279696 0.01953125 0.01839080459770115
0 0.9248046875 0.28735632183908044 0.0078125 0.007662835249042145
0 0.96484375 0.281992337164751 0.0087890625 0.010727969348659003
0 0.8642578125 0.2260536398467433 0.0078125 0.006130268199233717
0 0.8271484375 0.22988505747126436 0.0068359375 0.00842911877394636
0 0.8447265625 0.24444444444444444 0.0078125 0.007662835249042145
0 0.8251953125 0.2153256704980843 0.005859375 0.006130268199233717
0 0.7744140625 0.21992337164750958 0.0068359375 0.006130268199233717
0 0.689453125 0.24597701149425288 0.0087890625 0.00996168582375479
0 0.9931640625 0.31264367816091954 0.013671875 0.020689655172413793
0 0.048828125 0.9747126436781609 0.0322265625 0.024521072796934867
0 0.376953125 0.9647509578544061 0.0283203125 0.03371647509578544
0 0.9560546875 0.9762452107279693 0.029296875 0.03371647509578544
0 0.927734375 0.271264367816092 0.0078125 0.00996168582375479
0 0.951171875 0.2720306513409962 0.0078125 0.00996168582375479
0 0.984375 0.29118773946360155 0.01171875 0.012260536398467433
0 0.9130859375 0.24904214559386972 0.0078125 0.009195402298850575
0 0.859375 0.2934865900383142 0.009765625 0.00996168582375479
0 0.90234375 0.28812260536398465 0.0087890625 0.00842911877394636
0 0.921875 0.36628352490421456 0.0126953125 0.016091954022988506
0 0.0224609375 0.4367816091954023 0.0146484375 0.013793103448275862
0 0.0712890625 0.296551724137931 0.0146484375 0.014559386973180077
0 0.0634765625 0.24904214559386972 0.0166015625 0.016091954022988506
0 0.2998046875 0.3693486590038314 0.0126953125 0.013026819923371647
0 0.0107421875 0.32873563218390806 0.015625 0.011494252873563218
0 0.015625 0.3455938697318008 0.0107421875 0.012260536398467433
0 0.0263671875 0.3578544061302682 0.0126953125 0.013026819923371647
0 0.0224609375 0.3816091954022989 0.0087890625 0.00842911877394636
0 0.07421875 0.35555555555555557 0.0078125 0.00842911877394636
0 0.048828125 0.3348659003831418 0.009765625 0.006130268199233717
0 0.1171875 0.36398467432950193 0.0126953125 0.010727969348659003
0 0.1279296875 0.36091954022988504 0.0126953125 0.011494252873563218
0 0.20703125 0.3448275862068966 0.0107421875 0.012260536398467433
0 0.1884765625 0.2735632183908046 0.0087890625 0.00996168582375479
0 0.216796875 0.2574712643678161 0.0078125 0.009195402298850575
0 0.2353515625 0.2720306513409962 0.009765625 0.00842911877394636
0 0.2822265625 0.27586206896551724 0.009765625 0.00842911877394636
0 0.3115234375 0.2636015325670498 0.009765625 0.00996168582375479
0 0.1708984375 0.2681992337164751 0.0068359375 0.006130268199233717
0 0.2216796875 0.3057471264367816 0.005859375 0.007662835249042145
0 0.2822265625 0.3080459770114943 0.0078125 0.00996168582375479
0 0.34765625 0.2988505747126437 0.0107421875 0.00842911877394636
0 0.330078125 0.3049808429118774 0.0087890625 0.007662835249042145
0 0.3720703125 0.367816091954023 0.009765625 0.01532567049808429
0 0.3935546875 0.38773946360153255 0.009765625 0.013026819923371647
0 0.42578125 0.4114942528735632 0.013671875 0.013026819923371647
0 0.4892578125 0.40306513409961686 0.015625 0.01532567049808429
0 0.5390625 0.4053639846743295 0.0146484375 0.01532567049808429
0 0.4990234375 0.2934865900383142 0.009765625 0.013026819923371647
0 0.4462890625 0.2689655172413793 0.009765625 0.007662835249042145
0 0.474609375 0.2704980842911877 0.0126953125 0.010727969348659003
0 0.4990234375 0.2720306513409962 0.0107421875 0.00842911877394636
0 0.474609375 0.28735632183908044 0.01171875 0.010727969348659003
0 0.4970703125 0.2574712643678161 0.009765625 0.009195402298850575
0 0.5087890625 0.2567049808429119 0.009765625 0.006896551724137931
0 0.529296875 0.2582375478927203 0.0078125 0.00996168582375479
0 0.5419921875 0.2582375478927203 0.0107421875 0.00996168582375479
0 0.5439453125 0.2467432950191571 0.009765625 0.006130268199233717
0 0.4462890625 0.2582375478927203 0.01171875 0.00842911877394636
0 0.470703125 0.24980842911877393 0.009765625 0.009195402298850575
0 0.2021484375 0.25363984674329504 0.009765625 0.010727969348659003