0 0.2197265625 0.3538011695906433 0.0615234375 0.13742690058479531
0 0.37890625 0.7850877192982456 0.0126953125 0.027777777777777776
0 0.39453125 0.7748538011695907 0.0087890625 0.013157894736842105
0 0.4013671875 0.7923976608187134 0.01171875 0.02046783625730994
0 0.4169921875 0.7690058479532164 0.009765625 0.017543859649122806
0 0.439453125 0.7719298245614035 0.013671875 0.027777777777777776
0 0.4619140625 0.7690058479532164 0.01171875 0.021929824561403508
0 0.474609375 0.7690058479532164 0.009765625 0.02046783625730994
0 0.4990234375 0.783625730994152 0.013671875 0.029239766081871343
0 0.517578125 0.7587719298245614 0.01171875 0.013157894736842105
0 0.5185546875 0.7821637426900585 0.009765625 0.02046783625730994
0 0.5537109375 0.8011695906432749 0.015625 0.019005847953216373
0 0.58203125 0.783625730994152 0.009765625 0.019005847953216373
0 0.548828125 0.7660818713450293 0.005859375 0.011695906432748537
0 0.560546875 0.7587719298245614 0.0068359375 0.011695906432748537
0 0.5693359375 0.7514619883040936 0.009765625 0.01608187134502924
0 0.6044921875 0.8026315789473685 0.0146484375 0.02046783625730994
0 0.6552734375 0.7953216374269005 0.013671875 0.027777777777777776
0 0.6181640625 0.7690058479532164 0.0107421875 0.02046783625730994
0 0.603515625 0.7558479532163743 0.005859375 0.011695906432748537
0 0.6689453125 0.7763157894736842 0.0107421875 0.019005847953216373
0 0.7060546875 0.814327485380117 0.0146484375 0.029239766081871343
0 0.69140625 0.7646198830409356 0.0068359375 0.011695906432748537
0 0.7021484375 0.7543859649122807 0.005859375 0.011695906432748537
0 0.7265625 0.8011695906432749 0.0126953125 0.023391812865497075
0 0.7158203125 0.7587719298245614 0.005859375 0.013157894736842105
0 0.751953125 0.7646198830409356 0.0048828125 0.011695906432748537
0 0.7890625 0.8055555555555556 0.0087890625 0.017543859649122806
0 0.8076171875 0.8070175438596491 0.015625 0.02631578947368421
0 0.8447265625 0.7997076023391813 0.0126953125 0.029239766081871343
0 0.884765625 0.8172514619883041 0.0166015625 0.03070175438596491
0 0.90625 0.8084795321637427 0.01171875 0.024853801169590642
0 0.787109375 0.7119883040935673 0.005859375 0.011695906432748537
0 0.830078125 0.7397660818713451 0.005859375 0.014619883040935672
0 0.8359375 0.7280701754385965 0.005859375 0.01023391812865497