0 0.07421875 0.2961876832844575 0.0185546875 0.03519061583577713
0 0.13671875 0.2653958944281525 0.0126953125 0.020527859237536656
0 0.228515625 0.3064516129032258 0.017578125 0.024926686217008796
0 0.22265625 0.2595307917888563 0.0126953125 0.020527859237536656
0 0.2001953125 0.2434017595307918 0.0068359375 0.013196480938416423
0 0.232421875 0.2316715542521994 0.0078125 0.010263929618768328
0 0.2666015625 0.2565982404692082 0.009765625 0.017595307917888565
0 0.3203125 0.28005865102639294 0.01171875 0.017595307917888565
0 0.310546875 0.32111436950146627 0.01953125 0.030791788856304986
0 0.3193359375 0.36363636363636365 0.029296875 0.04985337243401759
0 0.2978515625 0.45894428152492667 0.044921875 0.08651026392961877
0 0.126953125 0.4032258064516129 0.0419921875 0.06158357771260997
0 0.013671875 0.3709677419354839 0.02734375 0.06304985337243402
0 0.029296875 0.46187683284457476 0.05859375 0.11436950146627566
0 0.37109375 0.3035190615835777 0.0146484375 0.026392961876832845
0 0.3837890625 0.27712609970674484 0.0107421875 0.017595307917888565
0 0.361328125 0.26832844574780057 0.009765625 0.016129032258064516
0 0.416015625 0.31378299120234604 0.0185546875 0.03519061583577713
0 0.435546875 0.28885630498533726 0.0126953125 0.024926686217008796
0 0.4248046875 0.28005865102639294 0.0078125 0.013196480938416423
0 0.423828125 0.2536656891495601 0.005859375 0.010263929618768328
0 0.458984375 0.28152492668621704 0.01171875 0.02346041055718475
0 0.4775390625 0.2756598240469208 0.0068359375 0.013196480938416423
0 0.490234375 0.28152492668621704 0.0126953125 0.02346041055718475
0 0.5107421875 0.30058651026392963 0.013671875 0.02346041055718475
0 0.52734375 0.29472140762463345 0.013671875 0.024926686217008796
0 0.5537109375 0.2404692082111437 0.0087890625 0.013196480938416423
0 0.5205078125 0.3255131964809384 0.01953125 0.03812316715542522
0 0.515625 0.39296187683284456 0.033203125 0.06304985337243402
0 0.45703125 0.3621700879765396 0.0302734375 0.05278592375366569
0 0.3447265625 0.4222873900293255 0.0341796875 0.06744868035190615
0 0.21875 0.6378299120234604 0.083984375 0.12463343108504399
0 0.4921875 0.6143695014662757 0.0654296875 0.1187683284457478
0 0.5595703125 0.4149560117302053 0.021484375 0.04252199413489736
0 0.5703125 0.3225806451612903 0.015625 0.03372434017595308
0 0.61328125 0.28005865102639294 0.01171875 0.02346041055718475
0 0.63671875 0.32991202346041054 0.017578125 0.02932551319648094
0 0.6669921875 0.2991202346041056 0.0126953125 0.021994134897360705
0 0.6533203125 0.2829912023460411 0.0068359375 0.01466275659824047
0 0.6796875 0.28152492668621704 0.0107421875 0.020527859237536656
0 0.6826171875 0.3460410557184751 0.0263671875 0.051319648093841645
0 0.7265625 0.2991202346041056 0.017578125 0.03372434017595308
0 0.693359375 0.2668621700879765 0.005859375 0.01466275659824047
0 0.69921875 0.2829912023460411 0.0107421875 0.016129032258064516
0 0.796875 0.2932551319648094 0.015625 0.026392961876832845
0 0.77734375 0.2536656891495601 0.0068359375 0.011730205278592375
0 0.77734375 0.2727272727272727 0.0068359375 0.01466275659824047
0 0.7900390625 0.27126099706744866 0.0078125 0.01466275659824047
0 0.8447265625 0.28005865102639294 0.0107421875 0.017595307917888565
0 0.8603515625 0.27712609970674484 0.0087890625 0.017595307917888565
0 0.798828125 0.3357771260997067 0.02734375 0.05278592375366569
0 0.81640625 0.3343108504398827 0.0205078125 0.03812316715542522
0 0.900390625 0.3563049853372434 0.0322265625 0.05278592375366569
0 0.912109375 0.3225806451612903 0.0234375 0.036656891495601175
0 0.7138671875 0.45161290322580644 0.0673828125 0.09970674486803519
0 0.87890625 0.49560117302052786 0.052734375 0.10997067448680352
0 0.005859375 0.3152492668621701 0.0126953125 0.039589442815249266
0 0.20703125 0.3709677419354839 0.0224609375 0.04838709677419355