0 0.05859375 0.3211805555555556 0.02734375 0.05381944444444445
0 0.1640625 0.3333333333333333 0.0166015625 0.03819444444444445
0 0.1865234375 0.3107638888888889 0.0166015625 0.041666666666666664
0 0.1796875 0.3177083333333333 0.01171875 0.041666666666666664
0 0.205078125 0.2795138888888889 0.01953125 0.046875
0 0.2880859375 0.24305555555555555 0.0205078125 0.04861111111111111
0 0.31640625 0.2725694444444444 0.0322265625 0.06944444444444445
0 0.2421875 0.2795138888888889 0.01171875 0.034722222222222224
0 0.376953125 0.2152777777777778 0.0302734375 0.0763888888888889
0 0.4560546875 0.13020833333333334 0.07421875 0.1440972222222222
0 0.552734375 0.0920138888888889 0.041015625 0.10243055555555555
0 0.380859375 0.4097222222222222 0.0419921875 0.11284722222222222
0 0.4423828125 0.4045138888888889 0.05859375 0.125
0 0.77734375 0.1388888888888889 0.0595703125 0.17881944444444445
0 0.9765625 0.109375 0.046875 0.11805555555555555