0 0.9521484375 0.1640625 0.033203125 0.055989583333333336
0 0.8369140625 0.18098958333333334 0.0478515625 0.07161458333333333
0 0.75390625 0.15104166666666666 0.0234375 0.036458333333333336
0 0.7216796875 0.140625 0.0302734375 0.06380208333333333
0 0.498046875 0.16666666666666666 0.0322265625 0.045572916666666664
0 0.5322265625 0.16536458333333334 0.015625 0.02734375
0 0.5791015625 0.17838541666666666 0.021484375 0.040364583333333336
0 0.462890625 0.21354166666666666 0.0517578125 0.07942708333333333
0 0.330078125 0.16666666666666666 0.0244140625 0.049479166666666664
0 0.2099609375 0.2513020833333333 0.05859375 0.08854166666666667
0 0.103515625 0.16276041666666666 0.0390625 0.053385416666666664
0 0.05078125 0.15755208333333334 0.0478515625 0.0703125
0 0.58984375 0.15364583333333334 0.01953125 0.028645833333333332