0 0.0478515625 0.32794117647058824 0.0625 0.11176470588235295
0 0.201171875 0.2485294117647059 0.05859375 0.1
0 0.365234375 0.3926470588235294 0.068359375 0.13529411764705881
0 0.4833984375 0.26323529411764707 0.0498046875 0.1
0 0.2607421875 0.2926470588235294 0.02734375 0.045588235294117645
0 0.09375 0.33676470588235297 0.0302734375 0.052941176470588235
0 0.125 0.3411764705882353 0.02734375 0.047058823529411764
0 0.142578125 0.32794117647058824 0.0224609375 0.030882352941176472
0 0.28125 0.3264705882352941 0.0185546875 0.030882352941176472
0 0.341796875 0.29558823529411765 0.0263671875 0.06911764705882353
0 0.3720703125 0.3205882352941177 0.0244140625 0.04264705882352941
0 0.41796875 0.3088235294117647 0.0263671875 0.047058823529411764
0 0.5966796875 0.29705882352941176 0.03125 0.06911764705882353
0 0.6611328125 0.29411764705882354 0.03125 0.06911764705882353
0 0.7666015625 0.3088235294117647 0.0634765625 0.15441176470588236
0 0.8818359375 0.26176470588235295 0.037109375 0.07352941176470588
0 0.947265625 0.26029411764705884 0.0283203125 0.047058823529411764