0 0.630859375 0.8516886930983847 0.0205078125 0.032305433186490456
0 0.55078125 0.8179148311306902 0.01953125 0.03671071953010279
0 0.529296875 0.7533039647577092 0.0126953125 0.032305433186490456
0 0.548828125 0.7562408223201175 0.009765625 0.022026431718061675
0 0.484375 0.7518355359765051 0.0146484375 0.02643171806167401
0 0.4912109375 0.7165932452276065 0.0107421875 0.020558002936857563
0 0.4677734375 0.6989720998531571 0.0078125 0.01762114537444934
0 0.4150390625 0.7063142437591777 0.0166015625 0.03524229074889868
0 0.4287109375 0.6769456681350955 0.0078125 0.01762114537444934
0 0.4013671875 0.6769456681350955 0.0126953125 0.023494860499265784
0 0.390625 0.6637298091042585 0.0078125 0.011747430249632892
0 0.41015625 0.6666666666666666 0.0068359375 0.014684287812041116
0 0.6044921875 0.7929515418502202 0.0087890625 0.020558002936857563