0 0.794921875 0.5886850152905199 0.0517578125 0.10550458715596331
0 0.7109375 0.5856269113149847 0.037109375 0.0779816513761468
0 0.6435546875 0.481651376146789 0.0419921875 0.09021406727828746
0 0.6298828125 0.6085626911314985 0.0322265625 0.09021406727828746
0 0.490234375 0.5795107033639144 0.048828125 0.09938837920489296
0 0.509765625 0.5244648318042814 0.0341796875 0.0672782874617737
0 0.4521484375 0.5015290519877675 0.02734375 0.06116207951070336
0 0.4501953125 0.5825688073394495 0.037109375 0.0764525993883792
0 0.4638671875 0.3394495412844037 0.033203125 0.07186544342507645
0 0.291015625 0.5764525993883792 0.037109375 0.10550458715596331
0 0.2431640625 0.4984709480122324 0.0498046875 0.09785932721712538
0 0.169921875 0.5137614678899083 0.037109375 0.11009174311926606
0 0.013671875 0.591743119266055 0.025390625 0.07951070336391437
0 0.06640625 0.518348623853211 0.037109375 0.0779816513761468
0 0.0107421875 0.5030581039755352 0.0224609375 0.053516819571865444
0 0.56640625 0.6223241590214067 0.0302734375 0.08103975535168195