0 0.9306640625 0.7666451195862961 0.1357421875 0.11376858435681965
0 0.908203125 0.6186166774402069 0.02734375 0.021331609566903685
0 0.4462890625 0.9321266968325792 0.2001953125 0.13574660633484162
0 0.619140625 0.7168713639301875 0.04296875 0.04654169360051713
0 0.2177734375 0.9469941822882999 0.037109375 0.027149321266968326
0 0.2724609375 0.7647058823529411 0.1611328125 0.15190691661279895
0 0.03125 0.8170652876535229 0.037109375 0.03684550743374273
0 0.478515625 0.6709760827407886 0.033203125 0.02456367162249515
0 0.7646484375 0.5216548157724629 0.0830078125 0.07239819004524888
0 0.7041015625 0.4789915966386555 0.0673828125 0.060762766645119586
0 0.5537109375 0.4776987718164189 0.0390625 0.04589528118939883
0 0.4619140625 0.4059469941822883 0.029296875 0.02456367162249515
0 0.2470703125 0.5416936005171299 0.103515625 0.07950872656755009
0 0.0302734375 0.39819004524886875 0.060546875 0.08597285067873303
0 0.779296875 0.4182288299935359 0.0654296875 0.06334841628959276
0 0.689453125 0.297349709114415 0.0751953125 0.056884292178409825
0 0.75 0.31092436974789917 0.0537109375 0.0491273432449903
0 0.8232421875 0.28248222365869424 0.046875 0.04460245636716225
0 0.9638671875 0.27084680025856495 0.0400390625 0.03490627020038785
0 0.98828125 0.2475759534583064 0.021484375 0.03749191984486102
0 0.4736328125 0.3477698771816419 0.0556640625 0.03878474466709761
0 0.5595703125 0.31157078215901746 0.05859375 0.04783451842275371
0 0.3388671875 0.3102779573367809 0.05859375 0.04718810601163542
0 0.1904296875 0.25339366515837103 0.0263671875 0.027795733678086618
0 0.12109375 0.2171945701357466 0.0166015625 0.012281835811247576
0 0.44140625 0.2585649644473174 0.048828125 0.04524886877828054
0 0.3232421875 0.26373626373626374 0.0498046875 0.03749191984486102
0 0.3642578125 0.23400129282482224 0.0322265625 0.031027795733678087
0 0.291015625 0.2979961215255333 0.0283203125 0.0394311570782159
0 0.650390625 0.2689075630252101 0.0595703125 0.04460245636716225
0 0.5107421875 0.24046541693600518 0.0361328125 0.029088558500323207
0 0.30859375 0.19004524886877827 0.041015625 0.027795733678086618
0 0.2685546875 0.20361990950226244 0.0361328125 0.025856496444731737
0 0.3232421875 0.22042663219133807 0.029296875 0.017453135100193924
0 0.0859375 0.15643180349062702 0.03125 0.029088558500323207
0 0.0546875 0.17065287653522948 0.0380859375 0.03361344537815126
0 0.1474609375 0.17259211376858435 0.0322265625 0.014867485455720749
0 0.015625 0.14350355526826114 0.03125 0.027795733678086618
0 0.94140625 0.14996767937944408 0.029296875 0.025210084033613446
0 0.8876953125 0.16612798965740141 0.0263671875 0.019392372333548805
0 0.8505859375 0.19327731092436976 0.0478515625 0.03813833225597932
0 0.9033203125 0.19586296056884292 0.0361328125 0.027149321266968326
0 0.9873046875 0.13703943115707823 0.0234375 0.021331609566903685
0 0.9794921875 0.11441499676793794 0.0205078125 0.017453135100193924
0 0.9912109375 0.09566903684550743 0.0166015625 0.02197802197802198
0 0.9599609375 0.17259211376858435 0.0224609375 0.02197802197802198
0 0.5751953125 0.26179702650290887 0.0478515625 0.03425985778926956
0 0.0576171875 0.08338720103425985 0.0244140625 0.0200387847446671
0 0.140625 0.10084033613445378 0.025390625 0.01809954751131222
0 0.1005859375 0.0989010989010989 0.021484375 0.01616031027795734
0 0.0908203125 0.12152553329023917 0.0263671875 0.01616031027795734
0 0.19140625 0.12411118293471235 0.0263671875 0.019392372333548805
0 0.224609375 0.12540400775694893 0.0244140625 0.015513897866839044
0 0.2861328125 0.11441499676793794 0.0224609375 0.01616031027795734
0 0.2578125 0.12152553329023917 0.0185546875 0.012928248222365869
0 0.232421875 0.08855850032320621 0.017578125 0.01616031027795734
0 0.1826171875 0.09179056237879767 0.0166015625 0.014867485455720749
0 0.10546875 0.06787330316742081 0.017578125 0.01616031027795734
0 0.15234375 0.08144796380090498 0.013671875 0.010342598577892695
0 0.2001953125 0.15643180349062702 0.0244140625 0.01874595992243051
0 0.6796875 0.2275371687136393 0.0439453125 0.03361344537815126
0 0.01953125 0.5597931480284422 0.0390625 0.051712992889463474
0 0.8505859375 0.9088558500323206 0.0322265625 0.027149321266968326