0 0.0458984375 0.3702064896755162 0.0322265625 0.051622418879056046
0 0.212890625 0.5855457227138643 0.0361328125 0.06932153392330384
0 0.337890625 0.5029498525073747 0.0302734375 0.05752212389380531
0 0.4658203125 0.5707964601769911 0.02734375 0.0471976401179941
0 0.578125 0.30678466076696165 0.0234375 0.0471976401179941
0 0.615234375 0.22123893805309736 0.0224609375 0.04129793510324484
0 0.623046875 0.32595870206489674 0.0224609375 0.04129793510324484
0 0.654296875 0.29056047197640117 0.0224609375 0.045722713864306784
0 0.673828125 0.336283185840708 0.0263671875 0.05457227138643068
0 0.7275390625 0.3303834808259587 0.02734375 0.045722713864306784
0 0.7783203125 0.3407079646017699 0.0283203125 0.05014749262536873
0 0.8125 0.3230088495575221 0.0205078125 0.038348082595870206
0 0.8525390625 0.308259587020649 0.03515625 0.058997050147492625
0 0.908203125 0.29793510324483774 0.033203125 0.061946902654867256
0 0.095703125 0.43805309734513276 0.017578125 0.04129793510324484