0 0.0478515625 0.3201754385964912 0.021484375 0.039473684210526314
0 0.2333984375 0.9970760233918129 0.005859375 0.005847953216374269
0 0.2431640625 0.935672514619883 0.0048828125 0.008771929824561403
0 0.234375 0.8859649122807017 0.0029296875 0.007309941520467836
0 0.287109375 0.8947368421052632 0.00390625 0.007309941520467836
0 0.2978515625 0.945906432748538 0.0048828125 0.007309941520467836
0 0.3251953125 0.9605263157894737 0.0029296875 0.007309941520467836
0 0.287109375 0.9692982456140351 0.00390625 0.008771929824561403
0 0.291015625 0.945906432748538 0.00390625 0.005847953216374269
0 0.3251953125 0.8976608187134503 0.0048828125 0.007309941520467836
0 0.3212890625 0.8552631578947368 0.00390625 0.007309941520467836
0 0.330078125 0.8552631578947368 0.00390625 0.007309941520467836
0 0.48828125 0.8932748538011696 0.0048828125 0.007309941520467836
0 0.4736328125 0.9152046783625731 0.0048828125 0.007309941520467836
0 0.46484375 0.9546783625730995 0.0048828125 0.008771929824561403
0 0.42578125 0.9649122807017544 0.0029296875 0.005847953216374269
0 0.3916015625 0.9444444444444444 0.00390625 0.0043859649122807015
0 0.392578125 0.9195906432748538 0.00390625 0.0043859649122807015
0 0.4091796875 0.8874269005847953 0.0029296875 0.005847953216374269
0 0.412109375 0.8698830409356725 0.0029296875 0.005847953216374269
0 0.4375 0.9122807017543859 0.00390625 0.007309941520467836
0 0.431640625 0.97953216374269 0.00390625 0.005847953216374269
0 0.3681640625 0.8391812865497076 0.00390625 0.007309941520467836
0 0.3701171875 0.8201754385964912 0.0029296875 0.0029239766081871343
0 0.3935546875 0.8011695906432749 0.0029296875 0.005847953216374269
0 0.3359375 0.77046783625731 0.0029296875 0.005847953216374269
0 0.3818359375 0.7646198830409356 0.0029296875 0.005847953216374269
0 0.390625 0.7909356725146199 0.0029296875 0.0043859649122807015
0 0.4111328125 0.7646198830409356 0.0029296875 0.0043859649122807015
0 0.404296875 0.7777777777777778 0.0029296875 0.005847953216374269
0 0.4052734375 0.7690058479532164 0.001953125 0.0043859649122807015
0 0.4140625 0.7733918128654971 0.0029296875 0.005847953216374269
0 0.4482421875 0.8026315789473685 0.001953125 0.0029239766081871343
0 0.4365234375 0.793859649122807 0.0029296875 0.0043859649122807015
0 0.4501953125 0.8260233918128655 0.0029296875 0.0043859649122807015
0 0.4619140625 0.8538011695906432 0.0029296875 0.0043859649122807015
0 0.4892578125 0.8260233918128655 0.001953125 0.0029239766081871343
0 0.4873046875 0.8552631578947368 0.001953125 0.005847953216374269
0 0.4931640625 0.8552631578947368 0.0029296875 0.005847953216374269
0 0.5107421875 0.8347953216374269 0.0029296875 0.005847953216374269
0 0.578125 0.8786549707602339 0.00390625 0.005847953216374269
0 0.5966796875 0.8845029239766082 0.0029296875 0.007309941520467836
0 0.546875 0.9152046783625731 0.0029296875 0.007309941520467836
0 0.52734375 0.9093567251461988 0.00390625 0.0043859649122807015
0 0.5107421875 0.9678362573099415 0.00390625 0.01023391812865497
0 0.59375 0.9385964912280702 0.0029296875 0.007309941520467836
0 0.587890625 0.8640350877192983 0.00390625 0.005847953216374269
0 0.5634765625 0.8508771929824561 0.00390625 0.005847953216374269
0 0.544921875 0.8801169590643275 0.0048828125 0.007309941520467836
0 0.537109375 0.8625730994152047 0.0029296875 0.005847953216374269
0 0.6494140625 0.9152046783625731 0.0048828125 0.007309941520467836
0 0.62109375 0.8625730994152047 0.00390625 0.007309941520467836
0 0.5390625 0.8216374269005848 0.0048828125 0.007309941520467836
0 0.5673828125 0.8099415204678363 0.00390625 0.005847953216374269
0 0.5791015625 0.8026315789473685 0.00390625 0.007309941520467836
0 0.58984375 0.8011695906432749 0.001953125 0.005847953216374269
0 0.5048828125 0.7865497076023392 0.0029296875 0.0043859649122807015
0 0.5341796875 0.7777777777777778 0.00390625 0.007309941520467836
0 0.4501953125 0.7748538011695907 0.00390625 0.005847953216374269
0 0.4677734375 0.7616959064327485 0.0029296875 0.005847953216374269
0 0.4794921875 0.7646198830409356 0.0029296875 0.005847953216374269
0 0.4755859375 0.7514619883040936 0.00390625 0.005847953216374269
0 0.7431640625 0.9868421052631579 0.0048828125 0.008771929824561403
0 0.74609375 0.9678362573099415 0.00390625 0.008771929824561403
0 0.673828125 0.9722222222222222 0.005859375 0.007309941520467836
0 0.6787109375 0.9722222222222222 0.00390625 0.005847953216374269
0 0.6845703125 0.9839181286549707 0.00390625 0.008771929824561403
0 0.6806640625 0.9619883040935673 0.0048828125 0.007309941520467836
0 0.736328125 0.9532163742690059 0.00390625 0.007309941520467836
0 0.751953125 0.9108187134502924 0.0048828125 0.007309941520467836
0 0.701171875 0.9137426900584795 0.0029296875 0.005847953216374269
0 0.6962890625 0.9049707602339181 0.00390625 0.005847953216374269
0 0.68359375 0.8961988304093568 0.00390625 0.007309941520467836
0 0.6650390625 0.8011695906432749 0.00390625 0.005847953216374269
0 0.6640625 0.8114035087719298 0.0029296875 0.007309941520467836
0 0.669921875 0.8157894736842105 0.00390625 0.007309941520467836
0 0.673828125 0.8011695906432749 0.00390625 0.007309941520467836
0 0.6748046875 0.8128654970760234 0.0029296875 0.007309941520467836
0 0.68359375 0.8435672514619883 0.00390625 0.007309941520467836
0 0.6328125 0.8070175438596491 0.0029296875 0.005847953216374269
0 0.798828125 0.9342105263157895 0.0048828125 0.008771929824561403
0 0.7822265625 0.9093567251461988 0.0048828125 0.007309941520467836
0 0.751953125 0.8786549707602339 0.00390625 0.007309941520467836
0 0.7275390625 0.8581871345029239 0.0029296875 0.005847953216374269
0 0.748046875 0.814327485380117 0.0029296875 0.005847953216374269
0 0.751953125 0.814327485380117 0.00390625 0.005847953216374269
0 0.798828125 0.8011695906432749 0.00390625 0.005847953216374269
0 0.8349609375 0.8201754385964912 0.0029296875 0.005847953216374269
0 0.8203125 0.8845029239766082 0.00390625 0.005847953216374269
0 0.810546875 0.8742690058479532 0.00390625 0.005847953216374269
0 0.7998046875 0.8874269005847953 0.00390625 0.005847953216374269
0 0.83984375 0.8845029239766082 0.00390625 0.005847953216374269
0 0.83203125 0.8771929824561403 0.0029296875 0.005847953216374269
0 0.845703125 0.8464912280701754 0.0029296875 0.005847953216374269
0 0.7744140625 0.8026315789473685 0.00390625 0.005847953216374269
0 0.7802734375 0.7733918128654971 0.0029296875 0.0029239766081871343
0 0.7998046875 0.7880116959064327 0.00390625 0.005847953216374269
0 0.8603515625 0.7543859649122807 0.001953125 0.0029239766081871343
0 0.80859375 0.7587719298245614 0.0029296875 0.0029239766081871343
0 0.876953125 0.8845029239766082 0.0029296875 0.005847953216374269
0 0.9052734375 0.8581871345029239 0.0029296875 0.007309941520467836
0 0.90625 0.8494152046783626 0.0029296875 0.0043859649122807015
0 0.9345703125 0.7719298245614035 0.00390625 0.005847953216374269
0 0.9228515625 0.7646198830409356 0.001953125 0.0043859649122807015
0 0.912109375 0.8552631578947368 0.0048828125 0.008771929824561403
0 0.0439453125 0.7266081871345029 0.0029296875 0.007309941520467836
0 0.0517578125 0.7236842105263158 0.0029296875 0.005847953216374269
0 0.0498046875 0.7456140350877193 0.0029296875 0.005847953216374269
0 0.072265625 0.7309941520467836 0.00390625 0.005847953216374269
0 0.087890625 0.7368421052631579 0.0048828125 0.007309941520467836
0 0.083984375 0.7441520467836257 0.00390625 0.005847953216374269
0 0.0673828125 0.7119883040935673 0.00390625 0.007309941520467836
0 0.09375 0.7119883040935673 0.0029296875 0.005847953216374269
0 0.099609375 0.6988304093567251 0.00390625 0.005847953216374269
0 0.00390625 0.945906432748538 0.005859375 0.01023391812865497
0 0.0029296875 0.8771929824561403 0.0029296875 0.005847953216374269
0 0.0234375 0.8961988304093568 0.00390625 0.005847953216374269
0 0.001953125 0.9137426900584795 0.0029296875 0.007309941520467836
0 0.01171875 0.9298245614035088 0.00390625 0.005847953216374269
0 0.021484375 0.8888888888888888 0.0048828125 0.007309941520467836
0 0.0244140625 0.8640350877192983 0.00390625 0.005847953216374269
0 0.0390625 0.8713450292397661 0.0029296875 0.005847953216374269