0 0.4248046875 0.3203125 0.013671875 0.0265625
0 0.396484375 0.3171875 0.01171875 0.0296875
0 0.3681640625 0.4140625 0.0185546875 0.0265625
0 0.357421875 0.3796875 0.013671875 0.028125
0 0.3173828125 0.33125 0.01953125 0.0296875
0 0.2890625 0.31875 0.0146484375 0.03125
0 0.3330078125 0.4 0.015625 0.0375
0 0.2255859375 0.31875 0.0166015625 0.0234375
0 0.1884765625 0.2984375 0.0146484375 0.0296875
0 0.1962890625 0.3875 0.0185546875 0.03125
0 0.2412109375 0.403125 0.0166015625 0.034375
0 0.1142578125 0.35625 0.021484375 0.0359375
0 0.1357421875 0.284375 0.0166015625 0.0328125
0 0.0869140625 0.3078125 0.015625 0.0234375
0 0.0126953125 0.315625 0.025390625 0.053125
0 0.0390625 0.3234375 0.015625 0.0296875
0 0.8623046875 0.18125 0.03125 0.0421875
0 0.4755859375 0.3234375 0.0126953125 0.01875