0 0.8095703125 0.796875 0.0400390625 0.057291666666666664
0 0.7548828125 0.7526041666666666 0.0400390625 0.06640625
0 0.384765625 0.5325520833333334 0.0732421875 0.11848958333333333
0 0.369140625 0.9635416666666666 0.0869140625 0.07291666666666667
0 0.1708984375 0.9869791666666666 0.0859375 0.024739583333333332
0 0.072265625 0.9817708333333334 0.1015625 0.036458333333333336
0 0.1455078125 0.9453125 0.0712890625 0.1015625
0 0.0576171875 0.93359375 0.083984375 0.125
0 0.2548828125 0.9739583333333334 0.052734375 0.05078125
0 0.3212890625 0.96484375 0.0625 0.0703125
0 0.3544921875 0.9036458333333334 0.05078125 0.078125
0 0.2333984375 0.8841145833333334 0.041015625 0.06380208333333333
0 0.16796875 0.85546875 0.0380859375 0.0625
0 0.0810546875 0.7630208333333334 0.03515625 0.048177083333333336
0 0.5537109375 0.9557291666666666 0.0859375 0.08723958333333333
0 0.5537109375 0.9505208333333334 0.0791015625 0.09765625
0 0.791015625 0.9505208333333334 0.0439453125 0.06770833333333333
0 0.7431640625 0.97265625 0.0849609375 0.0546875
0 0.91796875 0.984375 0.08984375 0.03125
0 0.853515625 0.98046875 0.07421875 0.0390625