0 0.9521484375 0.5534407027818448 0.0751953125 0.14494875549048317
0 0.916015625 0.6134699853587116 0.0400390625 0.10980966325036604
0 0.7939453125 0.5856515373352855 0.068359375 0.10248901903367497
0 0.875 0.43045387994143486 0.0390625 0.07906295754026355
0 0.759765625 0.4407027818448023 0.0517578125 0.09370424597364568
0 0.8330078125 0.3806734992679356 0.0205078125 0.0424597364568082
0 0.7333984375 0.3953147877013177 0.0185546875 0.036603221083455345
0 0.7275390625 0.35724743777452417 0.0126953125 0.01903367496339678
0 0.9306640625 0.3308931185944363 0.0068359375 0.013177159590043924
0 0.919921875 0.49633967789165445 0.0439453125 0.10834553440702782
0 0.6552734375 0.49633967789165445 0.046875 0.11420204978038068
0 0.6162109375 0.45241581259150804 0.048828125 0.10248901903367497
0 0.55859375 0.5446559297218155 0.0478515625 0.08784773060029283
0 0.5576171875 0.4685212298682284 0.04296875 0.06734992679355783
0 0.498046875 0.6222547584187409 0.0517578125 0.0951683748169839
0 0.5283203125 0.4670571010248902 0.02734375 0.07174231332357248
0 0.5009765625 0.45973645680819913 0.03125 0.06881405563689605
0 0.4541015625 0.4773060029282577 0.046875 0.09224011713030747
0 0.50390625 0.3645680819912152 0.013671875 0.02635431918008785
0 0.4072265625 0.5461200585651538 0.0361328125 0.07613469985358712
0 0.353515625 0.513909224011713 0.0498046875 0.09809663250366032
0 0.3359375 0.4494875549048316 0.03515625 0.0746705710102489
0 0.3681640625 0.39970717423133234 0.0283203125 0.0527086383601757
0 0.4296875 0.42752562225475843 0.015625 0.04978038067349927
0 0.2861328125 0.4538799414348463 0.04296875 0.08199121522693997
0 0.216796875 0.5021961932650073 0.052734375 0.08784773060029283
0 0.173828125 0.4743777452415813 0.037109375 0.0746705710102489
0 0.0751953125 0.5373352855051244 0.05859375 0.09956076134699854
0 0.1240234375 0.4992679355783309 0.0361328125 0.0629575402635432
0 0.208984375 0.39824304538799415 0.0322265625 0.0527086383601757
0 0.0888671875 0.3616398243045388 0.0322265625 0.040995607613469986
0 0.0478515625 0.4494875549048316 0.0458984375 0.08638360175695461
0 0.0341796875 0.6559297218155198 0.0673828125 0.13030746705710103
0 0.1533203125 0.3689604685212299 0.0126953125 0.020497803806734993
0 0.185546875 0.34699853587115664 0.01171875 0.021961932650073207
0 0.119140625 0.3821376281112738 0.0126953125 0.024890190336749635
0 0.408203125 0.36749633967789164 0.0146484375 0.03513909224011713
0 0.546875 0.363103953147877 0.009765625 0.016105417276720352
0 0.5537109375 0.3411420204978038 0.0087890625 0.014641288433382138
0 0.51953125 0.35871156661786235 0.0087890625 0.013177159590043924
0 0.5341796875 0.3528550512445095 0.0087890625 0.014641288433382138
0 0.537109375 0.33382137628111275 0.009765625 0.014641288433382138
0 0.5478515625 0.39824304538799415 0.0107421875 0.021961932650073207
0 0.5244140625 0.3806734992679356 0.0087890625 0.014641288433382138
0 0.4384765625 0.3601756954612006 0.01171875 0.01903367496339678
0 0.5634765625 0.3689604685212299 0.01171875 0.017569546120058566
0 0.9072265625 0.8008784773060029 0.048828125 0.1390922401171303