0 0.0615234375 0.18914956011730205 0.0283203125 0.0689149560117302
0 0.1650390625 0.22727272727272727 0.0400390625 0.06451612903225806
0 0.0400390625 0.2536656891495601 0.03515625 0.08064516129032258
0 0.1025390625 0.3548387096774194 0.046875 0.10117302052785923
0 0.14453125 0.39296187683284456 0.0576171875 0.1187683284457478
0 0.19921875 0.4501466275659824 0.0703125 0.12316715542521994
0 0.1884765625 0.15249266862170088 0.029296875 0.051319648093841645
0 0.1396484375 0.1466275659824047 0.0244140625 0.05278592375366569
0 0.4169921875 0.3973607038123167 0.05859375 0.10410557184750734
0 0.4326171875 0.5894428152492669 0.0751953125 0.12756598240469208
0 0.7109375 0.5293255131964809 0.0673828125 0.13343108504398826
0 0.787109375 0.7008797653958945 0.0751953125 0.1436950146627566
0 0.9462890625 0.7228739002932552 0.10546875 0.1906158357771261
0 0.984375 0.40615835777126097 0.0283203125 0.093841642228739