0 0.8193359375 0.8814055636896047 0.0283203125 0.04538799414348463
0 0.7529296875 0.8199121522693997 0.0234375 0.03953147877013177
0 0.6240234375 0.8184480234260615 0.0244140625 0.04538799414348463
0 0.931640625 0.7628111273792094 0.01953125 0.03513909224011713
0 0.8623046875 0.705710102489019 0.0224609375 0.036603221083455345
0 0.6474609375 0.6442166910688141 0.0166015625 0.027818448023426062
0 0.599609375 0.6354319180087847 0.015625 0.03513909224011713
0 0.5908203125 0.7042459736456809 0.017578125 0.027818448023426062
0 0.59375 0.9341142020497804 0.0205078125 0.03953147877013177
0 0.939453125 0.6837481698389458 0.01171875 0.024890190336749635
0 0.474609375 0.7891654465592972 0.0244140625 0.03953147877013177
0 0.54296875 0.8477306002928258 0.0205078125 0.043923865300146414
0 0.43359375 0.8755490483162518 0.01953125 0.03367496339677892
0 0.2578125 0.7086383601756955 0.0224609375 0.036603221083455345
0 0.3017578125 0.6002928257686676 0.0166015625 0.02342606149341142
0 0.3505859375 0.6002928257686676 0.0146484375 0.024890190336749635
0 0.3232421875 0.541727672035139 0.0146484375 0.02342606149341142
0 0.375 0.513909224011713 0.015625 0.027818448023426062
0 0.4267578125 0.5373352855051244 0.0146484375 0.027818448023426062
0 0.474609375 0.5534407027818448 0.0166015625 0.02635431918008785
0 0.486328125 0.5226939970717424 0.013671875 0.02342606149341142
0 0.5205078125 0.7086383601756955 0.0185546875 0.03367496339677892
0 0.48046875 0.7130307467057101 0.0146484375 0.03074670571010249
0 0.2119140625 0.6676427525622255 0.0146484375 0.024890190336749635
0 0.2392578125 0.5183016105417276 0.0146484375 0.02635431918008785
0 0.2919921875 0.5563689604685212 0.013671875 0.02635431918008785
0 0.5478515625 0.5051244509516838 0.01171875 0.01903367496339678
0 0.48828125 0.49487554904831627 0.013671875 0.020497803806734993
0 0.44921875 0.4816983894582723 0.0126953125 0.020497803806734993
0 0.6005859375 0.5183016105417276 0.0107421875 0.021961932650073207
0 0.705078125 0.6295754026354319 0.0126953125 0.029282576866764276
0 0.357421875 0.9795021961932651 0.0322265625 0.03953147877013177
0 0.16015625 0.5578330893118595 0.0166015625 0.02635431918008785
0 0.1015625 0.5358711566617862 0.017578125 0.02635431918008785
0 0.150390625 0.5153733528550513 0.013671875 0.02342606149341142
0 0.0166015625 0.7657393850658858 0.0166015625 0.032210834553440704
0 0.1318359375 0.718887262079063 0.015625 0.027818448023426062
0 0.13671875 0.636896046852123 0.01953125 0.03074670571010249
0 0.4765625 0.6076134699853587 0.017578125 0.024890190336749635
0 0.0556640625 0.5007320644216691 0.013671875 0.024890190336749635
0 0.0654296875 0.4773060029282577 0.01171875 0.020497803806734993
0 0.19140625 0.4011713030746706 0.009765625 0.014641288433382138
0 0.2431640625 0.3821376281112738 0.0087890625 0.016105417276720352
0 0.3701171875 0.42313323572474376 0.009765625 0.016105417276720352
0 0.3291015625 0.4816983894582723 0.009765625 0.016105417276720352
0 0.35546875 0.42020497803806733 0.009765625 0.01903367496339678
0 0.3876953125 0.4289897510980966 0.0087890625 0.017569546120058566
0 0.314453125 0.465592972181552 0.01171875 0.01903367496339678
0 0.337890625 0.37481698389458273 0.009765625 0.014641288433382138
0 0.3828125 0.37042459736456806 0.0068359375 0.014641288433382138
0 0.3662109375 0.3645680819912152 0.0078125 0.014641288433382138
0 0.4345703125 0.4172767203513909 0.0107421875 0.021961932650073207
0 0.4755859375 0.4289897510980966 0.0087890625 0.020497803806734993
0 0.689453125 0.5885797950219619 0.0126953125 0.017569546120058566
0 0.7275390625 0.5724743777452416 0.013671875 0.02342606149341142
0 0.611328125 0.575402635431918 0.0126953125 0.021961932650073207
0 0.625 0.4055636896046852 0.0087890625 0.016105417276720352
0 0.583984375 0.36603221083455345 0.0068359375 0.016105417276720352
0 0.642578125 0.3821376281112738 0.0068359375 0.014641288433382138
0 0.4990234375 0.35724743777452417 0.009765625 0.016105417276720352
0 0.7763671875 0.6325036603221084 0.0126953125 0.021961932650073207
0 0.8955078125 0.5944363103953147 0.0166015625 0.027818448023426062
0 0.8798828125 0.5490483162518301 0.015625 0.024890190336749635
0 0.9140625 0.5358711566617862 0.01953125 0.02342606149341142
0 0.875 0.48462664714494874 0.0107421875 0.024890190336749635
0 0.9228515625 0.45534407027818447 0.0107421875 0.027818448023426062
0 0.734375 0.404099560761347 0.01171875 0.020497803806734993
0 0.875 0.40702781844802344 0.0107421875 0.021961932650073207
0 0.962890625 0.45534407027818447 0.0087890625 0.01903367496339678
0 0.84765625 0.32650073206442165 0.0087890625 0.017569546120058566
0 0.865234375 0.3001464128843338 0.0078125 0.013177159590043924
0 0.833984375 0.3001464128843338 0.0068359375 0.017569546120058566
0 0.8095703125 0.30453879941434847 0.005859375 0.010248901903367497
0 0.779296875 0.3440702781844802 0.0087890625 0.016105417276720352
0 0.7666015625 0.30600292825768666 0.0068359375 0.013177159590043924
0 0.697265625 0.5300146412884333 0.0166015625 0.02635431918008785
0 0.6611328125 0.5168374816983895 0.01171875 0.014641288433382138
0 0.6015625 0.45095168374816985 0.0107421875 0.017569546120058566
0 0.802734375 0.5900439238653001 0.017578125 0.017569546120058566
0 0.8203125 0.5329428989751098 0.01171875 0.02635431918008785
0 0.9287109375 0.38945827232796487 0.009765625 0.01903367496339678
0 0.9033203125 0.4568081991215227 0.0107421875 0.021961932650073207
0 0.0712890625 0.36749633967789164 0.0078125 0.014641288433382138
0 0.0185546875 0.3821376281112738 0.0078125 0.013177159590043924
0 0.1328125 0.3440702781844802 0.005859375 0.01171303074670571
0 0.150390625 0.3367496339677892 0.0068359375 0.013177159590043924
0 0.2177734375 0.3367496339677892 0.0068359375 0.013177159590043924
0 0.173828125 0.2840409956076135 0.0068359375 0.01171303074670571
0 0.021484375 0.2913616398243045 0.005859375 0.010248901903367497
0 0.158203125 0.32210834553440704 0.0068359375 0.01171303074670571
0 0.310546875 0.3616398243045388 0.0078125 0.014641288433382138
0 0.2724609375 0.4992679355783309 0.0146484375 0.024890190336749635
0 0.3291015625 0.3308931185944363 0.0078125 0.01171303074670571
0 0.3134765625 0.2957540263543192 0.0078125 0.010248901903367497
0 0.5546875 0.2591508052708638 0.0068359375 0.01171303074670571
0 0.517578125 0.2767203513909224 0.0068359375 0.01171303074670571
0 0.4619140625 0.2884333821376281 0.005859375 0.010248901903367497
0 0.3154296875 0.32210834553440704 0.0068359375 0.01171303074670571
0 0.728515625 0.34260614934114203 0.0078125 0.014641288433382138
0 0.77734375 0.24597364568081992 0.0048828125 0.01171303074670571
0 0.779296875 0.21522693997071743 0.0068359375 0.010248901903367497
0 0.8037109375 0.25036603221083453 0.0068359375 0.010248901903367497
0 0.6396484375 0.2972181551976574 0.0068359375 0.013177159590043924
0 0.9345703125 0.3001464128843338 0.0087890625 0.01903367496339678
0 0.916015625 0.42313323572474376 0.0126953125 0.02342606149341142
0 0.5380859375 0.4333821376281113 0.0087890625 0.021961932650073207
0 0.4287109375 0.3411420204978038 0.0078125 0.017569546120058566
0 0.751953125 0.32503660322108346 0.0087890625 0.013177159590043924
0 0.7451171875 0.2884333821376281 0.0068359375 0.014641288433382138
0 0.9658203125 0.42020497803806733 0.013671875 0.024890190336749635
0 0.958984375 0.6134699853587116 0.013671875 0.02342606149341142
0 0.2109375 0.95900439238653 0.0234375 0.027818448023426062
0 0.0830078125 0.7130307467057101 0.0146484375 0.0424597364568082
0 0.1572265625 0.6076134699853587 0.0126953125 0.02635431918008785
0 0.400390625 0.6720351390922401 0.0146484375 0.020497803806734993