0 0.7568359375 0.5712209302325582 0.0341796875 0.05813953488372093
0 0.611328125 0.5392441860465116 0.0390625 0.07703488372093023
0 0.5625 0.5930232558139535 0.041015625 0.06540697674418605
0 0.4912109375 0.5843023255813954 0.0224609375 0.03924418604651163
0 0.43359375 0.561046511627907 0.0244140625 0.0377906976744186
0 0.375 0.5668604651162791 0.021484375 0.029069767441860465
0 0.8671875 0.5683139534883721 0.0302734375 0.03924418604651163
0 0.8056640625 0.563953488372093 0.021484375 0.03343023255813953
0 0.9462890625 0.5770348837209303 0.0224609375 0.04215116279069767
0 0.3330078125 0.5872093023255814 0.0185546875 0.03488372093023256
0 0.3017578125 0.5857558139534884 0.0185546875 0.03197674418604651
0 0.2646484375 0.565406976744186 0.015625 0.0377906976744186
0 0.234375 0.5828488372093024 0.0166015625 0.029069767441860465
0 0.203125 0.5886627906976745 0.01171875 0.02180232558139535
0 0.0107421875 0.5973837209302325 0.0107421875 0.014534883720930232
0 0.0380859375 0.5901162790697675 0.0068359375 0.01308139534883721
0 0.076171875 0.5857558139534884 0.009765625 0.015988372093023256
0 0.142578125 0.5944767441860465 0.0087890625 0.0188953488372093
0 0.185546875 0.5843023255813954 0.0087890625 0.02180232558139535
0 0.1640625 0.5915697674418605 0.0126953125 0.014534883720930232
0 0.1318359375 0.5915697674418605 0.0068359375 0.01744186046511628
0 0.12109375 0.5886627906976745 0.0087890625 0.0188953488372093
0 0.1044921875 0.5915697674418605 0.0107421875 0.0188953488372093