0 0.904296875 0.2686762778505898 0.0322265625 0.05242463958060288
0 0.8720703125 0.30275229357798167 0.04296875 0.07077326343381389
0 0.779296875 0.25688073394495414 0.0322265625 0.05504587155963303
0 0.7421875 0.23591087811271297 0.0263671875 0.04456094364351245
0 0.7216796875 0.19790301441677588 0.021484375 0.04062909567496723
0 0.734375 0.34600262123197906 0.0390625 0.08125819134993446
0 0.67578125 0.2765399737876802 0.01953125 0.05504587155963303
0 0.58984375 0.7221494102228048 0.0576171875 0.16382699868938402
0 0.462890625 0.30144167758846657 0.052734375 0.08781127129750983
0 0.5078125 0.29882044560943644 0.01953125 0.053735255570117955
0 0.19921875 0.5779816513761468 0.0478515625 0.14285714285714285
0 0.1083984375 0.33682830930537355 0.0322265625 0.07601572739187418