0 0.021484375 0.461086637298091 0.0224609375 0.05433186490455213
0 0.1962890625 0.5418502202643172 0.0517578125 0.11894273127753303
0 0.21484375 0.4052863436123348 0.029296875 0.049926578560939794
0 0.4501953125 0.5389133627019089 0.041015625 0.08663729809104258
0 0.41796875 0.4331864904552129 0.017578125 0.032305433186490456
0 0.5107421875 0.46402349486049926 0.013671875 0.02936857562408223
0 0.50390625 0.41409691629955947 0.0107421875 0.02936857562408223
0 0.4912109375 0.3935389133627019 0.013671875 0.023494860499265784
0 0.4716796875 0.40969162995594716 0.009765625 0.023494860499265784
0 0.3984375 0.3274596182085169 0.0048828125 0.010279001468428781
0 0.5263671875 0.3920704845814978 0.0087890625 0.022026431718061675
0 0.6083984375 0.3891336270190896 0.0068359375 0.011747430249632892
0 0.619140625 0.6108663729809104 0.05859375 0.12481644640234948
0 0.5927734375 0.45374449339207046 0.017578125 0.04405286343612335
0 0.681640625 0.4199706314243759 0.0283203125 0.05433186490455213
0 0.6171875 0.4052863436123348 0.01171875 0.02643171806167401
0 0.765625 0.39941262848751835 0.015625 0.032305433186490456
0 0.80859375 0.39794419970631423 0.01171875 0.03671071953010279
0 0.748046875 0.37151248164464024 0.0068359375 0.01908957415565345
0 0.552734375 0.3656387665198238 0.0078125 0.01762114537444934
0 0.8671875 0.44052863436123346 0.0205078125 0.048458149779735685
0 0.900390625 0.46402349486049926 0.0224609375 0.04405286343612335
0 0.9208984375 0.40969162995594716 0.0166015625 0.0381791483113069
0 0.9580078125 0.4243759177679883 0.0166015625 0.03524229074889868
0 0.9765625 0.3964757709251101 0.0126953125 0.02643171806167401
0 0.919921875 0.6299559471365639 0.052734375 0.11013215859030837
0 0.64453125 0.43612334801762115 0.0166015625 0.03524229074889868