0 0.2744140625 0.45095168374816985 0.0439453125 0.08931185944363104
0 0.38671875 0.4685212298682284 0.04296875 0.0849194729136164
0 0.52734375 0.5095168374816984 0.0478515625 0.08199121522693997
0 0.630859375 0.5358711566617862 0.041015625 0.07613469985358712
0 0.7509765625 0.4407027818448023 0.056640625 0.1054172767203514
0 0.9326171875 0.5021961932650073 0.0517578125 0.08052708638360176
0 0.0458984375 0.5329428989751098 0.017578125 0.04685212298682284
0 0.1181640625 0.5973645680819912 0.0234375 0.05124450951683748
0 0.05859375 0.6281112737920937 0.0283203125 0.08052708638360176
0 0.8515625 0.5475841874084919 0.0263671875 0.06442166910688141
0 0.0771484375 0.5402635431918009 0.013671875 0.03074670571010249