0 0.0166015625 0.62 0.0283203125 0.056
0 0.0078125 0.6853333333333333 0.0166015625 0.056
0 0.0107421875 0.788 0.0166015625 0.072
0 0.095703125 0.7733333333333333 0.03125 0.07866666666666666
0 0.08203125 0.6733333333333333 0.041015625 0.06666666666666667
0 0.0625 0.6066666666666667 0.0302734375 0.056
0 0.0478515625 0.6853333333333333 0.017578125 0.05733333333333333
0 0.1025390625 0.5546666666666666 0.021484375 0.056
0 0.1513671875 0.644 0.033203125 0.05333333333333334
0 0.1787109375 0.628 0.0263671875 0.07066666666666667
0 0.171875 0.7373333333333333 0.0341796875 0.06533333333333333
0 0.2158203125 0.6853333333333333 0.0361328125 0.07066666666666667
0 0.2802734375 0.644 0.0361328125 0.072
0 0.162109375 0.564 0.02734375 0.056
0 0.19921875 0.5693333333333334 0.0283203125 0.04133333333333333
0 0.2783203125 0.548 0.01953125 0.052
0 0.2939453125 0.6066666666666667 0.0263671875 0.052
0 0.3486328125 0.6586666666666666 0.0341796875 0.058666666666666666
0 0.3583984375 0.724 0.04296875 0.088
0 0.27734375 0.772 0.0498046875 0.09066666666666667
0 0.3095703125 0.748 0.0380859375 0.068
0 0.5185546875 0.8013333333333333 0.0439453125 0.07466666666666667
0 0.482421875 0.808 0.01953125 0.06933333333333333
0 0.5166015625 0.7026666666666667 0.009765625 0.06266666666666666
0 0.5625 0.724 0.04296875 0.076
0 0.5498046875 0.676 0.037109375 0.06933333333333333
0 0.419921875 0.62 0.0263671875 0.06266666666666666
0 0.3837890625 0.6746666666666666 0.0263671875 0.072
0 0.318359375 0.5186666666666667 0.029296875 0.04933333333333333
0 0.4521484375 0.5306666666666666 0.01953125 0.05333333333333334
0 0.5078125 0.5533333333333333 0.029296875 0.05733333333333333
0 0.517578125 0.6293333333333333 0.029296875 0.04666666666666667
0 0.4453125 0.4613333333333333 0.02734375 0.052
0 0.54296875 0.42133333333333334 0.0234375 0.04933333333333333
0 0.505859375 0.3506666666666667 0.03125 0.050666666666666665
0 0.392578125 0.36533333333333334 0.0224609375 0.048
0 0.3271484375 0.35733333333333334 0.0185546875 0.036
0 0.341796875 0.388 0.017578125 0.037333333333333336
0 0.3076171875 0.39466666666666667 0.0185546875 0.04
0 0.251953125 0.37333333333333335 0.0224609375 0.037333333333333336
0 0.244140625 0.43066666666666664 0.021484375 0.05466666666666667
0 0.19921875 0.432 0.0205078125 0.04666666666666667
0 0.1181640625 0.4013333333333333 0.0263671875 0.042666666666666665
0 0.1376953125 0.32266666666666666 0.015625 0.03333333333333333
0 0.09375 0.344 0.017578125 0.034666666666666665
0 0.0595703125 0.348 0.021484375 0.03333333333333333
0 0.1640625 0.4 0.013671875 0.028
0 0.2001953125 0.328 0.017578125 0.042666666666666665
0 0.40625 0.5013333333333333 0.015625 0.03866666666666667
0 0.6943359375 0.7 0.0361328125 0.088
0 0.8994140625 0.7613333333333333 0.0517578125 0.1
0 0.9453125 0.644 0.037109375 0.06533333333333333
0 0.9501953125 0.6906666666666667 0.02734375 0.07866666666666666
0 0.9736328125 0.548 0.033203125 0.07866666666666666
0 0.89453125 0.5306666666666666 0.0283203125 0.068
0 0.9833984375 0.44533333333333336 0.0234375 0.052
0 0.9384765625 0.344 0.021484375 0.048
0 0.9013671875 0.332 0.021484375 0.03866666666666667
0 0.849609375 0.30133333333333334 0.03125 0.052
0 0.759765625 0.344 0.0263671875 0.05466666666666667
0 0.9501953125 0.204 0.017578125 0.03333333333333333
0 0.97265625 0.24933333333333332 0.0166015625 0.037333333333333336
0 0.9892578125 0.22266666666666668 0.017578125 0.037333333333333336
0 0.8916015625 0.468 0.015625 0.04533333333333334
0 0.8037109375 0.5613333333333334 0.0244140625 0.058666666666666666
0 0.46484375 0.4066666666666667 0.0234375 0.04
0 0.6650390625 0.5506666666666666 0.0322265625 0.08533333333333333
0 0.0458984375 0.86 0.0498046875 0.088
0 0.1953125 0.8813333333333333 0.0400390625 0.048
0 0.2900390625 0.8573333333333333 0.0234375 0.07733333333333334
0 0.3984375 0.856 0.041015625 0.052
0 0.7412109375 0.828 0.0419921875 0.07333333333333333