0 0.037109375 0.4349157733537519 0.04296875 0.08575803981623277
0 0.435546875 0.7993874425727412 0.0791015625 0.14701378254211334
0 0.53125 0.552833078101072 0.068359375 0.14854517611026033
0 0.7607421875 0.7258805513016845 0.0771484375 0.13476263399693722
0 0.9482421875 0.6462480857580398 0.0771484375 0.14854517611026033
0 0.7509765625 0.5819295558958653 0.0576171875 0.11026033690658499
0 0.5732421875 0.38131699846860645 0.0322265625 0.05359877488514548
0 0.822265625 0.48085758039816234 0.04296875 0.09341500765696784
0 0.04296875 0.28483920367534454 0.0244140625 0.039816232771822356
0 0.3134765625 0.34762633996937214 0.0244140625 0.06278713629402756
0 0.349609375 0.27565084226646247 0.0205078125 0.04134762633996937
0 0.275390625 0.2894333843797856 0.01953125 0.042879019908116385
0 0.3642578125 0.2771822358346095 0.0087890625 0.03522205206738132
0 0.384765625 0.24655436447166923 0.0087890625 0.021439509954058193
0 0.3154296875 0.22664624808575803 0.0068359375 0.010719754977029096
0 0.7587890625 0.17304747320061256 0.0107421875 0.019908116385911178
0 0.8828125 0.20520673813169985 0.0087890625 0.016845329249617153
0 0.771484375 0.30321592649310875 0.013671875 0.02909647779479326
0 0.7939453125 0.3001531393568147 0.017578125 0.03522205206738132
0 0.404296875 0.25114854517611024 0.0078125 0.018376722817764167
0 0.4833984375 0.2679938744257274 0.0126953125 0.018376722817764167
0 0.322265625 0.22358346094946402 0.0048828125 0.010719754977029096
0 0.3271484375 0.222052067381317 0.0029296875 0.007656967840735069
0 0.3095703125 0.22358346094946402 0.00390625 0.006125574272588055
0 0.369140625 0.23889739663093415 0.0048828125 0.010719754977029096
0 0.3681640625 0.2679938744257274 0.0068359375 0.016845329249617153
0 0.2333984375 0.29249617151607965 0.013671875 0.027565084226646247
0 0.0634765625 0.25880551301684535 0.0087890625 0.018376722817764167
0 0.59375 0.25267993874425726 0.0068359375 0.013782542113323124
0 0.8212890625 0.333843797856049 0.033203125 0.05819295558958652
0 0.8408203125 0.3169984686064318 0.0166015625 0.033690658499234305
0 0.2939453125 0.23583460949464014 0.0068359375 0.015313935681470138
0 0.30078125 0.22358346094946402 0.0048828125 0.009188361408882083
0 0.3603515625 0.23124042879019907 0.0048828125 0.009188361408882083
0 0.33984375 0.23124042879019907 0.0078125 0.013782542113323124
0 0.083984375 0.8238897396630934 0.1259765625 0.23889739663093415