0 0.376953125 0.6461086637298091 0.0390625 0.0763582966226138
0 0.029296875 0.27606461086637296 0.005859375 0.011747430249632892
0 0.0087890625 0.2834067547723935 0.0068359375 0.011747430249632892
0 0.0302734375 0.3039647577092511 0.009765625 0.016152716593245228
0 0.046875 0.28634361233480177 0.0068359375 0.013215859030837005
0 0.0537109375 0.27606461086637296 0.0068359375 0.014684287812041116
0 0.0234375 0.2687224669603524 0.0087890625 0.016152716593245228
0 0.033203125 0.25697503671071953 0.0078125 0.011747430249632892
0 0.060546875 0.23641703377386197 0.0068359375 0.010279001468428781
0 0.046875 0.2555066079295154 0.005859375 0.010279001468428781
0 0.087890625 0.2687224669603524 0.0068359375 0.013215859030837005
0 0.107421875 0.2687224669603524 0.0078125 0.014684287812041116
0 0.1044921875 0.24669603524229075 0.005859375 0.011747430249632892
0 0.087890625 0.29515418502202645 0.0078125 0.013215859030837005
0 0.091796875 0.2922173274596182 0.0068359375 0.011747430249632892
0 0.0703125 0.2907488986784141 0.0078125 0.013215859030837005
0 0.052734375 0.31718061674008813 0.009765625 0.014684287812041116
0 0.0498046875 0.3568281938325991 0.009765625 0.01762114537444934
0 0.0068359375 0.3744493392070485 0.0087890625 0.020558002936857563
0 0.0419921875 0.3920704845814978 0.0107421875 0.016152716593245228
0 0.044921875 0.4243759177679883 0.0107421875 0.016152716593245228
0 0.07421875 0.38472834067547723 0.009765625 0.01908957415565345
0 0.08984375 0.41409691629955947 0.009765625 0.01908957415565345
0 0.060546875 0.4302496328928047 0.0107421875 0.016152716593245228
0 0.0986328125 0.3524229074889868 0.009765625 0.016152716593245228
0 0.091796875 0.32599118942731276 0.0087890625 0.016152716593245228
0 0.068359375 0.2643171806167401 0.0068359375 0.016152716593245228
0 0.0966796875 0.2643171806167401 0.0078125 0.016152716593245228
0 0.1064453125 0.302496328928047 0.0087890625 0.01762114537444934
0 0.1103515625 0.2878120411160059 0.0068359375 0.011747430249632892
0 0.123046875 0.34801762114537443 0.0087890625 0.016152716593245228
0 0.130859375 0.3935389133627019 0.0107421875 0.016152716593245228
0 0.111328125 0.42731277533039647 0.0107421875 0.020558002936857563
0 0.14453125 0.35829662261380324 0.0087890625 0.01762114537444934
0 0.130859375 0.3186490455212922 0.0087890625 0.014684287812041116
0 0.12890625 0.3039647577092511 0.0078125 0.011747430249632892
0 0.142578125 0.28193832599118945 0.0078125 0.011747430249632892
0 0.138671875 0.2540381791483113 0.0068359375 0.011747430249632892
0 0.16015625 0.25844346549192365 0.0078125 0.013215859030837005
0 0.177734375 0.27606461086637296 0.0068359375 0.013215859030837005
0 0.18359375 0.27165932452276065 0.0068359375 0.011747430249632892
0 0.1826171875 0.2555066079295154 0.005859375 0.013215859030837005
0 0.1953125 0.2643171806167401 0.005859375 0.010279001468428781
0 0.2021484375 0.28193832599118945 0.0068359375 0.013215859030837005
0 0.1796875 0.3069016152716593 0.0078125 0.014684287812041116
0 0.16015625 0.31718061674008813 0.0078125 0.014684287812041116
0 0.1474609375 0.3274596182085169 0.009765625 0.01762114537444934
0 0.1728515625 0.4067547723935389 0.009765625 0.016152716593245228
0 0.1943359375 0.4185022026431718 0.0107421875 0.020558002936857563
0 0.185546875 0.33186490455212925 0.0107421875 0.01762114537444934
0 0.2314453125 0.39500734214390604 0.0107421875 0.01908957415565345
0 0.2451171875 0.3891336270190896 0.01171875 0.01908957415565345
0 0.279296875 0.40822320117474303 0.009765625 0.01908957415565345
0 0.2529296875 0.33627019089574156 0.0078125 0.01762114537444934
0 0.2373046875 0.3245227606461087 0.0087890625 0.014684287812041116
0 0.2470703125 0.3069016152716593 0.0078125 0.013215859030837005
0 0.271484375 0.302496328928047 0.0078125 0.014684287812041116
0 0.279296875 0.33480176211453744 0.0068359375 0.014684287812041116
0 0.2880859375 0.315712187958884 0.0068359375 0.013215859030837005
0 0.2841796875 0.28487518355359764 0.0068359375 0.013215859030837005
0 0.2431640625 0.2775330396475771 0.005859375 0.010279001468428781
0 0.236328125 0.26725403817914833 0.0068359375 0.011747430249632892
0 0.2197265625 0.28487518355359764 0.0078125 0.011747430249632892
0 0.2197265625 0.26725403817914833 0.0078125 0.014684287812041116
0 0.1962890625 0.35389133627019087 0.0107421875 0.01762114537444934
0 0.1904296875 0.2393538913362702 0.0068359375 0.010279001468428781
0 0.169921875 0.2525697503671072 0.0078125 0.011747430249632892
0 0.2763671875 0.24669603524229075 0.0068359375 0.014684287812041116
0 0.2890625 0.27165932452276065 0.0068359375 0.011747430249632892
0 0.259765625 0.2834067547723935 0.0087890625 0.01762114537444934
0 0.2060546875 0.26138032305433184 0.0068359375 0.016152716593245228
0 0.2509765625 0.21879588839941264 0.005859375 0.010279001468428781
0 0.248046875 0.23788546255506607 0.0068359375 0.013215859030837005
0 0.203125 0.3142437591776799 0.0068359375 0.014684287812041116
0 0.2197265625 0.342143906020558 0.0087890625 0.016152716593245228
0 0.126953125 0.2276064610866373 0.0068359375 0.011747430249632892
0 0.173828125 0.19530102790014683 0.0068359375 0.011747430249632892
0 0.203125 0.22026431718061673 0.005859375 0.00881057268722467
0 0.21484375 0.2305433186490455 0.0048828125 0.00881057268722467
0 0.220703125 0.22320117474302498 0.005859375 0.00881057268722467
0 0.232421875 0.2055800293685756 0.0048828125 0.00881057268722467
0 0.25 0.19823788546255505 0.0048828125 0.010279001468428781
0 0.2724609375 0.2055800293685756 0.00390625 0.00881057268722467
0 0.279296875 0.2026431718061674 0.00390625 0.007342143906020558
0 0.2900390625 0.20998531571218795 0.0048828125 0.007342143906020558
0 0.3017578125 0.2011747430249633 0.00390625 0.00881057268722467
0 0.298828125 0.21879588839941264 0.005859375 0.010279001468428781
0 0.322265625 0.24082232011747431 0.005859375 0.010279001468428781
0 0.322265625 0.26284875183553597 0.005859375 0.010279001468428781
0 0.3017578125 0.2540381791483113 0.0068359375 0.010279001468428781
0 0.291015625 0.25844346549192365 0.005859375 0.00881057268722467
0 0.2763671875 0.21879588839941264 0.0048828125 0.010279001468428781
0 0.3173828125 0.20411160058737152 0.005859375 0.00881057268722467
0 0.306640625 0.22320117474302498 0.0048828125 0.010279001468428781
0 0.337890625 0.21879588839941264 0.0048828125 0.00881057268722467
0 0.3427734375 0.22466960352422907 0.005859375 0.00881057268722467
0 0.3447265625 0.2055800293685756 0.0048828125 0.010279001468428781
0 0.3544921875 0.20851688693098386 0.00390625 0.007342143906020558
0 0.36328125 0.20411160058737152 0.00390625 0.007342143906020558
0 0.3720703125 0.2055800293685756 0.00390625 0.00881057268722467
0 0.3544921875 0.19236417033773862 0.00390625 0.007342143906020558
0 0.3369140625 0.19089574155653452 0.00390625 0.00881057268722467
0 0.3486328125 0.24375917767988253 0.0048828125 0.00881057268722467
0 0.365234375 0.2393538913362702 0.0048828125 0.00881057268722467
0 0.3642578125 0.22466960352422907 0.00390625 0.007342143906020558
0 0.373046875 0.22026431718061673 0.0048828125 0.00881057268722467
0 0.3759765625 0.2540381791483113 0.005859375 0.011747430249632892
0 0.3623046875 0.2643171806167401 0.0048828125 0.00881057268722467
0 0.3466796875 0.26138032305433184 0.005859375 0.00881057268722467
0 0.34765625 0.27165932452276065 0.0048828125 0.00881057268722467
0 0.34375 0.28193832599118945 0.005859375 0.010279001468428781
0 0.3095703125 0.18502202643171806 0.005859375 0.00881057268722467
0 0.2939453125 0.19089574155653452 0.005859375 0.00881057268722467
0 0.3076171875 0.33186490455212925 0.0087890625 0.014684287812041116
0 0.3271484375 0.29955947136563876 0.0087890625 0.011747430249632892
0 0.333984375 0.3436123348017621 0.0087890625 0.014684287812041116
0 0.359375 0.31718061674008813 0.0068359375 0.011747430249632892
0 0.3857421875 0.3010279001468429 0.0078125 0.014684287812041116
0 0.40234375 0.2922173274596182 0.0078125 0.011747430249632892
0 0.4091796875 0.29955947136563876 0.0068359375 0.014684287812041116
0 0.4169921875 0.2745961820851689 0.005859375 0.011747430249632892
0 0.4365234375 0.27165932452276065 0.005859375 0.00881057268722467
0 0.4345703125 0.2922173274596182 0.005859375 0.014684287812041116
0 0.453125 0.28928046989721 0.005859375 0.010279001468428781
0 0.455078125 0.3142437591776799 0.0078125 0.014684287812041116
0 0.4306640625 0.3274596182085169 0.0078125 0.011747430249632892
0 0.376953125 0.3303964757709251 0.0087890625 0.016152716593245228
0 0.3876953125 0.36123348017621143 0.009765625 0.016152716593245228
0 0.4306640625 0.3788546255506608 0.0107421875 0.01908957415565345
0 0.45703125 0.38619676945668135 0.0087890625 0.014684287812041116
0 0.45703125 0.4067547723935389 0.009765625 0.020558002936857563
0 0.4326171875 0.43612334801762115 0.0107421875 0.01762114537444934
0 0.4228515625 0.4419970631424376 0.01171875 0.022026431718061675
0 0.4013671875 0.3876651982378855 0.0107421875 0.020558002936857563
0 0.3154296875 0.34801762114537443 0.009765625 0.01762114537444934
0 0.310546875 0.39060205580029367 0.01171875 0.01762114537444934
0 0.291015625 0.37591776798825255 0.0087890625 0.014684287812041116
0 0.3349609375 0.4052863436123348 0.0107421875 0.023494860499265784
0 0.357421875 0.3935389133627019 0.009765625 0.020558002936857563
0 0.384765625 0.3964757709251101 0.01171875 0.023494860499265784
0 0.3076171875 0.44640234948604995 0.0126953125 0.020558002936857563
0 0.466796875 0.4581497797356828 0.013671875 0.027900146842878122
0 0.4365234375 0.4654919236417034 0.0126953125 0.020558002936857563
0 0.3486328125 0.3641703377386197 0.0107421875 0.01908957415565345
0 0.314453125 0.4713656387665198 0.01171875 0.020558002936857563
0 0.3369140625 0.4787077826725404 0.013671875 0.024963289280469897
0 0.34765625 0.47577092511013214 0.009765625 0.022026431718061675
0 0.3623046875 0.47723935389133626 0.0126953125 0.020558002936857563
0 0.3876953125 0.4948604992657856 0.0166015625 0.027900146842878122
0 0.400390625 0.46402349486049926 0.01171875 0.02643171806167401
0 0.46875 0.3920704845814978 0.0126953125 0.01762114537444934
0 0.4794921875 0.4170337738619677 0.0107421875 0.020558002936857563
0 0.490234375 0.3656387665198238 0.0087890625 0.020558002936857563
0 0.4775390625 0.34508076358296624 0.009765625 0.016152716593245228
0 0.484375 0.31718061674008813 0.0087890625 0.01762114537444934
0 0.5234375 0.3392070484581498 0.0078125 0.013215859030837005
0 0.521484375 0.3700440528634361 0.0107421875 0.01908957415565345
0 0.4912109375 0.44052863436123346 0.01171875 0.023494860499265784
0 0.51953125 0.4845814977973568 0.01171875 0.020558002936857563
0 0.517578125 0.5198237885462555 0.0146484375 0.027900146842878122
0 0.4873046875 0.5198237885462555 0.013671875 0.023494860499265784
0 0.3291015625 0.5242290748898678 0.0166015625 0.02936857562408223
0 0.525390625 0.4170337738619677 0.0107421875 0.01908957415565345
0 0.5322265625 0.4434654919236417 0.01171875 0.027900146842878122
0 0.3896484375 0.23788546255506607 0.005859375 0.011747430249632892
0 0.3857421875 0.2657856093979442 0.0068359375 0.011747430249632892
0 0.3974609375 0.2540381791483113 0.005859375 0.00881057268722467
0 0.4111328125 0.24082232011747431 0.0068359375 0.010279001468428781
0 0.4267578125 0.23788546255506607 0.0068359375 0.010279001468428781
0 0.4384765625 0.24816446402349487 0.005859375 0.010279001468428781
0 0.447265625 0.24522760646108663 0.0048828125 0.00881057268722467
0 0.431640625 0.21292217327459617 0.005859375 0.010279001468428781
0 0.4501953125 0.20851688693098386 0.005859375 0.010279001468428781
0 0.466796875 0.2599118942731278 0.0048828125 0.010279001468428781
0 0.451171875 0.2687224669603524 0.0068359375 0.011747430249632892
0 0.4755859375 0.28928046989721 0.0068359375 0.013215859030837005
0 0.5029296875 0.2966226138032305 0.0068359375 0.011747430249632892
0 0.5068359375 0.2599118942731278 0.005859375 0.00881057268722467
0 0.517578125 0.2555066079295154 0.0048828125 0.00881057268722467
0 0.52734375 0.27165932452276065 0.005859375 0.011747430249632892
0 0.5380859375 0.302496328928047 0.0078125 0.013215859030837005
0 0.509765625 0.31130690161527164 0.0087890625 0.013215859030837005
0 0.4853515625 0.26284875183553597 0.005859375 0.011747430249632892
0 0.5029296875 0.2422907488986784 0.005859375 0.00881057268722467
0 0.5263671875 0.2276064610866373 0.0068359375 0.013215859030837005
0 0.4833984375 0.23788546255506607 0.0078125 0.011747430249632892
0 0.4912109375 0.2011747430249633 0.005859375 0.010279001468428781
0 0.4775390625 0.18795888399412627 0.005859375 0.010279001468428781
0 0.482421875 0.20851688693098386 0.005859375 0.013215859030837005
0 0.5458984375 0.2701908957415565 0.0068359375 0.011747430249632892
0 0.56640625 0.24375917767988253 0.0068359375 0.00881057268722467
0 0.5751953125 0.2261380323054332 0.005859375 0.00881057268722467
0 0.5859375 0.2422907488986784 0.005859375 0.010279001468428781
0 0.5693359375 0.23641703377386197 0.005859375 0.010279001468428781
0 0.5498046875 0.30983847283406757 0.0078125 0.014684287812041116
0 0.5234375 0.31277533039647576 0.009765625 0.014684287812041116
0 0.5478515625 0.38179148311306904 0.0107421875 0.01762114537444934
0 0.583984375 0.3700440528634361 0.0078125 0.014684287812041116
0 0.599609375 0.3920704845814978 0.0107421875 0.020558002936857563
0 0.6103515625 0.3744493392070485 0.0087890625 0.014684287812041116
0 0.548828125 0.2173274596182085 0.0068359375 0.011747430249632892
0 0.6123046875 0.2276064610866373 0.005859375 0.011747430249632892
0 0.60546875 0.2511013215859031 0.0048828125 0.010279001468428781
0 0.62890625 0.28193832599118945 0.005859375 0.011747430249632892
0 0.6240234375 0.2701908957415565 0.005859375 0.011747430249632892
0 0.615234375 0.2966226138032305 0.0068359375 0.011747430249632892
0 0.6240234375 0.29955947136563876 0.0068359375 0.011747430249632892
0 0.6259765625 0.31718061674008813 0.0068359375 0.014684287812041116
0 0.6416015625 0.29515418502202645 0.0068359375 0.013215859030837005
0 0.654296875 0.315712187958884 0.005859375 0.011747430249632892
0 0.6630859375 0.36123348017621143 0.009765625 0.014684287812041116
0 0.671875 0.3245227606461087 0.0068359375 0.014684287812041116
0 0.6689453125 0.302496328928047 0.0068359375 0.013215859030837005
0 0.6572265625 0.2790014684287812 0.0068359375 0.011747430249632892
0 0.6416015625 0.2790014684287812 0.0068359375 0.011747430249632892
0 0.650390625 0.23494860499265785 0.0068359375 0.014684287812041116
0 0.6376953125 0.2261380323054332 0.005859375 0.00881057268722467
0 0.6630859375 0.2511013215859031 0.0048828125 0.00881057268722467
0 0.6640625 0.23641703377386197 0.0048828125 0.010279001468428781
0 0.65625 0.2511013215859031 0.0048828125 0.00881057268722467
0 0.6748046875 0.2790014684287812 0.005859375 0.011747430249632892
0 0.69140625 0.28193832599118945 0.0048828125 0.011747430249632892
0 0.6904296875 0.30837004405286345 0.0078125 0.014684287812041116
0 0.6923828125 0.33627019089574156 0.0068359375 0.014684287812041116
0 0.7080078125 0.28046989720998533 0.005859375 0.013215859030837005
0 0.6962890625 0.2511013215859031 0.005859375 0.011747430249632892
0 0.701171875 0.26138032305433184 0.005859375 0.010279001468428781
0 0.68359375 0.2525697503671072 0.0048828125 0.00881057268722467
0 0.7119140625 0.23641703377386197 0.005859375 0.00881057268722467
0 0.703125 0.23201174743024963 0.0048828125 0.00881057268722467
0 0.7158203125 0.2701908957415565 0.005859375 0.011747430249632892
0 0.7255859375 0.28046989720998533 0.0068359375 0.011747430249632892
0 0.716796875 0.328928046989721 0.0087890625 0.016152716593245228
0 0.74609375 0.33627019089574156 0.0078125 0.016152716593245228
0 0.7451171875 0.315712187958884 0.0068359375 0.011747430249632892
0 0.7646484375 0.3201174743024963 0.0078125 0.013215859030837005
0 0.7646484375 0.2878120411160059 0.005859375 0.013215859030837005
0 0.76953125 0.2701908957415565 0.005859375 0.011747430249632892
0 0.748046875 0.28928046989721 0.005859375 0.010279001468428781
0 0.73046875 0.3039647577092511 0.0068359375 0.011747430249632892
0 0.740234375 0.27606461086637296 0.0078125 0.011747430249632892
0 0.7548828125 0.2657856093979442 0.0068359375 0.013215859030837005
0 0.7724609375 0.2422907488986784 0.005859375 0.011747430249632892
0 0.669921875 0.22173274596182085 0.005859375 0.00881057268722467
0 0.7021484375 0.40381791483113066 0.009765625 0.016152716593245228
0 0.7255859375 0.4008810572687225 0.0107421875 0.01908957415565345
0 0.755859375 0.4023494860499266 0.009765625 0.01908957415565345
0 0.748046875 0.3641703377386197 0.0078125 0.01762114537444934
0 0.7802734375 0.28634361233480177 0.005859375 0.010279001468428781
0 0.7841796875 0.24816446402349487 0.0048828125 0.010279001468428781
0 0.7998046875 0.2687224669603524 0.005859375 0.00881057268722467
0 0.794921875 0.2511013215859031 0.0048828125 0.007342143906020558
0 0.810546875 0.24522760646108663 0.00390625 0.00881057268722467
0 0.8125 0.26725403817914833 0.0048828125 0.00881057268722467
0 0.806640625 0.2745961820851689 0.005859375 0.010279001468428781
0 0.7919921875 0.30837004405286345 0.0068359375 0.011747430249632892
0 0.787109375 0.3245227606461087 0.0078125 0.013215859030837005
0 0.7802734375 0.34801762114537443 0.0087890625 0.014684287812041116
0 0.7734375 0.37591776798825255 0.0087890625 0.014684287812041116
0 0.814453125 0.3201174743024963 0.0068359375 0.014684287812041116
0 0.82421875 0.27606461086637296 0.005859375 0.010279001468428781
0 0.830078125 0.2657856093979442 0.0048828125 0.00881057268722467
0 0.8330078125 0.2907488986784141 0.0078125 0.011747430249632892
0 0.8251953125 0.31130690161527164 0.0068359375 0.011747430249632892
0 0.8427734375 0.27606461086637296 0.005859375 0.010279001468428781
0 0.8642578125 0.2525697503671072 0.0068359375 0.011747430249632892
0 0.8935546875 0.24522760646108663 0.005859375 0.00881057268722467
0 0.8623046875 0.2834067547723935 0.0068359375 0.013215859030837005
0 0.8515625 0.29515418502202645 0.005859375 0.011747430249632892
0 0.841796875 0.30983847283406757 0.0078125 0.014684287812041116
0 0.8369140625 0.3245227606461087 0.005859375 0.013215859030837005
0 0.8623046875 0.3069016152716593 0.005859375 0.011747430249632892
0 0.8798828125 0.2775330396475771 0.005859375 0.010279001468428781
0 0.8798828125 0.2936857562408223 0.005859375 0.011747430249632892
0 0.8828125 0.30983847283406757 0.0068359375 0.011747430249632892
0 0.904296875 0.28634361233480177 0.005859375 0.010279001468428781
0 0.908203125 0.30837004405286345 0.005859375 0.011747430249632892
0 0.923828125 0.28928046989721 0.005859375 0.010279001468428781
0 0.9501953125 0.28046989720998533 0.005859375 0.011747430249632892
0 0.9482421875 0.3201174743024963 0.0068359375 0.011747430249632892
0 0.923828125 0.3201174743024963 0.0078125 0.011747430249632892
0 0.896484375 0.34948604992657856 0.0068359375 0.013215859030837005
0 0.8994140625 0.31130690161527164 0.0068359375 0.010279001468428781
0 0.86328125 0.342143906020558 0.009765625 0.013215859030837005
0 0.8818359375 0.3524229074889868 0.0087890625 0.013215859030837005
0 0.830078125 0.34948604992657856 0.0087890625 0.014684287812041116
0 0.810546875 0.368575624082232 0.0068359375 0.013215859030837005
0 0.80078125 0.3832599118942731 0.0068359375 0.014684287812041116
0 0.818359375 0.38179148311306904 0.0087890625 0.014684287812041116
0 0.8232421875 0.4008810572687225 0.009765625 0.01762114537444934
0 0.8388671875 0.40381791483113066 0.0078125 0.01762114537444934
0 0.8642578125 0.4052863436123348 0.0078125 0.014684287812041116
0 0.8896484375 0.38179148311306904 0.0087890625 0.016152716593245228
0 0.89453125 0.40969162995594716 0.0087890625 0.01762114537444934
0 0.9208984375 0.4023494860499266 0.009765625 0.022026431718061675
0 0.943359375 0.3803230543318649 0.009765625 0.01908957415565345
0 0.919921875 0.3568281938325991 0.0078125 0.016152716593245228
0 0.947265625 0.342143906020558 0.0078125 0.013215859030837005
0 0.9462890625 0.40822320117474303 0.009765625 0.01908957415565345
0 0.8642578125 0.42584434654919234 0.0107421875 0.020558002936857563
0 0.9912109375 0.28193832599118945 0.005859375 0.010279001468428781
0 0.958984375 0.28193832599118945 0.0048828125 0.010279001468428781
0 0.8466796875 0.37298091042584436 0.0078125 0.014684287812041116
0 0.8310546875 0.43759177679882527 0.009765625 0.023494860499265784
0 0.8076171875 0.461086637298091 0.009765625 0.01908957415565345
0 0.8486328125 0.461086637298091 0.009765625 0.01908957415565345
0 0.9736328125 0.42584434654919234 0.009765625 0.01908957415565345
0 0.9814453125 0.36270190895741555 0.0078125 0.014684287812041116
0 0.9716796875 0.39941262848751835 0.0087890625 0.023494860499265784
0 0.9169921875 0.44493392070484583 0.01171875 0.022026431718061675
0 0.87890625 0.4684287812041116 0.009765625 0.022026431718061675
0 0.8623046875 0.4845814977973568 0.0107421875 0.022026431718061675
0 0.8994140625 0.4977973568281938 0.01171875 0.022026431718061675
0 0.90625 0.5212922173274597 0.01171875 0.024963289280469897
0 0.935546875 0.4919236417033774 0.013671875 0.024963289280469897
0 0.9619140625 0.4845814977973568 0.0126953125 0.023494860499265784
0 0.9677734375 0.5124816446402349 0.013671875 0.027900146842878122
0 0.947265625 0.5565345080763583 0.013671875 0.01908957415565345
0 0.8896484375 0.5609397944199707 0.0107421875 0.01762114537444934
0 0.8779296875 0.540381791483113 0.0126953125 0.023494860499265784
0 0.8564453125 0.5183553597650514 0.01171875 0.024963289280469897
0 0.8369140625 0.5286343612334802 0.013671875 0.024963289280469897
0 0.86328125 0.5624082232011748 0.01171875 0.01908957415565345
0 0.7099609375 0.42290748898678415 0.0126953125 0.022026431718061675
0 0.7587890625 0.43171806167400884 0.009765625 0.022026431718061675
0 0.796875 0.43612334801762115 0.0107421875 0.01762114537444934
0 0.7880859375 0.4552129221732746 0.009765625 0.01762114537444934
0 0.7939453125 0.5007342143906021 0.01171875 0.022026431718061675
0 0.7890625 0.5345080763582967 0.013671875 0.023494860499265784
0 0.8056640625 0.5624082232011748 0.0146484375 0.023494860499265784
0 0.8349609375 0.6079295154185022 0.0146484375 0.032305433186490456
0 0.88671875 0.6461086637298091 0.017578125 0.027900146842878122
0 0.71484375 0.45374449339207046 0.0107421875 0.020558002936857563
0 0.736328125 0.4889867841409692 0.01171875 0.020558002936857563
0 0.7060546875 0.49926578560939794 0.013671875 0.023494860499265784
0 0.68359375 0.46402349486049926 0.01171875 0.020558002936857563
0 0.6435546875 0.44933920704845814 0.0078125 0.014684287812041116
0 0.634765625 0.4111600587371512 0.0107421875 0.01762114537444934
0 0.5888671875 0.4185022026431718 0.0126953125 0.023494860499265784
0 0.6259765625 0.4522760646108664 0.0107421875 0.020558002936857563
0 0.599609375 0.527165932452276 0.015625 0.02936857562408223
0 0.6416015625 0.5330396475770925 0.01171875 0.023494860499265784
0 0.666015625 0.5521292217327459 0.0146484375 0.030837004405286344
0 0.708984375 0.5550660792951542 0.0166015625 0.027900146842878122
0 0.673828125 0.4845814977973568 0.0107421875 0.020558002936857563
0 0.7216796875 0.5286343612334802 0.0126953125 0.023494860499265784
0 0.751953125 0.5491923641703378 0.013671875 0.027900146842878122
0 0.787109375 0.6035242290748899 0.0146484375 0.02643171806167401
0 0.82421875 0.6769456681350955 0.0185546875 0.0381791483113069
0 0.8369140625 0.6593245227606461 0.0185546875 0.039647577092511016
0 0.7822265625 0.6534508076358296 0.017578125 0.02936857562408223
0 0.7548828125 0.6490455212922174 0.0185546875 0.032305433186490456
0 0.7548828125 0.618208516886931 0.015625 0.024963289280469897
0 0.736328125 0.6284875183553598 0.0146484375 0.02936857562408223
0 0.69921875 0.6064610866372981 0.015625 0.02936857562408223
0 0.67578125 0.6226138032305433 0.017578125 0.032305433186490456
0 0.6943359375 0.6696035242290749 0.015625 0.030837004405286344
0 0.7451171875 0.6960352422907489 0.017578125 0.033773861967694566
0 0.6796875 0.697503671071953 0.021484375 0.032305433186490456
0 0.6474609375 0.6593245227606461 0.0185546875 0.02936857562408223
0 0.6259765625 0.6020558002936858 0.0166015625 0.032305433186490456
0 0.5595703125 0.5433186490455213 0.0107421875 0.01908957415565345
0 0.56640625 0.4302496328928047 0.0146484375 0.024963289280469897
0 0.5390625 0.4170337738619677 0.0087890625 0.014684287812041116
0 0.541015625 0.24669603524229075 0.005859375 0.010279001468428781
0 0.541015625 0.19530102790014683 0.0048828125 0.010279001468428781
0 0.5546875 0.19970631424375918 0.0048828125 0.00881057268722467
0 0.62890625 0.8076358296622613 0.017578125 0.027900146842878122
0 0.666015625 0.8105726872246696 0.0244140625 0.04698972099853157
0 0.693359375 0.8032305433186491 0.0185546875 0.02936857562408223
0 0.736328125 0.7444933920704846 0.01953125 0.03671071953010279
0 0.791015625 0.7474302496328928 0.029296875 0.06607929515418502
0 0.869140625 0.7973568281938326 0.017578125 0.03671071953010279
0 0.9189453125 0.7342143906020558 0.0185546875 0.0381791483113069
0 0.88671875 0.6901615271659325 0.015625 0.03524229074889868
0 0.9833984375 0.8252569750367107 0.017578125 0.03524229074889868
0 0.90625 0.580029368575624 0.015625 0.024963289280469897
0 0.9267578125 0.5624082232011748 0.015625 0.023494860499265784
0 0.861328125 0.6108663729809104 0.017578125 0.024963289280469897
0 0.9287109375 0.6666666666666666 0.01953125 0.02936857562408223
0 0.9580078125 0.631424375917768 0.0185546875 0.02643171806167401
0 0.9765625 0.580029368575624 0.0166015625 0.027900146842878122
0 0.400390625 0.5829662261380323 0.0185546875 0.032305433186490456
0 0.412109375 0.5462555066079295 0.015625 0.02643171806167401
0 0.4345703125 0.5580029368575624 0.0126953125 0.020558002936857563
0 0.4501953125 0.5521292217327459 0.015625 0.033773861967694566
0 0.474609375 0.5580029368575624 0.015625 0.022026431718061675
0 0.4931640625 0.5976505139500734 0.015625 0.027900146842878122
0 0.470703125 0.631424375917768 0.0166015625 0.027900146842878122
0 0.513671875 0.6417033773861968 0.0146484375 0.027900146842878122
0 0.5283203125 0.6358296622613803 0.01953125 0.03671071953010279
0 0.466796875 0.6798825256975036 0.01953125 0.032305433186490456
0 0.462890625 0.7415565345080763 0.0205078125 0.030837004405286344
0 0.5146484375 0.7180616740088106 0.0185546875 0.032305433186490456
0 0.5654296875 0.7635829662261381 0.0341796875 0.05726872246696035
0 0.2373046875 0.44933920704845814 0.013671875 0.022026431718061675
0 0.2763671875 0.4698972099853157 0.01171875 0.020558002936857563
0 0.25390625 0.44640234948604995 0.0107421875 0.020558002936857563
0 0.2421875 0.4948604992657856 0.015625 0.027900146842878122
0 0.326171875 0.5022026431718062 0.01171875 0.022026431718061675
0 0.24609375 0.5697503671071953 0.017578125 0.027900146842878122
0 0.201171875 0.540381791483113 0.015625 0.02936857562408223
0 0.2060546875 0.5036710719530103 0.013671875 0.020558002936857563
0 0.189453125 0.47283406754772395 0.01171875 0.01908957415565345
0 0.166015625 0.5051395007342144 0.0166015625 0.024963289280469897
0 0.158203125 0.4419970631424376 0.0126953125 0.01762114537444934
0 0.1435546875 0.46402349486049926 0.0126953125 0.023494860499265784
0 0.13671875 0.4845814977973568 0.013671875 0.023494860499265784
0 0.1513671875 0.5491923641703378 0.0166015625 0.02643171806167401
0 0.21484375 0.6093979441997063 0.017578125 0.032305433186490456
0 0.15234375 0.6255506607929515 0.0166015625 0.02643171806167401
0 0.1630859375 0.6696035242290749 0.017578125 0.023494860499265784
0 0.2265625 0.6651982378854625 0.0166015625 0.023494860499265784
0 0.318359375 0.7180616740088106 0.0185546875 0.02936857562408223
0 0.2841796875 0.7547723935389133 0.01953125 0.03524229074889868
0 0.2392578125 0.7474302496328928 0.021484375 0.03524229074889868
0 0.2216796875 0.7165932452276065 0.0166015625 0.033773861967694566
0 0.2060546875 0.7709251101321586 0.0244140625 0.049926578560939794
0 0.1806640625 0.737151248164464 0.021484375 0.032305433186490456
0 0.275390625 0.6475770925110133 0.0185546875 0.02936857562408223
0 0.0048828125 0.43612334801762115 0.009765625 0.020558002936857563
0 0.048828125 0.4552129221732746 0.0126953125 0.023494860499265784
0 0.0205078125 0.4654919236417034 0.01171875 0.020558002936857563
0 0.0341796875 0.4831130690161527 0.01171875 0.022026431718061675
0 0.09375 0.4713656387665198 0.0126953125 0.022026431718061675
0 0.099609375 0.4552129221732746 0.009765625 0.020558002936857563
0 0.12109375 0.5286343612334802 0.0146484375 0.027900146842878122
0 0.07421875 0.5066079295154186 0.015625 0.027900146842878122
0 0.08984375 0.5389133627019089 0.015625 0.027900146842878122
0 0.0185546875 0.5829662261380323 0.0166015625 0.027900146842878122
0 0.052734375 0.591776798825257 0.0166015625 0.030837004405286344
0 0.0908203125 0.591776798825257 0.0146484375 0.02643171806167401
0 0.119140625 0.6284875183553598 0.017578125 0.027900146842878122
0 0.05859375 0.6622613803230544 0.0185546875 0.032305433186490456
0 0.017578125 0.6622613803230544 0.0185546875 0.02936857562408223
0 0.1005859375 0.6945668135095447 0.01953125 0.027900146842878122
0 0.1220703125 0.8252569750367107 0.0234375 0.0381791483113069
0 0.080078125 0.7415565345080763 0.0205078125 0.030837004405286344
0 0.0400390625 0.7312775330396476 0.0185546875 0.02643171806167401
0 0.0595703125 0.9750367107195301 0.0595703125 0.048458149779735685
0 0.9765625 0.3377386196769457 0.005859375 0.011747430249632892
0 0.98046875 0.315712187958884 0.005859375 0.013215859030837005
0 0.830078125 0.5726872246696035 0.0146484375 0.020558002936857563
0 0.421875 0.6035242290748899 0.0146484375 0.02643171806167401
0 0.4404296875 0.5227606461086637 0.01171875 0.020558002936857563
0 0.2666015625 0.44933920704845814 0.009765625 0.022026431718061675
0 0.1923828125 0.591776798825257 0.01953125 0.02936857562408223