0 0.6396484375 0.7847730600292826 0.0263671875 0.055636896046852125
0 0.6875 0.718887262079063 0.017578125 0.032210834553440704
0 0.9580078125 0.7203513909224012 0.0224609375 0.03953147877013177
0 0.8701171875 0.7071742313323572 0.0166015625 0.029282576866764276
0 0.8798828125 0.6808199121522694 0.0185546875 0.01903367496339678
0 0.8193359375 0.6808199121522694 0.0126953125 0.021961932650073207
0 0.947265625 0.6120058565153733 0.0146484375 0.02635431918008785
0 0.919921875 0.5856515373352855 0.0126953125 0.02635431918008785
0 0.9765625 0.5710102489019033 0.0107421875 0.01903367496339678
0 0.9892578125 0.5724743777452416 0.0107421875 0.01903367496339678
0 0.732421875 0.8609077598828697 0.0361328125 0.05417276720351391
0 0.6669921875 0.5915080527086384 0.0146484375 0.027818448023426062
0 0.701171875 0.5871156661786238 0.0166015625 0.02635431918008785
0 0.5888671875 0.6251830161054173 0.0185546875 0.02635431918008785
0 0.7626953125 0.616398243045388 0.0205078125 0.04538799414348463
0 0.798828125 0.5944363103953147 0.009765625 0.01903367496339678
0 0.548828125 0.5607613469985359 0.0087890625 0.016105417276720352
0 0.5810546875 0.5534407027818448 0.0068359375 0.017569546120058566
0 0.59375 0.5651537335285505 0.009765625 0.014641288433382138
0 0.2841796875 0.8799414348462665 0.03125 0.06588579795021962
0 0.4443359375 0.9385065885797951 0.044921875 0.07320644216691069
0 0.1689453125 0.9663250366032211 0.0341796875 0.06588579795021962
0 0.1005859375 0.9224011713030746 0.041015625 0.055636896046852125
0 0.1728515625 0.7686676427525623 0.0302734375 0.05417276720351391
0 0.0859375 0.7437774524158126 0.0224609375 0.03806734992679356
0 0.15625 0.6822840409956076 0.021484375 0.03806734992679356
0 0.2412109375 0.6603221083455344 0.021484375 0.03367496339677892
0 0.017578125 0.7818448023426061 0.0234375 0.060029282576866766
0 0.0537109375 0.7130307467057101 0.021484375 0.03074670571010249
0 0.0205078125 0.6339677891654466 0.01953125 0.03367496339677892
0 0.078125 0.6207906295754027 0.0146484375 0.03367496339677892
0 0.2255859375 0.6266471449487555 0.013671875 0.029282576866764276
0 0.3388671875 0.657393850658858 0.044921875 0.08052708638360176
0 0.482421875 0.7423133235724744 0.0185546875 0.04538799414348463
0 0.52734375 0.6676427525622255 0.021484375 0.040995607613469986
0 0.5419921875 0.6207906295754027 0.0185546875 0.036603221083455345
0 0.109375 0.5592972181551976 0.0126953125 0.021961932650073207
0 0.142578125 0.6017569546120058 0.0146484375 0.02635431918008785
0 0.154296875 0.5578330893118595 0.01171875 0.024890190336749635
0 0.2021484375 0.5563689604685212 0.01171875 0.02342606149341142
0 0.22265625 0.5402635431918009 0.0107421875 0.01903367496339678
0 0.2001953125 0.5168374816983895 0.009765625 0.020497803806734993
0 0.17578125 0.5212298682284041 0.0078125 0.01903367496339678
0 0.09765625 0.5344070278184481 0.009765625 0.01903367496339678
0 0.125 0.5475841874084919 0.0107421875 0.017569546120058566
0 0.0283203125 0.5915080527086384 0.015625 0.024890190336749635
0 0.015625 0.5505124450951684 0.01171875 0.02342606149341142
0 0.0234375 0.527086383601757 0.0087890625 0.01903367496339678
0 0.08984375 0.4816983894582723 0.0068359375 0.01171303074670571
0 0.224609375 0.6017569546120058 0.013671875 0.029282576866764276
0 0.396484375 0.5783308931185944 0.0126953125 0.021961932650073207
0 0.2646484375 0.5021961932650073 0.0087890625 0.014641288433382138
0 0.2548828125 0.5358711566617862 0.013671875 0.021961932650073207
0 0.732421875 0.5622254758418741 0.0087890625 0.016105417276720352
0 0.701171875 0.5329428989751098 0.0078125 0.014641288433382138
0 0.9619140625 0.5563689604685212 0.01171875 0.01903367496339678
0 0.83984375 0.5095168374816984 0.0068359375 0.014641288433382138
0 0.72265625 0.5314787701317716 0.0078125 0.013177159590043924
0 0.5380859375 0.5812591508052709 0.01171875 0.020497803806734993
0 0.5166015625 0.5387994143484627 0.0078125 0.016105417276720352
0 0.4970703125 0.5519765739385066 0.0068359375 0.014641288433382138
0 0.4599609375 0.5241581259150805 0.0078125 0.01903367496339678
0 0.4580078125 0.5578330893118595 0.0078125 0.01903367496339678
0 0.1533203125 0.45241581259150804 0.005859375 0.01171303074670571
0 0.1943359375 0.445095168374817 0.0068359375 0.013177159590043924
0 0.2255859375 0.4407027818448023 0.00390625 0.008784773060029283
0 0.248046875 0.43045387994143486 0.005859375 0.01171303074670571
0 0.234375 0.5124450951683748 0.0087890625 0.016105417276720352
0 0.0556640625 0.42020497803806733 0.0048828125 0.010248901903367497
0 0.041015625 0.42313323572474376 0.005859375 0.008784773060029283
0 0.0302734375 0.42020497803806733 0.005859375 0.008784773060029283
0 0.0791015625 0.4260614934114202 0.0029296875 0.005856515373352855
0 0.0830078125 0.42020497803806733 0.0029296875 0.007320644216691069
0 0.1748046875 0.42313323572474376 0.0048828125 0.008784773060029283
0 0.6005859375 0.47584187408491946 0.0078125 0.016105417276720352
0 0.5634765625 0.5007320644216691 0.005859375 0.01171303074670571
0 0.6357421875 0.554904831625183 0.0078125 0.01171303074670571
0 0.7822265625 0.6178623718887262 0.0107421875 0.01903367496339678
0 0.736328125 0.5329428989751098 0.0068359375 0.013177159590043924
0 0.8662109375 0.5666178623718887 0.0087890625 0.017569546120058566
0 0.802734375 0.4612005856515373 0.0068359375 0.010248901903367497
0 0.7763671875 0.4568081991215227 0.0068359375 0.013177159590043924
0 0.6650390625 0.4568081991215227 0.0048828125 0.008784773060029283
0 0.955078125 0.47584187408491946 0.005859375 0.010248901903367497
0 0.9130859375 0.486090775988287 0.005859375 0.01171303074670571
0 0.912109375 0.47144948755490484 0.0048828125 0.008784773060029283
0 0.9013671875 0.8565153733528551 0.029296875 0.05856515373352855
0 0.580078125 0.5944363103953147 0.0107421875 0.017569546120058566
0 0.00390625 0.705710102489019 0.0078125 0.036603221083455345
0 0.001953125 0.5666178623718887 0.0048828125 0.021961932650073207