0 0.8603515625 0.8066202090592335 0.1640625 0.32578397212543553
0 0.603515625 0.3902439024390244 0.0927734375 0.20034843205574912
0 0.3076171875 0.3327526132404181 0.0576171875 0.14634146341463414
0 0.2265625 0.4651567944250871 0.0576171875 0.13937282229965156
0 0.1484375 0.1951219512195122 0.0458984375 0.10104529616724739
0 0.302734375 0.06794425087108014 0.01953125 0.06794425087108014
0 0.5693359375 0.18292682926829268 0.0380859375 0.07142857142857142
0 0.44921875 0.23519163763066203 0.037109375 0.09930313588850175
0 0.4951171875 0.18118466898954705 0.0234375 0.06445993031358885
0 0.46875 0.15505226480836237 0.021484375 0.06097560975609756
0 0.267578125 0.12020905923344948 0.0302734375 0.06794425087108014
0 0.8203125 0.343205574912892 0.0185546875 0.05574912891986063
0 0.70703125 0.20209059233449478 0.03125 0.06445993031358885
0 0.6181640625 0.21602787456445993 0.0224609375 0.04006968641114982
0 0.0146484375 0.38153310104529614 0.029296875 0.20034843205574912
0 0.18359375 0.14111498257839722 0.0205078125 0.059233449477351915