0 0.265625 0.33819628647214856 0.0341796875 0.04509283819628647
0 0.4072265625 0.28514588859416445 0.033203125 0.05172413793103448
0 0.5087890625 0.3010610079575597 0.0341796875 0.054376657824933686
0 0.6142578125 0.35145888594164454 0.04296875 0.05968169761273209
0 0.6064453125 0.27851458885941643 0.0390625 0.0610079575596817
0 0.00390625 0.3302387267904509 0.005859375 0.014588859416445624
0 0.1552734375 0.29708222811671087 0.0166015625 0.025198938992042442
0 0.1796875 0.3395225464190981 0.009765625 0.013262599469496022
0 0.314453125 0.32625994694960214 0.0068359375 0.009283819628647215
0 0.2890625 0.3275862068965517 0.0068359375 0.013262599469496022
0 0.244140625 0.3103448275862069 0.0078125 0.010610079575596816
0 0.4951171875 0.3209549071618037 0.00390625 0.006631299734748011
0 0.5048828125 0.4389920424403183 0.01953125 0.042440318302387266