0 0.841796875 0.6271929824561403 0.01953125 0.033625730994152045
0 0.685546875 0.6461988304093568 0.021484375 0.033625730994152045
0 0.6962890625 0.6345029239766082 0.009765625 0.023391812865497075
0 0.642578125 0.6257309941520468 0.01171875 0.023391812865497075
0 0.5556640625 0.6491228070175439 0.01953125 0.033625730994152045
0 0.521484375 0.6491228070175439 0.009765625 0.02046783625730994
0 0.5107421875 0.6286549707602339 0.0068359375 0.013157894736842105
0 0.5029296875 0.6432748538011696 0.005859375 0.017543859649122806
0 0.4677734375 0.6403508771929824 0.01171875 0.02046783625730994
0 0.453125 0.6374269005847953 0.0068359375 0.014619883040935672
0 0.421875 0.6198830409356725 0.009765625 0.01608187134502924
0 0.4169921875 0.6681286549707602 0.0185546875 0.033625730994152045
0 0.3828125 0.6301169590643275 0.0107421875 0.021929824561403508
0 0.353515625 0.6345029239766082 0.0107421875 0.02046783625730994
0 0.3408203125 0.6257309941520468 0.005859375 0.013157894736842105
0 0.328125 0.6257309941520468 0.0068359375 0.013157894736842105
0 0.2802734375 0.6359649122807017 0.017578125 0.033625730994152045
0 0.271484375 0.6081871345029239 0.0107421875 0.021929824561403508
0 0.2548828125 0.6286549707602339 0.0087890625 0.01608187134502924
0 0.2392578125 0.6169590643274854 0.009765625 0.021929824561403508
0 0.212890625 0.6388888888888888 0.0224609375 0.038011695906432746
0 0.302734375 0.631578947368421 0.0068359375 0.014619883040935672
0 0.1552734375 0.6447368421052632 0.015625 0.02631578947368421
0 0.1435546875 0.618421052631579 0.0078125 0.014619883040935672
0 0.1298828125 0.6198830409356725 0.0087890625 0.017543859649122806
0 0.091796875 0.5994152046783626 0.0146484375 0.02046783625730994
0 0.0302734375 0.6140350877192983 0.013671875 0.024853801169590642
0 0.0419921875 0.6228070175438597 0.009765625 0.024853801169590642
0 0.01171875 0.6111111111111112 0.0087890625 0.011695906432748537
0 0.1123046875 0.6228070175438597 0.015625 0.024853801169590642
0 0.078125 0.6038011695906432 0.0078125 0.014619883040935672