0 0.16015625 0.5769230769230769 0.068359375 0.09681697612732096
0 0.13671875 0.596816976127321 0.0341796875 0.07559681697612732
0 0.28515625 0.5822281167108754 0.041015625 0.06631299734748011
0 0.283203125 0.4496021220159151 0.015625 0.029177718832891247
0 0.341796875 0.4416445623342175 0.0126953125 0.027851458885941646
0 0.4189453125 0.4535809018567639 0.0283203125 0.04376657824933687
0 0.4599609375 0.43103448275862066 0.0068359375 0.03050397877984085
0 0.4658203125 0.4005305039787798 0.01171875 0.01856763925729443
0 0.4794921875 0.3779840848806366 0.009765625 0.015915119363395226
0 0.4951171875 0.3978779840848806 0.009765625 0.023872679045092837
0 0.560546875 0.6180371352785146 0.041015625 0.07824933687002653
0 0.5146484375 0.7108753315649867 0.0390625 0.07824933687002653
0 0.783203125 0.3978779840848806 0.015625 0.026525198938992044
0 0.9677734375 0.6352785145888594 0.048828125 0.08090185676392574
0 0.94140625 0.4244031830238727 0.015625 0.025198938992042442
0 0.6826171875 0.3885941644562334 0.0146484375 0.014588859416445624
0 0.728515625 0.3819628647214854 0.0078125 0.010610079575596816
0 0.9951171875 0.5119363395225465 0.0078125 0.03183023872679045