0 0.9921875 0.8732638888888888 0.015625 0.03819444444444445
0 0.9296875 0.8940972222222222 0.017578125 0.041666666666666664
0 0.9365234375 0.8246527777777778 0.013671875 0.03125
0 0.916015625 0.8090277777777778 0.015625 0.03298611111111111
0 0.8564453125 0.8819444444444444 0.0205078125 0.041666666666666664
0 0.8515625 0.9427083333333334 0.017578125 0.041666666666666664
0 0.8505859375 0.7934027777777778 0.021484375 0.03819444444444445
0 0.9853515625 0.6302083333333334 0.0146484375 0.029513888888888888
0 0.921875 0.5329861111111112 0.013671875 0.026041666666666668
0 0.8056640625 0.6666666666666666 0.015625 0.03298611111111111
0 0.7705078125 0.6510416666666666 0.0166015625 0.029513888888888888
0 0.9794921875 0.4861111111111111 0.0126953125 0.026041666666666668
0 0.9501953125 0.5329861111111112 0.009765625 0.017361111111111112
0 0.9638671875 0.4461805555555556 0.0107421875 0.022569444444444444
0 0.96875 0.4288194444444444 0.0087890625 0.024305555555555556
0 0.8720703125 0.5486111111111112 0.0107421875 0.026041666666666668
0 0.7490234375 0.5746527777777778 0.01171875 0.022569444444444444
0 0.6708984375 0.6909722222222222 0.0107421875 0.024305555555555556
0 0.6904296875 0.796875 0.017578125 0.03819444444444445
0 0.5537109375 0.8767361111111112 0.0205078125 0.046875
0 0.5546875 0.9565972222222222 0.01953125 0.046875
0 0.48046875 0.8263888888888888 0.0185546875 0.043402777777777776
0 0.4794921875 0.7274305555555556 0.0166015625 0.036458333333333336
0 0.5537109375 0.6319444444444444 0.013671875 0.020833333333333332
0 0.552734375 0.5572916666666666 0.0126953125 0.029513888888888888
0 0.46484375 0.6215277777777778 0.0166015625 0.027777777777777776
0 0.400390625 0.6076388888888888 0.01171875 0.03125
0 0.404296875 0.5763888888888888 0.0078125 0.026041666666666668
0 0.3505859375 0.6493055555555556 0.013671875 0.03298611111111111
0 0.3525390625 0.6822916666666666 0.0146484375 0.027777777777777776
0 0.3544921875 0.7951388888888888 0.0146484375 0.034722222222222224
0 0.3505859375 0.7743055555555556 0.0146484375 0.036458333333333336
0 0.37109375 0.8802083333333334 0.01953125 0.03298611111111111
0 0.3134765625 0.8715277777777778 0.01953125 0.046875
0 0.32421875 0.8246527777777778 0.0185546875 0.043402777777777776
0 0.50390625 0.7881944444444444 0.01171875 0.03298611111111111
0 0.5654296875 0.7795138888888888 0.0146484375 0.029513888888888888
0 0.4306640625 0.6336805555555556 0.0107421875 0.026041666666666668
0 0.3828125 0.5746527777777778 0.0126953125 0.019097222222222224
0 0.2333984375 0.6805555555555556 0.0107421875 0.026041666666666668
0 0.22265625 0.7743055555555556 0.013671875 0.034722222222222224
0 0.1689453125 0.7361111111111112 0.013671875 0.03298611111111111
0 0.1044921875 0.6458333333333334 0.013671875 0.026041666666666668
0 0.0703125 0.7170138888888888 0.0146484375 0.03298611111111111
0 0.03125 0.8385416666666666 0.017578125 0.04513888888888889
0 0.2353515625 0.9444444444444444 0.0166015625 0.03993055555555555
0 0.220703125 0.859375 0.0185546875 0.026041666666666668
0 0.0673828125 0.9652777777777778 0.0126953125 0.03819444444444445
0 0.09375 0.9513888888888888 0.013671875 0.043402777777777776
0 0.0419921875 0.6788194444444444 0.01171875 0.022569444444444444
0 0.1728515625 0.5972222222222222 0.0126953125 0.026041666666666668
0 0.1220703125 0.6371527777777778 0.013671875 0.03298611111111111
0 0.0888671875 0.4340277777777778 0.009765625 0.019097222222222224
0 0.1435546875 0.4548611111111111 0.0107421875 0.022569444444444444
0 0.068359375 0.4131944444444444 0.009765625 0.024305555555555556
0 0.7734375 0.4340277777777778 0.013671875 0.03298611111111111
0 0.6923828125 0.4114583333333333 0.009765625 0.017361111111111112
0 0.7646484375 0.3524305555555556 0.009765625 0.022569444444444444
0 0.7470703125 0.3454861111111111 0.009765625 0.019097222222222224
0 0.8388671875 0.3732638888888889 0.0068359375 0.019097222222222224
0 0.7099609375 0.6302083333333334 0.0126953125 0.029513888888888888
0 0.671875 0.5364583333333334 0.0087890625 0.024305555555555556
0 0.162109375 0.9704861111111112 0.01953125 0.03819444444444445