0 0.681640625 0.6982248520710059 0.1201171875 0.21745562130177515
0 0.759765625 0.41863905325443784 0.109375 0.20710059171597633
0 0.896484375 0.48520710059171596 0.0283203125 0.05621301775147929
0 0.9345703125 0.48520710059171596 0.0185546875 0.03994082840236687
0 0.8876953125 0.4378698224852071 0.015625 0.03254437869822485
0 0.9755859375 0.48668639053254437 0.0146484375 0.026627218934911243
0 0.46484375 0.28402366863905326 0.05078125 0.1242603550295858
0 0.4443359375 0.2529585798816568 0.029296875 0.060650887573964495
0 0.431640625 0.21893491124260356 0.0244140625 0.05325443786982249
0 0.6103515625 0.32988165680473375 0.0263671875 0.06360946745562131
0 0.6240234375 0.27218934911242604 0.015625 0.03106508875739645
0 0.595703125 0.26331360946745563 0.01171875 0.02514792899408284
0 0.5791015625 0.2618343195266272 0.0126953125 0.028106508875739646
0 0.37109375 0.15088757396449703 0.021484375 0.04142011834319527
0 0.341796875 0.11538461538461539 0.0263671875 0.05917159763313609
0 0.2607421875 0.15828402366863906 0.072265625 0.10946745562130178
0 0.26171875 0.07988165680473373 0.03515625 0.05621301775147929
0 0.2353515625 0.4349112426035503 0.08203125 0.15976331360946747
0 0.146484375 0.08431952662721894 0.0390625 0.07100591715976332
0 0.212890625 0.04437869822485207 0.01953125 0.047337278106508875
0 0.23828125 0.028106508875739646 0.0185546875 0.03550295857988166
0 0.23828125 0.057692307692307696 0.021484375 0.05029585798816568