0 0.017578125 0.09942481511914544 0.01953125 0.02218570254724733
0 0.009765625 0.1322925225965489 0.01953125 0.025472473294987676
0 0.0595703125 0.1372226787181594 0.0205078125 0.02218570254724733
0 0.2353515625 0.14215283483976993 0.029296875 0.027937551355792935
0 0.236328125 0.09367296631059983 0.0205078125 0.018077239112571898
0 0.265625 0.09942481511914544 0.015625 0.01725554642563681
0 0.2841796875 0.10024650780608052 0.0205078125 0.018898931799506986
0 0.2841796875 0.11914543960558752 0.0166015625 0.01725554642563681
0 0.2978515625 0.1388660640920296 0.025390625 0.025472473294987676
0 0.3193359375 0.09942481511914544 0.0166015625 0.015612161051766639
0 0.33984375 0.17337715694330322 0.0537109375 0.0419063270336894
0 0.4150390625 0.1257189811010682 0.029296875 0.025472473294987676
0 0.4638671875 0.13557929334428923 0.0380859375 0.03286770747740345
0 0.544921875 0.10846343467543139 0.1083984375 0.12078882497945768
0 0.2001953125 0.12900575184880855 0.025390625 0.04519309778142974