0 0.1396484375 0.3497340425531915 0.0498046875 0.0678191489361702
0 0.23828125 0.3484042553191489 0.0537109375 0.06515957446808511
0 0.236328125 0.4973404255319149 0.0419921875 0.07047872340425532
0 0.3271484375 0.3470744680851064 0.0517578125 0.07313829787234043
0 0.431640625 0.3484042553191489 0.0517578125 0.06914893617021277
0 0.4814453125 0.48404255319148937 0.0439453125 0.09308510638297872
0 0.537109375 0.3550531914893617 0.0517578125 0.06648936170212766
0 0.63671875 0.3484042553191489 0.052734375 0.06648936170212766
0 0.876953125 0.03590425531914894 0.0537109375 0.06382978723404255
0 0.8798828125 0.17287234042553193 0.056640625 0.06914893617021277
0 0.744140625 0.3617021276595745 0.0537109375 0.0678191489361702
0 0.8427734375 0.3617021276595745 0.0556640625 0.06914893617021277
0 0.9365234375 0.35638297872340424 0.052734375 0.07047872340425532