0 0.875 0.7660818713450293 0.017578125 0.03216374269005848
0 0.744140625 0.7909356725146199 0.021484375 0.04093567251461988
0 0.96484375 0.8830409356725146 0.0224609375 0.043859649122807015
0 0.96484375 0.8070175438596491 0.0263671875 0.04093567251461988
0 0.9033203125 0.7280701754385965 0.0166015625 0.03216374269005848
0 0.7587890625 0.7134502923976608 0.017578125 0.03070175438596491
0 0.681640625 0.6769005847953217 0.015625 0.03216374269005848
0 0.86328125 0.5599415204678363 0.0126953125 0.024853801169590642
0 0.900390625 0.5497076023391813 0.0126953125 0.023391812865497075
0 0.9501953125 0.577485380116959 0.015625 0.02631578947368421
0 0.9560546875 0.6549707602339181 0.017578125 0.033625730994152045
0 0.84765625 0.6447368421052632 0.015625 0.03216374269005848
0 0.884765625 0.6257309941520468 0.013671875 0.02631578947368421
0 0.828125 0.6652046783625731 0.015625 0.03070175438596491
0 0.5869140625 0.6447368421052632 0.0146484375 0.021929824561403508
0 0.5830078125 0.6812865497076024 0.0126953125 0.02046783625730994
0 0.6728515625 0.597953216374269 0.0126953125 0.023391812865497075
0 0.71484375 0.5365497076023392 0.01171875 0.021929824561403508
0 0.80078125 0.5321637426900585 0.01171875 0.023391812865497075
0 0.81640625 0.5482456140350878 0.01171875 0.023391812865497075
0 0.8193359375 0.5087719298245614 0.0087890625 0.02046783625730994
0 0.77734375 0.9049707602339181 0.0126953125 0.033625730994152045
0 0.712890625 0.9429824561403509 0.0244140625 0.04824561403508772
0 0.8330078125 0.8333333333333334 0.017578125 0.029239766081871343
0 0.880859375 0.9839181286549707 0.025390625 0.03070175438596491
0 0.7470703125 0.6067251461988304 0.0166015625 0.023391812865497075
0 0.67578125 0.47953216374269003 0.0087890625 0.01608187134502924
0 0.564453125 0.4853801169590643 0.0078125 0.01608187134502924
0 0.70703125 0.49122807017543857 0.0078125 0.023391812865497075
0 0.748046875 0.564327485380117 0.01171875 0.021929824561403508
0 0.9619140625 0.48099415204678364 0.009765625 0.02046783625730994
0 0.9951171875 0.5818713450292398 0.0087890625 0.02631578947368421
0 0.8603515625 0.5233918128654971 0.0087890625 0.017543859649122806
0 0.2880859375 0.847953216374269 0.0224609375 0.04093567251461988
0 0.3193359375 0.868421052631579 0.01953125 0.04093567251461988
0 0.2763671875 0.7514619883040936 0.0205078125 0.033625730994152045
0 0.3876953125 0.554093567251462 0.0107421875 0.021929824561403508
0 0.2890625 0.6023391812865497 0.0146484375 0.02631578947368421
0 0.2734375 0.5906432748538012 0.0126953125 0.024853801169590642
0 0.3466796875 0.5716374269005848 0.0107421875 0.01608187134502924
0 0.3955078125 0.5190058479532164 0.0107421875 0.019005847953216373
0 0.419921875 0.5102339181286549 0.0087890625 0.01608187134502924
0 0.4677734375 0.4824561403508772 0.0078125 0.01608187134502924
0 0.3544921875 0.5058479532163743 0.0078125 0.014619883040935672
0 0.2939453125 0.5467836257309941 0.0107421875 0.023391812865497075
0 0.3037109375 0.5131578947368421 0.0107421875 0.017543859649122806
0 0.4482421875 0.554093567251462 0.0087890625 0.019005847953216373
0 0.5087890625 0.5891812865497076 0.01171875 0.021929824561403508
0 0.5146484375 0.7017543859649122 0.0166015625 0.02631578947368421
0 0.515625 0.7529239766081871 0.013671875 0.02631578947368421
0 0.509765625 0.6637426900584795 0.0126953125 0.02046783625730994
0 0.5537109375 0.5687134502923976 0.013671875 0.024853801169590642
0 0.470703125 0.5891812865497076 0.0146484375 0.027777777777777776
0 0.37109375 0.47953216374269003 0.0078125 0.02046783625730994
0 0.3447265625 0.47514619883040937 0.0078125 0.017543859649122806
0 0.3271484375 0.5687134502923976 0.0107421875 0.021929824561403508
0 0.4140625 0.45614035087719296 0.0068359375 0.01608187134502924
0 0.5908203125 0.4766081871345029 0.0078125 0.021929824561403508
0 0.458984375 0.5263157894736842 0.0087890625 0.021929824561403508
0 0.4541015625 0.5043859649122807 0.0078125 0.017543859649122806
0 0.0146484375 0.793859649122807 0.0166015625 0.033625730994152045
0 0.0595703125 0.9122807017543859 0.0146484375 0.027777777777777776
0 0.015625 0.9722222222222222 0.01953125 0.03654970760233918
0 0.14453125 0.9327485380116959 0.0234375 0.03508771929824561
0 0.2294921875 0.9722222222222222 0.0185546875 0.043859649122807015
0 0.2216796875 0.7982456140350878 0.017578125 0.03070175438596491
0 0.197265625 0.7149122807017544 0.015625 0.027777777777777776
0 0.1171875 0.7017543859649122 0.0166015625 0.03070175438596491
0 0.0888671875 0.6476608187134503 0.015625 0.02631578947368421
0 0.1767578125 0.6739766081871345 0.013671875 0.024853801169590642
0 0.2373046875 0.6374269005847953 0.0126953125 0.02631578947368421
0 0.1357421875 0.6111111111111112 0.013671875 0.023391812865497075
0 0.1513671875 0.5745614035087719 0.01171875 0.024853801169590642
0 0.2021484375 0.5818713450292398 0.0107421875 0.023391812865497075
0 0.1943359375 0.6111111111111112 0.0126953125 0.02046783625730994
0 0.255859375 0.5292397660818714 0.009765625 0.019005847953216373
0 0.255859375 0.6695906432748538 0.01171875 0.024853801169590642
0 0.0380859375 0.7733918128654971 0.0146484375 0.02046783625730994
0 0.09765625 0.695906432748538 0.0126953125 0.023391812865497075
0 0.2099609375 0.5409356725146199 0.0107421875 0.019005847953216373
0 0.3154296875 0.7821637426900585 0.0146484375 0.027777777777777776
0 0.1865234375 0.4766081871345029 0.009765625 0.019005847953216373
0 0.17578125 0.4269005847953216 0.0087890625 0.01608187134502924
0 0.91796875 0.3786549707602339 0.009765625 0.023391812865497075
0 0.931640625 0.45760233918128657 0.0087890625 0.019005847953216373
0 0.7060546875 0.4590643274853801 0.0087890625 0.01608187134502924
0 0.8740234375 0.4415204678362573 0.009765625 0.01608187134502924
0 0.9208984375 0.43859649122807015 0.0087890625 0.019005847953216373
0 0.7001953125 0.3815789473684211 0.0087890625 0.01608187134502924
0 0.7470703125 0.3611111111111111 0.0068359375 0.014619883040935672
0 0.7236328125 0.42251461988304095 0.0087890625 0.017543859649122806
0 0.87890625 0.3757309941520468 0.0068359375 0.01608187134502924
0 0.55078125 0.3684210526315789 0.0048828125 0.011695906432748537
0 0.4814453125 0.39473684210526316 0.005859375 0.011695906432748537
0 0.4833984375 0.44005847953216376 0.005859375 0.011695906432748537
0 0.4482421875 0.44298245614035087 0.0068359375 0.013157894736842105
0 0.49609375 0.39473684210526316 0.005859375 0.013157894736842105
0 0.533203125 0.3669590643274854 0.0048828125 0.01023391812865497
0 0.5615234375 0.4283625730994152 0.0078125 0.017543859649122806
0 0.59765625 0.4415204678362573 0.0087890625 0.01608187134502924
0 0.4921875 0.38011695906432746 0.0068359375 0.01023391812865497
0 0.4658203125 0.3742690058479532 0.0048828125 0.01023391812865497
0 0.451171875 0.3742690058479532 0.005859375 0.013157894736842105
0 0.423828125 0.3830409356725146 0.005859375 0.011695906432748537
0 0.3359375 0.4605263157894737 0.0068359375 0.014619883040935672
0 0.20703125 0.48830409356725146 0.0078125 0.014619883040935672
0 0.220703125 0.391812865497076 0.005859375 0.011695906432748537
0 0.369140625 0.4239766081871345 0.0078125 0.014619883040935672
0 0.0478515625 0.5526315789473685 0.009765625 0.021929824561403508
0 0.09375 0.5921052631578947 0.0126953125 0.023391812865497075
0 0.0224609375 0.672514619883041 0.0146484375 0.021929824561403508
0 0.15625 0.6432748538011696 0.0107421875 0.02046783625730994
0 0.8193359375 0.45321637426900585 0.0087890625 0.019005847953216373
0 0.2470703125 0.45760233918128657 0.0087890625 0.013157894736842105
0 0.1962890625 0.44298245614035087 0.0078125 0.014619883040935672
0 0.193359375 0.41812865497076024 0.005859375 0.011695906432748537
0 0.185546875 0.42251461988304095 0.0068359375 0.011695906432748537
0 0.326171875 0.3713450292397661 0.005859375 0.011695906432748537
0 0.3095703125 0.3845029239766082 0.005859375 0.013157894736842105
0 0.3017578125 0.3830409356725146 0.0048828125 0.011695906432748537
0 0.3310546875 0.4415204678362573 0.0048828125 0.013157894736842105
0 0.375 0.3845029239766082 0.0048828125 0.011695906432748537
0 0.3544921875 0.4064327485380117 0.0068359375 0.013157894736842105
0 0.2822265625 0.3815789473684211 0.0048828125 0.01023391812865497
0 0.2724609375 0.36988304093567254 0.0048828125 0.01023391812865497
0 0.4072265625 0.34502923976608185 0.0048828125 0.01023391812865497
0 0.2353515625 0.36257309941520466 0.0048828125 0.01023391812865497
0 0.19921875 0.3961988304093567 0.005859375 0.008771929824561403
0 0.337890625 0.42543859649122806 0.005859375 0.008771929824561403
0 0.3037109375 0.3669590643274854 0.0048828125 0.007309941520467836
0 0.26171875 0.35233918128654973 0.0048828125 0.007309941520467836
0 0.3642578125 0.37280701754385964 0.0048828125 0.01023391812865497
0 0.748046875 0.44005847953216376 0.0078125 0.01608187134502924
0 0.833984375 0.3757309941520468 0.0087890625 0.014619883040935672
0 0.7958984375 0.4824561403508772 0.0087890625 0.019005847953216373
0 0.78515625 0.40058479532163743 0.0078125 0.01608187134502924
0 0.1455078125 0.4692982456140351 0.0068359375 0.014619883040935672
0 0.2275390625 0.3786549707602339 0.005859375 0.01023391812865497
0 0.4921875 0.34502923976608185 0.0048828125 0.01023391812865497
0 0.5146484375 0.34941520467836257 0.0048828125 0.01023391812865497
0 0.515625 0.3347953216374269 0.0048828125 0.01023391812865497
0 0.5537109375 0.3406432748538012 0.0048828125 0.008771929824561403
0 0.57421875 0.35526315789473684 0.0048828125 0.011695906432748537
0 0.5615234375 0.3654970760233918 0.005859375 0.011695906432748537
0 0.5966796875 0.3669590643274854 0.0048828125 0.011695906432748537
0 0.6083984375 0.34649122807017546 0.0048828125 0.01023391812865497
0 0.673828125 0.3391812865497076 0.0048828125 0.008771929824561403
0 0.5634765625 0.3333333333333333 0.0048828125 0.01023391812865497
0 0.5322265625 0.34502923976608185 0.00390625 0.008771929824561403
0 0.4794921875 0.34941520467836257 0.00390625 0.01023391812865497
0 0.1298828125 0.7441520467836257 0.021484375 0.03216374269005848
0 0.1025390625 0.8421052631578947 0.0146484375 0.03070175438596491
0 0.0341796875 0.7353801169590644 0.0166015625 0.023391812865497075
0 0.1162109375 0.5730994152046783 0.01171875 0.023391812865497075
0 0.9765625 0.45760233918128657 0.0107421875 0.019005847953216373
0 0.986328125 0.4853801169590643 0.009765625 0.019005847953216373
0 0.7509765625 0.41812865497076024 0.0068359375 0.013157894736842105
0 0.4111328125 0.49415204678362573 0.0078125 0.014619883040935672
0 0.5107421875 0.4298245614035088 0.0078125 0.011695906432748537
0 0.1669921875 0.564327485380117 0.009765625 0.017543859649122806