0 0.013671875 0.7955882352941176 0.02734375 0.09117647058823529
0 0.01171875 0.7161764705882353 0.0244140625 0.08823529411764706
0 0.1044921875 0.7941176470588235 0.0322265625 0.08235294117647059
0 0.1416015625 0.7308823529411764 0.0341796875 0.07941176470588235
0 0.3603515625 0.6176470588235294 0.03125 0.09264705882352942
0 0.587890625 0.6514705882352941 0.0390625 0.07794117647058824
0 0.7099609375 0.6529411764705882 0.048828125 0.09411764705882353
0 0.7099609375 0.5558823529411765 0.064453125 0.10588235294117647
0 0.794921875 0.6794117647058824 0.0556640625 0.08823529411764706
0 0.884765625 0.5544117647058824 0.060546875 0.10147058823529412
0 0.978515625 0.575 0.0400390625 0.09558823529411764
0 0.9443359375 0.8970588235294118 0.0625 0.06323529411764706