0 0.94140625 0.2641843971631206 0.017578125 0.03546099290780142
0 0.92578125 0.2570921985815603 0.0126953125 0.02304964539007092
0 0.880859375 0.2872340425531915 0.015625 0.03368794326241135
0 0.8486328125 0.14716312056737588 0.0107421875 0.028368794326241134
0 0.869140625 0.4148936170212766 0.03515625 0.06382978723404255
0 0.7041015625 0.11347517730496454 0.015625 0.031914893617021274
0 0.6357421875 0.08687943262411348 0.0146484375 0.030141843971631204
0 0.5791015625 0.12411347517730496 0.015625 0.031914893617021274
0 0.720703125 0.4804964539007092 0.1171875 0.3067375886524823
0 0.61328125 0.4379432624113475 0.05078125 0.10460992907801418
0 0.5380859375 0.3900709219858156 0.013671875 0.03900709219858156
0 0.4951171875 0.4379432624113475 0.0224609375 0.06560283687943262
0 0.37109375 0.32092198581560283 0.076171875 0.16843971631205673
0 0.3271484375 0.3953900709219858 0.0322265625 0.06028368794326241
0 0.2802734375 0.4397163120567376 0.037109375 0.09397163120567376
0 0.119140625 0.39184397163120566 0.060546875 0.11702127659574468
0 0.5263671875 0.1453900709219858 0.0146484375 0.024822695035460994