0 0.677734375 0.7629733520336606 0.03125 0.05049088359046283
0 0.9033203125 0.6255259467040674 0.0078125 0.016830294530154277
0 0.841796875 0.6185133239831697 0.0078125 0.015427769985974754
0 0.81640625 0.6311360448807855 0.01171875 0.019635343618513323
0 0.7392578125 0.6143057503506312 0.0087890625 0.015427769985974754
0 0.712890625 0.6227208976157083 0.01171875 0.0182328190743338
0 0.697265625 0.5862552594670407 0.0078125 0.015427769985974754
0 0.673828125 0.6002805049088359 0.009765625 0.016830294530154277
0 0.65234375 0.5778401122019635 0.0078125 0.012622720897615708
0 0.677734375 0.5778401122019635 0.005859375 0.009817671809256662
0 0.7080078125 0.5848527349228612 0.0078125 0.012622720897615708
0 0.802734375 0.5974754558204769 0.005859375 0.011220196353436185
0 0.974609375 0.7096774193548387 0.0185546875 0.028050490883590462
0 0.7763671875 0.605890603085554 0.0068359375 0.011220196353436185
0 0.9375 0.6044880785413744 0.005859375 0.012622720897615708
0 0.88671875 0.6171107994389902 0.005859375 0.012622720897615708
0 0.6083984375 0.573632538569425 0.0107421875 0.019635343618513323
0 0.576171875 0.5792426367461431 0.009765625 0.016830294530154277
0 0.5048828125 0.5918653576437588 0.0166015625 0.028050490883590462
0 0.533203125 0.576437587657784 0.01171875 0.019635343618513323
0 0.435546875 0.5946704067321178 0.0146484375 0.025245441795231416
0 0.462890625 0.5497896213183731 0.0068359375 0.012622720897615708
0 0.443359375 0.5455820476858345 0.0068359375 0.012622720897615708
0 0.41796875 0.541374474053296 0.0068359375 0.012622720897615708
0 0.400390625 0.5568022440392707 0.0087890625 0.014025245441795231
0 0.638671875 0.5848527349228612 0.0068359375 0.014025245441795231
0 0.1904296875 0.5610098176718092 0.0126953125 0.019635343618513323
0 0.3212890625 0.5806451612903226 0.013671875 0.02244039270687237
0 0.3466796875 0.5525946704067322 0.0087890625 0.016830294530154277
0 0.01171875 0.5245441795231417 0.009765625 0.0182328190743338
0 0.2587890625 0.5245441795231417 0.0068359375 0.014025245441795231
0 0.498046875 0.5680224403927069 0.013671875 0.021037868162692847
0 0.5556640625 0.5666199158485273 0.0078125 0.012622720897615708