0 0.0634765625 0.48138297872340424 0.02734375 0.05186170212765957
0 0.1669921875 0.5066489361702128 0.025390625 0.04521276595744681
0 0.2587890625 0.4773936170212766 0.0244140625 0.04654255319148936
0 0.3427734375 0.5146276595744681 0.0224609375 0.034574468085106384
0 0.388671875 0.4627659574468085 0.0224609375 0.043882978723404256
0 0.458984375 0.4454787234042553 0.021484375 0.0398936170212766
0 0.5126953125 0.4773936170212766 0.0244140625 0.04521276595744681
0 0.587890625 0.526595744680851 0.021484375 0.03856382978723404
0 0.6650390625 0.5172872340425532 0.02734375 0.047872340425531915
0 0.7841796875 0.45478723404255317 0.033203125 0.0598404255319149
0 0.712890625 0.4787234042553192 0.013671875 0.023936170212765957
0 0.947265625 0.4441489361702128 0.0693359375 0.10372340425531915
0 0.234375 0.5066489361702128 0.017578125 0.03723404255319149
0 0.3291015625 0.5013297872340425 0.0166015625 0.03723404255319149
0 0.3173828125 0.5013297872340425 0.0107421875 0.030585106382978722
0 0.296875 0.488031914893617 0.0107421875 0.02127659574468085
0 0.3642578125 0.48404255319148937 0.0146484375 0.034574468085106384
0 0.8291015625 0.5079787234042553 0.017578125 0.04521276595744681
0 0.68359375 0.4853723404255319 0.0146484375 0.026595744680851064
0 0.6435546875 0.4920212765957447 0.01171875 0.03723404255319149
0 0.6162109375 0.48936170212765956 0.0126953125 0.023936170212765957
0 0.541015625 0.5026595744680851 0.0185546875 0.034574468085106384
0 0.533203125 0.4734042553191489 0.01171875 0.018617021276595744
0 0.49609375 0.4973404255319149 0.0166015625 0.023936170212765957
0 0.4404296875 0.47606382978723405 0.015625 0.02526595744680851
0 0.14453125 0.5212765957446809 0.0166015625 0.0199468085106383