0 0.9921875 0.46875 0.0126953125 0.037760416666666664
0 0.951171875 0.46484375 0.021484375 0.03515625
0 0.927734375 0.4739583333333333 0.013671875 0.018229166666666668
0 0.8974609375 0.4609375 0.0185546875 0.033854166666666664
0 0.880859375 0.50390625 0.017578125 0.028645833333333332
0 0.861328125 0.4947916666666667 0.017578125 0.026041666666666668
0 0.8525390625 0.4674479166666667 0.015625 0.02734375
0 0.8388671875 0.4739583333333333 0.009765625 0.01953125
0 0.8251953125 0.4765625 0.005859375 0.014322916666666666
0 0.80078125 0.4817708333333333 0.0146484375 0.024739583333333332
0 0.751953125 0.4479166666666667 0.013671875 0.02734375
0 0.7294921875 0.4713541666666667 0.0087890625 0.016927083333333332
0 0.69921875 0.4674479166666667 0.01171875 0.020833333333333332
0 0.7119140625 0.4674479166666667 0.0126953125 0.020833333333333332
0 0.6142578125 0.4700520833333333 0.0068359375 0.014322916666666666
0 0.6357421875 0.4700520833333333 0.0087890625 0.015625
0 0.609375 0.4765625 0.0048828125 0.010416666666666666
0 0.60546875 0.4752604166666667 0.005859375 0.010416666666666666
0 0.5966796875 0.46875 0.005859375 0.013020833333333334
0 0.5498046875 0.4778645833333333 0.0068359375 0.014322916666666666
0 0.5703125 0.4661458333333333 0.0048828125 0.010416666666666666
0 0.5791015625 0.47265625 0.005859375 0.010416666666666666
0 0.5419921875 0.46875 0.005859375 0.01171875
0 0.560546875 0.48046875 0.005859375 0.010416666666666666
0 0.56640625 0.48046875 0.0048828125 0.01171875
0 0.146484375 0.5026041666666666 0.013671875 0.022135416666666668
0 0.1376953125 0.4752604166666667 0.0126953125 0.0234375
0 0.11328125 0.48046875 0.0126953125 0.0234375
0 0.0888671875 0.4817708333333333 0.0146484375 0.022135416666666668
0 0.0703125 0.49609375 0.0087890625 0.020833333333333332
0 0.0146484375 0.4713541666666667 0.0078125 0.018229166666666668
0 0.04296875 0.4622395833333333 0.005859375 0.013020833333333334
0 0.0419921875 0.4778645833333333 0.0068359375 0.014322916666666666
0 0.123046875 0.4713541666666667 0.0068359375 0.013020833333333334
0 0.14453125 0.4622395833333333 0.0078125 0.014322916666666666
0 0.1748046875 0.484375 0.0087890625 0.015625
0 0.154296875 0.46875 0.0068359375 0.01171875
0 0.166015625 0.5078125 0.0068359375 0.013020833333333334
0 0.2021484375 0.4817708333333333 0.0068359375 0.010416666666666666
0 0.2109375 0.4817708333333333 0.0068359375 0.013020833333333334
0 0.1865234375 0.4791666666666667 0.0078125 0.014322916666666666
0 0.1943359375 0.4869791666666667 0.0087890625 0.013020833333333334
0 0.1796875 0.48046875 0.0068359375 0.014322916666666666
0 0.2626953125 0.4713541666666667 0.0068359375 0.009114583333333334
0 0.283203125 0.4817708333333333 0.005859375 0.01171875
0 0.2705078125 0.3177083333333333 0.0078125 0.016927083333333332
0 0.4853515625 0.4700520833333333 0.00390625 0.009114583333333334
0 0.4970703125 0.4700520833333333 0.0029296875 0.009114583333333334
0 0.5263671875 0.46484375 0.005859375 0.010416666666666666
0 0.3994140625 0.4700520833333333 0.0048828125 0.01171875