0 0.361328125 0.3138780804150454 0.00390625 0.009079118028534372
0 0.3837890625 0.3138780804150454 0.00390625 0.007782101167315175
0 0.3974609375 0.32944228274967574 0.00390625 0.009079118028534372
0 0.361328125 0.32684824902723736 0.00390625 0.009079118028534372
0 0.373046875 0.36057068741893644 0.0068359375 0.011673151750972763
0 0.3857421875 0.33722438391699094 0.00390625 0.00648508430609598
0 0.3828125 0.35149156939040205 0.0078125 0.011673151750972763
0 0.3974609375 0.35797665369649806 0.005859375 0.009079118028534372
0 0.4140625 0.3527885862516213 0.0068359375 0.01556420233463035
0 0.419921875 0.3748378728923476 0.0078125 0.011673151750972763
0 0.4404296875 0.32684824902723736 0.0048828125 0.009079118028534372
0 0.4501953125 0.3424124513618677 0.0068359375 0.007782101167315175
0 0.4375 0.39299610894941633 0.009765625 0.01556420233463035
0 0.4501953125 0.3553826199740597 0.005859375 0.009079118028534372
0 0.427734375 0.33722438391699094 0.00390625 0.00648508430609598
0 0.4580078125 0.35927367055771725 0.005859375 0.010376134889753566
0 0.4716796875 0.3229571984435798 0.0029296875 0.00648508430609598
0 0.4716796875 0.3722438391699092 0.005859375 0.009079118028534372
0 0.4892578125 0.33852140077821014 0.0078125 0.009079118028534372
0 0.494140625 0.36057068741893644 0.0087890625 0.011673151750972763
0 0.4970703125 0.34889753566796367 0.0048828125 0.009079118028534372
0 0.505859375 0.36186770428015563 0.005859375 0.01297016861219196
0 0.484375 0.31906614785992216 0.00390625 0.00648508430609598
0 0.501953125 0.3229571984435798 0.0048828125 0.00648508430609598
0 0.380859375 0.4150453955901427 0.0068359375 0.014267185473411154
0 0.3984375 0.4072632944228275 0.0078125 0.018158236057068743
0 0.4560546875 0.4072632944228275 0.0068359375 0.009079118028534372
0 0.4833984375 0.41245136186770426 0.005859375 0.01297016861219196
0 0.4755859375 0.4072632944228275 0.005859375 0.014267185473411154
0 0.4921875 0.3748378728923476 0.005859375 0.01297016861219196
0 0.517578125 0.36186770428015563 0.0068359375 0.011673151750972763
0 0.49609375 0.41245136186770426 0.0068359375 0.01556420233463035
0 0.4990234375 0.39299610894941633 0.0068359375 0.010376134889753566
0 0.513671875 0.38910505836575876 0.0078125 0.01297016861219196
0 0.5224609375 0.34889753566796367 0.0048828125 0.009079118028534372
0 0.537109375 0.3657587548638132 0.0068359375 0.009079118028534372
0 0.5390625 0.3553826199740597 0.00390625 0.009079118028534372
0 0.5341796875 0.3865110246433204 0.0068359375 0.011673151750972763
0 0.552734375 0.36057068741893644 0.00390625 0.007782101167315175
0 0.5087890625 0.41893644617380027 0.0068359375 0.011673151750972763
0 0.53515625 0.4176394293125811 0.0078125 0.016861219195849545
0 0.5498046875 0.3761348897535668 0.0068359375 0.011673151750972763
0 0.5546875 0.39948119325551235 0.0107421875 0.01556420233463035
0 0.5556640625 0.4267185473411154 0.0087890625 0.01297016861219196
0 0.5712890625 0.37094682230869 0.0048828125 0.009079118028534372
0 0.5888671875 0.37094682230869 0.0078125 0.007782101167315175
0 0.607421875 0.4267185473411154 0.0078125 0.01556420233463035
0 0.599609375 0.36835278858625164 0.0068359375 0.014267185473411154
0 0.51953125 0.4487678339818418 0.0107421875 0.01556420233463035
0 0.568359375 0.42282749675745784 0.005859375 0.014267185473411154
0 0.6123046875 0.3540856031128405 0.005859375 0.01297016861219196
0 0.6123046875 0.36964980544747084 0.005859375 0.011673151750972763
0 0.6279296875 0.3852140077821012 0.0068359375 0.016861219195849545
0 0.650390625 0.38780804150453957 0.0087890625 0.011673151750972763
0 0.658203125 0.35797665369649806 0.0048828125 0.010376134889753566
0 0.6259765625 0.3670557717250324 0.0048828125 0.010376134889753566
0 0.6533203125 0.3437094682230869 0.0048828125 0.010376134889753566
0 0.673828125 0.37094682230869 0.0068359375 0.010376134889753566
0 0.69140625 0.377431906614786 0.0068359375 0.010376134889753566
0 0.69921875 0.3540856031128405 0.0048828125 0.009079118028534372
0 0.7099609375 0.3631647211413748 0.0078125 0.010376134889753566
0 0.716796875 0.3981841763942931 0.0068359375 0.010376134889753566
0 0.736328125 0.4150453955901427 0.0078125 0.01297016861219196
0 0.7080078125 0.3787289234760052 0.0068359375 0.014267185473411154
0 0.7236328125 0.3865110246433204 0.0078125 0.01556420233463035
0 0.732421875 0.3553826199740597 0.0068359375 0.010376134889753566
0 0.732421875 0.33852140077821014 0.005859375 0.010376134889753566
0 0.8154296875 0.3411154345006485 0.0048828125 0.010376134889753566
0 0.7705078125 0.3865110246433204 0.0068359375 0.011673151750972763
0 0.77734375 0.3670557717250324 0.005859375 0.009079118028534372
0 0.7607421875 0.38002594033722437 0.0078125 0.014267185473411154
0 0.78125 0.4072632944228275 0.0078125 0.01297016861219196
0 0.7880859375 0.4176394293125811 0.0078125 0.01297016861219196
0 0.794921875 0.4085603112840467 0.0078125 0.010376134889753566
0 0.8017578125 0.38910505836575876 0.0107421875 0.018158236057068743
0 0.8037109375 0.4383916990920882 0.0087890625 0.01556420233463035
0 0.814453125 0.4176394293125811 0.009765625 0.011673151750972763
0 0.8232421875 0.42282749675745784 0.0078125 0.01297016861219196
0 0.8486328125 0.44487678339818415 0.0107421875 0.014267185473411154
0 0.828125 0.39948119325551235 0.005859375 0.011673151750972763
0 0.845703125 0.40207522697795073 0.0087890625 0.014267185473411154
0 0.8046875 0.3437094682230869 0.0048828125 0.010376134889753566
0 0.8212890625 0.383916990920882 0.0068359375 0.011673151750972763
0 0.8359375 0.3735408560311284 0.0078125 0.010376134889753566
0 0.8662109375 0.35927367055771725 0.0048828125 0.007782101167315175
0 0.892578125 0.3553826199740597 0.005859375 0.010376134889753566
0 0.888671875 0.38780804150453957 0.0078125 0.01556420233463035
0 0.865234375 0.3942931258106355 0.0078125 0.01297016861219196
0 0.8974609375 0.3787289234760052 0.0068359375 0.010376134889753566
0 0.892578125 0.42282749675745784 0.0087890625 0.01297016861219196
0 0.8837890625 0.45006485084306097 0.009765625 0.014267185473411154
0 0.87109375 0.4357976653696498 0.0087890625 0.018158236057068743
0 0.9150390625 0.4085603112840467 0.0107421875 0.014267185473411154
0 0.9267578125 0.3722438391699092 0.0087890625 0.01297016861219196
0 0.9453125 0.39040207522697795 0.0087890625 0.01297016861219196
0 0.9384765625 0.4254215304798962 0.0078125 0.014267185473411154
0 0.958984375 0.4474708171206226 0.01171875 0.01556420233463035
0 0.9365234375 0.4604409857328145 0.0087890625 0.011673151750972763
0 0.91796875 0.45006485084306097 0.0087890625 0.010376134889753566
0 0.9189453125 0.4708171206225681 0.0107421875 0.014267185473411154
0 0.8837890625 0.4773022049286641 0.01171875 0.018158236057068743
0 0.89453125 0.46303501945525294 0.0107421875 0.01556420233463035
0 0.505859375 0.4708171206225681 0.0107421875 0.016861219195849545
0 0.5322265625 0.5006485084306096 0.0107421875 0.01556420233463035
0 0.5400390625 0.4721141374837873 0.0087890625 0.014267185473411154
0 0.55859375 0.4578469520103761 0.009765625 0.014267185473411154
0 0.552734375 0.543450064850843 0.01171875 0.020752269779507133
0 0.5927734375 0.490272373540856 0.009765625 0.011673151750972763
0 0.5517578125 0.4915693904020752 0.0078125 0.01297016861219196
0 0.595703125 0.44487678339818415 0.005859375 0.01556420233463035
0 0.609375 0.4565499351491569 0.009765625 0.018158236057068743
0 0.640625 0.4409857328145266 0.0078125 0.01297016861219196
0 0.64453125 0.4669260700389105 0.0087890625 0.011673151750972763
0 0.6455078125 0.48508430609597925 0.01171875 0.016861219195849545
0 0.6640625 0.47470817120622566 0.0068359375 0.016861219195849545
0 0.671875 0.48508430609597925 0.0107421875 0.01297016861219196
0 0.6962890625 0.49286640726329445 0.009765625 0.016861219195849545
0 0.7001953125 0.47470817120622566 0.009765625 0.01556420233463035
0 0.7119140625 0.4773022049286641 0.0107421875 0.01556420233463035
0 0.728515625 0.46303501945525294 0.009765625 0.01556420233463035
0 0.703125 0.5447470817120622 0.0126953125 0.02204928664072633
0 0.73046875 0.5045395590142672 0.009765625 0.018158236057068743
0 0.736328125 0.5408560311284046 0.01171875 0.016861219195849545
0 0.7177734375 0.5616083009079118 0.01171875 0.01556420233463035
0 0.73046875 0.5667963683527886 0.0146484375 0.02204928664072633
0 0.7470703125 0.48119325551232167 0.0087890625 0.016861219195849545
0 0.759765625 0.48249027237354086 0.009765625 0.014267185473411154
0 0.7509765625 0.46173800259403375 0.009765625 0.014267185473411154
0 0.7490234375 0.5551232166018158 0.0107421875 0.020752269779507133
0 0.7607421875 0.5616083009079118 0.0087890625 0.020752269779507133
0 0.681640625 0.569390402075227 0.0107421875 0.02204928664072633
0 0.6318359375 0.5460440985732814 0.009765625 0.018158236057068743
0 0.6435546875 0.5590142671854734 0.0107421875 0.016861219195849545
0 0.6044921875 0.5304798962386511 0.0087890625 0.016861219195849545
0 0.6162109375 0.543450064850843 0.009765625 0.01556420233463035
0 0.587890625 0.5680933852140078 0.013671875 0.019455252918287938
0 0.40234375 0.5395590142671854 0.009765625 0.01556420233463035
0 0.4052734375 0.5901426718547341 0.0126953125 0.020752269779507133
0 0.4013671875 0.6433203631647212 0.0126953125 0.023346303501945526
0 0.453125 0.6381322957198443 0.013671875 0.023346303501945526
0 0.4521484375 0.5953307392996109 0.0107421875 0.023346303501945526
0 0.4658203125 0.6134889753566797 0.013671875 0.019455252918287938
0 0.48046875 0.5875486381322957 0.01171875 0.016861219195849545
0 0.4794921875 0.6264591439688716 0.0126953125 0.01556420233463035
0 0.5087890625 0.5616083009079118 0.0107421875 0.019455252918287938
0 0.5361328125 0.603112840466926 0.015625 0.019455252918287938
0 0.4970703125 0.5304798962386511 0.01171875 0.014267185473411154
0 0.4853515625 0.5551232166018158 0.009765625 0.019455252918287938
0 0.5498046875 0.5732814526588845 0.01171875 0.02204928664072633
0 0.4990234375 0.6640726329442282 0.013671875 0.020752269779507133
0 0.509765625 0.642023346303502 0.0107421875 0.018158236057068743
0 0.5576171875 0.6523994811932555 0.0126953125 0.020752269779507133
0 0.560546875 0.5940337224383917 0.0087890625 0.016861219195849545
0 0.525390625 0.6342412451361867 0.0087890625 0.018158236057068743
0 0.3046875 0.6770428015564203 0.015625 0.023346303501945526
0 0.271484375 0.6653696498054474 0.013671875 0.02204928664072633
0 0.294921875 0.642023346303502 0.0087890625 0.018158236057068743
0 0.3330078125 0.6601815823605707 0.0146484375 0.019455252918287938
0 0.2666015625 0.7302204928664072 0.015625 0.02464332036316472
0 0.296875 0.7341115434500648 0.0146484375 0.027237354085603113
0 0.365234375 0.7276264591439688 0.0166015625 0.0311284046692607
0 0.38671875 0.7509727626459144 0.015625 0.02594033722438392
0 0.3798828125 0.669260700389105 0.013671875 0.027237354085603113
0 0.353515625 0.6342412451361867 0.01171875 0.023346303501945526
0 0.341796875 0.6277561608300908 0.0107421875 0.020752269779507133
0 0.37890625 0.5979247730220493 0.0078125 0.016861219195849545
0 0.33203125 0.7509727626459144 0.009765625 0.018158236057068743
0 0.228515625 0.6666666666666666 0.01171875 0.023346303501945526
0 0.201171875 0.7094682230869002 0.015625 0.02594033722438392
0 0.2119140625 0.6316472114137484 0.0107421875 0.020752269779507133
0 0.0126953125 0.6783398184176395 0.015625 0.02594033722438392
0 0.0205078125 0.74189364461738 0.017578125 0.027237354085603113
0 0.041015625 0.74189364461738 0.01171875 0.02204928664072633
0 0.0556640625 0.7756160830090791 0.0166015625 0.027237354085603113
0 0.0595703125 0.6588845654993515 0.009765625 0.016861219195849545
0 0.07421875 0.6861219195849546 0.0146484375 0.018158236057068743
0 0.0732421875 0.7172503242542153 0.0126953125 0.018158236057068743
0 0.1005859375 0.77431906614786 0.0166015625 0.028534370946822308
0 0.087890625 0.7859922178988327 0.01171875 0.023346303501945526
0 0.1533203125 0.6926070038910506 0.0126953125 0.027237354085603113
0 0.1318359375 0.7600518806744487 0.009765625 0.018158236057068743
0 0.1708984375 0.6926070038910506 0.013671875 0.023346303501945526
0 0.1669921875 0.7405966277561609 0.013671875 0.020752269779507133
0 0.1787109375 0.8184176394293126 0.0146484375 0.02594033722438392
0 0.197265625 0.7639429312581063 0.01171875 0.018158236057068743
0 0.033203125 0.8469520103761349 0.0166015625 0.0324254215304799
0 0.037109375 0.8158236057068742 0.015625 0.011673151750972763
0 0.09765625 0.9273670557717251 0.01953125 0.03501945525291829
0 0.0908203125 0.8949416342412452 0.0185546875 0.02594033722438392
0 0.0703125 0.8326848249027238 0.015625 0.028534370946822308
0 0.1357421875 0.85473411154345 0.01953125 0.029831387808041506
0 0.2197265625 0.9014267185473411 0.0205078125 0.0311284046692607
0 0.0068359375 0.980544747081712 0.013671875 0.0324254215304799
0 0.0361328125 0.9883268482490273 0.0205078125 0.020752269779507133
0 0.1630859375 0.6472114137483788 0.01171875 0.02464332036316472
0 0.2431640625 0.7872892347600519 0.01953125 0.027237354085603113
0 0.263671875 0.7821011673151751 0.0146484375 0.028534370946822308
0 0.2900390625 0.8210116731517509 0.017578125 0.027237354085603113
0 0.2470703125 0.8638132295719845 0.0205078125 0.0311284046692607
0 0.3203125 0.8664072632944229 0.01953125 0.0324254215304799
0 0.3359375 0.8210116731517509 0.01953125 0.028534370946822308
0 0.33203125 0.795071335927367 0.0146484375 0.016861219195849545
0 0.3427734375 0.8715953307392996 0.01953125 0.0324254215304799
0 0.337890625 0.9857328145265889 0.0166015625 0.028534370946822308
0 0.4169921875 0.9040207522697795 0.0166015625 0.029831387808041506
0 0.4482421875 0.7756160830090791 0.015625 0.027237354085603113
0 0.4970703125 0.9247730220492867 0.0185546875 0.0311284046692607
0 0.396484375 0.6212710765239948 0.009765625 0.019455252918287938
0 0.4345703125 0.7146562905317769 0.0166015625 0.027237354085603113
0 0.453125 0.7016861219195849 0.0166015625 0.02594033722438392
0 0.4521484375 0.6731517509727627 0.013671875 0.019455252918287938
0 0.4697265625 0.7172503242542153 0.0146484375 0.02594033722438392
0 0.5078125 0.7431906614785992 0.0166015625 0.028534370946822308
0 0.5185546875 0.6731517509727627 0.013671875 0.02204928664072633
0 0.5341796875 0.6939040207522698 0.0146484375 0.02464332036316472
0 0.5908203125 0.6913099870298314 0.0146484375 0.02594033722438392
0 0.505859375 0.8313878080415046 0.0185546875 0.028534370946822308
0 0.595703125 0.767833981841764 0.015625 0.027237354085603113
0 0.61328125 0.6705577172503242 0.0126953125 0.023346303501945526
0 0.580078125 0.603112840466926 0.0107421875 0.01556420233463035
0 0.576171875 0.5343709468223087 0.0087890625 0.01297016861219196
0 0.5732421875 0.5603112840466926 0.0107421875 0.016861219195849545
0 0.6015625 0.582360570687419 0.01171875 0.019455252918287938
0 0.6220703125 0.6070038910505836 0.0068359375 0.02204928664072633
0 0.65234375 0.5862516212710766 0.01171875 0.020752269779507133
0 0.6845703125 0.6134889753566797 0.0126953125 0.02204928664072633
0 0.7001953125 0.7859922178988327 0.0166015625 0.028534370946822308
0 0.650390625 0.754863813229572 0.0166015625 0.02464332036316472
0 0.646484375 0.7133592736705577 0.0126953125 0.02204928664072633
0 0.6982421875 0.7185473411154345 0.0166015625 0.027237354085603113
0 0.642578125 0.6718547341115434 0.009765625 0.018158236057068743
0 0.73046875 0.6939040207522698 0.01171875 0.023346303501945526
0 0.82421875 0.7937743190661478 0.0146484375 0.02204928664072633
0 0.796875 0.6783398184176395 0.013671875 0.02464332036316472
0 0.865234375 0.6718547341115434 0.015625 0.02464332036316472
0 0.6669921875 0.682230869001297 0.01171875 0.027237354085603113
0 0.68359375 0.6640726329442282 0.01171875 0.02464332036316472
0 0.84375 0.6575875486381323 0.01171875 0.016861219195849545
0 0.880859375 0.648508430609598 0.0126953125 0.018158236057068743
0 0.6728515625 0.5317769130998703 0.0087890625 0.01297016861219196
0 0.671875 0.556420233463035 0.009765625 0.01556420233463035
0 0.6923828125 0.6394293125810635 0.015625 0.02204928664072633
0 0.732421875 0.6173800259403373 0.0126953125 0.016861219195849545
0 0.7490234375 0.5979247730220493 0.0146484375 0.02464332036316472
0 0.7763671875 0.5836575875486382 0.01171875 0.020752269779507133
0 0.806640625 0.6381322957198443 0.01171875 0.018158236057068743
0 0.7548828125 0.6381322957198443 0.0126953125 0.02204928664072633
0 0.857421875 0.4669260700389105 0.009765625 0.018158236057068743
0 0.787109375 0.4915693904020752 0.01171875 0.01556420233463035
0 0.7802734375 0.5201037613488976 0.0068359375 0.01297016861219196
0 0.7783203125 0.4721141374837873 0.0078125 0.01297016861219196
0 0.8154296875 0.5252918287937743 0.01171875 0.01556420233463035
0 0.8251953125 0.5175097276264592 0.01171875 0.020752269779507133
0 0.845703125 0.5188067444876784 0.0078125 0.014267185473411154
0 0.859375 0.5239948119325551 0.0107421875 0.020752269779507133
0 0.7919921875 0.5486381322957199 0.009765625 0.010376134889753566
0 0.8154296875 0.5499351491569391 0.0126953125 0.02204928664072633
0 0.775390625 0.6523994811932555 0.0078125 0.016861219195849545
0 0.828125 0.582360570687419 0.01171875 0.020752269779507133
0 0.828125 0.6381322957198443 0.0146484375 0.018158236057068743
0 0.8505859375 0.5849546044098574 0.0126953125 0.019455252918287938
0 0.86328125 0.5577172503242542 0.013671875 0.019455252918287938
0 0.8740234375 0.5875486381322957 0.0126953125 0.020752269779507133
0 0.9091796875 0.6303501945525292 0.0146484375 0.020752269779507133
0 0.921875 0.6083009079118028 0.0126953125 0.019455252918287938
0 0.9208984375 0.5667963683527886 0.009765625 0.018158236057068743
0 0.939453125 0.582360570687419 0.01171875 0.020752269779507133
0 0.9365234375 0.6549935149156939 0.0126953125 0.02464332036316472
0 0.962890625 0.562905317769131 0.0126953125 0.019455252918287938
0 0.978515625 0.5862516212710766 0.009765625 0.01556420233463035
0 0.9443359375 0.5447470817120622 0.0126953125 0.016861219195849545
0 0.87890625 0.5330739299610895 0.0107421875 0.01297016861219196
0 0.9013671875 0.5265888456549935 0.01171875 0.02204928664072633
0 0.98828125 0.6095979247730221 0.0078125 0.018158236057068743
0 0.994140625 0.6134889753566797 0.0068359375 0.014267185473411154
0 0.96875 0.522697795071336 0.01171875 0.019455252918287938
0 0.982421875 0.5499351491569391 0.009765625 0.014267185473411154
0 0.921875 0.5084306095979247 0.009765625 0.016861219195849545
0 0.9755859375 0.5006485084306096 0.013671875 0.01556420233463035
0 0.98046875 0.522697795071336 0.0068359375 0.01556420233463035
0 0.98828125 0.3852140077821012 0.0078125 0.011673151750972763
0 0.9912109375 0.36835278858625164 0.0068359375 0.011673151750972763
0 0.94140625 0.5006485084306096 0.0087890625 0.018158236057068743
0 0.1337890625 0.8197146562905318 0.01953125 0.027237354085603113
0 0.53125 0.5460440985732814 0.01171875 0.018158236057068743
0 0.6689453125 0.7159533073929961 0.015625 0.02464332036316472
0 0.6787109375 0.4980544747081712 0.009765625 0.011673151750972763
0 0.6220703125 0.49416342412451364 0.0126953125 0.018158236057068743
0 0.6748046875 0.4656290531776913 0.0078125 0.01297016861219196
0 0.4365234375 0.35667963683527887 0.0068359375 0.011673151750972763
0 0.5048828125 0.45395590142671854 0.009765625 0.016861219195849545
0 0.6328125 0.3670557717250324 0.0068359375 0.014267185473411154
0 0.7490234375 0.41245136186770426 0.009765625 0.016861219195849545
0 0.7421875 0.39299610894941633 0.0068359375 0.010376134889753566
0 0.7568359375 0.4357976653696498 0.0087890625 0.01297016861219196
0 0.7841796875 0.44357976653696496 0.0078125 0.01297016861219196
0 0.8359375 0.46173800259403375 0.005859375 0.018158236057068743
0 0.818359375 0.44357976653696496 0.0068359375 0.01297016861219196
0 0.751953125 0.5123216601815823 0.01171875 0.016861219195849545
0 0.697265625 0.5136186770428015 0.009765625 0.014267185473411154
0 0.7109375 0.5201037613488976 0.0078125 0.01556420233463035
0 0.7060546875 0.6095979247730221 0.009765625 0.014267185473411154
0 0.6884765625 0.4033722438391699 0.0068359375 0.009079118028534372
0 0.6796875 0.3968871595330739 0.009765625 0.011673151750972763
0 0.9736328125 0.43320363164721143 0.0107421875 0.016861219195849545
0 0.9619140625 0.383916990920882 0.0087890625 0.011673151750972763
0 0.9541015625 0.42412451361867703 0.0068359375 0.010376134889753566
0 0.3310546875 0.4163424124513619 0.0107421875 0.016861219195849545