0 0.1982421875 0.3659942363112392 0.021484375 0.0893371757925072
0 0.232421875 0.4207492795389049 0.0185546875 0.06628242074927954
0 0.0634765625 0.2881844380403458 0.0048828125 0.020172910662824207
0 0.078125 0.27089337175792505 0.0107421875 0.03170028818443804
0 0.078125 0.3314121037463977 0.015625 0.06628242074927954
0 0.119140625 0.27089337175792505 0.0068359375 0.020172910662824207
0 0.12890625 0.34870317002881845 0.017578125 0.06051873198847262
0 0.1474609375 0.30835734870317005 0.009765625 0.040345821325648415
0 0.1796875 0.30547550432276654 0.0146484375 0.05475504322766571
0 0.224609375 0.2910662824207493 0.005859375 0.025936599423631124
0 0.2333984375 0.3256484149855908 0.0126953125 0.040345821325648415
0 0.0546875 0.24495677233429394 0.0029296875 0.008645533141210375
0 0.3466796875 0.43804034582132567 0.01953125 0.07780979827089338
0 0.361328125 0.29971181556195964 0.009765625 0.0345821325648415
0 0.376953125 0.2622478386167147 0.0068359375 0.020172910662824207
0 0.380859375 0.37175792507204614 0.0146484375 0.06628242074927954
0 0.4208984375 0.2824207492795389 0.013671875 0.05763688760806916
0 0.4638671875 0.1585014409221902 0.021484375 0.08357348703170028
0 0.53125 0.2478386167146974 0.0400390625 0.1642651296829971
0 0.56640625 0.3170028818443804 0.0068359375 0.020172910662824207
0 0.6259765625 0.3112391930835735 0.005859375 0.023054755043227664
0 0.642578125 0.29394812680115273 0.00390625 0.01729106628242075
0 0.7275390625 0.35446685878962536 0.0107421875 0.040345821325648415
0 0.7509765625 0.3227665706051873 0.0078125 0.0345821325648415
0 0.6689453125 0.34293948126801155 0.0087890625 0.025936599423631124
0 0.6796875 0.3688760806916426 0.01171875 0.043227665706051875
0 0.703125 0.36023054755043227 0.01171875 0.043227665706051875
0 0.7158203125 0.3919308357348703 0.0126953125 0.043227665706051875
0 0.763671875 0.34870317002881845 0.01171875 0.0345821325648415
0 0.7607421875 0.42363112391930835 0.0126953125 0.043227665706051875
0 0.6806640625 0.2968299711815562 0.005859375 0.01729106628242075
0 0.6953125 0.30835734870317005 0.0068359375 0.023054755043227664
0 0.7001953125 0.2824207492795389 0.0048828125 0.01440922190201729
0 0.6884765625 0.2737752161383285 0.00390625 0.011527377521613832
0 0.7900390625 0.3515850144092219 0.0087890625 0.03170028818443804
0 0.80859375 0.3314121037463977 0.0078125 0.02881844380403458
0 0.783203125 0.3314121037463977 0.0078125 0.02881844380403458
0 0.828125 0.2910662824207493 0.005859375 0.01440922190201729
0 0.8203125 0.3170028818443804 0.0068359375 0.020172910662824207
0 0.8427734375 0.30547550432276654 0.0048828125 0.01440922190201729
0 0.859375 0.31988472622478387 0.005859375 0.023054755043227664
0 0.8681640625 0.30835734870317005 0.0078125 0.025936599423631124
0 0.8525390625 0.3314121037463977 0.0048828125 0.01729106628242075
0 0.8681640625 0.21902017291066284 0.00390625 0.01440922190201729
0 0.8740234375 0.3976945244956772 0.013671875 0.043227665706051875
0 0.9677734375 0.3170028818443804 0.0068359375 0.023054755043227664
0 0.9921875 0.33429394812680113 0.0068359375 0.023054755043227664
0 0.966796875 0.27089337175792505 0.0029296875 0.01440922190201729
0 0.8037109375 0.3861671469740634 0.009765625 0.037463976945244955
0 0.828125 0.3659942363112392 0.0068359375 0.023054755043227664
0 0.0166015625 0.2968299711815562 0.0048828125 0.025936599423631124
0 0.0400390625 0.2478386167146974 0.0048828125 0.01440922190201729
0 0.033203125 0.276657060518732 0.0048828125 0.020172910662824207
0 0.0224609375 0.2737752161383285 0.0048828125 0.025936599423631124
0 0.1376953125 0.27953890489913547 0.005859375 0.025936599423631124
0 0.09765625 0.31988472622478387 0.009765625 0.04610951008645533
0 0.2109375 0.2824207492795389 0.005859375 0.01729106628242075
0 0.0556640625 0.6829971181556196 0.048828125 0.14985590778097982
0 0.6552734375 0.3256484149855908 0.0068359375 0.01729106628242075
0 0.4072265625 0.27953890489913547 0.0087890625 0.03170028818443804
0 0.5703125 0.276657060518732 0.00390625 0.01440922190201729
0 0.822265625 0.2622478386167147 0.00390625 0.01440922190201729
0 0.921875 0.2564841498559078 0.0029296875 0.008645533141210375
0 0.9541015625 0.2507204610951009 0.0029296875 0.01440922190201729
0 0.9462890625 0.24495677233429394 0.0048828125 0.008645533141210375
0 0.2421875 0.3170028818443804 0.0068359375 0.02881844380403458
0 0.3427734375 0.3227665706051873 0.0048828125 0.01440922190201729
0 0.326171875 0.3804034582132565 0.0068359375 0.0345821325648415
0 0.24609375 0.27953890489913547 0.005859375 0.023054755043227664
0 0.115234375 0.4409221902017291 0.0322265625 0.11815561959654179
0 0.1728515625 0.29394812680115273 0.0078125 0.025936599423631124
0 0.2158203125 0.2910662824207493 0.0048828125 0.020172910662824207