0 0.4765625 0.3289036544850498 0.0166015625 0.03322259136212625
0 0.5361328125 0.43023255813953487 0.0166015625 0.03820598006644518
0 0.40234375 0.4219269102990033 0.0185546875 0.036544850498338874
0 0.0283203125 0.5182724252491694 0.0126953125 0.023255813953488372
0 0.0048828125 0.4900332225913621 0.0107421875 0.02159468438538206
0 0.033203125 0.473421926910299 0.009765625 0.019933554817275746
0 0.9580078125 0.5498338870431894 0.0146484375 0.036544850498338874
0 0.8251953125 0.4900332225913621 0.0146484375 0.029900332225913623
0 0.8505859375 0.47674418604651164 0.0146484375 0.024916943521594685
0 0.802734375 0.47674418604651164 0.013671875 0.026578073089700997
0 0.658203125 0.4269102990033223 0.0068359375 0.011627906976744186
0 0.6435546875 0.43521594684385384 0.0068359375 0.009966777408637873
0 0.609375 0.4269102990033223 0.0068359375 0.014950166112956811
0 0.0771484375 0.4601328903654485 0.005859375 0.013289036544850499
0 0.1318359375 0.46677740863787376 0.005859375 0.011627906976744186
0 0.7080078125 0.4269102990033223 0.0078125 0.014950166112956811
0 0.724609375 0.39700996677740863 0.009765625 0.016611295681063124
0 0.759765625 0.38372093023255816 0.0107421875 0.018272425249169437
0 0.744140625 0.38372093023255816 0.0107421875 0.02159468438538206