0 0.044921875 0.8235294117647058 0.0322265625 0.13667820069204153
0 0.2353515625 0.7923875432525952 0.04296875 0.09342560553633218
0 0.28125 0.7664359861591695 0.0322265625 0.0986159169550173
0 0.4296875 0.7560553633217993 0.017578125 0.07093425605536333
0 0.50390625 0.7387543252595156 0.0244140625 0.04152249134948097
0 0.599609375 0.7422145328719724 0.0126953125 0.03633217993079585
0 0.486328125 0.7387543252595156 0.015625 0.039792387543252594
0 0.9208984375 0.6747404844290658 0.0205078125 0.058823529411764705
0 0.8291015625 0.7006920415224913 0.0244140625 0.04498269896193772
0 0.6630859375 0.71280276816609 0.013671875 0.03806228373702422
0 0.4052734375 0.7750865051903114 0.009765625 0.02768166089965398
0 0.3564453125 0.7439446366782007 0.0126953125 0.02422145328719723
0 0.7392578125 0.7491349480968859 0.0185546875 0.0328719723183391
0 0.9677734375 0.6851211072664359 0.0087890625 0.015570934256055362