0 0.9228515625 0.043402777777777776 0.048828125 0.08854166666666667
0 0.8291015625 0.06944444444444445 0.0458984375 0.09027777777777778
0 0.76171875 0.03819444444444445 0.0439453125 0.078125
0 0.7041015625 0.03298611111111111 0.046875 0.06597222222222222
0 0.5966796875 0.06944444444444445 0.05078125 0.0763888888888889
0 0.6181640625 0.1579861111111111 0.044921875 0.09027777777777778
0 0.6689453125 0.13541666666666666 0.044921875 0.078125
0 0.685546875 0.18055555555555555 0.044921875 0.08333333333333333
0 0.7119140625 0.2569444444444444 0.033203125 0.08680555555555555
0 0.822265625 0.16145833333333334 0.0498046875 0.09895833333333333
0 0.904296875 0.24131944444444445 0.03125 0.11284722222222222
0 0.8701171875 0.2569444444444444 0.048828125 0.08854166666666667
0 0.822265625 0.28125 0.0546875 0.1267361111111111
0 0.8427734375 0.3958333333333333 0.052734375 0.1111111111111111
0 0.7216796875 0.3767361111111111 0.033203125 0.08854166666666667
0 0.6796875 0.3402777777777778 0.0595703125 0.10590277777777778
0 0.6533203125 0.4253472222222222 0.0556640625 0.16145833333333334
0 0.869140625 0.453125 0.0673828125 0.11805555555555555
0 0.974609375 0.3350694444444444 0.05078125 0.12152777777777778
0 0.8896484375 0.546875 0.064453125 0.11979166666666667
0 0.732421875 0.6006944444444444 0.0732421875 0.17881944444444445
0 0.9736328125 0.5052083333333334 0.052734375 0.13541666666666666
0 0.9794921875 0.6701388888888888 0.041015625 0.13368055555555555
0 0.8212890625 0.7517361111111112 0.0791015625 0.19618055555555555
0 0.62109375 0.6545138888888888 0.0791015625 0.16145833333333334
0 0.9375 0.8836805555555556 0.08984375 0.203125
0 0.53515625 0.052083333333333336 0.04296875 0.08333333333333333
0 0.5048828125 0.125 0.0419921875 0.08854166666666667
0 0.5869140625 0.2326388888888889 0.041015625 0.109375
0 0.5048828125 0.2326388888888889 0.0595703125 0.1371527777777778
0 0.4541015625 0.17708333333333334 0.048828125 0.10243055555555555
0 0.4150390625 0.07291666666666667 0.05078125 0.10069444444444445
0 0.3486328125 0.05555555555555555 0.0419921875 0.0920138888888889
0 0.376953125 0.3125 0.0556640625 0.11284722222222222
0 0.3388671875 0.15625 0.048828125 0.1111111111111111
0 0.3447265625 0.2795138888888889 0.0439453125 0.09722222222222222
0 0.505859375 0.4444444444444444 0.06640625 0.11631944444444445
0 0.44921875 0.3402777777777778 0.05078125 0.0920138888888889
0 0.4365234375 0.6267361111111112 0.0654296875 0.13368055555555555
0 0.4296875 0.7465277777777778 0.083984375 0.171875
0 0.498046875 0.9322916666666666 0.087890625 0.13541666666666666
0 0.56640625 0.8993055555555556 0.0693359375 0.1736111111111111
0 0.2958984375 0.04861111111111111 0.044921875 0.0954861111111111
0 0.251953125 0.0625 0.0361328125 0.09027777777777778
0 0.2294921875 0.12152777777777778 0.03515625 0.10416666666666667
0 0.255859375 0.2309027777777778 0.046875 0.12152777777777778
0 0.279296875 0.203125 0.025390625 0.0920138888888889
0 0.2060546875 0.05555555555555555 0.04296875 0.09722222222222222
0 0.1787109375 0.11805555555555555 0.052734375 0.1284722222222222
0 0.0966796875 0.11979166666666667 0.05078125 0.10243055555555555
0 0.150390625 0.03819444444444445 0.0322265625 0.07118055555555555
0 0.060546875 0.15625 0.04296875 0.09027777777777778
0 0.03515625 0.17881944444444445 0.0439453125 0.10243055555555555
0 0.1396484375 0.2048611111111111 0.05078125 0.11979166666666667
0 0.091796875 0.2743055555555556 0.05078125 0.11458333333333333
0 0.0419921875 0.2708333333333333 0.0595703125 0.109375
0 0.2099609375 0.3333333333333333 0.056640625 0.1232638888888889
0 0.271484375 0.4114583333333333 0.048828125 0.11805555555555555
0 0.169921875 0.5034722222222222 0.048828125 0.125
0 0.1318359375 0.5538194444444444 0.05859375 0.1232638888888889
0 0.0703125 0.3940972222222222 0.04296875 0.1076388888888889
0 0.03125 0.3871527777777778 0.060546875 0.11979166666666667
0 0.060546875 0.5520833333333334 0.0751953125 0.1284722222222222
0 0.2529296875 0.71875 0.0693359375 0.13194444444444445
0 0.19921875 0.90625 0.0791015625 0.1875
0 0.0419921875 0.7586805555555556 0.0625 0.16666666666666666
0 0.015625 0.06597222222222222 0.03125 0.09895833333333333
0 0.3740234375 0.1371527777777778 0.0322265625 0.09375
0 0.4072265625 0.22743055555555555 0.037109375 0.10416666666666667
0 0.5732421875 0.4739583333333333 0.044921875 0.109375
0 0.4404296875 0.036458333333333336 0.037109375 0.06944444444444445
0 0.5244140625 0.3732638888888889 0.0556640625 0.09722222222222222
0 0.2822265625 0.5416666666666666 0.068359375 0.1579861111111111
0 0.08203125 0.041666666666666664 0.041015625 0.06076388888888889
0 0.2001953125 0.9600694444444444 0.072265625 0.0798611111111111
0 0.984375 0.14583333333333334 0.03125 0.109375
0 0.9345703125 0.1267361111111111 0.041015625 0.08680555555555555