0 0.021484375 0.907624633431085 0.04296875 0.10263929618768329
0 0.158203125 0.9340175953079178 0.1064453125 0.13049853372434017
0 0.3974609375 0.8387096774193549 0.0849609375 0.13343108504398826
0 0.451171875 0.8724340175953079 0.056640625 0.1348973607038123
0 0.6357421875 0.9266862170087976 0.0751953125 0.12316715542521994
0 0.5615234375 0.969208211143695 0.0595703125 0.06158357771260997
0 0.69921875 0.7697947214076246 0.060546875 0.14076246334310852
0 0.8876953125 0.6348973607038123 0.0498046875 0.09237536656891496
0 0.974609375 0.48826979472140764 0.0498046875 0.1744868035190616
0 0.9423828125 0.4662756598240469 0.060546875 0.11436950146627566
0 0.9150390625 0.41642228739002934 0.0498046875 0.093841642228739
0 0.8876953125 0.40615835777126097 0.029296875 0.06598240469208211
0 0.8935546875 0.28005865102639294 0.037109375 0.07331378299120235
0 0.98046875 0.24193548387096775 0.0390625 0.08064516129032258
0 0.98828125 0.12756598240469208 0.0234375 0.07771260997067449
0 0.9150390625 0.1656891495601173 0.0400390625 0.06744868035190615
0 0.884765625 0.2155425219941349 0.044921875 0.07331378299120235
0 0.8447265625 0.3064516129032258 0.03125 0.03225806451612903
0 0.9716796875 0.07331378299120235 0.0302734375 0.06744868035190615
0 0.880859375 0.10263929618768329 0.041015625 0.0718475073313783
0 0.8388671875 0.501466275659824 0.0615234375 0.1158357771260997
0 0.7490234375 0.6290322580645161 0.05859375 0.1158357771260997
0 0.77734375 0.501466275659824 0.048828125 0.08797653958944282
0 0.7861328125 0.41055718475073316 0.0458984375 0.07771260997067449
0 0.6943359375 0.5513196480938416 0.0673828125 0.12023460410557185
0 0.658203125 0.6730205278592375 0.0625 0.11436950146627566
0 0.6708984375 0.45454545454545453 0.0498046875 0.07917888563049853
0 0.6416015625 0.4032258064516129 0.0400390625 0.08064516129032258
0 0.77734375 0.26832844574780057 0.046875 0.0747800586510264
0 0.76953125 0.3680351906158358 0.0458984375 0.08651026392961877
0 0.7431640625 0.27712609970674484 0.0341796875 0.0718475073313783
0 0.791015625 0.19208211143695014 0.0380859375 0.0689149560117302
0 0.7705078125 0.1774193548387097 0.0390625 0.06744868035190615
0 0.7421875 0.15102639296187684 0.0361328125 0.06744868035190615
0 0.71484375 0.15835777126099707 0.03515625 0.06451612903225806
0 0.548828125 0.13049853372434017 0.03515625 0.06158357771260997
0 0.5888671875 0.1436950146627566 0.0166015625 0.04838709677419355
0 0.662109375 0.17888563049853373 0.033203125 0.04838709677419355
0 0.7099609375 0.27126099706744866 0.0390625 0.0718475073313783
0 0.6220703125 0.18035190615835778 0.041015625 0.06598240469208211
0 0.6162109375 0.24926686217008798 0.048828125 0.08651026392961877
0 0.5361328125 0.19208211143695014 0.0419921875 0.06158357771260997
0 0.5263671875 0.25513196480938416 0.0458984375 0.08211143695014662
0 0.646484375 0.28885630498533726 0.04296875 0.05718475073313783
0 0.6533203125 0.34457478005865105 0.046875 0.09090909090909091
0 0.55859375 0.4120234604105572 0.0478515625 0.093841642228739
0 0.5048828125 0.4222873900293255 0.048828125 0.10410557184750734
0 0.5498046875 0.33284457478005863 0.0478515625 0.08504398826979472
0 0.4638671875 0.2961876832844575 0.0517578125 0.08797653958944282
0 0.4951171875 0.26392961876832843 0.0263671875 0.060117302052785926
0 0.46875 0.20234604105571846 0.041015625 0.07331378299120235
0 0.4970703125 0.1935483870967742 0.03515625 0.05571847507331378
0 0.4951171875 0.07771260997067449 0.0341796875 0.06451612903225806
0 0.3837890625 0.10410557184750734 0.0380859375 0.05718475073313783
0 0.3935546875 0.1774193548387097 0.0419921875 0.07038123167155426
0 0.333984375 0.1598240469208211 0.0419921875 0.07331378299120235
0 0.267578125 0.15542521994134897 0.0361328125 0.06304985337243402
0 0.3916015625 0.3489736070381232 0.0439453125 0.07331378299120235
0 0.4169921875 0.4178885630498534 0.0546875 0.08357771260997067
0 0.3466796875 0.40175953079178883 0.037109375 0.06158357771260997
0 0.2451171875 0.09824046920821114 0.0322265625 0.051319648093841645
0 0.1572265625 0.1217008797653959 0.03515625 0.06451612903225806
0 0.25390625 0.14809384164222875 0.025390625 0.04105571847507331
0 0.2109375 0.15102639296187684 0.03125 0.06158357771260997
0 0.1875 0.15542521994134897 0.0361328125 0.05278592375366569
0 0.185546875 0.21114369501466276 0.0439453125 0.08064516129032258
0 0.2470703125 0.20087976539589442 0.0419921875 0.08357771260997067
0 0.1064453125 0.14076246334310852 0.029296875 0.04398826979472141
0 0.1357421875 0.2375366568914956 0.04296875 0.08944281524926687
0 0.0322265625 0.14809384164222875 0.0390625 0.060117302052785926
0 0.0341796875 0.22727272727272727 0.046875 0.08064516129032258
0 0.228515625 0.312316715542522 0.0380859375 0.08504398826979472
0 0.2001953125 0.26392961876832843 0.0419921875 0.05571847507331378
0 0.1435546875 0.3343108504398827 0.03515625 0.05571847507331378
0 0.1220703125 0.39002932551319647 0.02734375 0.0689149560117302
0 0.0791015625 0.2829912023460411 0.0390625 0.07038123167155426
0 0.021484375 0.3973607038123167 0.0439453125 0.09237536656891496
0 0.0693359375 0.4501466275659824 0.0478515625 0.0967741935483871
0 0.189453125 0.46774193548387094 0.0458984375 0.11290322580645161
0 0.23046875 0.40762463343108507 0.0517578125 0.09090909090909091
0 0.251953125 0.47653958944281527 0.0537109375 0.08357771260997067
0 0.2890625 0.4530791788856305 0.033203125 0.07038123167155426
0 0.306640625 0.5366568914956011 0.0439453125 0.09970674486803519
0 0.2353515625 0.655425219941349 0.0712890625 0.13636363636363635
0 0.0537109375 0.6832844574780058 0.0634765625 0.1187683284457478
0 0.16015625 0.7756598240469208 0.06640625 0.10850439882697947
0 0.494140625 0.7331378299120235 0.0703125 0.12609970674486803
0 0.43359375 0.6832844574780058 0.0625 0.1378299120234604
0 0.3916015625 0.6319648093841642 0.0322265625 0.08357771260997067
0 0.447265625 0.5747800586510264 0.0634765625 0.13929618768328444
0 0.3759765625 0.4442815249266862 0.0322265625 0.05865102639296188
0 0.541015625 0.017595307917888565 0.0107421875 0.021994134897360705
0 0.3779296875 0.04985337243401759 0.0107421875 0.013196480938416423