0 0.1044921875 0.05547445255474453 0.017578125 0.026277372262773723
0 0.0849609375 0.45985401459854014 0.056640625 0.12262773722627737
0 0.1328125 0.5036496350364964 0.0224609375 0.049635036496350364
0 0.15625 0.48175182481751827 0.041015625 0.06423357664233577
0 0.2177734375 0.42043795620437957 0.041015625 0.08029197080291971
0 0.2939453125 0.4905109489051095 0.048828125 0.08029197080291971
0 0.373046875 0.5576642335766423 0.052734375 0.10510948905109489
0 0.4013671875 0.46131386861313867 0.0419921875 0.08029197080291971
0 0.45703125 0.47883211678832116 0.0244140625 0.04817518248175182
0 0.49609375 0.5051094890510949 0.0498046875 0.09635036496350365
0 0.5986328125 0.5591240875912409 0.05078125 0.08759124087591241
0 0.54296875 0.5240875912408759 0.0263671875 0.051094890510948905
0 0.5322265625 0.47737226277372263 0.0185546875 0.029197080291970802
0 0.685546875 0.48905109489051096 0.03515625 0.05401459854014599
0 0.6328125 0.5489051094890511 0.03125 0.07445255474452554
0 0.43359375 0.9532846715328467 0.0869140625 0.09343065693430656
0 0.7236328125 0.5211678832116788 0.0107421875 0.027737226277372264
0 0.7392578125 0.5109489051094891 0.0107421875 0.021897810218978103