0 0.0146484375 0.4430693069306931 0.02734375 0.053217821782178217
0 0.029296875 0.3465346534653465 0.01171875 0.013613861386138614
0 0.0654296875 0.422029702970297 0.03515625 0.05693069306930693
0 0.134765625 0.48514851485148514 0.05078125 0.08787128712871287
0 0.11328125 0.42698019801980197 0.0302734375 0.054455445544554455
0 0.16796875 0.43935643564356436 0.0419921875 0.06311881188118812
0 0.2138671875 0.39603960396039606 0.0185546875 0.027227722772277228
0 0.2578125 0.3787128712871287 0.0244140625 0.043316831683168314
0 0.2607421875 0.3180693069306931 0.01171875 0.01608910891089109
0 0.2802734375 0.30198019801980197 0.013671875 0.01485148514851485
0 0.1884765625 0.28589108910891087 0.0068359375 0.007425742574257425
0 0.0595703125 0.5247524752475248 0.0380859375 0.04826732673267327
0 0.0380859375 0.6237623762376238 0.0517578125 0.06435643564356436
0 0.2607421875 0.745049504950495 0.03515625 0.06930693069306931
0 0.3740234375 0.8007425742574258 0.1123046875 0.1547029702970297
0 0.298828125 0.3465346534653465 0.0302734375 0.050742574257425746
0 0.3056640625 0.40717821782178215 0.0283203125 0.038366336633663366
0 0.3876953125 0.3502475247524752 0.0341796875 0.04950495049504951
0 0.3623046875 0.2623762376237624 0.009765625 0.013613861386138614
0 0.4091796875 0.2636138613861386 0.0087890625 0.017326732673267328
0 0.5029296875 0.2747524752475248 0.0185546875 0.02599009900990099
0 0.5849609375 0.17574257425742573 0.0146484375 0.019801980198019802
0 0.5390625 0.1967821782178218 0.0126953125 0.019801980198019802
0 0.7265625 0.2747524752475248 0.0341796875 0.055693069306930694
0 0.798828125 0.22277227722772278 0.02734375 0.04084158415841584
0 0.970703125 0.1188118811881188 0.0185546875 0.028465346534653466
0 0.92578125 0.1373762376237624 0.015625 0.027227722772277228
0 0.9365234375 0.24752475247524752 0.0615234375 0.09282178217821782
0 0.9736328125 0.39232673267326734 0.0517578125 0.10396039603960396
0 0.8271484375 0.46782178217821785 0.0771484375 0.10643564356435643
0 0.791015625 0.7722772277227723 0.1708984375 0.25
0 0.6640625 0.6027227722772277 0.0615234375 0.04950495049504951
0 0.2060546875 0.27970297029702973 0.0078125 0.009900990099009901
0 0.14453125 0.30074257425742573 0.0048828125 0.008663366336633664