0 0.96875 0.46037099494097805 0.060546875 0.10961214165261383
0 0.857421875 0.5564924114671164 0.0556640625 0.08431703204047218
0 0.9384765625 0.30185497470489037 0.0263671875 0.050590219224283306
0 0.96484375 0.30016863406408095 0.01953125 0.047217537942664416
0 0.80859375 0.45699831365935917 0.025390625 0.047217537942664416
0 0.8310546875 0.3962900505902192 0.01171875 0.021922428330522766
0 0.7392578125 0.42495784148397975 0.0107421875 0.021922428330522766
0 0.86328125 0.38954468802698144 0.0107421875 0.02023608768971332
0 0.6796875 0.6222596964586846 0.0439453125 0.08431703204047218
0 0.703125 0.4806070826306914 0.025390625 0.05227655986509275
0 0.6455078125 0.5413153456998314 0.0244140625 0.05733558178752108
0 0.5732421875 0.5413153456998314 0.0244140625 0.050590219224283306
0 0.5087890625 0.596964586846543 0.0205078125 0.050590219224283306
0 0.6376953125 0.448566610455312 0.005859375 0.013490725126475547
0 0.623046875 0.47554806070826305 0.0087890625 0.016863406408094434
0 0.5849609375 0.4873524451939292 0.0087890625 0.02023608768971332
0 0.57421875 0.5177065767284992 0.0166015625 0.03541315345699832
0 0.6357421875 0.5075885328836425 0.013671875 0.03035413153456998
0 0.6650390625 0.44013490725126475 0.0078125 0.016863406408094434
0 0.498046875 0.5463743676222597 0.0146484375 0.03035413153456998
0 0.517578125 0.5413153456998314 0.01171875 0.025295109612141653
0 0.5439453125 0.49072512647554806 0.009765625 0.021922428330522766
0 0.2744140625 0.6998313659359191 0.0283203125 0.05396290050590219
0 0.3125 0.6340640809443507 0.0166015625 0.03372681281618887
0 0.267578125 0.6391231028667791 0.0166015625 0.03372681281618887
0 0.296875 0.6155143338954469 0.0107421875 0.023608768971332208
0 0.28125 0.6087689713322091 0.0087890625 0.016863406408094434
0 0.216796875 0.7571669477234402 0.029296875 0.045531197301854974
0 0.119140625 0.7200674536256324 0.017578125 0.03541315345699832
0 0.0947265625 0.7790893760539629 0.03515625 0.05733558178752108
0 0.15234375 0.6677908937605397 0.0126953125 0.025295109612141653
0 0.203125 0.6290050590219224 0.009765625 0.016863406408094434
0 0.173828125 0.6391231028667791 0.0048828125 0.01011804384485666
0 0.119140625 0.6526138279932546 0.0048828125 0.008431703204047217
0 0.333984375 0.5868465430016864 0.0107421875 0.02023608768971332
0 0.4638671875 0.5413153456998314 0.013671875 0.026981450252951095
0 0.3681640625 0.5784148397976391 0.0068359375 0.011804384485666104
0 0.345703125 0.5716694772344013 0.0068359375 0.01517706576728499
0 0.5234375 0.5042158516020236 0.005859375 0.011804384485666104
0 0.5771484375 0.47217537942664417 0.0087890625 0.013490725126475547
0 0.6953125 0.42495784148397975 0.0068359375 0.013490725126475547
0 0.70703125 0.41989881956155145 0.0068359375 0.011804384485666104
0 0.38671875 0.5531197301854974 0.0048828125 0.01011804384485666
0 0.4013671875 0.5345699831365935 0.00390625 0.006745362563237774
0 0.3720703125 0.5632377740303541 0.005859375 0.01011804384485666
0 0.904296875 0.3827993254637437 0.01953125 0.02866779089376054
0 0.7529296875 0.41652613827993257 0.0087890625 0.01517706576728499
0 0.8330078125 0.37099494097807756 0.0068359375 0.013490725126475547
0 0.685546875 0.47048903878583476 0.01171875 0.025295109612141653
0 0.765625 0.6155143338954469 0.0283203125 0.05396290050590219
0 0.0986328125 0.8600337268128162 0.0283203125 0.05564924114671164
0 0.3271484375 0.715008431703204 0.015625 0.03372681281618887
0 0.3291015625 0.7639123102866779 0.017578125 0.03709949409780776
0 0.775390625 0.6593591905564924 0.0185546875 0.04047217537942664
0 0.80078125 0.5834738617200674 0.0126953125 0.03372681281618887
0 0.103515625 0.9173693086003373 0.0224609375 0.04047217537942664
0 0.087890625 0.6661045531197302 0.0068359375 0.013490725126475547
0 0.7587890625 0.5801011804384486 0.0205078125 0.03541315345699832
0 0.4267578125 0.5177065767284992 0.0029296875 0.006745362563237774
0 0.408203125 0.5328836424957841 0.00390625 0.006745362563237774
0 0.4208984375 0.5109612141652614 0.0029296875 0.006745362563237774
0 0.0205078125 0.8954468802698144 0.041015625 0.10792580101180438