0 0.064453125 0.42475247524752474 0.0458984375 0.055445544554455446
0 0.1494140625 0.38811881188118813 0.0654296875 0.07425742574257425
0 0.2041015625 0.44752475247524753 0.048828125 0.10594059405940594
0 0.328125 0.4504950495049505 0.041015625 0.08316831683168317
0 0.421875 0.4376237623762376 0.0224609375 0.031683168316831684
0 0.4365234375 0.4801980198019802 0.0361328125 0.05247524752475247
0 0.4287109375 0.6811881188118812 0.0625 0.07326732673267326
0 0.4560546875 0.499009900990099 0.015625 0.02178217821782178
0 0.5380859375 0.48316831683168315 0.0625 0.07821782178217822
0 0.5732421875 0.4316831683168317 0.0498046875 0.062376237623762376
0 0.7041015625 0.42475247524752474 0.0390625 0.047524752475247525
0 0.7890625 0.3801980198019802 0.0576171875 0.08712871287128712
0 0.8125 0.4168316831683168 0.0478515625 0.07623762376237624
0 0.919921875 0.4643564356435644 0.046875 0.05742574257425743
0 0.9599609375 0.4524752475247525 0.041015625 0.05643564356435644