0 0.0673828125 0.1840277777777778 0.0615234375 0.11631944444444445
0 0.1044921875 0.13194444444444445 0.0341796875 0.08506944444444445
0 0.123046875 0.1892361111111111 0.0341796875 0.08680555555555555
0 0.1552734375 0.14756944444444445 0.0703125 0.15104166666666666
0 0.2578125 0.1840277777777778 0.068359375 0.13541666666666666
0 0.400390625 0.1875 0.068359375 0.16319444444444445
0 0.447265625 0.1579861111111111 0.044921875 0.11631944444444445
0 0.5126953125 0.22569444444444445 0.05078125 0.11805555555555555
0 0.8818359375 0.19270833333333334 0.060546875 0.1440972222222222
0 0.7763671875 0.1545138888888889 0.03125 0.05555555555555555
0 0.8076171875 0.16319444444444445 0.0322265625 0.050347222222222224
0 0.7548828125 0.4357638888888889 0.060546875 0.13368055555555555
0 0.8447265625 0.4774305555555556 0.0556640625 0.16493055555555555
0 0.9755859375 0.07118055555555555 0.048828125 0.1440972222222222
0 0.7412109375 0.171875 0.0146484375 0.036458333333333336
0 0.01953125 0.2638888888888889 0.0400390625 0.1545138888888889