0 0.17578125 0.5542521994134897 0.0625 0.1217008797653959
0 0.130859375 0.5058651026392962 0.021484375 0.03519061583577713
0 0.376953125 0.5850439882697948 0.037109375 0.060117302052785926
0 0.4736328125 0.5029325513196481 0.099609375 0.20234604105571846
0 0.599609375 0.5190615835777126 0.0302734375 0.06304985337243402
0 0.65234375 0.46480938416422285 0.0107421875 0.024926686217008796
0 0.666015625 0.4604105571847507 0.0107421875 0.017595307917888565
0 0.8369140625 0.4868035190615836 0.015625 0.02346041055718475
0 0.8505859375 0.44868035190615835 0.015625 0.024926686217008796
0 0.8994140625 0.4604105571847507 0.0107421875 0.017595307917888565
0 0.94921875 0.4560117302052786 0.0126953125 0.02346041055718475
0 0.9765625 0.43548387096774194 0.0126953125 0.020527859237536656
0 0.673828125 0.5410557184750733 0.01953125 0.03812316715542522
0 0.697265625 0.5073313782991202 0.0185546875 0.02785923753665689