0 0.9443359375 0.6880131362889984 0.029296875 0.11001642036124795
0 0.8974609375 0.6863711001642037 0.0400390625 0.09523809523809523
0 0.892578125 0.6699507389162561 0.0361328125 0.05747126436781609
0 0.806640625 0.6371100164203612 0.0625 0.13136288998357964
0 0.8369140625 0.6436781609195402 0.0439453125 0.1116584564860427
0 0.66015625 0.6814449917898193 0.0537109375 0.12315270935960591
0 0.515625 0.5779967159277504 0.0498046875 0.11001642036124795
0 0.59765625 0.722495894909688 0.03515625 0.10837438423645321
0 0.572265625 0.9655172413793104 0.078125 0.06732348111658457
0 0.283203125 0.5977011494252874 0.0361328125 0.06239737274220033
0 0.2744140625 0.5254515599343186 0.025390625 0.052545155993431854
0 0.0205078125 0.5303776683087028 0.0283203125 0.08045977011494253
0 0.8955078125 0.5139573070607554 0.0361328125 0.08538587848932677
0 0.84765625 0.4630541871921182 0.0419921875 0.08210180623973727
0 0.8076171875 0.46469622331691296 0.025390625 0.047619047619047616
0 0.951171875 0.277504105090312 0.0234375 0.03940886699507389
0 0.94921875 0.33169129720853857 0.0263671875 0.05582922824302135
0 0.798828125 0.32019704433497537 0.01953125 0.042692939244663386
0 0.8125 0.3185550082101806 0.015625 0.04433497536945813
0 0.7373046875 0.30377668308702793 0.02734375 0.05582922824302135
0 0.759765625 0.46469622331691296 0.025390625 0.05582922824302135
0 0.7333984375 0.41379310344827586 0.0224609375 0.04433497536945813
0 0.6142578125 0.4072249589490969 0.0380859375 0.06732348111658457
0 0.66015625 0.4006568144499179 0.0224609375 0.047619047619047616
0 0.5546875 0.45320197044334976 0.0244140625 0.059113300492610835
0 0.5263671875 0.2233169129720854 0.03125 0.0755336617405583
0 0.4111328125 0.22495894909688013 0.037109375 0.08538587848932677
0 0.2197265625 0.2857142857142857 0.01953125 0.0361247947454844
0 0.419921875 0.42857142857142855 0.033203125 0.07881773399014778
0 0.30859375 0.367816091954023 0.03515625 0.06568144499178982
0 0.3427734375 0.4433497536945813 0.0341796875 0.06732348111658457
0 0.0869140625 0.48440065681444994 0.0283203125 0.06732348111658457