0 0.9697265625 0.8251057827926658 0.01953125 0.031029619181946404
0 0.9345703125 0.8180535966149506 0.0166015625 0.02679830747531735
0 0.9150390625 0.7743300423131171 0.015625 0.028208744710860368
0 0.9130859375 0.8279266572637518 0.015625 0.028208744710860368
0 0.8701171875 0.8110014104372355 0.0166015625 0.029619181946403384
0 0.93359375 0.7334273624823695 0.013671875 0.023977433004231313
0 0.8662109375 0.7291960507757405 0.015625 0.023977433004231313
0 0.970703125 0.6572637517630465 0.0166015625 0.023977433004231313
0 0.9140625 0.6586741889985895 0.013671875 0.02538787023977433
0 0.87890625 0.6558533145275035 0.013671875 0.022566995768688293
0 0.9228515625 0.5557122708039492 0.0224609375 0.036671368124118475
0 0.9541015625 0.5486600846262342 0.005859375 0.009873060648801129
0 0.865234375 0.5486600846262342 0.0068359375 0.012693935119887164
0 0.83984375 0.6050775740479548 0.015625 0.02679830747531735
0 0.8369140625 0.7066290550070522 0.0126953125 0.02679830747531735
0 0.904296875 0.7038081805359662 0.01171875 0.02679830747531735
0 0.7939453125 0.7221438645980254 0.0146484375 0.02679830747531735
0 0.783203125 0.685472496473907 0.0126953125 0.02538787023977433
0 0.7431640625 0.7870239774330042 0.0146484375 0.031029619181946404
0 0.7802734375 0.7729196050775741 0.013671875 0.02679830747531735
0 0.6953125 0.7813822284908322 0.017578125 0.029619181946403384
0 0.6611328125 0.8815232722143864 0.015625 0.031029619181946404
0 0.666015625 0.8180535966149506 0.017578125 0.031029619181946404
0 0.6201171875 0.8095909732016925 0.017578125 0.031029619181946404
0 0.65234375 0.7503526093088858 0.0166015625 0.029619181946403384
0 0.5966796875 0.7517630465444288 0.0166015625 0.029619181946403384
0 0.58203125 0.8011283497884344 0.017578125 0.03526093088857546
0 0.80078125 0.5500705218617772 0.0068359375 0.014104372355430184
0 0.7646484375 0.5458392101551481 0.0078125 0.012693935119887164
0 0.6748046875 0.6262341325811002 0.0146484375 0.029619181946403384
0 0.9208984375 0.45839210155148097 0.005859375 0.012693935119887164
0 0.5400390625 0.7545839210155149 0.0166015625 0.02538787023977433
0 0.5517578125 0.8208744710860366 0.015625 0.02679830747531735
0 0.544921875 0.7179125528913963 0.013671875 0.021156558533145273
0 0.5068359375 0.6981664315937941 0.013671875 0.028208744710860368
0 0.498046875 0.7884344146685472 0.013671875 0.029619181946403384
0 0.5517578125 0.6050775740479548 0.015625 0.02679830747531735
0 0.599609375 0.610719322990127 0.0166015625 0.02538787023977433
0 0.634765625 0.5345557122708039 0.005859375 0.009873060648801129
0 0.5185546875 0.6008462623413258 0.0166015625 0.031029619181946404
0 0.4638671875 0.614950634696756 0.0185546875 0.031029619181946404
0 0.501953125 0.5289139633286318 0.0068359375 0.014104372355430184
0 0.4267578125 0.5246826516220028 0.0107421875 0.01692524682651622
0 0.44140625 0.7799717912552891 0.015625 0.029619181946403384
0 0.4375 0.7277856135401974 0.015625 0.023977433004231313
0 0.3818359375 0.8166431593794076 0.0146484375 0.029619181946403384
0 0.3505859375 0.8053596614950634 0.021484375 0.01692524682651622
0 0.337890625 0.7545839210155149 0.0146484375 0.031029619181946404
0 0.3193359375 0.7602256699576869 0.013671875 0.028208744710860368
0 0.2919921875 0.7221438645980254 0.015625 0.028208744710860368
0 0.1806640625 0.6840620592383639 0.015625 0.028208744710860368
0 0.2158203125 0.68688293370945 0.0166015625 0.023977433004231313
0 0.2041015625 0.770098730606488 0.0166015625 0.022566995768688293
0 0.16796875 0.7559943582510579 0.0146484375 0.028208744710860368
0 0.2197265625 0.7122708039492243 0.013671875 0.02679830747531735
0 0.4169921875 0.6008462623413258 0.017578125 0.028208744710860368
0 0.380859375 0.6050775740479548 0.0166015625 0.028208744710860368
0 0.345703125 0.5853314527503526 0.0166015625 0.03244005641748942
0 0.2939453125 0.6403385049365303 0.015625 0.02679830747531735
0 0.259765625 0.5895627644569816 0.013671875 0.02679830747531735
0 0.279296875 0.6220028208744711 0.0166015625 0.028208744710860368
0 0.12890625 0.8575458392101551 0.0166015625 0.028208744710860368
0 0.1240234375 0.7813822284908322 0.013671875 0.021156558533145273
0 0.0693359375 0.7489421720733427 0.017578125 0.03244005641748942
0 0.1181640625 0.7376586741889986 0.015625 0.029619181946403384
0 0.02734375 0.840620592383639 0.0205078125 0.031029619181946404
0 0.0048828125 0.7757404795486601 0.009765625 0.02679830747531735
0 0.02734375 0.770098730606488 0.0166015625 0.02679830747531735
0 0.15234375 0.538787023977433 0.0068359375 0.012693935119887164
0 0.1181640625 0.5782792665726375 0.0185546875 0.028208744710860368
0 0.15234375 0.5923836389280677 0.01953125 0.03385049365303244
0 0.0810546875 0.5754583921015515 0.015625 0.028208744710860368
0 0.0673828125 0.6022566995768688 0.01953125 0.03244005641748942
0 0.19140625 0.5923836389280677 0.013671875 0.02538787023977433
0 0.275390625 0.5317348377997179 0.021484375 0.03526093088857546
0 0.8701171875 0.607898448519041 0.017578125 0.02538787023977433
0 0.982421875 0.1692524682651622 0.0078125 0.011283497884344146
0 0.9736328125 0.15514809590973203 0.0068359375 0.014104372355430184
0 0.9775390625 0.12693935119887165 0.0048828125 0.011283497884344146
0 0.9638671875 0.12129760225669958 0.005859375 0.009873060648801129
0 0.951171875 0.07052186177715092 0.005859375 0.011283497884344146
0 0.9375 0.14527503526093088 0.0068359375 0.014104372355430184
0 0.9267578125 0.07334273624823695 0.0048828125 0.009873060648801129
0 0.8876953125 0.0846262341325811 0.0068359375 0.011283497884344146
0 0.9013671875 0.076163610719323 0.0048828125 0.009873060648801129
0 0.8935546875 0.1325811001410437 0.0048828125 0.009873060648801129
0 0.8818359375 0.04231311706629055 0.0068359375 0.011283497884344146
0 0.865234375 0.09167842031029619 0.005859375 0.009873060648801129
0 0.869140625 0.13399153737658676 0.005859375 0.011283497884344146
0 0.8779296875 0.12976022566995768 0.0068359375 0.012693935119887164
0 0.86328125 0.03244005641748942 0.0048828125 0.009873060648801129
0 0.8525390625 0.1311706629055007 0.005859375 0.00846262341325811
0 0.8466796875 0.02538787023977433 0.0048828125 0.009873060648801129
0 0.833984375 0.022566995768688293 0.0048828125 0.009873060648801129
0 0.857421875 0.08321579689703808 0.0068359375 0.009873060648801129
0 0.83984375 0.11424541607898449 0.0068359375 0.009873060648801129
0 0.83203125 0.12834978843441466 0.0068359375 0.011283497884344146
0 0.830078125 0.11988716502115655 0.0078125 0.012693935119887164
0 0.83984375 0.06064880112834979 0.0068359375 0.012693935119887164
0 0.8310546875 0.08321579689703808 0.0078125 0.011283497884344146
0 0.8544921875 0.12411847672778561 0.0068359375 0.012693935119887164
0 0.7919921875 0.1156558533145275 0.0048828125 0.00846262341325811
0 0.8154296875 0.07898448519040903 0.0068359375 0.011283497884344146
0 0.7841796875 0.08885754583921016 0.005859375 0.011283497884344146
0 0.796875 0.09026798307475317 0.005859375 0.011283497884344146
0 0.7822265625 0.03526093088857546 0.0048828125 0.009873060648801129
0 0.7783203125 0.12129760225669958 0.005859375 0.011283497884344146
0 0.74609375 0.11988716502115655 0.005859375 0.011283497884344146
0 0.763671875 0.11424541607898449 0.00390625 0.011283497884344146
0 0.75390625 0.09449929478138223 0.005859375 0.011283497884344146
0 0.7587890625 0.0930888575458392 0.005859375 0.011283497884344146
0 0.7666015625 0.03385049365303244 0.0068359375 0.012693935119887164
0 0.75390625 0.04372355430183357 0.0048828125 0.011283497884344146
0 0.7431640625 0.08603667136812412 0.005859375 0.009873060648801129
0 0.72265625 0.11847672778561354 0.005859375 0.011283497884344146
0 0.7294921875 0.11847672778561354 0.0068359375 0.009873060648801129
0 0.73046875 0.08039492242595205 0.005859375 0.009873060648801129
0 0.73046875 0.036671368124118475 0.005859375 0.011283497884344146
0 0.720703125 0.07475317348377997 0.0068359375 0.012693935119887164
0 0.70703125 0.06770098730606489 0.0068359375 0.014104372355430184
0 0.7158203125 0.03244005641748942 0.005859375 0.011283497884344146
0 0.7041015625 0.02679830747531735 0.0068359375 0.011283497884344146
0 0.7021484375 0.10437235543018336 0.0068359375 0.012693935119887164
0 0.693359375 0.04090267983074753 0.005859375 0.011283497884344146
0 0.6728515625 0.03526093088857546 0.0068359375 0.011283497884344146
0 0.6806640625 0.04231311706629055 0.0068359375 0.011283497884344146
0 0.6708984375 0.06488011283497884 0.005859375 0.011283497884344146
0 0.689453125 0.07334273624823695 0.0078125 0.014104372355430184
0 0.6650390625 0.1156558533145275 0.005859375 0.011283497884344146
0 0.67578125 0.1156558533145275 0.0068359375 0.011283497884344146
0 0.6513671875 0.10860366713681241 0.0068359375 0.014104372355430184
0 0.6416015625 0.11142454160789844 0.005859375 0.012693935119887164
0 0.6484375 0.0691114245416079 0.0068359375 0.012693935119887164
0 0.6630859375 0.0380818053596615 0.0068359375 0.011283497884344146
0 0.6591796875 0.03526093088857546 0.0068359375 0.012693935119887164
0 0.6484375 0.045133991537376586 0.005859375 0.011283497884344146
0 0.63671875 0.039492242595204514 0.0048828125 0.009873060648801129
0 0.640625 0.0535966149506347 0.005859375 0.011283497884344146
0 0.6357421875 0.10578279266572638 0.0068359375 0.012693935119887164
0 0.6123046875 0.076163610719323 0.005859375 0.012693935119887164
0 0.62890625 0.009873060648801129 0.0068359375 0.014104372355430184
0 0.623046875 0.00846262341325811 0.005859375 0.012693935119887164
0 0.607421875 0.03385049365303244 0.0068359375 0.014104372355430184
0 0.6103515625 0.021156558533145273 0.005859375 0.009873060648801129
0 0.599609375 0.009873060648801129 0.005859375 0.012693935119887164
0 0.5986328125 0.09873060648801128 0.0068359375 0.015514809590973202
0 0.580078125 0.07334273624823695 0.005859375 0.014104372355430184
0 0.576171875 0.031029619181946404 0.005859375 0.011283497884344146
0 0.5625 0.03385049365303244 0.005859375 0.012693935119887164
0 0.5595703125 0.1001410437235543 0.0048828125 0.011283497884344146
0 0.58203125 0.11283497884344147 0.0078125 0.015514809590973202
0 0.595703125 0.076163610719323 0.0078125 0.014104372355430184
0 0.6083984375 0.11001410437235543 0.0068359375 0.012693935119887164
0 0.5283203125 0.11988716502115655 0.0068359375 0.012693935119887164
0 0.55078125 0.11706629055007052 0.005859375 0.011283497884344146
0 0.55078125 0.09449929478138223 0.0078125 0.012693935119887164
0 0.56640625 0.076163610719323 0.005859375 0.011283497884344146
0 0.5390625 0.05500705218617771 0.0048828125 0.011283497884344146
0 0.5439453125 0.04090267983074753 0.00390625 0.009873060648801129
0 0.525390625 0.039492242595204514 0.0048828125 0.009873060648801129
0 0.4921875 0.07052186177715092 0.005859375 0.012693935119887164
0 0.51171875 0.1156558533145275 0.005859375 0.012693935119887164
0 0.533203125 0.11424541607898449 0.0068359375 0.011283497884344146
0 0.5205078125 0.1071932299012694 0.0068359375 0.011283497884344146
0 0.568359375 0.07052186177715092 0.005859375 0.011283497884344146
0 0.5068359375 0.04372355430183357 0.005859375 0.011283497884344146
0 0.490234375 0.036671368124118475 0.005859375 0.011283497884344146
0 0.474609375 0.045133991537376586 0.005859375 0.011283497884344146
0 0.4765625 0.045133991537376586 0.0068359375 0.009873060648801129
0 0.4794921875 0.076163610719323 0.0078125 0.012693935119887164
0 0.4697265625 0.12552891396332863 0.0078125 0.012693935119887164
0 0.4599609375 0.045133991537376586 0.005859375 0.012693935119887164
0 0.4365234375 0.12834978843441466 0.005859375 0.012693935119887164
0 0.439453125 0.07052186177715092 0.0068359375 0.012693935119887164
0 0.44921875 0.04372355430183357 0.005859375 0.011283497884344146
0 0.4345703125 0.04372355430183357 0.005859375 0.011283497884344146
0 0.4375 0.039492242595204514 0.005859375 0.011283497884344146
0 0.466796875 0.07757404795486601 0.0048828125 0.011283497884344146
0 0.45703125 0.07334273624823695 0.005859375 0.009873060648801129
0 0.50390625 0.12834978843441466 0.005859375 0.012693935119887164
0 0.470703125 0.09732016925246827 0.0068359375 0.011283497884344146
0 0.4873046875 0.12129760225669958 0.005859375 0.012693935119887164
0 0.44140625 0.11988716502115655 0.005859375 0.009873060648801129
0 0.392578125 0.12552891396332863 0.0068359375 0.011283497884344146
0 0.4208984375 0.045133991537376586 0.005859375 0.009873060648801129
0 0.41015625 0.039492242595204514 0.005859375 0.011283497884344146
0 0.404296875 0.07052186177715092 0.0048828125 0.009873060648801129
0 0.4638671875 0.11283497884344147 0.005859375 0.009873060648801129
0 0.4208984375 0.076163610719323 0.0068359375 0.009873060648801129
0 0.3896484375 0.07475317348377997 0.005859375 0.011283497884344146
0 0.3916015625 0.04231311706629055 0.005859375 0.011283497884344146
0 0.3798828125 0.04936530324400564 0.0048828125 0.009873060648801129
0 0.4033203125 0.12411847672778561 0.005859375 0.011283497884344146
0 0.3984375 0.1156558533145275 0.005859375 0.011283497884344146
0 0.3720703125 0.1156558533145275 0.0048828125 0.009873060648801129
0 0.3662109375 0.13399153737658676 0.0068359375 0.009873060648801129
0 0.36328125 0.03244005641748942 0.005859375 0.009873060648801129
0 0.3466796875 0.04231311706629055 0.0048828125 0.009873060648801129
0 0.3564453125 0.1156558533145275 0.0048828125 0.009873060648801129
0 0.3427734375 0.04231311706629055 0.005859375 0.009873060648801129
0 0.34375 0.12976022566995768 0.0068359375 0.011283497884344146
0 0.337890625 0.11988716502115655 0.005859375 0.011283497884344146
0 0.3359375 0.076163610719323 0.0048828125 0.009873060648801129
0 0.3310546875 0.04231311706629055 0.0048828125 0.011283497884344146
0 0.3203125 0.08039492242595205 0.005859375 0.009873060648801129
0 0.3193359375 0.11988716502115655 0.0048828125 0.009873060648801129
0 0.4130859375 0.12834978843441466 0.0078125 0.012693935119887164
0 0.4482421875 0.1156558533145275 0.005859375 0.011283497884344146
0 0.3046875 0.22143864598025387 0.0048828125 0.011283497884344146
0 0.271484375 0.22425952045133993 0.0068359375 0.011283497884344146
0 0.2451171875 0.22425952045133993 0.0068359375 0.012693935119887164
0 0.2158203125 0.20310296191819463 0.005859375 0.009873060648801129
0 0.2021484375 0.18758815232722145 0.0068359375 0.011283497884344146
0 0.1962890625 0.16643159379407615 0.0068359375 0.009873060648801129
0 0.28125 0.1368124118476728 0.005859375 0.009873060648801129
0 0.23046875 0.13963328631875882 0.005859375 0.009873060648801129
0 0.19140625 0.2002820874471086 0.0068359375 0.012693935119887164
0 0.2998046875 0.1325811001410437 0.005859375 0.011283497884344146
0 0.3125 0.11988716502115655 0.005859375 0.009873060648801129
0 0.2998046875 0.1227080394922426 0.0068359375 0.011283497884344146
0 0.2900390625 0.11988716502115655 0.005859375 0.011283497884344146
0 0.271484375 0.1311706629055007 0.0078125 0.009873060648801129
0 0.275390625 0.12411847672778561 0.005859375 0.009873060648801129
0 0.306640625 0.07898448519040903 0.0068359375 0.009873060648801129
0 0.2978515625 0.08321579689703808 0.0048828125 0.009873060648801129
0 0.2880859375 0.08180535966149506 0.005859375 0.009873060648801129
0 0.3203125 0.04231311706629055 0.005859375 0.011283497884344146
0 0.36328125 0.047954866008462625 0.005859375 0.009873060648801129
0 0.376953125 0.05923836389280677 0.005859375 0.009873060648801129
0 0.310546875 0.0465444287729196 0.0048828125 0.009873060648801129
0 0.3037109375 0.04372355430183357 0.0048828125 0.009873060648801129
0 0.2900390625 0.045133991537376586 0.0048828125 0.009873060648801129
0 0.2802734375 0.047954866008462625 0.005859375 0.009873060648801129
0 0.267578125 0.039492242595204514 0.0068359375 0.012693935119887164
0 0.2607421875 0.04090267983074753 0.005859375 0.011283497884344146
0 0.2734375 0.0846262341325811 0.005859375 0.011283497884344146
0 0.244140625 0.09590973201692525 0.0068359375 0.011283497884344146
0 0.251953125 0.045133991537376586 0.0048828125 0.011283497884344146
0 0.2490234375 0.04936530324400564 0.005859375 0.009873060648801129
0 0.23828125 0.07898448519040903 0.0048828125 0.009873060648801129
0 0.248046875 0.12834978843441466 0.005859375 0.011283497884344146
0 0.21875 0.10155148095909731 0.0068359375 0.011283497884344146
0 0.2060546875 0.0930888575458392 0.0068359375 0.012693935119887164
0 0.2109375 0.08744710860366714 0.0048828125 0.00846262341325811
0 0.22265625 0.08180535966149506 0.005859375 0.009873060648801129
0 0.224609375 0.03385049365303244 0.0048828125 0.00846262341325811
0 0.224609375 0.045133991537376586 0.0048828125 0.007052186177715092
0 0.2119140625 0.047954866008462625 0.0048828125 0.00846262341325811
0 0.2001953125 0.047954866008462625 0.005859375 0.009873060648801129
0 0.123046875 0.2073342736248237 0.0068359375 0.011283497884344146
0 0.1259765625 0.18335684062059238 0.005859375 0.009873060648801129
0 0.1123046875 0.19040902679830748 0.0068359375 0.011283497884344146
0 0.09765625 0.2002820874471086 0.0068359375 0.011283497884344146
0 0.06640625 0.2143864598025388 0.0068359375 0.012693935119887164
0 0.1513671875 0.1763046544428773 0.005859375 0.012693935119887164
0 0.13671875 0.1861777150916784 0.005859375 0.011283497884344146
0 0.037109375 0.25811001410437234 0.0068359375 0.011283497884344146
0 0.1806640625 0.047954866008462625 0.0068359375 0.012693935119887164
0 0.1923828125 0.08885754583921016 0.0068359375 0.011283497884344146
0 0.189453125 0.04372355430183357 0.0048828125 0.009873060648801129
0 0.1728515625 0.04936530324400564 0.0048828125 0.00846262341325811
0 0.1640625 0.04372355430183357 0.005859375 0.009873060648801129
0 0.177734375 0.08744710860366714 0.005859375 0.00846262341325811
0 0.1640625 0.152327221438646 0.0068359375 0.009873060648801129
0 0.154296875 0.08744710860366714 0.005859375 0.012693935119887164
0 0.275390625 0.0691114245416079 0.005859375 0.00846262341325811
0 0.13671875 0.1382228490832158 0.0068359375 0.014104372355430184
0 0.1552734375 0.1382228490832158 0.0068359375 0.012693935119887164
0 0.1455078125 0.15514809590973203 0.0068359375 0.011283497884344146
0 0.1181640625 0.14245416078984485 0.0068359375 0.012693935119887164
0 0.138671875 0.05077574047954866 0.0048828125 0.009873060648801129
0 0.1396484375 0.08603667136812412 0.005859375 0.012693935119887164
0 0.05859375 0.09449929478138223 0.0048828125 0.009873060648801129
0 0.0673828125 0.1311706629055007 0.005859375 0.009873060648801129
0 0.0712890625 0.08603667136812412 0.005859375 0.009873060648801129
0 0.0830078125 0.0930888575458392 0.005859375 0.009873060648801129
0 0.0927734375 0.08885754583921016 0.005859375 0.011283497884344146
0 0.1015625 0.08603667136812412 0.005859375 0.011283497884344146
0 0.1162109375 0.09590973201692525 0.0048828125 0.011283497884344146
0 0.1005859375 0.12693935119887165 0.0048828125 0.009873060648801129
0 0.1298828125 0.13540197461212977 0.0068359375 0.009873060648801129
0 0.2197265625 0.14809590973201692 0.0068359375 0.009873060648801129
0 0.111328125 0.09167842031029619 0.0048828125 0.00846262341325811
0 0.0810546875 0.13540197461212977 0.0068359375 0.009873060648801129
0 0.0947265625 0.1382228490832158 0.005859375 0.011283497884344146
0 0.1083984375 0.13963328631875882 0.0068359375 0.011283497884344146
0 0.0361328125 0.036671368124118475 0.0048828125 0.00846262341325811
0 0.013671875 0.0465444287729196 0.0048828125 0.00846262341325811
0 0.0185546875 0.09026798307475317 0.0068359375 0.011283497884344146
0 0.046875 0.076163610719323 0.0048828125 0.007052186177715092
0 0.052734375 0.1368124118476728 0.005859375 0.011283497884344146
0 0.013671875 0.12834978843441466 0.0068359375 0.011283497884344146
0 0.0419921875 0.1325811001410437 0.0068359375 0.009873060648801129
0 0.96484375 0.16502115655853314 0.005859375 0.011283497884344146
0 0.6142578125 0.09873060648801128 0.005859375 0.00846262341325811
0 0.255859375 0.7390691114245416 0.0185546875 0.031029619181946404
0 0.734375 0.6064880112834978 0.013671875 0.029619181946403384
0 0.5712890625 0.7066290550070522 0.0126953125 0.022566995768688293
0 0.779296875 0.1071932299012694 0.005859375 0.009873060648801129
0 0.7685546875 0.09026798307475317 0.0068359375 0.012693935119887164
0 0.798828125 0.11424541607898449 0.005859375 0.009873060648801129
0 0.8076171875 0.12834978843441466 0.0068359375 0.012693935119887164
0 0.9462890625 0.14386459802538787 0.005859375 0.011283497884344146
0 0.193359375 0.11988716502115655 0.005859375 0.011283497884344146
0 0.2626953125 0.1368124118476728 0.005859375 0.011283497884344146
0 0.1328125 0.08321579689703808 0.00390625 0.009873060648801129
0 0.1416015625 0.19746121297602257 0.0078125 0.012693935119887164
0 0.189453125 0.11001410437235543 0.005859375 0.009873060648801129
0 0.04296875 0.09167842031029619 0.005859375 0.011283497884344146
0 0.2216796875 0.21156558533145275 0.0068359375 0.011283497884344146
0 0.3701171875 0.07757404795486601 0.0068359375 0.012693935119887164
0 0.23828125 0.06205923836389281 0.005859375 0.009873060648801129
0 0.2548828125 0.08603667136812412 0.0068359375 0.011283497884344146
0 0.2685546875 0.08885754583921016 0.005859375 0.011283497884344146
0 0.9921875 0.1227080394922426 0.005859375 0.012693935119887164
0 0.1240234375 0.09873060648801128 0.005859375 0.011283497884344146
0 0.130859375 0.11283497884344147 0.005859375 0.009873060648801129
0 0.02734375 0.14386459802538787 0.005859375 0.011283497884344146
0 0.962890625 0.6304654442877292 0.017578125 0.02538787023977433
0 0.912109375 0.10437235543018336 0.0068359375 0.011283497884344146
0 0.791015625 0.09026798307475317 0.0048828125 0.007052186177715092
0 0.5048828125 0.07757404795486601 0.005859375 0.00846262341325811
0 0.4990234375 0.11283497884344147 0.00390625 0.009873060648801129
0 0.453125 0.10437235543018336 0.005859375 0.00846262341325811
0 0.4541015625 0.08885754583921016 0.00390625 0.007052186177715092
0 0.5009765625 0.04372355430183357 0.0048828125 0.009873060648801129
0 0.4208984375 0.11847672778561354 0.005859375 0.009873060648801129
0 0.3828125 0.1227080394922426 0.0048828125 0.009873060648801129
0 0.2294921875 0.08039492242595205 0.0048828125 0.007052186177715092
0 0.1708984375 0.1763046544428773 0.0048828125 0.009873060648801129
0 0.162109375 0.16502115655853314 0.00390625 0.009873060648801129
0 0.1474609375 0.07193229901269393 0.005859375 0.011283497884344146
0 0.1962890625 0.07757404795486601 0.0048828125 0.009873060648801129
0 0.2373046875 0.13399153737658676 0.005859375 0.007052186177715092
0 0.16015625 0.08321579689703808 0.005859375 0.00846262341325811
0 0.6787109375 0.7870239774330042 0.015625 0.02679830747531735
0 0.484375 0.764456981664316 0.0166015625 0.021156558533145273