0 0.974609375 0.4622395833333333 0.0185546875 0.03125
0 0.87890625 0.48046875 0.013671875 0.020833333333333332
0 0.783203125 0.4778645833333333 0.015625 0.022135416666666668
0 0.7607421875 0.46484375 0.013671875 0.024739583333333332
0 0.6953125 0.4752604166666667 0.013671875 0.022135416666666668
0 0.5712890625 0.3984375 0.03125 0.05078125
0 0.63671875 0.3997395833333333 0.0146484375 0.0234375
0 0.455078125 0.4036458333333333 0.01171875 0.0234375
0 0.484375 0.4700520833333333 0.015625 0.026041666666666668
0 0.390625 0.4635416666666667 0.0146484375 0.024739583333333332
0 0.337890625 0.4661458333333333 0.013671875 0.022135416666666668
0 0.2783203125 0.4765625 0.0126953125 0.026041666666666668
0 0.2275390625 0.4817708333333333 0.0146484375 0.020833333333333332
0 0.189453125 0.484375 0.015625 0.026041666666666668
0 0.12890625 0.46875 0.015625 0.0234375
0 0.1669921875 0.4244791666666667 0.013671875 0.022135416666666668
0 0.1015625 0.4713541666666667 0.0107421875 0.020833333333333332
0 0.0546875 0.46484375 0.0166015625 0.026041666666666668
0 0.724609375 0.4869791666666667 0.0126953125 0.0234375