0 0.1318359375 0.2713864306784661 0.0634765625 0.10914454277286136
0 0.205078125 0.2536873156342183 0.056640625 0.10766961651917405
0 0.7392578125 0.41150442477876104 0.0341796875 0.05752212389380531
0 0.6982421875 0.1887905604719764 0.0234375 0.03982300884955752
0 0.794921875 0.13864306784660768 0.015625 0.03392330383480826
0 0.8984375 0.1607669616519174 0.0185546875 0.029498525073746312
0 0.92578125 0.12684365781710916 0.0234375 0.04129793510324484
0 0.8896484375 0.12536873156342182 0.013671875 0.032448377581120944
0 0.9951171875 0.12684365781710916 0.0087890625 0.016224188790560472
0 0.8173828125 0.14896755162241887 0.0068359375 0.016224188790560472
0 0.765625 0.1430678466076696 0.0087890625 0.029498525073746312
0 0.576171875 0.17404129793510326 0.0087890625 0.025073746312684365
0 0.6279296875 0.17551622418879056 0.01171875 0.019174041297935103
0 0.4921875 0.2079646017699115 0.01171875 0.02064896755162242
0 0.32421875 0.23156342182890854 0.0087890625 0.017699115044247787
0 0.33203125 0.24926253687315633 0.0087890625 0.017699115044247787