0 0.9169921875 0.4801223241590214 0.0322265625 0.06116207951070336
0 0.865234375 0.44954128440366975 0.0302734375 0.06116207951070336
0 0.826171875 0.4648318042813456 0.0380859375 0.06574923547400612
0 0.7255859375 0.4617737003058104 0.0390625 0.07339449541284404
0 0.63671875 0.4541284403669725 0.0361328125 0.0672782874617737
0 0.5224609375 0.42201834862385323 0.03515625 0.06422018348623854
0 0.4462890625 0.41896024464831805 0.029296875 0.06880733944954129
0 0.4033203125 0.44648318042813456 0.037109375 0.0672782874617737
0 0.333984375 0.43730886850152906 0.033203125 0.07033639143730887
0 0.349609375 0.42507645259938837 0.0185546875 0.045871559633027525
0 0.2822265625 0.42507645259938837 0.0380859375 0.07339449541284404
0 0.21484375 0.39908256880733944 0.0341796875 0.06880733944954129
0 0.1669921875 0.363914373088685 0.0390625 0.06880733944954129
0 0.03125 0.43577981651376146 0.0400390625 0.0764525993883792
0 0.1123046875 0.39908256880733944 0.0302734375 0.05657492354740061
0 0.5068359375 0.3486238532110092 0.0224609375 0.027522935779816515
0 0.701171875 0.45565749235474007 0.0205078125 0.047400611620795105
0 0.787109375 0.4709480122324159 0.0322265625 0.05504587155963303
0 0.662109375 0.45871559633027525 0.017578125 0.039755351681957186
0 0.9892578125 0.481651376146789 0.021484375 0.07033639143730887