0 0.029296875 0.056296296296296296 0.01171875 0.02074074074074074
0 0.044921875 0.013333333333333334 0.0068359375 0.014814814814814815
0 0.0634765625 0.034074074074074076 0.0087890625 0.017777777777777778
0 0.06640625 0.2874074074074074 0.013671875 0.034074074074074076
0 0.08203125 0.3496296296296296 0.015625 0.028148148148148148
0 0.0224609375 0.6622222222222223 0.0126953125 0.03259259259259259
0 0.2373046875 0.45925925925925926 0.009765625 0.023703703703703703
0 0.3623046875 0.42962962962962964 0.013671875 0.02962962962962963
0 0.33203125 0.3748148148148148 0.0107421875 0.01925925925925926
0 0.27734375 0.35259259259259257 0.0146484375 0.02666666666666667
0 0.2275390625 0.31555555555555553 0.01171875 0.025185185185185185
0 0.2880859375 0.2222222222222222 0.01171875 0.02666666666666667
0 0.26171875 0.17333333333333334 0.0126953125 0.025185185185185185
0 0.279296875 0.1437037037037037 0.009765625 0.02666666666666667
0 0.3779296875 0.2518518518518518 0.015625 0.02962962962962963
0 0.36328125 0.15703703703703703 0.015625 0.023703703703703703
0 0.46875 0.2696296296296296 0.0146484375 0.03111111111111111
0 0.408203125 0.32296296296296295 0.0126953125 0.023703703703703703
0 0.537109375 0.5007407407407407 0.013671875 0.023703703703703703
0 0.59765625 0.2859259259259259 0.009765625 0.023703703703703703
0 0.482421875 0.21333333333333335 0.0107421875 0.022222222222222223
0 0.6044921875 0.17777777777777778 0.0126953125 0.025185185185185185
0 0.650390625 0.08444444444444445 0.01171875 0.028148148148148148
0 0.15625 0.16296296296296298 0.0126953125 0.028148148148148148
0 0.2939453125 0.035555555555555556 0.0126953125 0.03259259259259259
0 0.7626953125 0.03851851851851852 0.013671875 0.028148148148148148
0 0.904296875 0.011851851851851851 0.009765625 0.022222222222222223
0 0.8603515625 0.1511111111111111 0.0146484375 0.025185185185185185
0 0.8544921875 0.21481481481481482 0.01171875 0.02666666666666667
0 0.9501953125 0.19703703703703704 0.0107421875 0.028148148148148148
0 0.9296875 0.2651851851851852 0.0107421875 0.03111111111111111
0 0.9228515625 0.30814814814814817 0.009765625 0.025185185185185185
0 0.947265625 0.31555555555555553 0.01171875 0.03259259259259259
0 0.8544921875 0.4444444444444444 0.013671875 0.02666666666666667
0 0.837890625 0.4162962962962963 0.01171875 0.02666666666666667
0 0.81640625 0.41333333333333333 0.009765625 0.025185185185185185
0 0.6689453125 0.44592592592592595 0.009765625 0.028148148148148148
0 0.810546875 0.2237037037037037 0.0087890625 0.02074074074074074
0 0.0576171875 0.9244444444444444 0.0087890625 0.025185185185185185
0 0.7353515625 0.554074074074074 0.0068359375 0.02666666666666667
0 0.8203125 0.5392592592592592 0.0068359375 0.01925925925925926
0 0.818359375 0.6237037037037036 0.009765625 0.03259259259259259
0 0.8271484375 0.8533333333333334 0.0087890625 0.025185185185185185
0 0.853515625 0.6785185185185185 0.0087890625 0.02962962962962963
0 0.5986328125 0.6 0.0078125 0.025185185185185185
0 0.84765625 0.6325925925925926 0.0068359375 0.022222222222222223
0 0.978515625 0.08296296296296296 0.0107421875 0.025185185185185185
0 0.8681640625 0.18666666666666668 0.0126953125 0.022222222222222223
0 0.642578125 0.7614814814814815 0.015625 0.014814814814814815