0 0.5107421875 0.49558823529411766 0.03515625 0.061764705882352944
0 0.5966796875 0.4264705882352941 0.0234375 0.054411764705882354
0 0.7744140625 0.3720588235294118 0.0224609375 0.04411764705882353
0 0.8779296875 0.4294117647058823 0.025390625 0.05
0 0.9072265625 0.43676470588235294 0.0263671875 0.052941176470588235
0 0.6875 0.75 0.046875 0.07647058823529412
0 0.044921875 0.6147058823529412 0.0244140625 0.045588235294117645
0 0.1806640625 0.4294117647058823 0.0302734375 0.060294117647058824
0 0.3603515625 0.38382352941176473 0.029296875 0.054411764705882354
0 0.306640625 0.31029411764705883 0.01953125 0.03529411764705882
0 0.234375 0.3779411764705882 0.0185546875 0.03823529411764706
0 0.064453125 0.36764705882352944 0.015625 0.030882352941176472
0 0.49609375 0.3382352941176471 0.021484375 0.03823529411764706
0 0.53515625 0.3323529411764706 0.0185546875 0.033823529411764704
0 0.546875 0.3205882352941177 0.0185546875 0.03235294117647059
0 0.521484375 0.27941176470588236 0.0126953125 0.026470588235294117
0 0.884765625 0.3088235294117647 0.017578125 0.033823529411764704
0 0.0546875 0.3205882352941177 0.0166015625 0.03529411764705882
0 0.0625 0.31323529411764706 0.021484375 0.047058823529411764
0 0.740234375 0.4426470588235294 0.0322265625 0.06323529411764706
0 0.6259765625 0.3352941176470588 0.0146484375 0.03529411764705882
0 0.60546875 0.3205882352941177 0.015625 0.033823529411764704