0 0.53515625 0.5485294117647059 0.00390625 0.008823529411764706
0 0.5 0.5544117647058824 0.00390625 0.007352941176470588
0 0.55078125 0.6147058823529412 0.005859375 0.010294117647058823
0 0.525390625 0.6470588235294118 0.0068359375 0.011764705882352941
0 0.4931640625 0.6338235294117647 0.0078125 0.011764705882352941
0 0.4931640625 0.6661764705882353 0.0068359375 0.010294117647058823
0 0.6025390625 0.7205882352941176 0.009765625 0.016176470588235296
0 0.505859375 0.8691176470588236 0.02734375 0.05
0 0.3486328125 0.5235294117647059 0.0029296875 0.0058823529411764705
0 0.4931640625 0.5338235294117647 0.00390625 0.008823529411764706
0 0.396484375 0.5117647058823529 0.0029296875 0.007352941176470588
0 0.4130859375 0.5191176470588236 0.00390625 0.007352941176470588
0 0.2939453125 0.5897058823529412 0.0068359375 0.010294117647058823
0 0.29296875 0.6132352941176471 0.0068359375 0.011764705882352941
0 0.322265625 0.663235294117647 0.0078125 0.016176470588235296
0 0.2724609375 0.6470588235294118 0.0087890625 0.014705882352941176
0 0.27734375 0.6691176470588235 0.009765625 0.014705882352941176
0 0.2353515625 0.6426470588235295 0.005859375 0.011764705882352941
0 0.2275390625 0.6647058823529411 0.0087890625 0.013235294117647059
0 0.236328125 0.6941176470588235 0.0107421875 0.020588235294117647
0 0.16796875 0.6455882352941177 0.009765625 0.01764705882352941
0 0.138671875 0.7235294117647059 0.0126953125 0.01911764705882353
0 0.103515625 0.6485294117647059 0.0087890625 0.016176470588235296
0 0.0576171875 0.6529411764705882 0.0087890625 0.01911764705882353
0 0.015625 0.6779411764705883 0.009765625 0.01764705882352941
0 0.0693359375 0.7147058823529412 0.0107421875 0.01911764705882353
0 0.2236328125 0.7558823529411764 0.01171875 0.023529411764705882
0 0.25390625 0.7823529411764706 0.0126953125 0.020588235294117647
0 0.0986328125 0.825 0.0146484375 0.023529411764705882
0 0.0283203125 0.7294117647058823 0.013671875 0.020588235294117647
0 0.02734375 0.7088235294117647 0.0107421875 0.014705882352941176
0 0.033203125 0.7544117647058823 0.0107421875 0.01911764705882353
0 0.0625 0.8426470588235294 0.0205078125 0.054411764705882354
0 0.1748046875 0.5279411764705882 0.00390625 0.007352941176470588
0 0.1875 0.5205882352941177 0.00390625 0.007352941176470588
0 0.201171875 0.5161764705882353 0.00390625 0.007352941176470588
0 0.1142578125 0.5441176470588235 0.0048828125 0.007352941176470588
0 0.0810546875 0.5397058823529411 0.0048828125 0.008823529411764706
0 0.0625 0.55 0.0048828125 0.007352941176470588
0 0.0390625 0.5955882352941176 0.0068359375 0.010294117647058823
0 0.1494140625 0.5191176470588236 0.00390625 0.008823529411764706
0 0.15234375 0.5529411764705883 0.0048828125 0.008823529411764706
0 0.1513671875 0.5617647058823529 0.0048828125 0.008823529411764706
0 0.0908203125 0.5235294117647059 0.00390625 0.007352941176470588
0 0.119140625 0.5088235294117647 0.0029296875 0.007352941176470588
0 0.138671875 0.4970588235294118 0.00390625 0.0058823529411764705
0 0.1474609375 0.4970588235294118 0.00390625 0.007352941176470588
0 0.00390625 0.5397058823529411 0.0048828125 0.008823529411764706
0 0.05078125 0.5529411764705883 0.0068359375 0.013235294117647059
0 0.11328125 0.5279411764705882 0.005859375 0.010294117647058823
0 0.4091796875 0.6514705882352941 0.0068359375 0.011764705882352941
0 0.5751953125 0.6441176470588236 0.005859375 0.011764705882352941
0 0.22265625 0.5176470588235295 0.0029296875 0.0058823529411764705
0 0.232421875 0.5088235294117647 0.00390625 0.0058823529411764705
0 0.25 0.5102941176470588 0.0029296875 0.004411764705882353
0 0.23828125 0.5073529411764706 0.00390625 0.0058823529411764705
0 0.7265625 0.5308823529411765 0.00390625 0.007352941176470588
0 0.208984375 0.6955882352941176 0.0078125 0.011764705882352941
0 0.8310546875 0.6338235294117647 0.005859375 0.011764705882352941
0 0.919921875 0.5485294117647059 0.005859375 0.008823529411764706
0 0.9599609375 0.6544117647058824 0.0078125 0.013235294117647059
0 0.9453125 0.6602941176470588 0.0087890625 0.01764705882352941
0 0.9296875 0.6514705882352941 0.0087890625 0.016176470588235296
0 0.9208984375 0.6 0.0068359375 0.011764705882352941
0 0.8916015625 0.5970588235294118 0.0068359375 0.014705882352941176
0 0.861328125 0.6044117647058823 0.0068359375 0.011764705882352941
0 0.86328125 0.625 0.0068359375 0.014705882352941176
0 0.8720703125 0.6470588235294118 0.0087890625 0.01911764705882353
0 0.8427734375 0.5514705882352942 0.00390625 0.007352941176470588
0 0.8544921875 0.5352941176470588 0.00390625 0.007352941176470588
0 0.8232421875 0.5544117647058824 0.00390625 0.008823529411764706
0 0.94140625 0.6779411764705883 0.009765625 0.01764705882352941
0 0.9765625 0.7058823529411765 0.009765625 0.016176470588235296
0 0.93359375 0.7 0.009765625 0.01911764705882353
0 0.9326171875 0.7441176470588236 0.01171875 0.020588235294117647
0 0.9921875 0.736764705882353 0.01171875 0.01911764705882353
0 0.853515625 0.6779411764705883 0.009765625 0.014705882352941176
0 0.8388671875 0.7161764705882353 0.0087890625 0.016176470588235296
0 0.791015625 0.6338235294117647 0.0078125 0.014705882352941176
0 0.8935546875 0.7529411764705882 0.01171875 0.016176470588235296
0 0.87109375 0.7911764705882353 0.01171875 0.01911764705882353
0 0.83203125 0.675 0.0068359375 0.011764705882352941
0 0.8173828125 0.7044117647058824 0.0078125 0.013235294117647059
0 0.7578125 0.6926470588235294 0.009765625 0.014705882352941176
0 0.76953125 0.6176470588235294 0.0068359375 0.010294117647058823
0 0.7578125 0.575 0.0048828125 0.008823529411764706
0 0.716796875 0.6426470588235295 0.0087890625 0.013235294117647059
0 0.720703125 0.6720588235294118 0.0078125 0.013235294117647059
0 0.7001953125 0.7102941176470589 0.0087890625 0.016176470588235296
0 0.6708984375 0.6691176470588235 0.0068359375 0.013235294117647059
0 0.712890625 0.5705882352941176 0.00390625 0.008823529411764706
0 0.6923828125 0.5691176470588235 0.005859375 0.010294117647058823
0 0.67578125 0.5617647058823529 0.00390625 0.008823529411764706
0 0.6748046875 0.538235294117647 0.0048828125 0.010294117647058823
0 0.8466796875 0.9573529411764706 0.017578125 0.041176470588235294
0 0.71875 0.8044117647058824 0.0107421875 0.022058823529411766
0 0.701171875 0.7470588235294118 0.0068359375 0.01764705882352941
0 0.6767578125 0.7794117647058824 0.009765625 0.016176470588235296
0 0.638671875 0.8264705882352941 0.0087890625 0.022058823529411766
0 0.634765625 0.6838235294117647 0.0078125 0.013235294117647059
0 0.6884765625 0.6852941176470588 0.0078125 0.013235294117647059
0 0.6357421875 0.5573529411764706 0.0048828125 0.008823529411764706
0 0.6220703125 0.55 0.00390625 0.007352941176470588
0 0.583984375 0.5514705882352942 0.00390625 0.007352941176470588
0 0.5732421875 0.5558823529411765 0.00390625 0.0058823529411764705
0 0.5654296875 0.5544117647058824 0.00390625 0.007352941176470588
0 0.595703125 0.525 0.0029296875 0.0058823529411764705
0 0.5341796875 0.5647058823529412 0.00390625 0.008823529411764706
0 0.1875 0.8058823529411765 0.0087890625 0.014705882352941176
0 0.951171875 0.7382352941176471 0.0087890625 0.022058823529411766
0 0.9248046875 0.8191176470588235 0.01171875 0.023529411764705882
0 0.068359375 0.8014705882352942 0.0205078125 0.039705882352941174