0 0.25390625 0.16015625 0.0146484375 0.0234375
0 0.2724609375 0.14453125 0.009765625 0.015625
0 0.2783203125 0.14322916666666666 0.013671875 0.020833333333333332
0 0.326171875 0.17317708333333334 0.013671875 0.018229166666666668
0 0.3525390625 0.15104166666666666 0.0107421875 0.024739583333333332
0 0.3818359375 0.11197916666666667 0.01171875 0.015625
0 0.3916015625 0.15364583333333334 0.013671875 0.0234375
0 0.33984375 0.10026041666666667 0.0126953125 0.01953125
0 0.3505859375 0.13151041666666666 0.013671875 0.01953125
0 0.0966796875 0.36328125 0.0205078125 0.032552083333333336
0 0.109375 0.3841145833333333 0.02734375 0.037760416666666664
0 0.1337890625 0.3567708333333333 0.0224609375 0.032552083333333336
0 0.0595703125 0.39453125 0.03125 0.044270833333333336
0 0.0830078125 0.4479166666666667 0.0361328125 0.044270833333333336
0 0.2412109375 0.4192708333333333 0.03125 0.05078125
0 0.265625 0.3372395833333333 0.025390625 0.048177083333333336
0 0.3251953125 0.3203125 0.0234375 0.032552083333333336
0 0.3291015625 0.3776041666666667 0.02734375 0.04296875
0 0.3662109375 0.3372395833333333 0.025390625 0.045572916666666664
0 0.373046875 0.4231770833333333 0.029296875 0.05859375
0 0.4091796875 0.35546875 0.0263671875 0.053385416666666664
0 0.4892578125 0.26171875 0.0234375 0.037760416666666664
0 0.5087890625 0.3346354166666667 0.0224609375 0.041666666666666664
0 0.486328125 0.3763020833333333 0.0263671875 0.033854166666666664
0 0.541015625 0.39453125 0.029296875 0.046875
0 0.4765625 0.4114583333333333 0.0234375 0.046875
0 0.5166015625 0.21223958333333334 0.017578125 0.026041666666666668
0 0.5595703125 0.23307291666666666 0.0205078125 0.032552083333333336
0 0.45703125 0.23958333333333334 0.0107421875 0.02734375
0 0.48828125 0.23177083333333334 0.0146484375 0.026041666666666668
0 0.62890625 0.3346354166666667 0.025390625 0.045572916666666664
0 0.6669921875 0.20833333333333334 0.021484375 0.03515625
0 0.6865234375 0.23697916666666666 0.0185546875 0.033854166666666664
0 0.630859375 0.4231770833333333 0.0341796875 0.059895833333333336
0 0.689453125 0.3619791666666667 0.03125 0.046875
0 0.6884765625 0.3958333333333333 0.0341796875 0.05859375
0 0.7109375 0.2825520833333333 0.01953125 0.032552083333333336
0 0.7021484375 0.3151041666666667 0.0302734375 0.040364583333333336
0 0.744140625 0.34375 0.03515625 0.040364583333333336
0 0.75 0.2578125 0.0244140625 0.036458333333333336
0 0.8447265625 0.2955729166666667 0.01953125 0.03515625
0 0.8759765625 0.2578125 0.0302734375 0.033854166666666664
0 0.87890625 0.3098958333333333 0.02734375 0.044270833333333336
0 0.9228515625 0.2630208333333333 0.01953125 0.03125
0 0.9736328125 0.2552083333333333 0.025390625 0.04296875
0 0.9921875 0.23046875 0.015625 0.036458333333333336
0 0.9375 0.30859375 0.0263671875 0.046875
0 0.904296875 0.3411458333333333 0.029296875 0.053385416666666664
0 0.8564453125 0.3971354166666667 0.0380859375 0.06901041666666667
0 0.9912109375 0.35546875 0.0166015625 0.044270833333333336
0 0.478515625 0.46484375 0.03125 0.03125
0 0.482421875 0.6184895833333334 0.048828125 0.07291666666666667
0 0.7392578125 0.7330729166666666 0.052734375 0.08463541666666667
0 0.2890625 0.7786458333333334 0.056640625 0.09244791666666667
0 0.5048828125 0.77734375 0.0634765625 0.09635416666666667
0 0.0859375 0.8815104166666666 0.072265625 0.14192708333333334
0 0.67578125 0.16145833333333334 0.015625 0.02734375
0 0.66015625 0.09244791666666667 0.0126953125 0.016927083333333332
0 0.578125 0.055989583333333336 0.015625 0.016927083333333332
0 0.580078125 0.1171875 0.0166015625 0.02734375
0 0.59765625 0.18229166666666666 0.01171875 0.020833333333333332
0 0.638671875 0.17057291666666666 0.01171875 0.020833333333333332