0 0.1962890625 0.3585434173669468 0.01171875 0.0196078431372549
0 0.15234375 0.38095238095238093 0.01171875 0.0196078431372549
0 0.130859375 0.3165266106442577 0.009765625 0.0196078431372549
0 0.060546875 0.4831932773109244 0.01171875 0.02661064425770308
0 0.013671875 0.3795518207282913 0.013671875 0.025210084033613446
0 0.3447265625 0.5070028011204482 0.0146484375 0.028011204481792718
0 0.4501953125 0.5028011204481793 0.0107421875 0.0196078431372549
0 0.3564453125 0.5686274509803921 0.01171875 0.018207282913165267
0 0.775390625 0.4943977591036415 0.01171875 0.02100840336134454
0 0.830078125 0.5056022408963585 0.01171875 0.0196078431372549
0 0.8115234375 0.48599439775910364 0.01171875 0.018207282913165267
0 0.9130859375 0.5070028011204482 0.01171875 0.022408963585434174
0 0.94921875 0.5392156862745098 0.009765625 0.0196078431372549
0 0.9580078125 0.5952380952380952 0.009765625 0.02100840336134454
0 0.779296875 0.5714285714285714 0.009765625 0.02100840336134454
0 0.744140625 0.5056022408963585 0.0126953125 0.025210084033613446
0 0.8525390625 0.5406162464985994 0.01171875 0.0196078431372549
0 0.4853515625 0.5490196078431373 0.0107421875 0.015406162464985995
0 0.4736328125 0.5644257703081232 0.0126953125 0.0196078431372549
0 0.4189453125 0.5742296918767507 0.0107421875 0.01680672268907563
0 0.5791015625 0.5210084033613446 0.0107421875 0.023809523809523808
0 0.376953125 0.6050420168067226 0.009765625 0.018207282913165267