0 0.904296875 0.37427745664739887 0.046875 0.09971098265895954
0 0.8466796875 0.35260115606936415 0.0224609375 0.03757225433526012
0 0.7880859375 0.3786127167630058 0.0283203125 0.05491329479768786
0 0.728515625 0.34971098265895956 0.0302734375 0.059248554913294796
0 0.7080078125 0.31213872832369943 0.0146484375 0.028901734104046242
0 0.634765625 0.3236994219653179 0.0263671875 0.0476878612716763
0 0.5888671875 0.3598265895953757 0.021484375 0.03901734104046243
0 0.576171875 0.3338150289017341 0.0166015625 0.02745664739884393
0 0.4501953125 0.3338150289017341 0.01953125 0.04335260115606936
0 0.3623046875 0.3713872832369942 0.025390625 0.0476878612716763
0 0.333984375 0.3684971098265896 0.015625 0.02745664739884393
0 0.390625 0.3598265895953757 0.017578125 0.03468208092485549
0 0.2734375 0.3583815028901734 0.01171875 0.02745664739884393
0 0.259765625 0.36560693641618497 0.0126953125 0.023121387283236993
0 0.2509765625 0.34104046242774566 0.0078125 0.014450867052023121
0 0.2568359375 0.3265895953757225 0.005859375 0.015895953757225433
0 0.2451171875 0.3554913294797688 0.0107421875 0.02167630057803468
0 0.236328125 0.3540462427745665 0.0126953125 0.024566473988439308
0 0.232421875 0.36127167630057805 0.0087890625 0.017341040462427744
0 0.2197265625 0.36127167630057805 0.0078125 0.014450867052023121
0 0.197265625 0.3713872832369942 0.0126953125 0.02601156069364162
0 0.166015625 0.3713872832369942 0.01171875 0.023121387283236993
0 0.1591796875 0.36560693641618497 0.0107421875 0.02023121387283237
0 0.1279296875 0.3713872832369942 0.01171875 0.02167630057803468
0 0.1162109375 0.37572254335260113 0.009765625 0.024566473988439308
0 0.1435546875 0.3554913294797688 0.0078125 0.011560693641618497
0 0.14453125 0.3684971098265896 0.005859375 0.011560693641618497
0 0.0986328125 0.37716763005780346 0.0107421875 0.02023121387283237
0 0.08984375 0.37572254335260113 0.009765625 0.02023121387283237
0 0.07421875 0.38439306358381503 0.009765625 0.017341040462427744
0 0.16796875 0.34971098265895956 0.0078125 0.01300578034682081
0 0.01953125 0.3815028901734104 0.009765625 0.015895953757225433
0 0.8837890625 0.3511560693641618 0.015625 0.03468208092485549