0 0.0361328125 0.60546875 0.01953125 0.04296875
0 0.0712890625 0.6276041666666666 0.0166015625 0.036458333333333336
0 0.1865234375 0.5859375 0.0263671875 0.049479166666666664
0 0.173828125 0.609375 0.0185546875 0.033854166666666664
0 0.36328125 0.62890625 0.01171875 0.022135416666666668
0 0.390625 0.625 0.0068359375 0.014322916666666666
0 0.4013671875 0.6341145833333334 0.0087890625 0.016927083333333332
0 0.421875 0.65234375 0.009765625 0.01171875
0 0.3095703125 0.60546875 0.048828125 0.07682291666666667
0 0.4638671875 0.6380208333333334 0.0458984375 0.08854166666666667
0 0.5126953125 0.6171875 0.021484375 0.037760416666666664
0 0.5703125 0.6393229166666666 0.0078125 0.014322916666666666
0 0.5771484375 0.6497395833333334 0.0078125 0.018229166666666668
0 0.6015625 0.6575520833333334 0.021484375 0.040364583333333336
0 0.6357421875 0.62890625 0.0126953125 0.022135416666666668
0 0.658203125 0.6861979166666666 0.0205078125 0.041666666666666664
0 0.7041015625 0.6341145833333334 0.0087890625 0.022135416666666668
0 0.72265625 0.65234375 0.0263671875 0.05859375
0 0.466796875 0.921875 0.1328125 0.15625
0 0.6923828125 0.6419270833333334 0.0078125 0.01953125
0 0.708984375 0.6953125 0.0107421875 0.024739583333333332
0 0.7841796875 0.62890625 0.021484375 0.036458333333333336
0 0.7666015625 0.6341145833333334 0.01953125 0.0390625
0 0.85546875 0.6640625 0.0185546875 0.033854166666666664
0 0.916015625 0.6848958333333334 0.025390625 0.041666666666666664
0 0.84375 0.63671875 0.009765625 0.016927083333333332
0 0.822265625 0.6536458333333334 0.013671875 0.0234375
0 0.9091796875 0.6354166666666666 0.0126953125 0.026041666666666668
0 0.96484375 0.6614583333333334 0.0166015625 0.029947916666666668