0 0.8251953125 0.7023460410557185 0.0234375 0.04838709677419355
0 0.919921875 0.6363636363636364 0.01953125 0.04838709677419355
0 0.96875 0.626099706744868 0.0146484375 0.045454545454545456
0 0.98828125 0.5073313782991202 0.0224609375 0.04838709677419355
0 0.896484375 0.530791788856305 0.0244140625 0.04398826979472141
0 0.7978515625 0.5249266862170088 0.021484375 0.04838709677419355
0 0.71875 0.5249266862170088 0.021484375 0.04105571847507331
0 0.708984375 0.5087976539589443 0.0166015625 0.036656891495601175
0 0.6982421875 0.6099706744868035 0.0166015625 0.04398826979472141
0 0.7705078125 0.6407624633431085 0.013671875 0.04398826979472141
0 0.818359375 0.8108504398826979 0.033203125 0.03812316715542522
0 0.794921875 0.7976539589442815 0.01953125 0.051319648093841645
0 0.6806640625 0.8944281524926686 0.0322265625 0.07331378299120235
0 0.578125 0.9442815249266863 0.0517578125 0.11143695014662756
0 0.3525390625 0.9105571847507331 0.0556640625 0.08944281524926687
0 0.4296875 0.9046920821114369 0.0380859375 0.07038123167155426
0 0.5439453125 0.7991202346041055 0.033203125 0.05718475073313783
0 0.41796875 0.7478005865102639 0.0244140625 0.04398826979472141
0 0.462890625 0.7126099706744868 0.0244140625 0.03812316715542522
0 0.4462890625 0.6832844574780058 0.0244140625 0.03812316715542522
0 0.490234375 0.7331378299120235 0.021484375 0.02932551319648094
0 0.4677734375 0.7565982404692082 0.0205078125 0.030791788856304986
0 0.3759765625 0.7947214076246334 0.0234375 0.03812316715542522
0 0.3583984375 0.8108504398826979 0.021484375 0.045454545454545456
0 0.318359375 0.7478005865102639 0.025390625 0.04398826979472141
0 0.158203125 0.7727272727272727 0.0205078125 0.045454545454545456
0 0.0693359375 0.7272727272727273 0.01953125 0.04252199413489736
0 0.1240234375 0.6085043988269795 0.0185546875 0.04252199413489736
0 0.1884765625 0.6202346041055719 0.0224609375 0.039589442815249266
0 0.2578125 0.6099706744868035 0.021484375 0.04105571847507331
0 0.3046875 0.6422287390029325 0.01953125 0.03372434017595308
0 0.3955078125 0.7008797653958945 0.0244140625 0.0469208211143695
0 0.2568359375 0.7360703812316716 0.0244140625 0.03372434017595308
0 0.16796875 0.7404692082111437 0.0244140625 0.03372434017595308
0 0.1162109375 0.7038123167155426 0.0185546875 0.036656891495601175
0 0.115234375 0.8782991202346041 0.033203125 0.0689149560117302
0 0.2265625 0.5747800586510264 0.021484375 0.04838709677419355
0 0.3310546875 0.7214076246334311 0.0244140625 0.04985337243401759
0 0.177734375 0.8152492668621701 0.0166015625 0.039589442815249266
0 0.3291015625 0.5527859237536656 0.017578125 0.04105571847507331
0 0.357421875 0.42961876832844575 0.0224609375 0.03812316715542522
0 0.3857421875 0.4149560117302053 0.0224609375 0.039589442815249266
0 0.453125 0.3680351906158358 0.01953125 0.03372434017595308
0 0.486328125 0.3870967741935484 0.021484375 0.036656891495601175
0 0.4912109375 0.26392961876832843 0.021484375 0.045454545454545456
0 0.5517578125 0.2859237536656892 0.0185546875 0.03812316715542522
0 0.5478515625 0.24633431085043989 0.0146484375 0.030791788856304986
0 0.5595703125 0.22434017595307917 0.01953125 0.039589442815249266
0 0.4736328125 0.24633431085043989 0.01953125 0.03519061583577713
0 0.4091796875 0.28152492668621704 0.021484375 0.04105571847507331
0 0.384765625 0.22434017595307917 0.0205078125 0.04398826979472141
0 0.3837890625 0.1495601173020528 0.021484375 0.03812316715542522
0 0.416015625 0.11730205278592376 0.0185546875 0.039589442815249266
0 0.2890625 0.19648093841642228 0.021484375 0.039589442815249266
0 0.2080078125 0.20234604105571846 0.0205078125 0.03372434017595308
0 0.19921875 0.23900293255131966 0.017578125 0.03225806451612903
0 0.216796875 0.22580645161290322 0.013671875 0.03225806451612903
0 0.2685546875 0.23460410557184752 0.0185546875 0.039589442815249266
0 0.3173828125 0.30058651026392963 0.0224609375 0.039589442815249266
0 0.2373046875 0.3533724340175953 0.0185546875 0.039589442815249266
0 0.3046875 0.37683284457478006 0.0205078125 0.04105571847507331
0 0.1953125 0.40615835777126097 0.0244140625 0.036656891495601175
0 0.123046875 0.3973607038123167 0.01953125 0.04398826979472141
0 0.099609375 0.3885630498533724 0.0205078125 0.03812316715542522
0 0.2236328125 0.5190615835777126 0.0205078125 0.04105571847507331
0 0.1943359375 0.48533724340175954 0.0205078125 0.045454545454545456
0 0.103515625 0.49853372434017595 0.021484375 0.036656891495601175
0 0.0126953125 0.43255131964809385 0.01953125 0.03372434017595308
0 0.0478515625 0.3416422287390029 0.01953125 0.03812316715542522
0 0.029296875 0.3020527859237537 0.01171875 0.03225806451612903
0 0.099609375 0.26832844574780057 0.0205078125 0.036656891495601175
0 0.1220703125 0.3225806451612903 0.017578125 0.03812316715542522
0 0.119140625 0.2932551319648094 0.0185546875 0.03372434017595308
0 0.1484375 0.27712609970674484 0.0146484375 0.030791788856304986
0 0.1943359375 0.2829912023460411 0.017578125 0.03519061583577713
0 0.2861328125 0.3181818181818182 0.0185546875 0.02932551319648094
0 0.453125 0.3313782991202346 0.0205078125 0.03225806451612903
0 0.3955078125 0.36070381231671556 0.0146484375 0.03812316715542522
0 0.5263671875 0.2829912023460411 0.0107421875 0.024926686217008796
0 0.2685546875 0.47947214076246336 0.0224609375 0.04252199413489736
0 0.0166015625 0.5674486803519062 0.021484375 0.045454545454545456
0 0.0703125 0.4398826979472141 0.009765625 0.03519061583577713
0 0.3232421875 0.13929618768328444 0.01953125 0.02785923753665689
0 0.8896484375 0.32697947214076245 0.0234375 0.04398826979472141
0 0.90625 0.43548387096774194 0.025390625 0.04985337243401759
0 0.966796875 0.39296187683284456 0.025390625 0.0469208211143695
0 0.849609375 0.45454545454545453 0.0224609375 0.04105571847507331
0 0.7998046875 0.3651026392961877 0.0234375 0.03519061583577713
0 0.7724609375 0.3387096774193548 0.01953125 0.04105571847507331
0 0.7001953125 0.34310850439882695 0.0205078125 0.04252199413489736
0 0.6416015625 0.3416422287390029 0.0205078125 0.03519061583577713
0 0.6162109375 0.3284457478005865 0.01953125 0.04105571847507331
0 0.572265625 0.3489736070381232 0.0234375 0.04398826979472141
0 0.6044921875 0.2404692082111437 0.0224609375 0.045454545454545456
0 0.6259765625 0.2653958944281525 0.0185546875 0.036656891495601175
0 0.7666015625 0.2404692082111437 0.0224609375 0.039589442815249266
0 0.826171875 0.24926686217008798 0.0166015625 0.04105571847507331
0 0.7236328125 0.250733137829912 0.013671875 0.02932551319648094
0 0.7001953125 0.2844574780058651 0.0146484375 0.039589442815249266
0 0.693359375 0.250733137829912 0.0185546875 0.03812316715542522
0 0.6416015625 0.23313782991202345 0.0185546875 0.03225806451612903
0 0.87109375 0.21994134897360704 0.0185546875 0.03372434017595308
0 0.9189453125 0.20527859237536658 0.01171875 0.04252199413489736
0 0.9755859375 0.25219941348973607 0.0185546875 0.030791788856304986
0 0.99609375 0.33724340175953077 0.0068359375 0.04105571847507331
0 0.734375 0.23460410557184752 0.0224609375 0.02932551319648094