0 0.77734375 0.2324561403508772 0.021484375 0.03508771929824561
0 0.7939453125 0.22953216374269006 0.021484375 0.04093567251461988
0 0.1875 0.2309941520467836 0.0185546875 0.039473684210526314
0 0.203125 0.2309941520467836 0.021484375 0.03508771929824561
0 0.8876953125 0.7807017543859649 0.0224609375 0.054093567251461985
0 0.6669921875 0.7119883040935673 0.0263671875 0.05116959064327485
0 0.5947265625 0.6652046783625731 0.0126953125 0.03216374269005848
0 0.912109375 0.8859649122807017 0.029296875 0.06725146198830409
0 0.86328125 0.6783625730994152 0.01171875 0.039473684210526314
0 0.1923828125 0.6622807017543859 0.0185546875 0.04824561403508772
0 0.09765625 0.6549707602339181 0.01953125 0.03216374269005848
0 0.041015625 0.6374269005847953 0.0126953125 0.027777777777777776
0 0.0751953125 0.6008771929824561 0.0068359375 0.017543859649122806
0 0.978515625 0.6257309941520468 0.0087890625 0.023391812865497075
0 0.828125 0.6154970760233918 0.005859375 0.024853801169590642
0 0.7470703125 0.7236842105263158 0.0126953125 0.03508771929824561
0 0.1953125 0.5891812865497076 0.0126953125 0.024853801169590642