0 0.1884765625 0.36486486486486486 0.0205078125 0.05405405405405406
0 0.33984375 0.487987987987988 0.0458984375 0.1021021021021021
0 0.408203125 0.35435435435435436 0.0146484375 0.036036036036036036
0 0.4697265625 0.35135135135135137 0.0126953125 0.03003003003003003
0 0.2255859375 0.34534534534534533 0.0146484375 0.024024024024024024
0 0.2099609375 0.33783783783783783 0.0107421875 0.01951951951951952
0 0.2685546875 0.34984984984984985 0.0107421875 0.03003003003003003
0 0.7685546875 0.3963963963963964 0.0185546875 0.03753753753753754
0 0.6171875 0.37537537537537535 0.017578125 0.03753753753753754
0 0.705078125 0.39039039039039036 0.0146484375 0.03453453453453453
0 0.82421875 0.4084084084084084 0.009765625 0.03003003003003003
0 0.80078125 0.3993993993993994 0.0146484375 0.02702702702702703
0 0.66015625 0.3888888888888889 0.01171875 0.024024024024024024
0 0.560546875 0.34984984984984985 0.01171875 0.03153153153153153
0 0.595703125 0.3993993993993994 0.0107421875 0.028528528528528527
0 0.5322265625 0.3588588588588589 0.01171875 0.024024024024024024
0 0.3017578125 0.34984984984984985 0.0107421875 0.025525525525525526
0 0.1591796875 0.32732732732732733 0.01171875 0.02252252252252252
0 0.9736328125 0.4009009009009009 0.0126953125 0.028528528528528527
0 0.8583984375 0.40540540540540543 0.0126953125 0.021021021021021023
0 0.4130859375 0.36786786786786785 0.0087890625 0.012012012012012012
0 0.5703125 0.3708708708708709 0.0126953125 0.025525525525525526
0 0.3642578125 0.3483483483483483 0.0068359375 0.013513513513513514
0 0.380859375 0.35585585585585583 0.0048828125 0.013513513513513514
0 0.431640625 0.36936936936936937 0.0087890625 0.016516516516516516
0 0.01953125 0.35585585585585583 0.0078125 0.01951951951951952
0 0.7490234375 0.40540540540540543 0.0107421875 0.028528528528528527
0 0.876953125 0.4024024024024024 0.0087890625 0.021021021021021023
0 0.458984375 0.37237237237237236 0.0126953125 0.025525525525525526
0 0.51953125 0.35585585585585583 0.01171875 0.02252252252252252
0 0.3525390625 0.3588588588588589 0.0068359375 0.012012012012012012
0 0.3359375 0.36786786786786785 0.0146484375 0.03453453453453453