0 0.8564453125 0.5520833333333334 0.021484375 0.046875
0 0.8193359375 0.5190972222222222 0.0234375 0.043402777777777776
0 0.7685546875 0.5590277777777778 0.0205078125 0.043402777777777776
0 0.728515625 0.5798611111111112 0.021484375 0.043402777777777776
0 0.66796875 0.5277777777777778 0.0224609375 0.03993055555555555
0 0.6162109375 0.5381944444444444 0.0224609375 0.041666666666666664
0 0.55859375 0.5347222222222222 0.0224609375 0.046875
0 0.505859375 0.6388888888888888 0.0224609375 0.04513888888888889
0 0.48828125 0.5659722222222222 0.0205078125 0.041666666666666664
0 0.421875 0.546875 0.0166015625 0.03125
0 0.35546875 0.5052083333333334 0.021484375 0.041666666666666664
0 0.2998046875 0.5399305555555556 0.021484375 0.046875
0 0.2568359375 0.5069444444444444 0.0224609375 0.04513888888888889
0 0.1767578125 0.5381944444444444 0.025390625 0.050347222222222224