0 0.0380859375 0.32158590308370044 0.0126953125 0.037444933920704845
0 0.087890625 0.29515418502202645 0.0087890625 0.024229074889867842
0 0.1279296875 0.2775330396475771 0.0078125 0.030837004405286344
0 0.15234375 0.2753303964757709 0.0087890625 0.030837004405286344
0 0.162109375 0.30837004405286345 0.009765625 0.028634361233480177
0 0.1259765625 0.34801762114537443 0.009765625 0.02643171806167401
0 0.111328125 0.36784140969163 0.0087890625 0.02643171806167401
0 0.0869140625 0.40308370044052866 0.0146484375 0.048458149779735685
0 0.1513671875 0.45154185022026433 0.017578125 0.05066079295154185
0 0.2001953125 0.2356828193832599 0.0087890625 0.02643171806167401
0 0.22265625 0.28193832599118945 0.0078125 0.024229074889867842
0 0.2216796875 0.31277533039647576 0.01171875 0.02643171806167401
0 0.2333984375 0.32158590308370044 0.0126953125 0.03303964757709251
0 0.1923828125 0.29955947136563876 0.009765625 0.028634361233480177
0 0.1669921875 0.3634361233480176 0.015625 0.039647577092511016
0 0.205078125 0.3700440528634361 0.0146484375 0.048458149779735685
0 0.244140625 0.3744493392070485 0.0166015625 0.05066079295154185
0 0.23828125 0.24669603524229075 0.0078125 0.02643171806167401
0 0.2353515625 0.21365638766519823 0.0068359375 0.022026431718061675
0 0.224609375 0.23348017621145375 0.005859375 0.013215859030837005
0 0.279296875 0.34140969162995594 0.0146484375 0.039647577092511016
0 0.2978515625 0.3986784140969163 0.0146484375 0.04185022026431718
0 0.3203125 0.34801762114537443 0.0107421875 0.037444933920704845
0 0.3193359375 0.22026431718061673 0.005859375 0.02643171806167401
0 0.3603515625 0.2290748898678414 0.0048828125 0.01762114537444934
0 0.34375 0.29515418502202645 0.005859375 0.019823788546255508
0 0.353515625 0.2973568281938326 0.0087890625 0.024229074889867842
0 0.3515625 0.4118942731277533 0.015625 0.05066079295154185
0 0.3623046875 0.3039647577092511 0.0078125 0.019823788546255508
0 0.3740234375 0.29955947136563876 0.009765625 0.03303964757709251
0 0.365234375 0.34801762114537443 0.0107421875 0.037444933920704845
0 0.3955078125 0.3854625550660793 0.013671875 0.04185022026431718
0 0.3857421875 0.3656387665198238 0.009765625 0.04185022026431718
0 0.4423828125 0.3656387665198238 0.0146484375 0.046255506607929514
0 0.4453125 0.4933920704845815 0.0185546875 0.048458149779735685
0 0.462890625 0.3458149779735683 0.0107421875 0.037444933920704845
0 0.486328125 0.27973568281938327 0.0078125 0.022026431718061675
0 0.501953125 0.2775330396475771 0.00390625 0.013215859030837005
0 0.490234375 0.32819383259911894 0.0078125 0.030837004405286344
0 0.4990234375 0.381057268722467 0.013671875 0.037444933920704845
0 0.4697265625 0.3898678414096916 0.0068359375 0.024229074889867842
0 0.3154296875 0.2444933920704846 0.0048828125 0.015418502202643172
0 0.4326171875 0.20044052863436124 0.0078125 0.022026431718061675
0 0.4130859375 0.18722466960352424 0.0078125 0.022026431718061675
0 0.4658203125 0.2488986784140969 0.0087890625 0.02643171806167401
0 0.470703125 0.22466960352422907 0.0048828125 0.01762114537444934
0 0.5341796875 0.3700440528634361 0.0107421875 0.039647577092511016
0 0.57421875 0.3920704845814978 0.0146484375 0.04185022026431718
0 0.5927734375 0.21145374449339208 0.0068359375 0.019823788546255508
0 0.6015625 0.20044052863436124 0.005859375 0.01762114537444934
0 0.5966796875 0.2488986784140969 0.005859375 0.015418502202643172
0 0.6015625 0.27312775330396477 0.0068359375 0.022026431718061675
0 0.5869140625 0.3392070484581498 0.0087890625 0.046255506607929514
0 0.611328125 0.3920704845814978 0.0146484375 0.039647577092511016
0 0.623046875 0.2444933920704846 0.0048828125 0.015418502202643172
0 0.6220703125 0.29955947136563876 0.0087890625 0.030837004405286344
0 0.6845703125 0.29955947136563876 0.005859375 0.019823788546255508
0 0.6376953125 0.28854625550660795 0.0048828125 0.013215859030837005
0 0.7197265625 0.3964757709251101 0.0146484375 0.04185022026431718
0 0.6640625 0.3744493392070485 0.0126953125 0.028634361233480177
0 0.69140625 0.3524229074889868 0.0078125 0.024229074889867842
0 0.689453125 0.2709251101321586 0.0068359375 0.022026431718061675
0 0.6748046875 0.2621145374449339 0.005859375 0.022026431718061675
0 0.791015625 0.31938325991189426 0.005859375 0.030837004405286344
0 0.7998046875 0.30176211453744495 0.0078125 0.03303964757709251
0 0.6435546875 0.3502202643171806 0.005859375 0.03303964757709251
0 0.765625 0.23348017621145375 0.0068359375 0.015418502202643172
0 0.734375 0.20044052863436124 0.005859375 0.015418502202643172
0 0.767578125 0.394273127753304 0.017578125 0.04405286343612335
0 0.830078125 0.394273127753304 0.0146484375 0.048458149779735685
0 0.8583984375 0.3590308370044053 0.0146484375 0.037444933920704845
0 0.888671875 0.31057268722466963 0.0126953125 0.028634361233480177
0 0.9541015625 0.32599118942731276 0.0126953125 0.039647577092511016
0 0.890625 0.3502202643171806 0.017578125 0.048458149779735685
0 0.9619140625 0.394273127753304 0.0166015625 0.048458149779735685
0 0.8369140625 0.2907488986784141 0.005859375 0.024229074889867842
0 0.890625 0.2511013215859031 0.0078125 0.02643171806167401