0 0.95703125 0.6354319180087847 0.0224609375 0.036603221083455345
0 0.857421875 0.6588579795021962 0.025390625 0.05124450951683748
0 0.7978515625 0.5797950219619327 0.0244140625 0.0424597364568082
0 0.662109375 0.5563689604685212 0.0107421875 0.02635431918008785
0 0.5869140625 0.6046852122986823 0.017578125 0.0424597364568082
0 0.5703125 0.5841874084919473 0.0166015625 0.03367496339677892
0 0.533203125 0.5710102489019033 0.0166015625 0.032210834553440704
0 0.55078125 0.5563689604685212 0.017578125 0.029282576866764276
0 0.533203125 0.6002928257686676 0.0146484375 0.03074670571010249
0 0.515625 0.6046852122986823 0.021484375 0.036603221083455345
0 0.546875 0.4407027818448023 0.005859375 0.008784773060029283
0 0.474609375 0.6427525622254758 0.021484375 0.03367496339677892
0 0.4638671875 0.623718887262079 0.017578125 0.032210834553440704
0 0.4619140625 0.6822840409956076 0.0205078125 0.03953147877013177
0 0.380859375 0.8301610541727672 0.0244140625 0.060029282576866766
0 0.32421875 0.6852122986822841 0.0234375 0.04978038067349927
0 0.3486328125 0.6310395314787701 0.017578125 0.03953147877013177
0 0.3232421875 0.5944363103953147 0.01171875 0.021961932650073207
0 0.2958984375 0.5797950219619327 0.0078125 0.027818448023426062
0 0.2666015625 0.6017569546120058 0.01171875 0.020497803806734993
0 0.25 0.6354319180087847 0.0126953125 0.032210834553440704
0 0.2333984375 0.6149341142020498 0.0185546875 0.032210834553440704
0 0.212890625 0.6222547584187409 0.015625 0.032210834553440704
0 0.2216796875 0.5783308931185944 0.0146484375 0.032210834553440704
0 0.1015625 0.6471449487554904 0.0224609375 0.03953147877013177
0 0.15234375 0.6002928257686676 0.013671875 0.03367496339677892
0 0.1806640625 0.5885797950219619 0.013671875 0.03367496339677892
0 0.0224609375 0.7818448023426061 0.0419921875 0.08052708638360176
0 0.7626953125 0.5051244509516838 0.0126953125 0.01903367496339678
0 0.70703125 0.5197657393850659 0.0126953125 0.021961932650073207
0 0.779296875 0.5431918008784773 0.0107421875 0.01903367496339678
0 0.98046875 0.5446559297218155 0.0126953125 0.01903367496339678
0 0.9296875 0.6325036603221084 0.0185546875 0.03513909224011713
0 0.796875 0.6881405563689604 0.02734375 0.04538799414348463
0 0.611328125 0.4333821376281113 0.0078125 0.013177159590043924
0 0.4697265625 0.4084919472913616 0.0048828125 0.010248901903367497
0 0.576171875 0.4333821376281113 0.0048828125 0.010248901903367497
0 0.5546875 0.4011713030746706 0.005859375 0.008784773060029283
0 0.5419921875 0.4172767203513909 0.005859375 0.010248901903367497
0 0.3662109375 0.41142020497803805 0.0078125 0.017569546120058566
0 0.3837890625 0.43191800878477304 0.0068359375 0.013177159590043924
0 0.228515625 0.4582723279648609 0.005859375 0.017569546120058566
0 0.25390625 0.445095168374817 0.0078125 0.013177159590043924
0 0.146484375 0.4143484626647145 0.0048828125 0.01171303074670571
0 0.1474609375 0.4377745241581259 0.0087890625 0.010248901903367497
0 0.044921875 0.4582723279648609 0.005859375 0.017569546120058566