0 0.107421875 0.4783950617283951 0.0400390625 0.05092592592592592
0 0.138671875 0.41203703703703703 0.025390625 0.041666666666666664
0 0.181640625 0.44598765432098764 0.0302734375 0.06944444444444445
0 0.2138671875 0.38425925925925924 0.017578125 0.035493827160493825
0 0.0107421875 0.39197530864197533 0.021484375 0.043209876543209874
0 0.0458984375 0.44598765432098764 0.033203125 0.07561728395061729
0 0.017578125 0.3487654320987654 0.0078125 0.012345679012345678
0 0.0341796875 0.3472222222222222 0.0068359375 0.012345679012345678
0 0.0595703125 0.3333333333333333 0.0068359375 0.012345679012345678
0 0.0810546875 0.37962962962962965 0.0078125 0.012345679012345678
0 0.0810546875 0.3333333333333333 0.005859375 0.010802469135802469
0 0.0869140625 0.3317901234567901 0.0068359375 0.010802469135802469
0 0.1015625 0.33641975308641975 0.005859375 0.010802469135802469
0 0.1103515625 0.3533950617283951 0.005859375 0.010802469135802469
0 0.0986328125 0.3611111111111111 0.005859375 0.010802469135802469
0 0.1044921875 0.37191358024691357 0.0048828125 0.009259259259259259
0 0.1142578125 0.36574074074074076 0.005859375 0.009259259259259259
0 0.0751953125 0.3487654320987654 0.005859375 0.010802469135802469
0 0.0546875 0.2839506172839506 0.0068359375 0.012345679012345678
0 0.087890625 0.29012345679012347 0.0068359375 0.012345679012345678
0 0.0439453125 0.39197530864197533 0.0146484375 0.024691358024691357
0 0.18359375 0.3055555555555556 0.0048828125 0.009259259259259259
0 0.2294921875 0.32253086419753085 0.0048828125 0.009259259259259259
0 0.2490234375 0.31790123456790126 0.0048828125 0.009259259259259259
0 0.263671875 0.4089506172839506 0.0341796875 0.06944444444444445
0 0.3447265625 0.4012345679012346 0.02734375 0.05864197530864197
0 0.373046875 0.41203703703703703 0.025390625 0.04938271604938271
0 0.3837890625 0.3256172839506173 0.0400390625 0.09104938271604938
0 0.4580078125 0.38117283950617287 0.0361328125 0.05864197530864197
0 0.498046875 0.39969135802469136 0.0400390625 0.10030864197530864
0 0.44921875 0.3148148148148148 0.0048828125 0.010802469135802469
0 0.546875 0.3117283950617284 0.0078125 0.013888888888888888
0 0.5703125 0.30864197530864196 0.0048828125 0.007716049382716049
0 0.5810546875 0.30401234567901236 0.005859375 0.009259259259259259
0 0.58203125 0.3148148148148148 0.0048828125 0.007716049382716049
0 0.591796875 0.30709876543209874 0.0048828125 0.009259259259259259
0 0.60546875 0.30864197530864196 0.0048828125 0.007716049382716049
0 0.623046875 0.30864197530864196 0.0048828125 0.007716049382716049
0 0.634765625 0.3101851851851852 0.00390625 0.009259259259259259
0 0.619140625 0.33641975308641975 0.005859375 0.010802469135802469
0 0.59765625 0.3425925925925926 0.0048828125 0.009259259259259259
0 0.580078125 0.3395061728395062 0.005859375 0.007716049382716049
0 0.57421875 0.33796296296296297 0.005859375 0.009259259259259259
0 0.6220703125 0.3626543209876543 0.0068359375 0.012345679012345678
0 0.634765625 0.3441358024691358 0.005859375 0.009259259259259259
0 0.6513671875 0.3132716049382716 0.00390625 0.009259259259259259
0 0.666015625 0.30246913580246915 0.00390625 0.006172839506172839
0 0.6728515625 0.30401234567901236 0.0048828125 0.007716049382716049
0 0.712890625 0.30401234567901236 0.0048828125 0.007716049382716049
0 0.70703125 0.30864197530864196 0.00390625 0.007716049382716049
0 0.724609375 0.30864197530864196 0.005859375 0.009259259259259259
0 0.7353515625 0.3101851851851852 0.0048828125 0.009259259259259259
0 0.8017578125 0.2916666666666667 0.005859375 0.010802469135802469
0 0.822265625 0.28858024691358025 0.0048828125 0.010802469135802469
0 0.8388671875 0.2916666666666667 0.005859375 0.012345679012345678
0 0.7841796875 0.3487654320987654 0.033203125 0.06481481481481481
0 0.73046875 0.3950617283950617 0.033203125 0.07253086419753087
0 0.568359375 0.3611111111111111 0.01171875 0.021604938271604937
0 0.5595703125 0.4089506172839506 0.0322265625 0.07253086419753087
0 0.60546875 0.4367283950617284 0.04296875 0.08179012345679013
0 0.666015625 0.4537037037037037 0.04296875 0.08487654320987655
0 0.6455078125 0.42592592592592593 0.0263671875 0.06018518518518518
0 0.841796875 0.4645061728395062 0.060546875 0.1111111111111111
0 0.94921875 0.39814814814814814 0.048828125 0.08333333333333333
0 0.982421875 0.48919753086419754 0.0341796875 0.08487654320987655
0 0.9892578125 0.33641975308641975 0.0068359375 0.012345679012345678
0 0.9970703125 0.3333333333333333 0.0048828125 0.013888888888888888
0 0.9912109375 0.3611111111111111 0.009765625 0.023148148148148147