0 0.091796875 0.30518518518518517 0.0048828125 0.008888888888888889
0 0.1171875 0.30518518518518517 0.0048828125 0.01037037037037037
0 0.1328125 0.30518518518518517 0.0048828125 0.008888888888888889
0 0.15234375 0.30666666666666664 0.0048828125 0.008888888888888889
0 0.1689453125 0.30518518518518517 0.0048828125 0.008888888888888889
0 0.1865234375 0.30962962962962964 0.005859375 0.008888888888888889
0 0.2060546875 0.3037037037037037 0.0048828125 0.007407407407407408
0 0.224609375 0.30962962962962964 0.00390625 0.008888888888888889
0 0.2412109375 0.3125925925925926 0.0048828125 0.008888888888888889
0 0.251953125 0.3540740740740741 0.00390625 0.008888888888888889
0 0.228515625 0.35703703703703704 0.00390625 0.007407407407407408
0 0.25 0.3837037037037037 0.0048828125 0.008888888888888889
0 0.2255859375 0.38074074074074077 0.0078125 0.013333333333333334
0 0.2080078125 0.37925925925925924 0.005859375 0.01037037037037037
0 0.185546875 0.37777777777777777 0.0048828125 0.008888888888888889
0 0.1845703125 0.3274074074074074 0.00390625 0.008888888888888889
0 0.1689453125 0.3496296296296296 0.005859375 0.01037037037037037
0 0.162109375 0.3274074074074074 0.005859375 0.011851851851851851
0 0.1513671875 0.3496296296296296 0.0078125 0.011851851851851851
0 0.1416015625 0.3288888888888889 0.005859375 0.01037037037037037
0 0.1279296875 0.34814814814814815 0.005859375 0.01037037037037037
0 0.1044921875 0.32592592592592595 0.005859375 0.008888888888888889
0 0.06640625 0.36 0.0048828125 0.011851851851851851
0 0.107421875 0.40296296296296297 0.005859375 0.011851851851851851
0 0.1337890625 0.40296296296296297 0.005859375 0.011851851851851851
0 0.140625 0.3762962962962963 0.0048828125 0.01037037037037037
0 0.16015625 0.37925925925925924 0.005859375 0.008888888888888889
0 0.15625 0.40296296296296297 0.00390625 0.008888888888888889
0 0.119140625 0.37777777777777777 0.0048828125 0.008888888888888889
0 0.0380859375 0.42518518518518517 0.0078125 0.011851851851851851
0 0.0185546875 0.4222222222222222 0.0068359375 0.008888888888888889
0 0.0126953125 0.4074074074074074 0.005859375 0.01037037037037037
0 0.0126953125 0.4533333333333333 0.0078125 0.011851851851851851
0 0.06640625 0.4888888888888889 0.0087890625 0.016296296296296295
0 0.052734375 0.4666666666666667 0.005859375 0.014814814814814815
0 0.0927734375 0.4711111111111111 0.0078125 0.014814814814814815
0 0.1044921875 0.48 0.0068359375 0.014814814814814815
0 0.1123046875 0.482962962962963 0.005859375 0.013333333333333334
0 0.1259765625 0.4948148148148148 0.005859375 0.013333333333333334
0 0.1533203125 0.49037037037037035 0.0048828125 0.013333333333333334
0 0.1728515625 0.49777777777777776 0.0068359375 0.011851851851851851
0 0.18359375 0.5155555555555555 0.0078125 0.013333333333333334
0 0.2001953125 0.44592592592592595 0.0068359375 0.013333333333333334
0 0.19921875 0.43407407407407406 0.005859375 0.011851851851851851
0 0.1767578125 0.44 0.0068359375 0.01037037037037037
0 0.228515625 0.4325925925925926 0.005859375 0.011851851851851851
0 0.2451171875 0.4488888888888889 0.005859375 0.013333333333333334
0 0.2607421875 0.43851851851851853 0.005859375 0.008888888888888889
0 0.236328125 0.4148148148148148 0.0048828125 0.008888888888888889
0 0.21484375 0.41185185185185186 0.005859375 0.01037037037037037
0 0.1103515625 0.4266666666666667 0.005859375 0.01037037037037037
0 0.1181640625 0.4414814814814815 0.0048828125 0.01037037037037037
0 0.0927734375 0.4311111111111111 0.0068359375 0.013333333333333334
0 0.087890625 0.40444444444444444 0.0068359375 0.01037037037037037
0 0.080078125 0.3762962962962963 0.005859375 0.008888888888888889
0 0.060546875 0.37925925925925924 0.0048828125 0.008888888888888889
0 0.3154296875 0.4014814814814815 0.005859375 0.011851851851851851
0 0.3349609375 0.4074074074074074 0.0048828125 0.008888888888888889
0 0.3095703125 0.5037037037037037 0.0078125 0.014814814814814815
0 0.279296875 0.30814814814814817 0.005859375 0.007407407407407408
0 0.2568359375 0.30962962962962964 0.00390625 0.005925925925925926
0 0.2548828125 0.33037037037037037 0.005859375 0.008888888888888889
0 0.2978515625 0.3111111111111111 0.00390625 0.008888888888888889
0 0.3173828125 0.30962962962962964 0.00390625 0.007407407407407408
0 0.33984375 0.30518518518518517 0.00390625 0.008888888888888889
0 0.359375 0.30518518518518517 0.0048828125 0.01037037037037037
0 0.396484375 0.30666666666666664 0.0048828125 0.007407407407407408
0 0.4150390625 0.3125925925925926 0.0048828125 0.007407407407407408
0 0.4365234375 0.30814814814814817 0.005859375 0.008888888888888889
0 0.455078125 0.31703703703703706 0.005859375 0.008888888888888889
0 0.4287109375 0.3362962962962963 0.005859375 0.007407407407407408
0 0.3876953125 0.3437037037037037 0.0087890625 0.023703703703703703
0 0.33984375 0.38222222222222224 0.005859375 0.01037037037037037
0 0.3486328125 0.33037037037037037 0.005859375 0.01037037037037037
0 0.33984375 0.4444444444444444 0.005859375 0.011851851851851851
0 0.3486328125 0.4325925925925926 0.005859375 0.014814814814814815
0 0.37109375 0.4311111111111111 0.0068359375 0.01037037037037037
0 0.353515625 0.41333333333333333 0.0048828125 0.008888888888888889
0 0.3603515625 0.40444444444444444 0.005859375 0.007407407407407408
0 0.3974609375 0.43555555555555553 0.005859375 0.011851851851851851
0 0.3955078125 0.4103703703703704 0.005859375 0.013333333333333334
0 0.419921875 0.43407407407407406 0.005859375 0.013333333333333334
0 0.44140625 0.43555555555555553 0.0087890625 0.011851851851851851
0 0.466796875 0.4148148148148148 0.0078125 0.016296296296296295
0 0.4658203125 0.3851851851851852 0.005859375 0.01037037037037037
0 0.484375 0.3837037037037037 0.0048828125 0.01037037037037037
0 0.4873046875 0.362962962962963 0.005859375 0.011851851851851851
0 0.44140625 0.38814814814814813 0.0068359375 0.014814814814814815
0 0.3046875 0.4311111111111111 0.0068359375 0.011851851851851851
0 0.404296875 0.3762962962962963 0.005859375 0.017777777777777778
0 0.4013671875 0.3585185185185185 0.005859375 0.01037037037037037
0 0.380859375 0.38074074074074077 0.0068359375 0.014814814814814815
0 0.34375 0.3748148148148148 0.005859375 0.014814814814814815
0 0.32421875 0.35703703703703704 0.005859375 0.011851851851851851
0 0.4423828125 0.35703703703703704 0.0068359375 0.013333333333333334
0 0.423828125 0.3585185185185185 0.0048828125 0.008888888888888889
0 0.501953125 0.38814814814814813 0.0048828125 0.01037037037037037
0 0.50390625 0.35703703703703704 0.005859375 0.011851851851851851
0 0.5283203125 0.36148148148148146 0.0048828125 0.01037037037037037
0 0.5439453125 0.36 0.0048828125 0.01037037037037037
0 0.5390625 0.39111111111111113 0.00390625 0.008888888888888889
0 0.5224609375 0.39555555555555555 0.0068359375 0.013333333333333334
0 0.525390625 0.41185185185185186 0.00390625 0.01037037037037037
0 0.515625 0.43555555555555553 0.005859375 0.01037037037037037
0 0.4951171875 0.43851851851851853 0.0068359375 0.011851851851851851
0 0.4716796875 0.3333333333333333 0.00390625 0.008888888888888889
0 0.47265625 0.3125925925925926 0.005859375 0.01037037037037037
0 0.4892578125 0.32 0.005859375 0.01037037037037037
0 0.5068359375 0.3214814814814815 0.005859375 0.01037037037037037
0 0.4501953125 0.3333333333333333 0.005859375 0.011851851851851851
0 0.4873046875 0.3377777777777778 0.0068359375 0.011851851851851851
0 0.5224609375 0.3111111111111111 0.00390625 0.005925925925925926
0 0.529296875 0.3214814814814815 0.0048828125 0.01037037037037037
0 0.5244140625 0.3333333333333333 0.0048828125 0.01037037037037037
0 0.5419921875 0.33925925925925926 0.0048828125 0.01037037037037037
0 0.546875 0.31555555555555553 0.005859375 0.011851851851851851
0 0.564453125 0.3362962962962963 0.0068359375 0.008888888888888889
0 0.5859375 0.33925925925925926 0.0048828125 0.01037037037037037
0 0.5830078125 0.30962962962962964 0.005859375 0.011851851851851851
0 0.60546875 0.31407407407407406 0.0048828125 0.011851851851851851
0 0.607421875 0.3362962962962963 0.0078125 0.013333333333333334
0 0.6240234375 0.31555555555555553 0.0068359375 0.01037037037037037
0 0.6435546875 0.31703703703703706 0.0048828125 0.01037037037037037
0 0.6630859375 0.32296296296296295 0.0048828125 0.01037037037037037
0 0.6279296875 0.34074074074074073 0.00390625 0.007407407407407408
0 0.607421875 0.38666666666666666 0.005859375 0.011851851851851851
0 0.587890625 0.38814814814814813 0.0078125 0.011851851851851851
0 0.5634765625 0.38814814814814813 0.009765625 0.01925925925925926
0 0.564453125 0.35703703703703704 0.0087890625 0.014814814814814815
0 0.54296875 0.4148148148148148 0.0048828125 0.01037037037037037
0 0.56640625 0.4148148148148148 0.005859375 0.011851851851851851
0 0.5869140625 0.4148148148148148 0.0068359375 0.011851851851851851
0 0.607421875 0.4148148148148148 0.0087890625 0.011851851851851851
0 0.6064453125 0.4414814814814815 0.005859375 0.013333333333333334
0 0.5869140625 0.44296296296296295 0.0078125 0.013333333333333334
0 0.5634765625 0.4414814814814815 0.005859375 0.01037037037037037
0 0.541015625 0.44 0.0078125 0.01037037037037037
0 0.6318359375 0.4148148148148148 0.0048828125 0.011851851851851851
0 0.630859375 0.3851851851851852 0.0068359375 0.011851851851851851
0 0.6474609375 0.3585185185185185 0.0068359375 0.011851851851851851
0 0.6611328125 0.35703703703703704 0.005859375 0.013333333333333334
0 0.677734375 0.36592592592592593 0.005859375 0.01037037037037037
0 0.6884765625 0.4148148148148148 0.0078125 0.013333333333333334
0 0.6591796875 0.39111111111111113 0.0048828125 0.01037037037037037
0 0.6435546875 0.44 0.0048828125 0.011851851851851851
0 0.65234375 0.45481481481481484 0.0068359375 0.013333333333333334
0 0.6708984375 0.46370370370370373 0.0078125 0.013333333333333334
0 0.6796875 0.4785185185185185 0.0078125 0.011851851851851851
0 0.7138671875 0.4711111111111111 0.0078125 0.017777777777777778
0 0.7041015625 0.44296296296296295 0.0078125 0.011851851851851851
0 0.6796875 0.43703703703703706 0.0068359375 0.011851851851851851
0 0.7158203125 0.3896296296296296 0.005859375 0.01037037037037037
0 0.712890625 0.36592592592592593 0.0048828125 0.01037037037037037
0 0.7001953125 0.34074074074074073 0.005859375 0.01037037037037037
0 0.703125 0.31703703703703706 0.005859375 0.008888888888888889
0 0.720703125 0.32296296296296295 0.005859375 0.013333333333333334
0 0.7373046875 0.32296296296296295 0.0048828125 0.011851851851851851
0 0.6865234375 0.31407407407407406 0.005859375 0.01037037037037037
0 0.7392578125 0.39555555555555555 0.005859375 0.014814814814814815
0 0.7587890625 0.39555555555555555 0.005859375 0.011851851851851851
0 0.77734375 0.397037037037037 0.0078125 0.016296296296296295
0 0.7490234375 0.37037037037037035 0.00390625 0.008888888888888889
0 0.8125 0.37037037037037035 0.005859375 0.01037037037037037
0 0.818359375 0.3437037037037037 0.0068359375 0.011851851851851851
0 0.8134765625 0.3244444444444444 0.005859375 0.008888888888888889
0 0.7802734375 0.32296296296296295 0.0048828125 0.01037037037037037
0 0.7568359375 0.3214814814814815 0.0068359375 0.01037037037037037
0 0.783203125 0.4414814814814815 0.0068359375 0.011851851851851851
0 0.759765625 0.44 0.0078125 0.013333333333333334
0 0.7373046875 0.43407407407407406 0.0068359375 0.011851851851851851
0 0.7177734375 0.4148148148148148 0.0068359375 0.014814814814814815
0 0.7294921875 0.4577777777777778 0.0068359375 0.014814814814814815
0 0.74609375 0.4696296296296296 0.0078125 0.013333333333333334
0 0.7333984375 0.4785185185185185 0.005859375 0.01037037037037037
0 0.8056640625 0.4488888888888889 0.0068359375 0.014814814814814815
0 0.8291015625 0.4488888888888889 0.0078125 0.014814814814814815
0 0.8369140625 0.32592592592592595 0.005859375 0.008888888888888889
0 0.853515625 0.32592592592592595 0.0048828125 0.008888888888888889
0 0.8623046875 0.3466666666666667 0.0068359375 0.01037037037037037
0 0.88671875 0.3451851851851852 0.005859375 0.011851851851851851
0 0.8720703125 0.37037037037037035 0.005859375 0.011851851851851851
0 0.849609375 0.3748148148148148 0.0048828125 0.011851851851851851
0 0.830078125 0.37777777777777777 0.0068359375 0.008888888888888889
0 0.8095703125 0.42074074074074075 0.005859375 0.01037037037037037
0 0.83203125 0.42074074074074075 0.005859375 0.013333333333333334
0 0.8525390625 0.42814814814814817 0.005859375 0.01037037037037037
0 0.8759765625 0.4222222222222222 0.0068359375 0.013333333333333334
0 0.8876953125 0.4014814814814815 0.005859375 0.011851851851851851
0 0.9150390625 0.45925925925925926 0.0078125 0.016296296296296295
0 0.919921875 0.42962962962962964 0.005859375 0.013333333333333334
0 0.8935546875 0.4266666666666667 0.005859375 0.01037037037037037
0 0.875 0.45185185185185184 0.0068359375 0.011851851851851851
0 0.85546875 0.4740740740740741 0.0068359375 0.014814814814814815
0 0.83203125 0.5037037037037037 0.0068359375 0.013333333333333334
0 0.8232421875 0.5051851851851852 0.005859375 0.011851851851851851
0 0.845703125 0.5214814814814814 0.0078125 0.014814814814814815
0 0.78515625 0.5111111111111111 0.0078125 0.014814814814814815
0 0.79296875 0.49037037037037035 0.005859375 0.013333333333333334
0 0.8134765625 0.48444444444444446 0.005859375 0.013333333333333334
0 0.7509765625 0.4962962962962963 0.0087890625 0.014814814814814815
0 0.7333984375 0.5170370370370371 0.0068359375 0.016296296296296295
0 0.7255859375 0.5081481481481481 0.0087890625 0.014814814814814815
0 0.7119140625 0.5022222222222222 0.0087890625 0.017777777777777778
0 0.80859375 0.47555555555555556 0.0078125 0.014814814814814815
0 0.8359375 0.4785185185185185 0.0087890625 0.014814814814814815
0 0.8984375 0.4562962962962963 0.005859375 0.014814814814814815
0 0.875 0.4948148148148148 0.0068359375 0.013333333333333334
0 0.92578125 0.5140740740740741 0.0078125 0.014814814814814815
0 0.939453125 0.4696296296296296 0.0078125 0.011851851851851851
0 0.978515625 0.49037037037037035 0.0078125 0.013333333333333334
0 0.9541015625 0.5066666666666667 0.0078125 0.011851851851851851
0 0.9765625 0.5096296296296297 0.0068359375 0.014814814814814815
0 0.982421875 0.562962962962963 0.0068359375 0.014814814814814815
0 0.9130859375 0.5866666666666667 0.0078125 0.016296296296296295
0 0.896484375 0.5748148148148148 0.009765625 0.013333333333333334
0 0.90234375 0.5362962962962963 0.0078125 0.016296296296296295
0 0.87890625 0.5437037037037037 0.0068359375 0.013333333333333334
0 0.8154296875 0.5466666666666666 0.0087890625 0.017777777777777778
0 0.8427734375 0.5496296296296296 0.0078125 0.01925925925925926
0 0.796875 0.5807407407407408 0.0087890625 0.01925925925925926
0 0.833984375 0.5777777777777777 0.0078125 0.02074074074074074
0 0.890625 0.6 0.01171875 0.02074074074074074
0 0.896484375 0.6370370370370371 0.0107421875 0.017777777777777778
0 0.861328125 0.6385185185185185 0.01171875 0.02074074074074074
0 0.900390625 0.6666666666666666 0.009765625 0.017777777777777778
0 0.994140625 0.482962962962963 0.0107421875 0.022222222222222223
0 0.095703125 0.5214814814814814 0.0068359375 0.016296296296296295
0 0.115234375 0.5244444444444445 0.0078125 0.013333333333333334
0 0.1083984375 0.5422222222222223 0.0078125 0.013333333333333334
0 0.123046875 0.5555555555555556 0.0068359375 0.014814814814814815
0 0.1611328125 0.5362962962962963 0.0068359375 0.016296296296296295
0 0.1953125 0.5392592592592592 0.0087890625 0.014814814814814815
0 0.1884765625 0.5614814814814815 0.0078125 0.016296296296296295
0 0.2158203125 0.5496296296296296 0.005859375 0.013333333333333334
0 0.224609375 0.5318518518518518 0.0068359375 0.013333333333333334
0 0.234375 0.5259259259259259 0.0087890625 0.014814814814814815
0 0.1953125 0.48 0.0078125 0.014814814814814815
0 0.2109375 0.5066666666666667 0.0078125 0.013333333333333334
0 0.2265625 0.49925925925925924 0.0068359375 0.014814814814814815
0 0.060546875 0.5377777777777778 0.0078125 0.014814814814814815
0 0.0673828125 0.5644444444444444 0.0068359375 0.013333333333333334
0 0.0791015625 0.5837037037037037 0.0068359375 0.014814814814814815
0 0.1044921875 0.5940740740740741 0.0078125 0.017777777777777778
0 0.029296875 0.5259259259259259 0.0107421875 0.017777777777777778
0 0.0419921875 0.5096296296296297 0.0078125 0.013333333333333334
0 0.021484375 0.4962962962962963 0.0068359375 0.013333333333333334
0 0.017578125 0.5762962962962963 0.0078125 0.016296296296296295
0 0.0185546875 0.6888888888888889 0.0087890625 0.016296296296296295
0 0.138671875 0.7718518518518519 0.0087890625 0.02074074074074074
0 0.083984375 0.7955555555555556 0.0087890625 0.017777777777777778
0 0.1484375 0.6562962962962963 0.0107421875 0.017777777777777778
0 0.216796875 0.4562962962962963 0.009765625 0.01925925925925926
0 0.4375 0.41333333333333333 0.0068359375 0.013333333333333334
0 0.4189453125 0.4103703703703704 0.005859375 0.014814814814814815
0 0.8173828125 0.6370370370370371 0.0068359375 0.014814814814814815
0 0.98046875 0.8237037037037037 0.0107421875 0.02074074074074074
0 0.8427734375 0.7659259259259259 0.0087890625 0.022222222222222223
0 0.802734375 0.6681481481481482 0.0078125 0.017777777777777778
0 0.201171875 0.7866666666666666 0.009765625 0.02074074074074074
0 0.6455078125 0.5066666666666667 0.0078125 0.016296296296296295
0 0.6337890625 0.46814814814814815 0.0068359375 0.016296296296296295
0 0.6865234375 0.5037037037037037 0.0087890625 0.014814814814814815
0 0.7158203125 0.5777777777777777 0.005859375 0.014814814814814815
0 0.6962890625 0.5644444444444444 0.0078125 0.014814814814814815
0 0.720703125 0.5451851851851852 0.0068359375 0.016296296296296295
0 0.720703125 0.5259259259259259 0.0078125 0.014814814814814815
0 0.70703125 0.5185185185185185 0.0068359375 0.014814814814814815
0 0.7626953125 0.5244444444444445 0.0078125 0.016296296296296295
0 0.7548828125 0.5748148148148148 0.005859375 0.014814814814814815
0 0.7470703125 0.554074074074074 0.005859375 0.011851851851851851
0 0.796875 0.39111111111111113 0.0068359375 0.013333333333333334
0 0.7978515625 0.34814814814814815 0.005859375 0.013333333333333334
0 0.9208984375 0.6192592592592593 0.01171875 0.025185185185185185
0 0.9794921875 0.6370370370370371 0.0087890625 0.02074074074074074
0 0.6708984375 0.49037037037037035 0.0078125 0.016296296296296295
0 0.6982421875 0.4918518518518519 0.0068359375 0.017777777777777778
0 0.896484375 0.482962962962963 0.0068359375 0.011851851851851851
0 0.2578125 0.48444444444444446 0.0078125 0.014814814814814815
0 0.2529296875 0.46370370370370373 0.005859375 0.013333333333333334
0 0.0625 0.5955555555555555 0.0087890625 0.014814814814814815
0 0.080078125 0.6192592592592593 0.0107421875 0.017777777777777778
0 0.111328125 0.6385185185185185 0.0078125 0.017777777777777778
0 0.0361328125 0.6251851851851852 0.0087890625 0.022222222222222223
0 0.0751953125 0.6577777777777778 0.0068359375 0.014814814814814815
0 0.1025390625 0.56 0.0078125 0.014814814814814815
0 0.1455078125 0.6844444444444444 0.0078125 0.017777777777777778
0 0.9482421875 0.7466666666666667 0.0087890625 0.01925925925925926
0 0.8408203125 0.3925925925925926 0.0048828125 0.007407407407407408
0 0.8447265625 0.3451851851851852 0.005859375 0.013333333333333334
0 0.8193359375 0.42074074074074075 0.005859375 0.008888888888888889
0 0.8466796875 0.45481481481481484 0.0068359375 0.013333333333333334
0 0.8623046875 0.39111111111111113 0.0078125 0.014814814814814815
0 0.8671875 0.5688888888888889 0.0078125 0.013333333333333334
0 0.859375 0.5392592592592592 0.005859375 0.011851851851851851
0 0.896484375 0.5185185185185185 0.0048828125 0.011851851851851851
0 0.8681640625 0.5081481481481481 0.0068359375 0.014814814814814815
0 0.8037109375 0.5644444444444444 0.0087890625 0.011851851851851851
0 0.962890625 0.562962962962963 0.009765625 0.016296296296296295
0 0.9716796875 0.5392592592592592 0.0087890625 0.017777777777777778
0 0.9619140625 0.5362962962962963 0.0048828125 0.013333333333333334
0 0.9443359375 0.5259259259259259 0.0087890625 0.017777777777777778
0 0.78515625 0.5837037037037037 0.005859375 0.013333333333333334
0 0.7734375 0.5081481481481481 0.0078125 0.011851851851851851
0 0.7861328125 0.45925925925925926 0.0048828125 0.011851851851851851
0 0.6083984375 0.35703703703703704 0.0048828125 0.007407407407407408
0 0.7880859375 0.37333333333333335 0.0048828125 0.01037037037037037
0 0.783203125 0.3422222222222222 0.005859375 0.013333333333333334
0 0.7705078125 0.42518518518518517 0.0048828125 0.007407407407407408
0 0.69140625 0.5422222222222223 0.0048828125 0.013333333333333334
0 0.583984375 0.36 0.0048828125 0.007407407407407408
0 0.501953125 0.4074074074074074 0.0048828125 0.01037037037037037
0 0.4814453125 0.41185185185185186 0.0048828125 0.01037037037037037
0 0.50390625 0.3362962962962963 0.0048828125 0.01037037037037037
0 0.51171875 0.33925925925925926 0.00390625 0.007407407407407408
0 0.3623046875 0.37925925925925924 0.005859375 0.01037037037037037
0 0.2451171875 0.4888888888888889 0.0048828125 0.011851851851851851
0 0.12109375 0.3274074074074074 0.0048828125 0.01037037037037037
0 0.19921875 0.3333333333333333 0.005859375 0.01037037037037037
0 0.083984375 0.33185185185185184 0.005859375 0.014814814814814815
0 0.1943359375 0.40296296296296297 0.005859375 0.011851851851851851
0 0.1748046875 0.4088888888888889 0.005859375 0.007407407407407408
0 0.1552734375 0.42962962962962964 0.005859375 0.011851851851851851
0 0.142578125 0.4237037037037037 0.0048828125 0.007407407407407408
0 0.13671875 0.43555555555555553 0.005859375 0.013333333333333334
0 0.0673828125 0.43555555555555553 0.0068359375 0.01037037037037037
0 0.0712890625 0.4533333333333333 0.005859375 0.008888888888888889
0 0.1328125 0.482962962962963 0.0048828125 0.011851851851851851
0 0.1025390625 0.37037037037037035 0.005859375 0.01037037037037037
0 0.1748046875 0.5525925925925926 0.005859375 0.014814814814814815
0 0.1572265625 0.5525925925925926 0.0087890625 0.014814814814814815
0 0.2080078125 0.5659259259259259 0.005859375 0.014814814814814815
0 0.0869140625 0.5451851851851852 0.0068359375 0.011851851851851851
0 0.7685546875 0.48444444444444446 0.005859375 0.013333333333333334
0 0.7626953125 0.48592592592592593 0.005859375 0.014814814814814815
0 0.783203125 0.5585185185185185 0.0078125 0.01037037037037037
0 0.6640625 0.5288888888888889 0.009765625 0.013333333333333334
0 0.765625 0.5807407407407408 0.0078125 0.014814814814814815
0 0.7841796875 0.5318518518518518 0.0107421875 0.014814814814814815
0 0.7314453125 0.5792592592592593 0.0078125 0.016296296296296295
0 0.7744140625 0.6162962962962963 0.009765625 0.017777777777777778
0 0.9794921875 0.6903703703703704 0.0087890625 0.02074074074074074
0 0.017578125 0.8429629629629629 0.009765625 0.02962962962962963