0 0.0712890625 0.70703125 0.0107421875 0.028645833333333332
0 0.0126953125 0.71875 0.0146484375 0.036458333333333336
0 0.0224609375 0.84765625 0.015625 0.044270833333333336
0 0.1728515625 0.8919270833333334 0.01953125 0.032552083333333336
0 0.25 0.8776041666666666 0.025390625 0.040364583333333336
0 0.2666015625 0.6432291666666666 0.0087890625 0.026041666666666668
0 0.224609375 0.4700520833333333 0.0048828125 0.010416666666666666
0 0.2939453125 0.46875 0.0048828125 0.01171875
0 0.302734375 0.4700520833333333 0.005859375 0.01171875
0 0.31640625 0.47265625 0.005859375 0.01171875
0 0.337890625 0.4856770833333333 0.00390625 0.009114583333333334
0 0.2802734375 0.4661458333333333 0.0048828125 0.010416666666666666
0 0.26953125 0.4765625 0.00390625 0.009114583333333334
0 0.23828125 0.4973958333333333 0.005859375 0.010416666666666666
0 0.24609375 0.4986979166666667 0.005859375 0.010416666666666666
0 0.25390625 0.4856770833333333 0.005859375 0.010416666666666666
0 0.263671875 0.4934895833333333 0.00390625 0.01171875
0 0.275390625 0.4869791666666667 0.0068359375 0.009114583333333334
0 0.2890625 0.48046875 0.005859375 0.0078125
0 0.263671875 0.5729166666666666 0.0087890625 0.01953125
0 0.2958984375 0.484375 0.0068359375 0.0078125
0 0.30078125 0.4934895833333333 0.005859375 0.013020833333333334
0 0.2333984375 0.5104166666666666 0.0107421875 0.014322916666666666
0 0.2197265625 0.515625 0.0048828125 0.01171875
0 0.2841796875 0.5065104166666666 0.0068359375 0.01171875
0 0.2890625 0.515625 0.0068359375 0.013020833333333334
0 0.2958984375 0.51171875 0.005859375 0.01171875
0 0.3017578125 0.51171875 0.0078125 0.01171875
0 0.322265625 0.5 0.005859375 0.01171875
0 0.283203125 0.5364583333333334 0.0078125 0.014322916666666666
0 0.287109375 0.5286458333333334 0.005859375 0.01171875
0 0.302734375 0.5299479166666666 0.009765625 0.014322916666666666
0 0.283203125 0.5546875 0.0068359375 0.01171875
0 0.3154296875 0.5208333333333334 0.0087890625 0.013020833333333334
0 0.333984375 0.51953125 0.0078125 0.013020833333333334
0 0.3173828125 0.53515625 0.0078125 0.014322916666666666
0 0.26171875 0.5208333333333334 0.005859375 0.01171875
0 0.306640625 0.5546875 0.0107421875 0.014322916666666666
0 0.3017578125 0.5729166666666666 0.0078125 0.015625
0 0.2900390625 0.6354166666666666 0.0087890625 0.01953125
0 0.302734375 0.6614583333333334 0.0087890625 0.026041666666666668
0 0.3486328125 0.6861979166666666 0.013671875 0.028645833333333332
0 0.2646484375 0.5377604166666666 0.0068359375 0.013020833333333334
0 0.25 0.5247395833333334 0.0068359375 0.010416666666666666
0 0.34765625 0.4791666666666667 0.005859375 0.010416666666666666
0 0.3505859375 0.5078125 0.0068359375 0.01171875
0 0.3662109375 0.5143229166666666 0.005859375 0.010416666666666666
0 0.35546875 0.53125 0.0068359375 0.014322916666666666
0 0.33203125 0.5338541666666666 0.0087890625 0.013020833333333334
0 0.326171875 0.4895833333333333 0.005859375 0.0078125
0 0.3564453125 0.4947916666666667 0.00390625 0.01171875
0 0.373046875 0.4791666666666667 0.005859375 0.010416666666666666
0 0.4091796875 0.4713541666666667 0.0048828125 0.0078125
0 0.4169921875 0.4713541666666667 0.0048828125 0.009114583333333334
0 0.404296875 0.48046875 0.0068359375 0.009114583333333334
0 0.375 0.4947916666666667 0.005859375 0.009114583333333334
0 0.373046875 0.5143229166666666 0.0068359375 0.01171875
0 0.38671875 0.5065104166666666 0.0068359375 0.01171875
0 0.380859375 0.5325520833333334 0.005859375 0.013020833333333334
0 0.3642578125 0.55078125 0.0078125 0.013020833333333334
0 0.380859375 0.5598958333333334 0.0068359375 0.014322916666666666
0 0.3681640625 0.6080729166666666 0.01171875 0.018229166666666668
0 0.390625 0.6588541666666666 0.0107421875 0.01953125
0 0.36328125 0.6236979166666666 0.0087890625 0.01953125
0 0.4287109375 0.4752604166666667 0.005859375 0.010416666666666666
0 0.4384765625 0.4765625 0.005859375 0.009114583333333334
0 0.4541015625 0.47265625 0.005859375 0.009114583333333334
0 0.4716796875 0.47265625 0.0068359375 0.009114583333333334
0 0.4677734375 0.4934895833333333 0.005859375 0.010416666666666666
0 0.447265625 0.4921875 0.005859375 0.013020833333333334
0 0.4189453125 0.4817708333333333 0.005859375 0.009114583333333334
0 0.439453125 0.5026041666666666 0.0048828125 0.009114583333333334
0 0.412109375 0.49609375 0.0068359375 0.009114583333333334
0 0.4052734375 0.50390625 0.0068359375 0.010416666666666666
0 0.400390625 0.5 0.0068359375 0.01171875
0 0.3974609375 0.515625 0.005859375 0.01171875
0 0.388671875 0.5546875 0.0048828125 0.014322916666666666
0 0.4189453125 0.53125 0.0068359375 0.013020833333333334
0 0.4267578125 0.5390625 0.0078125 0.014322916666666666
0 0.4296875 0.57421875 0.009765625 0.022135416666666668
0 0.3935546875 0.58203125 0.0068359375 0.01171875
0 0.4482421875 0.5690104166666666 0.005859375 0.013020833333333334
0 0.4951171875 0.5716145833333334 0.0087890625 0.015625
0 0.490234375 0.6184895833333334 0.0107421875 0.022135416666666668
0 0.4521484375 0.6315104166666666 0.01171875 0.01953125
0 0.28125 0.7044270833333334 0.0185546875 0.02734375
0 0.06640625 0.4700520833333333 0.005859375 0.009114583333333334
0 0.0732421875 0.4661458333333333 0.00390625 0.005208333333333333
0 0.0703125 0.48046875 0.0048828125 0.0078125
0 0.0771484375 0.4869791666666667 0.005859375 0.009114583333333334
0 0.0712890625 0.5078125 0.005859375 0.010416666666666666
0 0.0771484375 0.5013020833333334 0.0068359375 0.013020833333333334
0 0.0908203125 0.5 0.0048828125 0.0078125
0 0.0927734375 0.5104166666666666 0.0048828125 0.006510416666666667
0 0.1259765625 0.4908854166666667 0.005859375 0.010416666666666666
0 0.11328125 0.4986979166666667 0.0048828125 0.009114583333333334
0 0.1318359375 0.50390625 0.00390625 0.009114583333333334
0 0.1083984375 0.51953125 0.005859375 0.010416666666666666
0 0.1630859375 0.49609375 0.005859375 0.009114583333333334
0 0.17578125 0.484375 0.005859375 0.009114583333333334
0 0.1611328125 0.5065104166666666 0.005859375 0.010416666666666666
0 0.146484375 0.515625 0.005859375 0.009114583333333334
0 0.064453125 0.4921875 0.0048828125 0.009114583333333334
0 0.0595703125 0.4869791666666667 0.00390625 0.009114583333333334
0 0.0166015625 0.4609375 0.0048828125 0.010416666666666666
0 0.0625 0.53125 0.0087890625 0.016927083333333332
0 0.1748046875 0.5182291666666666 0.005859375 0.010416666666666666
0 0.16796875 0.5234375 0.0068359375 0.013020833333333334
0 0.1591796875 0.53515625 0.0068359375 0.013020833333333334
0 0.166015625 0.55078125 0.0048828125 0.014322916666666666
0 0.1396484375 0.5390625 0.0068359375 0.014322916666666666
0 0.1337890625 0.5338541666666666 0.005859375 0.013020833333333334
0 0.09765625 0.5611979166666666 0.009765625 0.015625
0 0.119140625 0.5651041666666666 0.0068359375 0.013020833333333334
0 0.1416015625 0.5885416666666666 0.0068359375 0.014322916666666666
0 0.095703125 0.5794270833333334 0.005859375 0.013020833333333334
0 0.0986328125 0.62109375 0.0107421875 0.01953125
0 0.0712890625 0.61328125 0.009765625 0.014322916666666666
0 0.1279296875 0.6263020833333334 0.009765625 0.020833333333333332
0 0.1494140625 0.63671875 0.0166015625 0.026041666666666668
0 0.103515625 0.6627604166666666 0.0126953125 0.026041666666666668
0 0.18359375 0.5013020833333334 0.005859375 0.009114583333333334
0 0.4267578125 0.49609375 0.005859375 0.009114583333333334
0 0.486328125 0.5625 0.005859375 0.013020833333333334
0 0.53125 0.5768229166666666 0.009765625 0.016927083333333332
0 0.5517578125 0.58203125 0.009765625 0.020833333333333332
0 0.57421875 0.5611979166666666 0.009765625 0.016927083333333332
0 0.5830078125 0.6015625 0.01171875 0.018229166666666668
0 0.513671875 0.7486979166666666 0.0087890625 0.026041666666666668
0 0.5029296875 0.7526041666666666 0.017578125 0.029947916666666668
0 0.58203125 0.6640625 0.0068359375 0.016927083333333332
0 0.4609375 0.8763020833333334 0.0263671875 0.05078125
0 0.24609375 0.5598958333333334 0.005859375 0.013020833333333334
0 0.6083984375 0.5598958333333334 0.0087890625 0.016927083333333332
0 0.6728515625 0.5963541666666666 0.0107421875 0.020833333333333332
0 0.6953125 0.6028645833333334 0.0068359375 0.01953125
0 0.7080078125 0.6028645833333334 0.0107421875 0.01953125
0 0.681640625 0.6145833333333334 0.005859375 0.010416666666666666
0 0.76171875 0.625 0.0126953125 0.026041666666666668
0 0.802734375 0.6315104166666666 0.0126953125 0.026041666666666668
0 0.69140625 0.64453125 0.0087890625 0.018229166666666668
0 0.7529296875 0.6627604166666666 0.005859375 0.020833333333333332
0 0.7333984375 0.7005208333333334 0.015625 0.022135416666666668
0 0.6826171875 0.7747395833333334 0.0166015625 0.028645833333333332
0 0.7861328125 0.7122395833333334 0.0107421875 0.029947916666666668
0 0.859375 0.5286458333333334 0.0048828125 0.01171875
0 0.90234375 0.5338541666666666 0.0087890625 0.016927083333333332
0 0.9833984375 0.6315104166666666 0.0087890625 0.020833333333333332
0 0.849609375 0.61328125 0.013671875 0.0234375
0 0.8408203125 0.6549479166666666 0.013671875 0.0234375
0 0.8857421875 0.7200520833333334 0.015625 0.029947916666666668
0 0.927734375 0.86328125 0.0263671875 0.046875
0 0.9384765625 0.9427083333333334 0.0205078125 0.053385416666666664
0 0.2197265625 0.5403645833333334 0.0048828125 0.01171875
0 0.11328125 0.484375 0.0048828125 0.010416666666666666
0 0.1767578125 0.55859375 0.0068359375 0.01171875
0 0.4521484375 0.4596354166666667 0.0087890625 0.016927083333333332
0 0.8701171875 0.6145833333333334 0.0078125 0.01953125