0 0.5146484375 0.1464968152866242 0.00390625 0.011146496815286623
0 0.486328125 0.15286624203821655 0.005859375 0.011146496815286623
0 0.4912109375 0.22929936305732485 0.0234375 0.05573248407643312
0 0.517578125 0.20063694267515925 0.0087890625 0.022292993630573247
0 0.5546875 0.1751592356687898 0.013671875 0.02388535031847134
0 0.634765625 0.2229299363057325 0.021484375 0.04936305732484077
0 0.556640625 0.2898089171974522 0.0322265625 0.05573248407643312
0 0.763671875 0.2611464968152866 0.04296875 0.09235668789808917
0 0.736328125 0.15286624203821655 0.0087890625 0.014331210191082803
0 0.7880859375 0.21337579617834396 0.03515625 0.07006369426751592
0 0.724609375 0.28343949044585987 0.056640625 0.11624203821656051
0 0.6259765625 0.25636942675159236 0.0234375 0.052547770700636945
0 0.603515625 0.34394904458598724 0.044921875 0.10191082802547771
0 0.5341796875 0.38057324840764334 0.05859375 0.1321656050955414
0 0.482421875 0.29777070063694266 0.03125 0.08598726114649681
0 0.4140625 0.25477707006369427 0.025390625 0.050955414012738856
0 0.31640625 0.25955414012738853 0.01171875 0.02388535031847134
0 0.3583984375 0.35668789808917195 0.0634765625 0.1480891719745223
0 0.427734375 0.34235668789808915 0.03125 0.07484076433121019
0 0.26953125 0.27229299363057324 0.0126953125 0.03184713375796178
0 0.267578125 0.3248407643312102 0.0146484375 0.03503184713375796
0 0.2431640625 0.33121019108280253 0.013671875 0.030254777070063694
0 0.169921875 0.267515923566879 0.0087890625 0.01751592356687898
0 0.1904296875 0.3232484076433121 0.0263671875 0.04936305732484077
0 0.0625 0.31369426751592355 0.0078125 0.014331210191082803
0 0.044921875 0.34235668789808915 0.0078125 0.027070063694267517
0 0.1142578125 0.39012738853503187 0.0419921875 0.07643312101910828
0 0.09375 0.46656050955414013 0.0673828125 0.12261146496815287
0 0.03125 0.43789808917197454 0.0380859375 0.06847133757961783
0 0.2275390625 0.5063694267515924 0.0849609375 0.1767515923566879
0 0.15234375 0.410828025477707 0.0517578125 0.09713375796178345
0 0.1748046875 0.321656050955414 0.01953125 0.03662420382165605
0 0.0283203125 0.5732484076433121 0.056640625 0.22611464968152867
0 0.5283203125 0.8057324840764332 0.1474609375 0.2754777070063694
0 0.8740234375 0.42038216560509556 0.1064453125 0.19745222929936307
0 0.9013671875 0.30254777070063693 0.05078125 0.10509554140127389
0 0.978515625 0.32961783439490444 0.04296875 0.17834394904458598
0 0.82421875 0.24203821656050956 0.0283203125 0.06210191082802548
0 0.662109375 0.4315286624203822 0.0703125 0.16560509554140126
0 0.5078125 0.23089171974522293 0.0078125 0.03184713375796178