0 0.9794921875 0.4205729166666667 0.013671875 0.02734375
0 0.9267578125 0.421875 0.017578125 0.02734375
0 0.904296875 0.41796875 0.0126953125 0.028645833333333332
0 0.873046875 0.4114583333333333 0.009765625 0.03125
0 0.806640625 0.4127604166666667 0.0146484375 0.0234375
0 0.783203125 0.3984375 0.0126953125 0.0234375
0 0.7568359375 0.4127604166666667 0.0126953125 0.02734375
0 0.9462890625 0.4283854166666667 0.0087890625 0.016927083333333332
0 0.62109375 0.4127604166666667 0.015625 0.02734375
0 0.59765625 0.390625 0.0146484375 0.026041666666666668
0 0.578125 0.3997395833333333 0.0146484375 0.02734375
0 0.556640625 0.3919270833333333 0.0126953125 0.022135416666666668
0 0.533203125 0.3880208333333333 0.013671875 0.02734375
0 0.521484375 0.390625 0.0126953125 0.02734375
0 0.5087890625 0.3932291666666667 0.0107421875 0.022135416666666668
0 0.4931640625 0.3984375 0.0146484375 0.029947916666666668
0 0.427734375 0.40625 0.0185546875 0.032552083333333336
0 0.435546875 0.3802083333333333 0.013671875 0.024739583333333332
0 0.4150390625 0.3932291666666667 0.0126953125 0.02734375
0 0.361328125 0.3893229166666667 0.017578125 0.032552083333333336
0 0.3271484375 0.3971354166666667 0.0146484375 0.026041666666666668
0 0.2724609375 0.41015625 0.01171875 0.024739583333333332
0 0.3017578125 0.3802083333333333 0.01171875 0.024739583333333332
0 0.259765625 0.390625 0.013671875 0.022135416666666668
0 0.2109375 0.3893229166666667 0.013671875 0.026041666666666668
0 0.1748046875 0.3776041666666667 0.0126953125 0.0234375
0 0.154296875 0.3763020833333333 0.013671875 0.0234375
0 0.1337890625 0.4049479166666667 0.0185546875 0.032552083333333336
0 0.1025390625 0.37109375 0.0146484375 0.026041666666666668
0 0.0859375 0.37109375 0.0185546875 0.029947916666666668
0 0.072265625 0.375 0.015625 0.026041666666666668
0 0.05078125 0.3919270833333333 0.0107421875 0.036458333333333336
0 0.05859375 0.3841145833333333 0.009765625 0.02734375
0 0.0205078125 0.3854166666666667 0.0146484375 0.03515625
0 0.0087890625 0.3919270833333333 0.0166015625 0.046875
0 0.6533203125 0.4088541666666667 0.01171875 0.018229166666666668