0 0.060546875 0.3152492668621701 0.0087890625 0.01906158357771261
0 0.0322265625 0.3563049853372434 0.0087890625 0.026392961876832845
0 0.0185546875 0.34750733137829914 0.0068359375 0.01906158357771261
0 0.2666015625 0.2844574780058651 0.0234375 0.045454545454545456
0 0.1591796875 0.28005865102639294 0.0380859375 0.08211143695014662
0 0.4013671875 0.25513196480938416 0.0341796875 0.06158357771260997
0 0.46484375 0.29765395894428154 0.0380859375 0.09530791788856305
0 0.5068359375 0.2697947214076246 0.04296875 0.07771260997067449
0 0.6552734375 0.3255131964809384 0.0380859375 0.07331378299120235
0 0.7900390625 0.34457478005865105 0.04296875 0.0747800586510264
0 0.21484375 0.3313782991202346 0.009765625 0.02346041055718475
0 0.0673828125 0.3416422287390029 0.01171875 0.01906158357771261