0 0.7783203125 0.1695906432748538 0.0595703125 0.13596491228070176
0 0.681640625 0.1871345029239766 0.0595703125 0.10964912280701754
0 0.5751953125 0.17251461988304093 0.03125 0.07456140350877193
0 0.9345703125 0.0935672514619883 0.0302734375 0.06140350877192982
0 0.9033203125 0.08333333333333333 0.0234375 0.043859649122807015
0 0.8828125 0.08187134502923976 0.015625 0.029239766081871343
0 0.458984375 0.2222222222222222 0.015625 0.038011695906432746
0 0.4306640625 0.14181286549707603 0.013671875 0.02631578947368421
0 0.5625 0.09941520467836257 0.01171875 0.024853801169590642
0 0.37890625 0.25 0.033203125 0.059941520467836254
0 0.3984375 0.25584795321637427 0.02734375 0.05701754385964912
0 0.404296875 0.14619883040935672 0.015625 0.033625730994152045
0 0.3759765625 0.1827485380116959 0.0244140625 0.05116959064327485
0 0.390625 0.15789473684210525 0.015625 0.04093567251461988
0 0.283203125 0.15058479532163743 0.0126953125 0.021929824561403508
0 0.15234375 0.18567251461988304 0.015625 0.027777777777777776
0 0.1865234375 0.1608187134502924 0.0126953125 0.017543859649122806
0 0.0849609375 0.20760233918128654 0.0224609375 0.038011695906432746
0 0.2734375 0.28362573099415206 0.0498046875 0.0891812865497076
0 0.107421875 0.44005847953216376 0.1357421875 0.20614035087719298
0 0.5458984375 0.2149122807017544 0.0380859375 0.05116959064327485
0 0.029296875 0.2236842105263158 0.01953125 0.03216374269005848
0 0.0078125 0.22807017543859648 0.015625 0.03070175438596491
0 0.0048828125 0.27046783625730997 0.0107421875 0.029239766081871343
0 0.1044921875 0.18128654970760233 0.017578125 0.02631578947368421
0 0.1748046875 0.17690058479532164 0.0087890625 0.017543859649122806
0 0.6474609375 0.10526315789473684 0.0078125 0.01608187134502924
0 0.666015625 0.09941520467836257 0.0087890625 0.019005847953216373