0 0.984375 0.2747395833333333 0.0302734375 0.06770833333333333
0 0.859375 0.3190104166666667 0.0400390625 0.07421875
0 0.82421875 0.21354166666666666 0.03515625 0.048177083333333336
0 0.8916015625 0.16145833333333334 0.0244140625 0.036458333333333336
0 0.95703125 0.15104166666666666 0.0068359375 0.01171875
0 0.9482421875 0.1484375 0.0068359375 0.014322916666666666
0 0.9453125 0.12890625 0.009765625 0.014322916666666666
0 0.7353515625 0.23828125 0.0478515625 0.06380208333333333
0 0.681640625 0.3020833333333333 0.0302734375 0.053385416666666664
0 0.5927734375 0.2630208333333333 0.0322265625 0.052083333333333336
0 0.6513671875 0.20703125 0.0146484375 0.0234375
0 0.5615234375 0.23828125 0.03515625 0.048177083333333336
0 0.58984375 0.203125 0.0234375 0.028645833333333332
0 0.66796875 0.18359375 0.009765625 0.015625
0 0.7724609375 0.19661458333333334 0.0185546875 0.033854166666666664
0 0.7138671875 0.16145833333333334 0.0078125 0.013020833333333334
0 0.478515625 0.28515625 0.037109375 0.05078125
0 0.3818359375 0.22395833333333334 0.037109375 0.055989583333333336
0 0.4306640625 0.2265625 0.0263671875 0.044270833333333336
0 0.4775390625 0.18619791666666666 0.0185546875 0.032552083333333336
0 0.5439453125 0.17838541666666666 0.0087890625 0.01953125
0 0.5224609375 0.1875 0.0078125 0.015625
0 0.4052734375 0.1875 0.0126953125 0.01953125
0 0.43359375 0.17317708333333334 0.005859375 0.01171875
0 0.4111328125 0.16666666666666666 0.0068359375 0.01171875
0 0.330078125 0.20182291666666666 0.029296875 0.041666666666666664
0 0.2587890625 0.2513020833333333 0.0419921875 0.06640625
0 0.3095703125 0.18098958333333334 0.0107421875 0.018229166666666668
0 0.3095703125 0.20963541666666666 0.0126953125 0.0234375
0 0.275390625 0.19270833333333334 0.013671875 0.020833333333333332
0 0.296875 0.18489583333333334 0.005859375 0.010416666666666666
0 0.2890625 0.18359375 0.0068359375 0.014322916666666666
0 0.2099609375 0.20963541666666666 0.0322265625 0.04296875
0 0.158203125 0.28515625 0.0380859375 0.0546875
0 0.1328125 0.19791666666666666 0.021484375 0.03515625
0 0.1572265625 0.2265625 0.0185546875 0.0390625
0 0.08984375 0.20572916666666666 0.01171875 0.026041666666666668
0 0.109375 0.18880208333333334 0.0107421875 0.01953125
0 0.0234375 0.2421875 0.046875 0.059895833333333336
0 0.0556640625 0.2643229166666667 0.029296875 0.048177083333333336
0 0.970703125 0.48828125 0.0576171875 0.12760416666666666
0 0.87109375 0.78125 0.1220703125 0.19791666666666666
0 0.6728515625 0.140625 0.00390625 0.0078125
0 0.673828125 0.17057291666666666 0.005859375 0.013020833333333334
0 0.6083984375 0.17447916666666666 0.0068359375 0.014322916666666666
0 0.623046875 0.18359375 0.0048828125 0.01171875
0 0.7841796875 0.15494791666666666 0.0068359375 0.013020833333333334
0 0.83203125 0.15755208333333334 0.0068359375 0.01171875
0 0.8037109375 0.20703125 0.0205078125 0.032552083333333336
0 0.98046875 0.20182291666666666 0.029296875 0.0390625