0 0.5517578125 0.4466145833333333 0.083984375 0.12890625
0 0.587890625 0.4401041666666667 0.0546875 0.08854166666666667
0 0.4423828125 0.44921875 0.0458984375 0.06770833333333333
0 0.671875 0.4166666666666667 0.03125 0.057291666666666664
0 0.7451171875 0.40625 0.029296875 0.046875
0 0.3583984375 0.5182291666666666 0.0498046875 0.0703125
0 0.5302734375 0.5872395833333334 0.0361328125 0.12760416666666666
0 0.208984375 0.7291666666666666 0.0908203125 0.1484375
0 0.2890625 0.4453125 0.03515625 0.061197916666666664
0 0.244140625 0.48046875 0.072265625 0.11067708333333333
0 0.126953125 0.4479166666666667 0.044921875 0.059895833333333336
0 0.8525390625 0.4817708333333333 0.0869140625 0.109375
0 0.4267578125 0.8190104166666666 0.07421875 0.18880208333333334
0 0.029296875 0.83984375 0.05859375 0.17578125
0 0.0546875 0.4427083333333333 0.056640625 0.09375
0 0.419921875 0.4166666666666667 0.0205078125 0.03515625
0 0.6201171875 0.3958333333333333 0.017578125 0.03125