0 0.9931640625 0.4662480376766091 0.0107421875 0.023547880690737835
0 0.9912109375 0.41130298273155413 0.01171875 0.018838304552590265
0 0.943359375 0.43328100470957615 0.0107421875 0.029827315541601257
0 0.84375 0.6577708006279435 0.0302734375 0.06279434850863422
0 0.859375 0.5416012558869702 0.013671875 0.04866562009419152
0 0.8564453125 0.5054945054945055 0.0185546875 0.0423861852433281
0 0.80859375 0.41601255886970173 0.0126953125 0.02197802197802198
0 0.8671875 0.4097331240188383 0.0107421875 0.015698587127158554
0 0.80859375 0.3877551020408163 0.01171875 0.01726844583987441
0 0.775390625 0.41444270015698587 0.01171875 0.02197802197802198
0 0.724609375 0.4097331240188383 0.01171875 0.02197802197802198
0 0.6865234375 0.4050235478806907 0.01171875 0.02511773940345369
0 0.638671875 0.4097331240188383 0.01171875 0.01726844583987441
0 0.65625 0.4379905808477237 0.013671875 0.02197802197802198
0 0.642578125 0.4835164835164835 0.0078125 0.026687598116169546
0 0.6015625 0.4379905808477237 0.0078125 0.0282574568288854
0 0.591796875 0.3987441130298273 0.0126953125 0.02040816326530612
0 0.5498046875 0.4003139717425432 0.0126953125 0.02040816326530612
0 0.5625 0.40345368916797486 0.0078125 0.01726844583987441
0 0.5751953125 0.41130298273155413 0.0087890625 0.01726844583987441
0 0.583984375 0.4097331240188383 0.0078125 0.01726844583987441
0 0.5302734375 0.41444270015698587 0.0107421875 0.01726844583987441
0 0.515625 0.38461538461538464 0.009765625 0.02040816326530612
0 0.4853515625 0.3987441130298273 0.01171875 0.02511773940345369
0 0.4697265625 0.3924646781789639 0.009765625 0.023547880690737835
0 0.474609375 0.39089481946624804 0.0078125 0.01726844583987441
0 0.45703125 0.39717425431711145 0.01171875 0.02040816326530612
0 0.4404296875 0.3893249607535322 0.0107421875 0.02040816326530612
0 0.4208984375 0.4065934065934066 0.0107421875 0.018838304552590265
0 0.416015625 0.4474097331240188 0.015625 0.0423861852433281
0 0.54296875 0.40345368916797486 0.0078125 0.012558869701726845
0 0.3955078125 0.4097331240188383 0.013671875 0.02511773940345369
0 0.37890625 0.3893249607535322 0.0068359375 0.012558869701726845
0 0.384765625 0.40816326530612246 0.0068359375 0.015698587127158554
0 0.369140625 0.4050235478806907 0.0087890625 0.01726844583987441
0 0.3525390625 0.4003139717425432 0.0107421875 0.023547880690737835
0 0.3369140625 0.40188383045525905 0.013671875 0.018838304552590265
0 0.3271484375 0.40345368916797486 0.0087890625 0.018838304552590265
0 0.2705078125 0.3893249607535322 0.0126953125 0.023547880690737835
0 0.2822265625 0.3877551020408163 0.009765625 0.018838304552590265
0 0.2529296875 0.3924646781789639 0.0087890625 0.015698587127158554
0 0.2421875 0.38461538461538464 0.009765625 0.018838304552590265
0 0.2275390625 0.39089481946624804 0.0126953125 0.02511773940345369
0 0.1845703125 0.3877551020408163 0.01171875 0.02197802197802198
0 0.298828125 0.3940345368916798 0.0068359375 0.015698587127158554
0 0.22265625 0.3532182103610675 0.0087890625 0.015698587127158554
0 0.2275390625 0.36106750392464676 0.0068359375 0.0141287284144427
0 0.1708984375 0.3924646781789639 0.015625 0.026687598116169546
0 0.1220703125 0.38304552590266877 0.0126953125 0.023547880690737835
0 0.1142578125 0.4599686028257457 0.01171875 0.02040816326530612
0 0.091796875 0.38304552590266877 0.0087890625 0.02197802197802198
0 0.1640625 0.4850863422291994 0.01171875 0.03767660910518053
0 0.181640625 0.5227629513343799 0.0244140625 0.04552590266875981
0 0.0048828125 0.3987441130298273 0.0107421875 0.026687598116169546
0 0.01953125 0.5007849293563579 0.0107421875 0.023547880690737835
0 0.19921875 0.38461538461538464 0.005859375 0.012558869701726845
0 0.2138671875 0.3877551020408163 0.0068359375 0.015698587127158554
0 0.4296875 0.3877551020408163 0.009765625 0.023547880690737835