0 0.2958984375 0.2557142857142857 0.015625 0.02
0 0.3203125 0.25 0.0146484375 0.02
0 0.3427734375 0.2257142857142857 0.0146484375 0.02857142857142857
0 0.380859375 0.23 0.015625 0.024285714285714285
0 0.0732421875 0.28714285714285714 0.013671875 0.02142857142857143
0 0.060546875 0.43142857142857144 0.0224609375 0.04285714285714286
0 0.1748046875 0.41285714285714287 0.025390625 0.041428571428571426
0 0.1806640625 0.45571428571428574 0.0234375 0.04857142857142857
0 0.126953125 0.43 0.0166015625 0.024285714285714285
0 0.0908203125 0.41285714285714287 0.0224609375 0.03857142857142857
0 0.2080078125 0.49 0.0322265625 0.047142857142857146
0 0.263671875 0.41714285714285715 0.0224609375 0.03857142857142857
0 0.205078125 0.36142857142857143 0.0185546875 0.03
0 0.0986328125 0.5285714285714286 0.03515625 0.06142857142857143
0 0.0625 0.5257142857142857 0.025390625 0.041428571428571426
0 0.109375 0.6857142857142857 0.04296875 0.08285714285714285
0 0.064453125 0.6671428571428571 0.033203125 0.07285714285714286
0 0.26171875 0.7542857142857143 0.0419921875 0.07142857142857142
0 0.27734375 0.74 0.04296875 0.07428571428571429
0 0.314453125 0.7457142857142857 0.0537109375 0.08571428571428572
0 0.4345703125 0.7842857142857143 0.0537109375 0.09714285714285714
0 0.4560546875 0.66 0.0400390625 0.07428571428571429
0 0.4814453125 0.8685714285714285 0.05859375 0.11285714285714285
0 0.4375 0.5471428571428572 0.037109375 0.05142857142857143
0 0.5048828125 0.56 0.044921875 0.06714285714285714
0 0.2939453125 0.54 0.02734375 0.04428571428571428
0 0.3525390625 0.5 0.0390625 0.06571428571428571
0 0.28515625 0.40285714285714286 0.0244140625 0.037142857142857144
0 0.2978515625 0.42857142857142855 0.0244140625 0.045714285714285714
0 0.3349609375 0.39285714285714285 0.0224609375 0.041428571428571426
0 0.330078125 0.43857142857142856 0.033203125 0.047142857142857146
0 0.38671875 0.4228571428571429 0.0263671875 0.055714285714285716
0 0.4501953125 0.3357142857142857 0.0166015625 0.024285714285714285
0 0.48828125 0.36142857142857143 0.021484375 0.037142857142857144
0 0.54296875 0.49857142857142855 0.033203125 0.04857142857142857
0 0.517578125 0.3271428571428571 0.01953125 0.03142857142857143
0 0.5556640625 0.3514285714285714 0.0205078125 0.03142857142857143
0 0.4306640625 0.23714285714285716 0.0107421875 0.015714285714285715
0 0.5302734375 0.27285714285714285 0.009765625 0.014285714285714285
0 0.5673828125 0.20142857142857143 0.0068359375 0.012857142857142857
0 0.58203125 0.38571428571428573 0.0244140625 0.03428571428571429
0 0.625 0.4 0.05859375 0.12428571428571429
0 0.6806640625 0.32 0.0146484375 0.022857142857142857
0 0.7724609375 0.5242857142857142 0.0615234375 0.09285714285714286
0 0.833984375 0.44285714285714284 0.0263671875 0.047142857142857146
0 0.72265625 0.32857142857142857 0.015625 0.024285714285714285
0 0.7275390625 0.24428571428571427 0.01171875 0.012857142857142857
0 0.6953125 0.24 0.0078125 0.012857142857142857
0 0.76953125 0.26142857142857145 0.0087890625 0.015714285714285715
0 0.828125 0.2757142857142857 0.01171875 0.022857142857142857
0 0.857421875 0.26142857142857145 0.0146484375 0.02
0 0.8720703125 0.23 0.0087890625 0.017142857142857144
0 0.830078125 0.22285714285714286 0.009765625 0.017142857142857144
0 0.7822265625 0.23857142857142857 0.009765625 0.012857142857142857
0 0.9423828125 0.24571428571428572 0.009765625 0.017142857142857144
0 0.896484375 0.2257142857142857 0.0087890625 0.017142857142857144
0 0.7626953125 0.8842857142857142 0.0625 0.09571428571428571