0 0.6982421875 0.23307291666666666 0.05078125 0.08463541666666667
0 0.6572265625 0.23958333333333334 0.0224609375 0.036458333333333336
0 0.626953125 0.21223958333333334 0.0126953125 0.020833333333333332
0 0.5771484375 0.18880208333333334 0.0185546875 0.03125
0 0.54296875 0.2421875 0.0517578125 0.07682291666666667
0 0.37890625 0.16015625 0.0458984375 0.07161458333333333
0 0.2666015625 0.22786458333333334 0.046875 0.07552083333333333
0 0.1357421875 0.23307291666666666 0.0556640625 0.08203125
0 0.0400390625 0.20833333333333334 0.0556640625 0.11197916666666667
0 0.935546875 0.22786458333333334 0.01171875 0.020833333333333332
0 0.9833984375 0.2604166666666667 0.0322265625 0.13151041666666666