0 0.22265625 0.4235500878734622 0.099609375 0.1968365553602812
0 0.345703125 0.36203866432337434 0.060546875 0.12478031634446397
0 0.41796875 0.30052724077328646 0.0478515625 0.08963093145869948
0 0.494140625 0.23022847100175747 0.0185546875 0.03866432337434095
0 0.5234375 0.2179261862917399 0.02734375 0.070298769771529
0 0.443359375 0.281195079086116 0.01953125 0.054481546572934976
0 0.5546875 0.2056239015817223 0.017578125 0.0421792618629174
0 0.2939453125 0.2530755711775044 0.0205078125 0.0421792618629174
0 0.58984375 0.2688927943760984 0.0205078125 0.040421792618629174
0 0.6455078125 0.054481546572934976 0.029296875 0.054481546572934976
0 0.73828125 0.2056239015817223 0.033203125 0.10720562390158173
0 0.693359375 0.23022847100175747 0.029296875 0.07908611599297012
0 0.8134765625 0.15289982425307558 0.0390625 0.0843585237258348
0 0.6748046875 0.28295254833040423 0.0205078125 0.0492091388400703
0 0.8876953125 0.24077328646748683 0.0205078125 0.05799648506151142
0 0.591796875 0.3409490333919156 0.01953125 0.070298769771529
0 0.6171875 0.3374340949033392 0.0361328125 0.08963093145869948
0 0.6689453125 0.5325131810193322 0.0576171875 0.18101933216168717
0 0.7412109375 0.5588752196836555 0.1162109375 0.281195079086116
0 0.0517578125 0.28998242530755713 0.01171875 0.029876977152899824
0 0.11328125 0.3022847100175747 0.0107421875 0.0210896309314587