0 0.3955078125 0.7174231332357247 0.021484375 0.04538799414348463
0 0.552734375 0.7071742313323572 0.0244140625 0.04685212298682284
0 0.5810546875 0.7013177159590044 0.0185546875 0.03367496339677892
0 0.359375 0.7101024890190337 0.0224609375 0.036603221083455345
0 0.330078125 0.7203513909224012 0.01953125 0.032210834553440704
0 0.2578125 0.7042459736456809 0.0244140625 0.040995607613469986
0 0.1884765625 0.6632503660322109 0.0498046875 0.06442166910688141
0 0.07421875 0.677891654465593 0.0244140625 0.036603221083455345
0 0.0986328125 0.6632503660322109 0.01953125 0.03367496339677892
0 0.0234375 0.6266471449487555 0.037109375 0.06442166910688141
0 0.400390625 0.6822840409956076 0.021484375 0.032210834553440704
0 0.361328125 0.6866764275256223 0.0166015625 0.03806734992679356
0 0.3115234375 0.6881405563689604 0.009765625 0.01903367496339678
0 0.2822265625 0.698389458272328 0.0166015625 0.03367496339677892
0 0.212890625 0.5344070278184481 0.0107421875 0.02342606149341142
0 0.162109375 0.5329428989751098 0.0126953125 0.02342606149341142
0 0.77734375 0.7291361639824304 0.02734375 0.03806734992679356
0 0.8251953125 0.739385065885798 0.02734375 0.03953147877013177
0 0.916015625 0.7232796486090776 0.03515625 0.055636896046852125
0 0.7255859375 0.7203513909224012 0.0224609375 0.03806734992679356
0 0.783203125 0.6910688140556369 0.0205078125 0.03367496339677892
0 0.8017578125 0.7130307467057101 0.021484375 0.03367496339677892
0 0.744140625 0.726207906295754 0.0146484375 0.02342606149341142
0 0.75 0.6969253294289898 0.0166015625 0.03074670571010249
0 0.8623046875 0.7115666178623719 0.0263671875 0.03953147877013177
0 0.021484375 0.582723279648609 0.0302734375 0.05124450951683748
0 0.435546875 0.6910688140556369 0.0146484375 0.029282576866764276