0 0.03515625 0.7155425219941349 0.0703125 0.11143695014662756
0 0.17578125 0.25513196480938416 0.013671875 0.024926686217008796
0 0.1865234375 0.250733137829912 0.0166015625 0.02785923753665689
0 0.169921875 0.21994134897360704 0.0146484375 0.02346041055718475
0 0.224609375 0.22434017595307917 0.0146484375 0.02785923753665689
0 0.2568359375 0.20821114369501467 0.009765625 0.011730205278592375
0 0.2470703125 0.19648093841642228 0.0068359375 0.013196480938416423
0 0.27734375 0.187683284457478 0.005859375 0.010263929618768328
0 0.2734375 0.20381231671554254 0.0068359375 0.011730205278592375
0 0.2900390625 0.20087976539589442 0.0078125 0.013196480938416423
0 0.3544921875 0.2126099706744868 0.0126953125 0.020527859237536656
0 0.330078125 0.19648093841642228 0.0087890625 0.013196480938416423
0 0.333984375 0.17888563049853373 0.005859375 0.011730205278592375
0 0.0751953125 0.31671554252199413 0.0205078125 0.036656891495601175
0 0.09375 0.4208211143695015 0.0302734375 0.060117302052785926
0 0.3125 0.4838709677419355 0.03515625 0.08211143695014662
0 0.44921875 0.1656891495601173 0.005859375 0.007331378299120235
0 0.4619140625 0.18475073313782991 0.005859375 0.008797653958944282
0 0.4716796875 0.18475073313782991 0.005859375 0.010263929618768328
0 0.568359375 0.22287390029325513 0.0087890625 0.011730205278592375
0 0.5830078125 0.2287390029325513 0.0087890625 0.016129032258064516
0 0.44921875 0.2126099706744868 0.0078125 0.01466275659824047
0 0.56640625 0.1656891495601173 0.005859375 0.010263929618768328
0 0.58984375 0.15689149560117302 0.0068359375 0.011730205278592375
0 0.5830078125 0.21114369501466276 0.0087890625 0.01466275659824047
0 0.67578125 0.21407624633431085 0.0107421875 0.016129032258064516
0 0.681640625 0.26392961876832843 0.0146484375 0.021994134897360705
0 0.7021484375 0.23460410557184752 0.0107421875 0.017595307917888565
0 0.7177734375 0.20821114369501467 0.0087890625 0.01466275659824047
0 0.728515625 0.19941348973607037 0.0078125 0.013196480938416423
0 0.7666015625 0.1935483870967742 0.0068359375 0.013196480938416423
0 0.7216796875 0.2287390029325513 0.009765625 0.017595307917888565
0 0.7705078125 0.218475073313783 0.009765625 0.013196480938416423
0 0.80859375 0.20234604105571846 0.0068359375 0.013196480938416423
0 0.8291015625 0.26099706744868034 0.0107421875 0.01906158357771261
0 0.83984375 0.2844574780058651 0.013671875 0.02785923753665689
0 0.8203125 0.28005865102639294 0.009765625 0.017595307917888565
0 0.8115234375 0.29472140762463345 0.0126953125 0.020527859237536656
0 0.7138671875 0.4252199413489736 0.029296875 0.03812316715542522
0 0.9326171875 0.31671554252199413 0.02734375 0.030791788856304986
0 0.9677734375 0.23020527859237536 0.0087890625 0.01466275659824047
0 0.9892578125 0.2316715542521994 0.01171875 0.01906158357771261
0 0.9736328125 0.20967741935483872 0.0107421875 0.017595307917888565
0 0.9423828125 0.19648093841642228 0.0087890625 0.013196480938416423
0 0.9130859375 0.19501466275659823 0.0068359375 0.011730205278592375
0 0.9931640625 0.1906158357771261 0.0078125 0.01466275659824047
0 0.845703125 0.17155425219941348 0.005859375 0.010263929618768328
0 0.8515625 0.17302052785923755 0.0048828125 0.010263929618768328
0 0.861328125 0.15395894428152493 0.005859375 0.010263929618768328
0 0.810546875 0.17888563049853373 0.0068359375 0.010263929618768328