0 0.9921875 0.6152512998266898 0.015625 0.04852686308492201
0 0.986328125 0.5788561525129983 0.0166015625 0.03119584055459272
0 0.9814453125 0.5476603119584056 0.0107421875 0.024263431542461005
0 0.9501953125 0.5632582322357019 0.0078125 0.01559792027729636
0 0.9453125 0.610051993067591 0.0126953125 0.03466204506065858
0 0.900390625 0.6308492201039861 0.0234375 0.043327556325823226
0 0.8740234375 0.5597920277296361 0.0107421875 0.03466204506065858
0 0.9072265625 0.5528596187175043 0.013671875 0.025996533795493933
0 0.8564453125 0.5424610051993067 0.0107421875 0.024263431542461005
0 0.8251953125 0.6048526863084922 0.0205078125 0.04679376083188908
0 0.8408203125 0.5909878682842288 0.01171875 0.025996533795493933
0 0.8330078125 0.5511265164644714 0.0087890625 0.025996533795493933
0 0.8466796875 0.5320623916811091 0.0087890625 0.01559792027729636
0 0.814453125 0.5441941074523396 0.0126953125 0.025996533795493933
0 0.791015625 0.5632582322357019 0.0126953125 0.025996533795493933
0 0.76953125 0.6516464471403813 0.0234375 0.043327556325823226
0 0.76171875 0.5719237435008665 0.0126953125 0.02772963604852686
0 0.806640625 0.5320623916811091 0.0078125 0.02079722703639515
0 0.7548828125 0.5389948006932409 0.005859375 0.02079722703639515
0 0.78125 0.5424610051993067 0.0068359375 0.01559792027729636
0 0.75390625 0.512998266897747 0.005859375 0.01386481802426343
0 0.7490234375 0.6533795493934142 0.015625 0.053726169844020795
0 0.724609375 0.5909878682842288 0.015625 0.03986135181975736
0 0.732421875 0.5493934142114385 0.0126953125 0.02772963604852686
0 0.7216796875 0.5389948006932409 0.0078125 0.01733102253032929
0 0.73828125 0.5199306759098787 0.0048828125 0.012131715771230503
0 0.693359375 0.5771230502599654 0.013671875 0.03119584055459272
0 0.671875 0.608318890814558 0.021484375 0.04852686308492201
0 0.671875 0.5563258232235702 0.0107421875 0.022530329289428077
0 0.677734375 0.5268630849220104 0.0048828125 0.012131715771230503
0 0.6923828125 0.512998266897747 0.005859375 0.012131715771230503
0 0.66796875 0.5077989601386482 0.00390625 0.008665511265164644
0 0.640625 0.7383015597920277 0.037109375 0.07625649913344887
0 0.5830078125 0.6707105719237435 0.0205078125 0.04679376083188908
0 0.6376953125 0.5805892547660312 0.015625 0.03466204506065858
0 0.587890625 0.5927209705372617 0.021484375 0.05025996533795494
0 0.654296875 0.5459272097053726 0.0107421875 0.024263431542461005
0 0.6513671875 0.5944540727902946 0.0107421875 0.025996533795493933
0 0.5849609375 0.5476603119584056 0.0107421875 0.019064124783362217
0 0.599609375 0.5459272097053726 0.009765625 0.022530329289428077
0 0.5732421875 0.5355285961871751 0.005859375 0.01733102253032929
0 0.5986328125 0.5199306759098787 0.005859375 0.010398613518197574
0 0.572265625 0.5077989601386482 0.0048828125 0.012131715771230503
0 0.5791015625 0.5060658578856152 0.00390625 0.008665511265164644
0 0.5283203125 0.610051993067591 0.021484375 0.045060658578856154
0 0.5478515625 0.6135181975736569 0.013671875 0.03119584055459272
0 0.5634765625 0.5441941074523396 0.005859375 0.019064124783362217
0 0.5361328125 0.5424610051993067 0.0078125 0.01733102253032929
0 0.544921875 0.5320623916811091 0.0068359375 0.01559792027729636
0 0.53515625 0.511265164644714 0.005859375 0.012131715771230503
0 0.50390625 0.584055459272097 0.0166015625 0.043327556325823226
0 0.48828125 0.658578856152513 0.0166015625 0.045060658578856154
0 0.5478515625 0.5181975736568457 0.0029296875 0.006932409012131715
0 0.5634765625 0.5147313691507799 0.0048828125 0.012131715771230503
0 0.5029296875 0.5285961871750433 0.0068359375 0.01386481802426343
0 0.515625 0.5025996533795494 0.0048828125 0.010398613518197574
0 0.525390625 0.5008665511265165 0.0048828125 0.010398613518197574
0 0.4912109375 0.5077989601386482 0.00390625 0.008665511265164644
0 0.490234375 0.5511265164644714 0.0146484375 0.03292894280762565
0 0.4306640625 0.6949740034662045 0.037109375 0.07452339688041594
0 0.435546875 0.5805892547660312 0.015625 0.038128249566724434
0 0.470703125 0.5407279029462738 0.0078125 0.019064124783362217
0 0.4541015625 0.5285961871750433 0.0087890625 0.01733102253032929
0 0.44140625 0.5147313691507799 0.005859375 0.01386481802426343
0 0.431640625 0.5077989601386482 0.0048828125 0.012131715771230503
0 0.419921875 0.5199306759098787 0.005859375 0.012131715771230503
0 0.40625 0.5147313691507799 0.005859375 0.01386481802426343
0 0.384765625 0.5251299826689775 0.0068359375 0.012131715771230503
0 0.3984375 0.5649913344887348 0.0078125 0.01559792027729636
0 0.392578125 0.5095320623916811 0.005859375 0.012131715771230503
0 0.412109375 0.5147313691507799 0.0048828125 0.012131715771230503
0 0.3779296875 0.5008665511265165 0.00390625 0.010398613518197574
0 0.3828125 0.49566724436741766 0.0029296875 0.008665511265164644
0 0.45703125 0.49740034662045063 0.00390625 0.008665511265164644
0 0.44921875 0.49220103986135183 0.0029296875 0.006932409012131715
0 0.4501953125 0.5667244367417678 0.0107421875 0.022530329289428077
0 0.3828125 0.610051993067591 0.01953125 0.038128249566724434
0 0.3623046875 0.5493934142114385 0.005859375 0.02079722703639515
0 0.3818359375 0.5493934142114385 0.0048828125 0.019064124783362217
0 0.3671875 0.5233968804159446 0.0087890625 0.019064124783362217
0 0.359375 0.5025996533795494 0.0068359375 0.01386481802426343
0 0.341796875 0.5233968804159446 0.0087890625 0.019064124783362217
0 0.330078125 0.5580589254766031 0.009765625 0.02079722703639515
0 0.326171875 0.5199306759098787 0.0048828125 0.01386481802426343
0 0.3525390625 0.4904679376083189 0.0087890625 0.02079722703639515
0 0.298828125 0.5285961871750433 0.0078125 0.01559792027729636
0 0.28515625 0.8388214904679376 0.052734375 0.11611785095320624
0 0.2392578125 0.682842287694974 0.0322265625 0.07452339688041594
0 0.279296875 0.5667244367417678 0.021484375 0.05025996533795494
0 0.2392578125 0.5493934142114385 0.0107421875 0.029462738301559793
0 0.16796875 0.608318890814558 0.0302734375 0.0658578856152513
0 0.2060546875 0.512998266897747 0.009765625 0.02079722703639515
0 0.255859375 0.5285961871750433 0.009765625 0.01733102253032929
0 0.2734375 0.5268630849220104 0.0068359375 0.01559792027729636
0 0.232421875 0.5320623916811091 0.0078125 0.025996533795493933
0 0.169921875 0.5407279029462738 0.0126953125 0.025996533795493933
0 0.1845703125 0.512998266897747 0.0048828125 0.012131715771230503
0 0.2060546875 0.4904679376083189 0.00390625 0.010398613518197574
0 0.216796875 0.5251299826689775 0.0087890625 0.019064124783362217
0 0.1591796875 0.5181975736568457 0.0048828125 0.01733102253032929
0 0.1728515625 0.5095320623916811 0.0029296875 0.008665511265164644
0 0.0458984375 0.58578856152513 0.0263671875 0.06239168110918544
0 0.0810546875 0.5684575389948007 0.015625 0.029462738301559793
0 0.1279296875 0.5961871750433275 0.017578125 0.029462738301559793
0 0.0078125 0.6516464471403813 0.015625 0.07972270363951472
0 0.0029296875 0.5407279029462738 0.005859375 0.0415944540727903
0 0.044921875 0.4904679376083189 0.00390625 0.010398613518197574
0 0.0078125 0.48873483535528595 0.0048828125 0.010398613518197574
0 0.025390625 0.49740034662045063 0.00390625 0.008665511265164644
0 0.015625 0.49220103986135183 0.0048828125 0.008665511265164644
0 0.087890625 0.5077989601386482 0.00390625 0.008665511265164644
0 0.138671875 0.5095320623916811 0.00390625 0.010398613518197574
0 0.1201171875 0.49913344887348354 0.00390625 0.008665511265164644
0 0.1005859375 0.49913344887348354 0.0029296875 0.006932409012131715
0 0.130859375 0.4904679376083189 0.001953125 0.006932409012131715
0 0.142578125 0.48700173310225303 0.0029296875 0.006932409012131715
0 0.052734375 0.48700173310225303 0.0029296875 0.008665511265164644
0 0.0693359375 0.48873483535528595 0.00390625 0.008665511265164644
0 0.8134765625 0.9133448873483535 0.0576171875 0.11265164644714037
0 0.0947265625 0.5493934142114385 0.01171875 0.029462738301559793