0 0.51953125 0.5416666666666666 0.009765625 0.014367816091954023
0 0.044921875 0.4281609195402299 0.005859375 0.011494252873563218
0 0.048828125 0.40373563218390807 0.0068359375 0.010057471264367816
0 0.09375 0.41522988505747127 0.0068359375 0.010057471264367816
0 0.09375 0.3922413793103448 0.005859375 0.011494252873563218
0 0.080078125 0.39511494252873564 0.0068359375 0.011494252873563218
0 0.0830078125 0.40948275862068967 0.0068359375 0.011494252873563218
0 0.154296875 0.3922413793103448 0.0068359375 0.010057471264367816
0 0.158203125 0.4109195402298851 0.005859375 0.010057471264367816
0 0.2314453125 0.3850574712643678 0.0048828125 0.01293103448275862
0 0.1904296875 0.5890804597701149 0.017578125 0.022988505747126436
0 0.2490234375 0.5632183908045977 0.0146484375 0.021551724137931036
0 0.275390625 0.5804597701149425 0.0107421875 0.020114942528735632
0 0.33203125 0.6192528735632183 0.0126953125 0.027298850574712645
0 0.150390625 0.610632183908046 0.013671875 0.020114942528735632
0 0.4697265625 0.40948275862068967 0.0048828125 0.007183908045977011
0 0.4384765625 0.46839080459770116 0.0068359375 0.01293103448275862
0 0.4951171875 0.5301724137931034 0.0087890625 0.01293103448275862
0 0.443359375 0.5689655172413793 0.009765625 0.021551724137931036
0 0.42578125 0.5732758620689655 0.0107421875 0.014367816091954023
0 0.453125 0.5043103448275862 0.0087890625 0.01293103448275862
0 0.5810546875 0.4540229885057471 0.0068359375 0.011494252873563218
0 0.609375 0.514367816091954 0.0078125 0.015804597701149427
0 0.65625 0.5545977011494253 0.009765625 0.01867816091954023
0 0.56640625 0.5589080459770115 0.009765625 0.020114942528735632
0 0.537109375 0.5732758620689655 0.0126953125 0.021551724137931036
0 0.6064453125 0.5862068965517241 0.0107421875 0.020114942528735632
0 0.6513671875 0.5905172413793104 0.009765625 0.022988505747126436
0 0.548828125 0.43103448275862066 0.0048828125 0.010057471264367816
0 0.361328125 0.603448275862069 0.0166015625 0.02442528735632184
0 0.451171875 0.5876436781609196 0.009765625 0.01867816091954023
0 0.4697265625 0.6135057471264368 0.0126953125 0.02442528735632184
0 0.5 0.6235632183908046 0.0087890625 0.022988505747126436
0 0.5810546875 0.6063218390804598 0.01171875 0.021551724137931036
0 0.3583984375 0.5316091954022989 0.0078125 0.017241379310344827
0 0.365234375 0.5258620689655172 0.0087890625 0.014367816091954023
0 0.4208984375 0.46551724137931033 0.0078125 0.014367816091954023
0 0.400390625 0.5028735632183908 0.009765625 0.015804597701149427
0 0.84375 0.6206896551724138 0.0107421875 0.020114942528735632
0 0.8994140625 0.6364942528735632 0.0126953125 0.020114942528735632
0 0.833984375 0.764367816091954 0.0244140625 0.04597701149425287
0 0.9150390625 0.6824712643678161 0.017578125 0.028735632183908046
0 0.673828125 0.6709770114942529 0.013671875 0.021551724137931036
0 0.50390625 0.6896551724137931 0.013671875 0.022988505747126436
0 0.2568359375 0.5229885057471264 0.0126953125 0.021551724137931036
0 0.2900390625 0.625 0.0107421875 0.03017241379310345
0 0.298828125 0.5948275862068966 0.01171875 0.020114942528735632