0 0.2578125 0.554093567251462 0.0263671875 0.04678362573099415
0 0.267578125 0.47514619883040937 0.0146484375 0.029239766081871343
0 0.2861328125 0.45760233918128657 0.009765625 0.021929824561403508
0 0.1796875 0.5058479532163743 0.01953125 0.04093567251461988
0 0.2333984375 0.4853801169590643 0.0126953125 0.019005847953216373
0 0.015625 0.47953216374269003 0.0185546875 0.021929824561403508
0 0.162109375 0.5526315789473685 0.009765625 0.017543859649122806
0 0.25390625 0.4590643274853801 0.01171875 0.017543859649122806
0 0.109375 0.7339181286549707 0.1298828125 0.17251461988304093
0 0.4541015625 0.8801169590643275 0.0966796875 0.19883040935672514
0 0.6171875 0.564327485380117 0.0302734375 0.06140350877192982
0 0.5380859375 0.5467836257309941 0.0185546875 0.043859649122807015
0 0.5029296875 0.564327485380117 0.0205078125 0.033625730994152045
0 0.484375 0.4926900584795322 0.0107421875 0.033625730994152045
0 0.4912109375 0.4853801169590643 0.0078125 0.021929824561403508
0 0.435546875 0.5131578947368421 0.01171875 0.02046783625730994
0 0.421875 0.5029239766081871 0.015625 0.04239766081871345
0 0.396484375 0.5029239766081871 0.0126953125 0.02631578947368421
0 0.44921875 0.47514619883040937 0.0087890625 0.014619883040935672
0 0.474609375 0.47953216374269003 0.0048828125 0.017543859649122806
0 0.3681640625 0.48391812865497075 0.0126953125 0.021929824561403508
0 0.396484375 0.4649122807017544 0.01171875 0.017543859649122806
0 0.3818359375 0.5365497076023392 0.0234375 0.04532163742690058
0 0.67578125 0.5497076023391813 0.013671875 0.033625730994152045
0 0.76171875 0.5307017543859649 0.0234375 0.04678362573099415
0 0.7265625 0.47076023391812866 0.0126953125 0.024853801169590642
0 0.7314453125 0.4605263157894737 0.009765625 0.019005847953216373
0 0.697265625 0.4853801169590643 0.0078125 0.01608187134502924
0 0.8125 0.5087719298245614 0.0107421875 0.021929824561403508
0 0.7060546875 0.577485380116959 0.0419921875 0.06871345029239766
0 0.8583984375 0.4868421052631579 0.0107421875 0.02046783625730994
0 0.890625 0.5146198830409356 0.0166015625 0.033625730994152045
0 0.9052734375 0.49415204678362573 0.015625 0.029239766081871343
0 0.9228515625 0.52046783625731 0.0205078125 0.023391812865497075
0 0.869140625 0.4722222222222222 0.009765625 0.02046783625730994
0 0.880859375 0.4692982456140351 0.0087890625 0.017543859649122806
0 0.921875 0.47076023391812866 0.0087890625 0.01608187134502924
0 0.939453125 0.4649122807017544 0.0068359375 0.014619883040935672
0 0.8916015625 0.45614035087719296 0.0078125 0.013157894736842105
0 0.953125 0.5745614035087719 0.0224609375 0.029239766081871343
0 0.9736328125 0.47514619883040937 0.005859375 0.008771929824561403
0 0.54296875 0.47368421052631576 0.0126953125 0.021929824561403508
0 0.962890625 0.9590643274853801 0.0712890625 0.0804093567251462
0 0.6708984375 0.5073099415204678 0.017578125 0.039473684210526314
0 0.841796875 0.45614035087719296 0.0078125 0.017543859649122806
0 0.3720703125 0.4444444444444444 0.017578125 0.033625730994152045
0 0.044921875 0.5116959064327485 0.0166015625 0.029239766081871343
0 0.041015625 0.4824561403508772 0.017578125 0.021929824561403508
0 0.0703125 0.5511695906432749 0.02734375 0.03070175438596491
0 0.2197265625 0.4926900584795322 0.0107421875 0.023391812865497075
0 0.935546875 0.4722222222222222 0.0078125 0.014619883040935672
0 0.8037109375 0.5307017543859649 0.0107421875 0.014619883040935672
0 0.443359375 0.4780701754385965 0.0068359375 0.011695906432748537