0 0.025390625 0.4416167664670659 0.0087890625 0.016467065868263474
0 0.0791015625 0.4431137724550898 0.005859375 0.014970059880239521
0 0.0546875 0.44011976047904194 0.005859375 0.010479041916167664
0 0.1005859375 0.43862275449101795 0.0146484375 0.03143712574850299
0 0.1328125 0.46706586826347307 0.01953125 0.038922155688622756
0 0.2822265625 0.4565868263473054 0.015625 0.02694610778443114
0 0.30078125 0.4565868263473054 0.0166015625 0.03143712574850299
0 0.330078125 0.468562874251497 0.013671875 0.025449101796407185
0 0.2177734375 0.5254491017964071 0.0107421875 0.02694610778443114
0 0.39453125 0.45209580838323354 0.015625 0.029940119760479042
0 0.3671875 0.4416167664670659 0.01171875 0.020958083832335328
0 0.4208984375 0.4625748502994012 0.013671875 0.02844311377245509
0 0.4716796875 0.4505988023952096 0.0146484375 0.02844311377245509
0 0.4951171875 0.45808383233532934 0.013671875 0.02844311377245509
0 0.44921875 0.4595808383233533 0.01171875 0.020958083832335328
0 0.5419921875 0.45808383233532934 0.0166015625 0.02694610778443114
0 0.5126953125 0.44610778443113774 0.013671875 0.02844311377245509
0 0.6123046875 0.4505988023952096 0.0107421875 0.023952095808383235
0 0.6005859375 0.49101796407185627 0.013671875 0.020958083832335328
0 0.6552734375 0.4655688622754491 0.0146484375 0.03293413173652695
0 0.6533203125 0.437125748502994 0.009765625 0.014970059880239521
0 0.6689453125 0.4505988023952096 0.0126953125 0.02245508982035928
0 0.7021484375 0.46706586826347307 0.0146484375 0.02694610778443114
0 0.7216796875 0.4341317365269461 0.0146484375 0.02694610778443114
0 0.7734375 0.44461077844311375 0.013671875 0.023952095808383235
0 0.7802734375 0.4820359281437126 0.0126953125 0.023952095808383235
0 0.8173828125 0.47305389221556887 0.0126953125 0.02245508982035928
0 0.8916015625 0.4655688622754491 0.015625 0.029940119760479042
0 0.9140625 0.45808383233532934 0.00390625 0.0074850299401197605
0 0.9189453125 0.4505988023952096 0.00390625 0.005988023952095809
0 0.9755859375 0.4491017964071856 0.0048828125 0.008982035928143712
0 0.9873046875 0.46107784431137727 0.0048828125 0.008982035928143712
0 0.955078125 0.45808383233532934 0.00390625 0.010479041916167664