0 0.9228515625 0.4977645305514158 0.05078125 0.11028315946348734
0 0.8046875 0.4903129657228018 0.05859375 0.10879284649776454
0 0.69921875 0.47391952309985097 0.0341796875 0.07004470938897168
0 0.599609375 0.503725782414307 0.0625 0.12667660208643816
0 0.62890625 0.37257824143070045 0.0283203125 0.05514157973174367
0 0.5087890625 0.32190760059612517 0.0263671875 0.05812220566318927
0 0.3671875 0.46348733233979134 0.05859375 0.11922503725782414
0 0.1552734375 0.555886736214605 0.0654296875 0.14307004470938897
0 0.1328125 0.3979135618479881 0.0537109375 0.09538002980625931
0 0.251953125 0.34277198211624443 0.033203125 0.07153502235469449
0 0.173828125 0.32190760059612517 0.0322265625 0.05216095380029806
0 0.8671875 0.4113263785394933 0.0283203125 0.05514157973174367
0 0.72265625 0.2757078986587183 0.0078125 0.019374068554396422
0 0.7353515625 0.4008941877794337 0.0322265625 0.06259314456035768
0 0.5390625 0.27421758569299554 0.01171875 0.020864381520119227
0 0.4580078125 0.2637853949329359 0.0068359375 0.01639344262295082
0 0.3642578125 0.2488822652757079 0.0068359375 0.014903129657228018
0 0.28515625 0.40238450074515647 0.0439453125 0.08494783904619971
0 0.412109375 0.4083457526080477 0.0302734375 0.06259314456035768
0 0.2568359375 0.3055141579731744 0.0244140625 0.03427719821162444
0 0.2177734375 0.23099850968703428 0.005859375 0.014903129657228018
0 0.2490234375 0.2429210134128167 0.0087890625 0.01639344262295082
0 0.2705078125 0.2473919523099851 0.005859375 0.014903129657228018
0 0.060546875 0.2518628912071535 0.0166015625 0.03278688524590164
0 0.140625 0.2563338301043219 0.0107421875 0.019374068554396422
0 0.1533203125 0.23546944858420268 0.0068359375 0.014903129657228018
0 0.021484375 0.4008941877794337 0.0439453125 0.10581222056631892
0 0.11328125 0.21013412816691504 0.0048828125 0.00894187779433681
0 0.181640625 0.21758569299552907 0.0048828125 0.00894187779433681
0 0.193359375 0.21609538002980627 0.00390625 0.007451564828614009
0 0.0595703125 0.19672131147540983 0.0068359375 0.011922503725782414