0 0.0556640625 0.36328125 0.0205078125 0.03125
0 0.1103515625 0.29296875 0.01953125 0.028645833333333332
0 0.19140625 0.3125 0.0224609375 0.028645833333333332
0 0.240234375 0.3411458333333333 0.0478515625 0.052083333333333336
0 0.2744140625 0.4036458333333333 0.0302734375 0.045572916666666664
0 0.3349609375 0.3684895833333333 0.0185546875 0.032552083333333336
0 0.384765625 0.390625 0.0205078125 0.029947916666666668
0 0.392578125 0.3567708333333333 0.015625 0.024739583333333332
0 0.4501953125 0.4583333333333333 0.0341796875 0.048177083333333336
0 0.419921875 0.4049479166666667 0.0302734375 0.05078125
0 0.490234375 0.40625 0.02734375 0.045572916666666664
0 0.5283203125 0.2825520833333333 0.017578125 0.02734375
0 0.5771484375 0.3502604166666667 0.0205078125 0.033854166666666664
0 0.5966796875 0.3528645833333333 0.01171875 0.024739583333333332
0 0.6865234375 0.3359375 0.015625 0.0234375
0 0.7939453125 0.3697916666666667 0.013671875 0.032552083333333336
0 0.8896484375 0.3645833333333333 0.0224609375 0.03515625