0 0.6884765625 0.6397058823529411 0.0087890625 0.014705882352941176
0 0.6083984375 0.5661764705882353 0.0068359375 0.011764705882352941
0 0.6416015625 0.5323529411764706 0.005859375 0.010294117647058823
0 0.611328125 0.6485294117647059 0.0068359375 0.016176470588235296
0 0.5810546875 0.6294117647058823 0.0078125 0.014705882352941176
0 0.560546875 0.6426470588235295 0.0078125 0.013235294117647059
0 0.6748046875 0.6161764705882353 0.0078125 0.013235294117647059
0 0.5263671875 0.6573529411764706 0.0087890625 0.016176470588235296
0 0.55859375 0.5676470588235294 0.0068359375 0.011764705882352941
0 0.5302734375 0.6191176470588236 0.0087890625 0.016176470588235296
0 0.517578125 0.5985294117647059 0.0078125 0.014705882352941176
0 0.5126953125 0.5661764705882353 0.005859375 0.010294117647058823
0 0.4892578125 0.5985294117647059 0.0068359375 0.013235294117647059
0 0.3544921875 0.7235294117647059 0.009765625 0.01911764705882353
0 0.390625 0.6926470588235294 0.009765625 0.01764705882352941
0 0.328125 0.7132352941176471 0.0078125 0.014705882352941176
0 0.2119140625 0.7073529411764706 0.0126953125 0.01911764705882353
0 0.248046875 0.7323529411764705 0.0107421875 0.01764705882352941
0 0.21484375 0.7397058823529412 0.0078125 0.01911764705882353
0 0.1953125 0.7911764705882353 0.013671875 0.022058823529411766
0 0.2890625 0.65 0.0087890625 0.016176470588235296
0 0.29296875 0.5852941176470589 0.0068359375 0.013235294117647059
0 0.2412109375 0.5985294117647059 0.0068359375 0.013235294117647059
0 0.208984375 0.611764705882353 0.0087890625 0.014705882352941176
0 0.2109375 0.5691176470588235 0.005859375 0.010294117647058823
0 0.171875 0.6470588235294118 0.009765625 0.01764705882352941
0 0.1357421875 0.6147058823529412 0.0078125 0.013235294117647059
0 0.103515625 0.5794117647058824 0.0087890625 0.011764705882352941
0 0.0888671875 0.6338235294117647 0.0078125 0.013235294117647059
0 0.0439453125 0.5823529411764706 0.005859375 0.010294117647058823
0 0.076171875 0.65 0.0087890625 0.014705882352941176
0 0.44921875 0.5661764705882353 0.005859375 0.011764705882352941
0 0.423828125 0.6720588235294118 0.0107421875 0.016176470588235296
0 0.4609375 0.6485294117647059 0.0087890625 0.016176470588235296
0 0.4072265625 0.5955882352941176 0.0078125 0.014705882352941176
0 0.4140625 0.5720588235294117 0.005859375 0.013235294117647059
0 0.4013671875 0.5852941176470589 0.0078125 0.010294117647058823
0 0.3984375 0.5352941176470588 0.0048828125 0.008823529411764706
0 0.3857421875 0.5617647058823529 0.005859375 0.010294117647058823
0 0.3779296875 0.5397058823529411 0.0048828125 0.008823529411764706
0 0.359375 0.5514705882352942 0.0068359375 0.013235294117647059
0 0.42578125 0.6352941176470588 0.0078125 0.014705882352941176
0 0.326171875 0.6352941176470588 0.0087890625 0.014705882352941176
0 0.37109375 0.6 0.005859375 0.013235294117647059
0 0.322265625 0.5955882352941176 0.0087890625 0.011764705882352941
0 0.0888671875 0.8088235294117647 0.0087890625 0.01911764705882353
0 0.826171875 0.6764705882352942 0.009765625 0.016176470588235296
0 0.791015625 0.6411764705882353 0.005859375 0.013235294117647059
0 0.7412109375 0.6352941176470588 0.009765625 0.01764705882352941
0 0.7744140625 0.5823529411764706 0.0078125 0.011764705882352941
0 0.7392578125 0.611764705882353 0.0087890625 0.014705882352941176
0 0.7421875 0.5823529411764706 0.0078125 0.013235294117647059
0 0.7099609375 0.5779411764705882 0.0087890625 0.014705882352941176
0 0.9267578125 0.9588235294117647 0.0166015625 0.04852941176470588
0 0.978515625 0.9455882352941176 0.0263671875 0.04264705882352941
0 0.7978515625 0.9470588235294117 0.0107421875 0.03823529411764706
0 0.75 0.9558823529411765 0.0107421875 0.03676470588235294
0 0.95703125 0.6338235294117647 0.01171875 0.016176470588235296
0 0.9306640625 0.6544117647058824 0.0078125 0.01764705882352941
0 0.8876953125 0.7132352941176471 0.0146484375 0.025
0 0.857421875 0.6191176470588236 0.0068359375 0.013235294117647059
0 0.9423828125 0.6220588235294118 0.0107421875 0.01764705882352941
0 0.9365234375 0.5985294117647059 0.0078125 0.011764705882352941
0 0.88671875 0.6176470588235294 0.0078125 0.014705882352941176
0 0.8759765625 0.5882352941176471 0.0078125 0.013235294117647059
0 0.7626953125 0.7573529411764706 0.013671875 0.025
0 0.71875 0.7794117647058824 0.0078125 0.025
0 0.701171875 0.7588235294117647 0.013671875 0.025
0 0.572265625 0.8117647058823529 0.0166015625 0.027941176470588237
0 0.56640625 0.7382352941176471 0.0107421875 0.025
0 0.611328125 0.7926470588235294 0.0078125 0.023529411764705882
0 0.8837890625 0.5514705882352942 0.005859375 0.013235294117647059
0 0.8310546875 0.5 0.00390625 0.010294117647058823
0 0.8056640625 0.5279411764705882 0.0048828125 0.010294117647058823
0 0.8095703125 0.5264705882352941 0.0048828125 0.008823529411764706
0 0.8447265625 0.4808823529411765 0.0048828125 0.008823529411764706
0 0.806640625 0.5 0.00390625 0.008823529411764706
0 0.8369140625 0.5058823529411764 0.0048828125 0.008823529411764706
0 0.359375 0.8985294117647059 0.017578125 0.022058823529411766
0 0.1708984375 0.49411764705882355 0.005859375 0.008823529411764706
0 0.1923828125 0.4632352941176471 0.0048828125 0.007352941176470588
0 0.1552734375 0.4647058823529412 0.00390625 0.0058823529411764705
0 0.91796875 0.49411764705882355 0.0048828125 0.010294117647058823
0 0.91796875 0.4808823529411765 0.0048828125 0.008823529411764706
0 0.955078125 0.4455882352941177 0.00390625 0.007352941176470588
0 0.94921875 0.8220588235294117 0.0185546875 0.020588235294117647
0 0.5693359375 0.7705882352941177 0.009765625 0.020588235294117647
0 0.53125 0.7941176470588235 0.0068359375 0.020588235294117647
0 0.4140625 0.4823529411764706 0.00390625 0.008823529411764706
0 0.4541015625 0.4838235294117647 0.0048828125 0.007352941176470588
0 0.4501953125 0.4661764705882353 0.00390625 0.007352941176470588
0 0.4296875 0.4632352941176471 0.00390625 0.007352941176470588
0 0.38671875 0.4764705882352941 0.00390625 0.0058823529411764705
0 0.3984375 0.4764705882352941 0.00390625 0.007352941176470588
0 0.3720703125 0.475 0.00390625 0.007352941176470588
0 0.447265625 0.5102941176470588 0.00390625 0.007352941176470588
0 0.615234375 0.5191176470588236 0.00390625 0.010294117647058823
0 0.56640625 0.5161764705882353 0.0048828125 0.010294117647058823
0 0.54296875 0.538235294117647 0.0068359375 0.011764705882352941
0 0.576171875 0.475 0.00390625 0.007352941176470588
0 0.5849609375 0.5176470588235295 0.00390625 0.008823529411764706
0 0.5966796875 0.7955882352941176 0.013671875 0.023529411764705882
0 0.0625 0.49264705882352944 0.005859375 0.008823529411764706
0 0.09765625 0.5 0.0048828125 0.007352941176470588
0 0.041015625 0.4970588235294118 0.0048828125 0.008823529411764706
0 0.9521484375 0.43676470588235294 0.0048828125 0.008823529411764706
0 0.2470703125 0.763235294117647 0.0107421875 0.022058823529411766
0 0.671875 0.5411764705882353 0.005859375 0.013235294117647059
0 0.3271484375 0.6161764705882353 0.005859375 0.010294117647058823
0 0.5 0.5397058823529411 0.00390625 0.008823529411764706