0 0.125 0.3645680819912152 0.123046875 0.1054172767203514
0 0.490234375 0.3440702781844802 0.107421875 0.10322108345534407
0 0.50390625 0.23718887262079064 0.0244140625 0.022693997071742314
0 0.5615234375 0.16105417276720352 0.033203125 0.038799414348462666
0 0.607421875 0.2430453879941435 0.0263671875 0.021961932650073207
0 0.6279296875 0.2979502196193265 0.0302734375 0.04319180087847731
0 0.4091796875 0.27232796486090777 0.0205078125 0.024158125915080528
0 0.3955078125 0.27891654465592974 0.0244140625 0.02635431918008785
0 0.6943359375 0.24084919472913616 0.0322265625 0.030014641288433383
0 0.736328125 0.23133235724743778 0.02734375 0.02635431918008785
0 0.8056640625 0.2232796486090776 0.0302734375 0.0314787701317716
0 0.8662109375 0.21815519765739386 0.0263671875 0.02635431918008785
0 0.74609375 0.31112737920937045 0.09765625 0.09370424597364568
0 0.8125 0.2891654465592972 0.0537109375 0.06661786237188873
0 0.951171875 0.21815519765739386 0.0283203125 0.027818448023426062
0 0.9892578125 0.21376281112737922 0.0205078125 0.024890190336749635
0 0.9814453125 0.24743777452415813 0.0361328125 0.03367496339677892
0 0.9638671875 0.3367496339677892 0.072265625 0.0629575402635432