0 0.029296875 0.5861618798955613 0.0595703125 0.10835509138381201
0 0.146484375 0.5953002610966057 0.041015625 0.0587467362924282
0 0.3408203125 0.5117493472584856 0.033203125 0.05613577023498695
0 0.384765625 0.49477806788511747 0.0390625 0.07049608355091384
0 0.484375 0.5783289817232375 0.09765625 0.17362924281984335
0 0.6044921875 0.48172323759791125 0.0244140625 0.04699738903394256
0 0.6513671875 0.5809399477806788 0.091796875 0.185378590078329
0 0.81640625 0.5365535248041775 0.05859375 0.10182767624020887
0 0.7783203125 0.4856396866840731 0.0185546875 0.03263707571801567
0 0.798828125 0.45691906005221933 0.017578125 0.024804177545691905
0 0.853515625 0.4360313315926893 0.0234375 0.05613577023498695
0 0.9189453125 0.44778067885117495 0.015625 0.022193211488250653
0 0.935546875 0.4412532637075718 0.01171875 0.016971279373368148
0 0.8154296875 0.4425587467362924 0.0087890625 0.018276762402088774
0 0.5859375 0.17362924281984335 0.013671875 0.02610966057441253
0 0.9609375 0.4386422976501306 0.009765625 0.016971279373368148
0 0.990234375 0.43733681462140994 0.0166015625 0.03263707571801567
0 0.982421875 0.4308093994778068 0.0126953125 0.024804177545691905
0 0.537109375 0.5678851174934726 0.0341796875 0.06527415143603134