0 0.078125 0.5117493472584856 0.015625 0.018929503916449087
0 0.1240234375 0.508485639686684 0.02734375 0.02154046997389034
0 0.1572265625 0.5137075718015666 0.015625 0.015013054830287207
0 0.1494140625 0.5156657963446475 0.0126953125 0.013054830287206266
0 0.1845703125 0.5091383812010444 0.0126953125 0.012402088772845953
0 0.2021484375 0.5078328981723238 0.0166015625 0.015665796344647518
0 0.2099609375 0.5326370757180157 0.0166015625 0.01370757180156658
0 0.2451171875 0.5091383812010444 0.0126953125 0.01174934725848564
0 0.314453125 0.5241514360313316 0.0185546875 0.018276762402088774
0 0.3466796875 0.5150130548302873 0.009765625 0.013054830287206266
0 0.302734375 0.5052219321148825 0.0048828125 0.006527415143603133
0 0.32421875 0.5013054830287206 0.0068359375 0.007180156657963447
0 0.345703125 0.4993472584856397 0.005859375 0.007180156657963447
0 0.390625 0.5058746736292428 0.0107421875 0.009138381201044387
0 0.4609375 0.4908616187989556 0.009765625 0.008485639686684074
0 0.482421875 0.5 0.0087890625 0.007832898172323759
0 0.435546875 0.5019582245430809 0.009765625 0.007832898172323759
0 0.494140625 0.49216710182767626 0.01171875 0.008485639686684074
0 0.568359375 0.4902088772845953 0.0078125 0.007180156657963447
0 0.57421875 0.49673629242819844 0.0078125 0.007180156657963447
0 0.6064453125 0.508485639686684 0.015625 0.012402088772845953
0 0.5986328125 0.5 0.015625 0.014360313315926894
0 0.7158203125 0.4934725848563969 0.0078125 0.008485639686684074
0 0.783203125 0.5013054830287206 0.0419921875 0.03263707571801567
0 0.8564453125 0.5006527415143603 0.01171875 0.012402088772845953
0 0.912109375 0.49869451697127937 0.0107421875 0.009138381201044387
0 0.970703125 0.4902088772845953 0.0107421875 0.010443864229765013
0 0.984375 0.48825065274151436 0.0078125 0.0097911227154047