0 0.951171875 0.3727544910179641 0.03125 0.041916167664670656
0 0.984375 0.36976047904191617 0.0263671875 0.05089820359281437
0 0.8525390625 0.39520958083832336 0.0244140625 0.03592814371257485
0 0.77734375 0.3652694610778443 0.0205078125 0.040419161676646706
0 0.744140625 0.405688622754491 0.0224609375 0.040419161676646706
0 0.642578125 0.4086826347305389 0.0224609375 0.041916167664670656
0 0.4716796875 0.41916167664670656 0.0234375 0.04790419161676647
0 0.55078125 0.38772455089820357 0.0224609375 0.04341317365269461
0 0.3154296875 0.41916167664670656 0.0263671875 0.041916167664670656
0 0.3916015625 0.39520958083832336 0.021484375 0.04341317365269461
0 0.0849609375 0.38023952095808383 0.041015625 0.058383233532934134
0 0.224609375 0.3787425149700599 0.0302734375 0.04640718562874251
0 0.6005859375 0.2949101796407186 0.0146484375 0.02694610778443114
0 0.4248046875 0.2949101796407186 0.015625 0.023952095808383235