0 0.0244140625 0.6307237813884786 0.0478515625 0.11078286558345643
0 0.0537109375 0.6676514032496307 0.05078125 0.0930576070901034
0 0.1240234375 0.5805022156573116 0.0439453125 0.0915805022156573
0 0.203125 0.6514032496307238 0.0693359375 0.15066469719350073
0 0.2763671875 0.638109305760709 0.0517578125 0.12703101920236337
0 0.3701171875 0.6691285081240768 0.0400390625 0.07680945347119646
0 0.4091796875 0.6189069423929099 0.0537109375 0.12259970457902511
0 0.37109375 0.844903988183161 0.0615234375 0.11669128508124077
0 0.4248046875 0.7193500738552437 0.0517578125 0.103397341211226
0 0.4873046875 0.7385524372230429 0.0615234375 0.12703101920236337
0 0.447265625 0.5864106351550961 0.029296875 0.056129985228951254
0 0.4931640625 0.6233382570162481 0.0439453125 0.08124076809453472
0 0.55859375 0.670605612998523 0.046875 0.1447562776957164
0 0.654296875 0.5997045790251108 0.0556640625 0.12259970457902511
0 0.689453125 0.6499261447562777 0.0244140625 0.05760709010339734
0 0.767578125 0.4519940915805022 0.0986328125 0.19497784342688332