0 0.04296875 0.22074468085106383 0.0869140625 0.15558510638297873
0 0.1142578125 0.3098404255319149 0.0419921875 0.07313829787234043
0 0.1416015625 0.3178191489361702 0.0322265625 0.06515957446808511
0 0.1923828125 0.32180851063829785 0.060546875 0.09707446808510638
0 0.2216796875 0.3404255319148936 0.021484375 0.0398936170212766
0 0.2548828125 0.34175531914893614 0.0244140625 0.05319148936170213
0 0.28125 0.3390957446808511 0.046875 0.06648936170212766
0 0.3349609375 0.2473404255319149 0.095703125 0.1768617021276596
0 0.4306640625 0.3484042553191489 0.0625 0.11436170212765957
0 0.5078125 0.36569148936170215 0.0654296875 0.07313829787234043
0 0.5546875 0.28856382978723405 0.091796875 0.1595744680851064
0 0.634765625 0.31648936170212766 0.0361328125 0.05851063829787234
0 0.6337890625 0.35638297872340424 0.0390625 0.08111702127659574
0 0.7666015625 0.33643617021276595 0.0771484375 0.1422872340425532
0 0.8447265625 0.3683510638297872 0.0634765625 0.11569148936170212
0 0.9501953125 0.3617021276595745 0.0458984375 0.09441489361702128
0 0.98046875 0.3896276595744681 0.0380859375 0.09042553191489362
0 0.9951171875 0.28856382978723405 0.009765625 0.015957446808510637