0 0.0224609375 0.4243759177679883 0.03125 0.07048458149779736
0 0.0087890625 0.4419970631424376 0.017578125 0.08076358296622614
0 0.046875 0.37591776798825255 0.0205078125 0.032305433186490456
0 0.083984375 0.3274596182085169 0.0146484375 0.016152716593245228
0 0.1171875 0.4155653450807636 0.0517578125 0.08516886930983847
0 0.12890625 0.3744493392070485 0.0390625 0.08076358296622614
0 0.1630859375 0.42584434654919234 0.0537109375 0.08663729809104258
0 0.283203125 0.32305433186490456 0.05078125 0.16886930983847284
0 0.365234375 0.3069016152716593 0.0537109375 0.09985315712187959
0 0.3046875 0.33480176211453744 0.041015625 0.08957415565345081
0 0.3759765625 0.26284875183553597 0.0390625 0.06461086637298091
0 0.310546875 0.24082232011747431 0.0107421875 0.023494860499265784
0 0.38671875 0.24375917767988253 0.03125 0.0631424375917768
0 0.4150390625 0.2305433186490455 0.0224609375 0.03671071953010279
0 0.4326171875 0.32158590308370044 0.0400390625 0.07195301027900147
0 0.4482421875 0.22026431718061673 0.013671875 0.024963289280469897
0 0.4833984375 0.45961820851688695 0.048828125 0.0763582966226138
0 0.5341796875 0.19383259911894274 0.0400390625 0.0881057268722467
0 0.4931640625 0.22173274596182085 0.01171875 0.023494860499265784
0 0.7333984375 0.14243759177679882 0.0615234375 0.09397944199706314
0 0.654296875 0.12187958883994127 0.005859375 0.010279001468428781
0 0.8154296875 0.18061674008810572 0.029296875 0.05873715124816446
0 0.7998046875 0.1277533039647577 0.0166015625 0.023494860499265784
0 0.783203125 0.1145374449339207 0.0087890625 0.016152716593245228
0 0.91796875 0.23201174743024963 0.0693359375 0.12334801762114538
0 0.8876953125 0.31718061674008813 0.0498046875 0.10425844346549193
0 0.8447265625 0.18502202643171806 0.015625 0.032305433186490456
0 0.8837890625 0.10719530102790015 0.0087890625 0.022026431718061675
0 0.93359375 0.10719530102790015 0.021484375 0.048458149779735685
0 0.9755859375 0.14243759177679882 0.03125 0.05286343612334802
0 0.818359375 0.2393538913362702 0.03515625 0.07929515418502203