0 0.8095703125 0.3463541666666667 0.12109375 0.16796875
0 0.505859375 0.3098958333333333 0.1298828125 0.13802083333333334
0 0.6220703125 0.3255208333333333 0.037109375 0.06640625
0 0.17578125 0.3528645833333333 0.04296875 0.0703125
0 0.208984375 0.34375 0.0234375 0.032552083333333336
0 0.2255859375 0.3385416666666667 0.01953125 0.028645833333333332
0 0.34765625 0.3307291666666667 0.0361328125 0.059895833333333336
0 0.703125 0.3385416666666667 0.0087890625 0.014322916666666666
0 0.7275390625 0.3385416666666667 0.0087890625 0.014322916666666666
0 0.9892578125 0.3216145833333333 0.0068359375 0.01171875
0 0.607421875 0.24869791666666666 0.0234375 0.045572916666666664