0 0.9072265625 0.17349926793557832 0.0791015625 0.06881405563689605
0 0.8779296875 0.15446559297218154 0.0537109375 0.05490483162518302
0 0.787109375 0.1595900439238653 0.05859375 0.05710102489019034
0 0.7529296875 0.11054172767203514 0.0556640625 0.050512445095168376
0 0.6474609375 0.31259150805270863 0.1123046875 0.09077598828696926
0 0.6259765625 0.2240117130307467 0.0693359375 0.05710102489019034
0 0.5556640625 0.16471449487554904 0.0595703125 0.055636896046852125
0 0.4404296875 0.10395314787701318 0.056640625 0.055636896046852125
0 0.1650390625 0.08638360175695461 0.05859375 0.0636896046852123
0 0.337890625 0.21156661786237188 0.05078125 0.0527086383601757
0 0.087890625 0.1822840409956076 0.0732421875 0.06515373352855051