0 0.09375 0.4673913043478261 0.013671875 0.029503105590062112
0 0.1611328125 0.4440993788819876 0.013671875 0.023291925465838508
0 0.171875 0.422360248447205 0.0107421875 0.017080745341614908
0 0.111328125 0.4472049689440994 0.0107421875 0.021739130434782608
0 0.271484375 0.40062111801242234 0.01171875 0.021739130434782608
0 0.25390625 0.45962732919254656 0.0478515625 0.09316770186335403
0 0.2646484375 0.37732919254658387 0.005859375 0.010869565217391304
0 0.2587890625 0.37732919254658387 0.0048828125 0.010869565217391304
0 0.2880859375 0.37422360248447206 0.0068359375 0.015527950310559006
0 0.318359375 0.36801242236024845 0.005859375 0.010869565217391304
0 0.41015625 0.4083850931677019 0.0390625 0.09316770186335403
0 0.4609375 0.38509316770186336 0.0244140625 0.06055900621118013
0 0.4892578125 0.358695652173913 0.015625 0.034161490683229816
0 0.5048828125 0.39285714285714285 0.0302734375 0.07298136645962733
0 0.55078125 0.32298136645962733 0.015625 0.034161490683229816
0 0.568359375 0.3027950310559006 0.009765625 0.021739130434782608
0 0.5771484375 0.3447204968944099 0.0234375 0.05434782608695652
0 0.6123046875 0.29037267080745344 0.009765625 0.021739130434782608
0 0.6220703125 0.2888198757763975 0.0068359375 0.013975155279503106
0 0.744140625 0.2639751552795031 0.015625 0.049689440993788817
0 0.73046875 0.12577639751552794 0.01171875 0.024844720496894408
0 0.341796875 0.9239130434782609 0.087890625 0.15217391304347827
0 0.591796875 0.6863354037267081 0.0703125 0.15527950310559005