0 0.9521484375 0.6222547584187409 0.095703125 0.4128843338213763
0 0.9296875 0.4568081991215227 0.123046875 0.1800878477306003
0 0.8046875 0.44216691068814057 0.0361328125 0.06588579795021962
0 0.7587890625 0.4699853587115666 0.0478515625 0.08931185944363104
0 0.6728515625 0.5461200585651538 0.0703125 0.13323572474377746
0 0.6025390625 0.4289897510980966 0.037109375 0.07027818448023426
0 0.5302734375 0.5768667642752562 0.14453125 0.3235724743777452
0 0.3525390625 0.45534407027818447 0.0419921875 0.09663250366032211
0 0.1396484375 0.5812591508052709 0.0859375 0.17423133235724744
0 0.052734375 0.5065885797950219 0.0771484375 0.13616398243045388
0 0.11328125 0.43923865300146414 0.0458984375 0.07027818448023426