0 0.052734375 0.8217821782178217 0.056640625 0.14108910891089108
0 0.2236328125 0.6571782178217822 0.0361328125 0.07054455445544554
0 0.150390625 0.8304455445544554 0.0849609375 0.13861386138613863
0 0.2109375 0.8044554455445545 0.0517578125 0.15099009900990099
0 0.3515625 0.8279702970297029 0.0498046875 0.10148514851485149
0 0.513671875 0.9084158415841584 0.0361328125 0.10643564356435643
0 0.6142578125 0.8477722772277227 0.06640625 0.12128712871287128
0 0.716796875 0.8626237623762376 0.0732421875 0.13613861386138615
0 0.8271484375 0.7648514851485149 0.0625 0.0952970297029703
0 0.890625 0.801980198019802 0.052734375 0.10148514851485149
0 0.96875 0.7933168316831684 0.048828125 0.08787128712871287
0 0.9814453125 0.8254950495049505 0.037109375 0.11386138613861387
0 0.9892578125 0.4938118811881188 0.0126953125 0.02599009900990099
0 0.984375 0.4183168316831683 0.0126953125 0.018564356435643563
0 0.970703125 0.4566831683168317 0.0126953125 0.01608910891089109
0 0.900390625 0.47277227722772275 0.01171875 0.02599009900990099
0 0.8642578125 0.5346534653465347 0.01171875 0.017326732673267328
0 0.642578125 0.47029702970297027 0.0576171875 0.11633663366336634
0 0.7841796875 0.650990099009901 0.0126953125 0.023514851485148515
0 0.935546875 0.48514851485148514 0.0146484375 0.028465346534653466