0 0.96875 0.1423611111111111 0.02734375 0.057291666666666664
0 0.90234375 0.11284722222222222 0.03125 0.05555555555555555
0 0.9248046875 0.0642361111111111 0.03515625 0.06076388888888889
0 0.91015625 0.16493055555555555 0.03515625 0.0642361111111111
0 0.8466796875 0.109375 0.0322265625 0.0625
0 0.8525390625 0.034722222222222224 0.0224609375 0.046875
0 0.802734375 0.10590277777777778 0.0341796875 0.06597222222222222
0 0.9052734375 0.2482638888888889 0.033203125 0.06597222222222222
0 0.8642578125 0.2795138888888889 0.0419921875 0.07465277777777778
0 0.7353515625 0.11979166666666667 0.0341796875 0.07291666666666667
0 0.7490234375 0.08854166666666667 0.025390625 0.05555555555555555
0 0.6962890625 0.1545138888888889 0.03125 0.06944444444444445
0 0.771484375 0.2569444444444444 0.0380859375 0.06770833333333333
0 0.72265625 0.28125 0.041015625 0.0798611111111111
0 0.6533203125 0.21006944444444445 0.0302734375 0.05555555555555555
0 0.630859375 0.059027777777777776 0.03125 0.0625
0 0.5966796875 0.03993055555555555 0.0283203125 0.050347222222222224
0 0.6005859375 0.11805555555555555 0.0283203125 0.059027777777777776
0 0.5791015625 0.16145833333333334 0.03515625 0.06770833333333333
0 0.5888671875 0.2864583333333333 0.0341796875 0.06597222222222222
0 0.4833984375 0.2170138888888889 0.033203125 0.07291666666666667
0 0.517578125 0.059027777777777776 0.0341796875 0.06770833333333333
0 0.5576171875 0.06597222222222222 0.0283203125 0.06076388888888889
0 0.490234375 0.036458333333333336 0.0234375 0.046875
0 0.4931640625 0.16145833333333334 0.0234375 0.046875
0 0.4404296875 0.08506944444444445 0.0302734375 0.06076388888888889
0 0.416015625 0.1371527777777778 0.03125 0.05555555555555555
0 0.3974609375 0.10416666666666667 0.0341796875 0.04861111111111111
0 0.3916015625 0.027777777777777776 0.025390625 0.050347222222222224
0 0.341796875 0.043402777777777776 0.03515625 0.06076388888888889
0 0.2939453125 0.043402777777777776 0.0322265625 0.0625
0 0.3134765625 0.1111111111111111 0.03125 0.05555555555555555
0 0.365234375 0.1527777777777778 0.0361328125 0.06076388888888889
0 0.294921875 0.16145833333333334 0.03125 0.0625
0 0.353515625 0.2152777777777778 0.033203125 0.057291666666666664
0 0.31640625 0.2152777777777778 0.0322265625 0.05555555555555555
0 0.189453125 0.06944444444444445 0.029296875 0.057291666666666664
0 0.060546875 0.06597222222222222 0.0302734375 0.06076388888888889
0 0.1416015625 0.08506944444444445 0.03515625 0.06597222222222222
0 0.115234375 0.08680555555555555 0.02734375 0.06076388888888889
0 0.2265625 0.13194444444444445 0.033203125 0.0642361111111111
0 0.232421875 0.08506944444444445 0.029296875 0.05381944444444445
0 0.2431640625 0.06076388888888889 0.02734375 0.052083333333333336
0 0.0380859375 0.10416666666666667 0.0302734375 0.05381944444444445
0 0.025390625 0.024305555555555556 0.021484375 0.046875
0 0.087890625 0.13194444444444445 0.03125 0.06597222222222222
0 0.1650390625 0.1267361111111111 0.0322265625 0.06076388888888889
0 0.17578125 0.1996527777777778 0.04296875 0.0763888888888889
0 0.1513671875 0.19444444444444445 0.03515625 0.07118055555555555
0 0.0537109375 0.1840277777777778 0.033203125 0.07465277777777778
0 0.248046875 0.22395833333333334 0.0380859375 0.0763888888888889
0 0.826171875 0.4149305555555556 0.048828125 0.08680555555555555
0 0.7568359375 0.4270833333333333 0.044921875 0.08333333333333333
0 0.75390625 0.5538194444444444 0.04296875 0.109375
0 0.818359375 0.5347222222222222 0.044921875 0.10416666666666667
0 0.8701171875 0.375 0.037109375 0.07291666666666667
0 0.787109375 0.3246527777777778 0.0341796875 0.057291666666666664
0 0.7177734375 0.3940972222222222 0.0390625 0.09027777777777778
0 0.677734375 0.3350694444444444 0.037109375 0.08680555555555555
0 0.609375 0.3645833333333333 0.03515625 0.07118055555555555
0 0.59765625 0.4565972222222222 0.044921875 0.09027777777777778
0 0.990234375 0.421875 0.017578125 0.08506944444444445
0 0.9150390625 0.4861111111111111 0.0458984375 0.0954861111111111
0 0.9248046875 0.6371527777777778 0.05078125 0.10243055555555555
0 0.6103515625 0.6336805555555556 0.046875 0.10069444444444445
0 0.5361328125 0.421875 0.03125 0.07465277777777778
0 0.42578125 0.5 0.0537109375 0.09375
0 0.4677734375 0.5086805555555556 0.041015625 0.08854166666666667
0 0.421875 0.3211805555555556 0.0400390625 0.08506944444444445
0 0.5029296875 0.890625 0.044921875 0.1371527777777778
0 0.306640625 0.8177083333333334 0.0615234375 0.13194444444444445
0 0.396484375 0.6006944444444444 0.05078125 0.10416666666666667
0 0.361328125 0.5347222222222222 0.041015625 0.08506944444444445
0 0.3642578125 0.4635416666666667 0.0341796875 0.0642361111111111
0 0.3271484375 0.2899305555555556 0.0439453125 0.08506944444444445
0 0.2626953125 0.2847222222222222 0.03515625 0.06597222222222222
0 0.251953125 0.3506944444444444 0.0380859375 0.078125
0 0.2509765625 0.4166666666666667 0.0478515625 0.08333333333333333
0 0.1357421875 0.3159722222222222 0.0341796875 0.06597222222222222
0 0.1552734375 0.3923611111111111 0.0390625 0.07118055555555555
0 0.078125 0.4496527777777778 0.033203125 0.06076388888888889
0 0.2255859375 0.6128472222222222 0.0595703125 0.11805555555555555
0 0.2001953125 0.5034722222222222 0.044921875 0.0920138888888889
0 0.142578125 0.7378472222222222 0.0546875 0.11458333333333333
0 0.03515625 0.6753472222222222 0.03515625 0.10243055555555555
0 0.0576171875 0.8576388888888888 0.044921875 0.11284722222222222
0 0.3857421875 0.2222222222222222 0.0185546875 0.046875
0 0.9443359375 0.3871527777777778 0.0322265625 0.06944444444444445
0 0.013671875 0.4340277777777778 0.02734375 0.08333333333333333
0 0.0107421875 0.2690972222222222 0.021484375 0.0625
0 0.0078125 0.16145833333333334 0.015625 0.07291666666666667
0 0.751953125 0.043402777777777776 0.0244140625 0.07291666666666667
0 0.6787109375 0.012152777777777778 0.0283203125 0.026041666666666668