0 0.099609375 0.4114583333333333 0.0244140625 0.05078125
0 0.1953125 0.4075520833333333 0.025390625 0.048177083333333336
0 0.2890625 0.421875 0.0146484375 0.033854166666666664
0 0.32421875 0.4192708333333333 0.01953125 0.0390625
0 0.361328125 0.4609375 0.01953125 0.048177083333333336
0 0.51171875 0.4309895833333333 0.021484375 0.041666666666666664
0 0.55078125 0.4427083333333333 0.015625 0.037760416666666664
0 0.560546875 0.4479166666666667 0.0224609375 0.057291666666666664
0 0.5791015625 0.4114583333333333 0.0205078125 0.06640625
0 0.6953125 0.4322916666666667 0.0537109375 0.10416666666666667
0 0.7626953125 0.4205729166666667 0.0205078125 0.040364583333333336
0 0.8212890625 0.2825520833333333 0.11328125 0.17578125
0 0.9697265625 0.3893229166666667 0.02734375 0.07161458333333333
0 0.673828125 0.4114583333333333 0.015625 0.022135416666666668