0 0.21875 0.007042253521126761 0.005859375 0.01584507042253521
0 0.236328125 0.00528169014084507 0.0068359375 0.01056338028169014
0 0.2548828125 0.00528169014084507 0.0078125 0.01232394366197183
0 0.287109375 0.008802816901408451 0.0078125 0.01936619718309859
0 0.3095703125 0.045774647887323945 0.0048828125 0.01936619718309859
0 0.2109375 0.10387323943661972 0.0068359375 0.014084507042253521
0 0.177734375 0.2676056338028169 0.009765625 0.02112676056338028
0 0.1640625 0.27816901408450706 0.0078125 0.02640845070422535
0 0.1396484375 0.25528169014084506 0.0048828125 0.022887323943661973
0 0.0966796875 0.25528169014084506 0.0078125 0.02640845070422535
0 0.125 0.25704225352112675 0.0068359375 0.01232394366197183
0 0.2216796875 0.2975352112676056 0.0087890625 0.02464788732394366
0 0.2548828125 0.27816901408450706 0.0087890625 0.022887323943661973
0 0.0859375 0.272887323943662 0.009765625 0.02464788732394366
0 0.095703125 0.301056338028169 0.0048828125 0.017605633802816902
0 0.1337890625 0.2992957746478873 0.0078125 0.01936619718309859
0 0.1484375 0.3028169014084507 0.0078125 0.017605633802816902
0 0.1240234375 0.3503521126760563 0.0087890625 0.028169014084507043
0 0.123046875 0.3274647887323944 0.0078125 0.01936619718309859
0 0.0751953125 0.32922535211267606 0.0078125 0.02464788732394366
0 0.0947265625 0.3767605633802817 0.0078125 0.01936619718309859
0 0.1142578125 0.3644366197183099 0.0087890625 0.022887323943661973
0 0.1201171875 0.3855633802816901 0.0078125 0.02640845070422535
0 0.1435546875 0.375 0.0107421875 0.02992957746478873
0 0.1376953125 0.3503521126760563 0.0087890625 0.02464788732394366
0 0.1396484375 0.4014084507042254 0.0078125 0.028169014084507043
0 0.0498046875 0.30809859154929575 0.0078125 0.022887323943661973
0 0.1845703125 0.3204225352112676 0.0087890625 0.03169014084507042
0 0.193359375 0.3485915492957746 0.0068359375 0.01936619718309859
0 0.2177734375 0.3345070422535211 0.0087890625 0.02640845070422535
0 0.236328125 0.3221830985915493 0.0087890625 0.02640845070422535
0 0.2568359375 0.352112676056338 0.0078125 0.028169014084507043
0 0.158203125 0.3767605633802817 0.0068359375 0.02464788732394366
0 0.189453125 0.3855633802816901 0.0087890625 0.02464788732394366
0 0.185546875 0.4014084507042254 0.0078125 0.02640845070422535
0 0.1806640625 0.4225352112676056 0.0078125 0.02112676056338028
0 0.279296875 0.4894366197183099 0.009765625 0.03169014084507042
0 0.2568359375 0.4788732394366197 0.009765625 0.03169014084507042
0 0.2197265625 0.4735915492957746 0.009765625 0.02640845070422535
0 0.1640625 0.4454225352112676 0.0068359375 0.03169014084507042
0 0.1123046875 0.301056338028169 0.0078125 0.022887323943661973
0 0.1533203125 0.3503521126760563 0.0078125 0.02992957746478873
0 0.130859375 0.3274647887323944 0.009765625 0.028169014084507043
0 0.0322265625 0.727112676056338 0.0126953125 0.03873239436619718
0 0.0986328125 0.6813380281690141 0.013671875 0.035211267605633804
0 0.0263671875 0.8573943661971831 0.015625 0.040492957746478875
0 0.248046875 0.7147887323943662 0.009765625 0.028169014084507043
0 0.185546875 0.6901408450704225 0.0068359375 0.017605633802816902
0 0.2021484375 0.6954225352112676 0.0087890625 0.02112676056338028
0 0.224609375 0.5316901408450704 0.009765625 0.028169014084507043
0 0.2373046875 0.5052816901408451 0.0078125 0.022887323943661973
0 0.23828125 0.5369718309859155 0.0078125 0.022887323943661973
0 0.25390625 0.5545774647887324 0.009765625 0.028169014084507043
0 0.2783203125 0.5176056338028169 0.0087890625 0.02464788732394366
0 0.3115234375 0.5299295774647887 0.0107421875 0.02992957746478873
0 0.3095703125 0.5528169014084507 0.0087890625 0.02464788732394366
0 0.2861328125 0.5633802816901409 0.009765625 0.02640845070422535
0 0.2734375 0.5528169014084507 0.009765625 0.03345070422535211
0 0.3125 0.2904929577464789 0.009765625 0.028169014084507043
0 0.318359375 0.31690140845070425 0.0087890625 0.028169014084507043
0 0.3583984375 0.2887323943661972 0.0107421875 0.02464788732394366
0 0.4208984375 0.2007042253521127 0.00390625 0.01936619718309859
0 0.5 0.20774647887323944 0.0068359375 0.022887323943661973
0 0.4833984375 0.24471830985915494 0.0078125 0.02464788732394366
0 0.4814453125 0.2640845070422535 0.0087890625 0.02464788732394366
0 0.4619140625 0.2852112676056338 0.009765625 0.02464788732394366
0 0.427734375 0.2676056338028169 0.0087890625 0.022887323943661973
0 0.419921875 0.2904929577464789 0.0068359375 0.01936619718309859
0 0.4853515625 0.30985915492957744 0.0078125 0.02640845070422535
0 0.5078125 0.2764084507042254 0.0087890625 0.02992957746478873
0 0.525390625 0.2834507042253521 0.0087890625 0.028169014084507043
0 0.51953125 0.1602112676056338 0.0078125 0.028169014084507043
0 0.529296875 0.18838028169014084 0.005859375 0.01936619718309859
0 0.52734375 0.2147887323943662 0.005859375 0.02112676056338028
0 0.5146484375 0.22887323943661972 0.00390625 0.02112676056338028
0 0.5205078125 0.20598591549295775 0.0068359375 0.022887323943661973
0 0.333984375 0.4859154929577465 0.0087890625 0.028169014084507043
0 0.2919921875 0.48063380281690143 0.0107421875 0.035211267605633804
0 0.353515625 0.5158450704225352 0.009765625 0.03345070422535211
0 0.384765625 0.5052816901408451 0.01171875 0.03345070422535211
0 0.4267578125 0.4665492957746479 0.009765625 0.02640845070422535
0 0.3828125 0.5563380281690141 0.01171875 0.035211267605633804
0 0.412109375 0.5545774647887324 0.0087890625 0.028169014084507043
0 0.412109375 0.5123239436619719 0.009765625 0.028169014084507043
0 0.4658203125 0.4964788732394366 0.009765625 0.02640845070422535
0 0.478515625 0.4612676056338028 0.0087890625 0.028169014084507043
0 0.4306640625 0.5545774647887324 0.009765625 0.03169014084507042
0 0.42578125 0.6003521126760564 0.0087890625 0.028169014084507043
0 0.3564453125 0.5880281690140845 0.0107421875 0.02992957746478873
0 0.3388671875 0.6056338028169014 0.0107421875 0.02992957746478873
0 0.470703125 0.5352112676056338 0.0107421875 0.02640845070422535
0 0.45703125 0.5933098591549296 0.0107421875 0.028169014084507043
0 0.388671875 0.00528169014084507 0.0068359375 0.01232394366197183
0 0.4150390625 0.014084507042253521 0.0068359375 0.014084507042253521
0 0.4267578125 0.017605633802816902 0.005859375 0.01584507042253521
0 0.3916015625 0.04401408450704225 0.005859375 0.02112676056338028
0 0.39453125 0.06690140845070422 0.0068359375 0.017605633802816902
0 0.4658203125 0.04401408450704225 0.0048828125 0.017605633802816902
0 0.4541015625 0.04753521126760563 0.0048828125 0.014084507042253521
0 0.4814453125 0.02112676056338028 0.005859375 0.017605633802816902
0 0.4970703125 0.02640845070422535 0.0048828125 0.022887323943661973
0 0.541015625 0.0528169014084507 0.0068359375 0.01936619718309859
0 0.5537109375 0.02992957746478873 0.0048828125 0.01936619718309859
0 0.5712890625 0.04929577464788732 0.0068359375 0.017605633802816902
0 0.5322265625 0.09507042253521127 0.0078125 0.022887323943661973
0 0.515625 0.11267605633802817 0.0087890625 0.022887323943661973
0 0.5380859375 0.11795774647887323 0.0068359375 0.01936619718309859
0 0.552734375 0.11971830985915492 0.0087890625 0.022887323943661973
0 0.529296875 0.16549295774647887 0.0087890625 0.022887323943661973
0 0.548828125 0.15669014084507044 0.0078125 0.017605633802816902
0 0.5625 0.15669014084507044 0.0068359375 0.017605633802816902
0 0.5517578125 0.17253521126760563 0.0 0.0035211267605633804
0 0.548828125 0.198943661971831 0.005859375 0.01936619718309859
0 0.5478515625 0.21654929577464788 0.0087890625 0.02112676056338028
0 0.560546875 0.2306338028169014 0.0087890625 0.02112676056338028
0 0.576171875 0.18661971830985916 0.0078125 0.02112676056338028
0 0.5810546875 0.24471830985915494 0.0087890625 0.01936619718309859
0 0.5458984375 0.25528169014084506 0.009765625 0.02464788732394366
0 0.5625 0.25880281690140844 0.0087890625 0.022887323943661973
0 0.5703125 0.2852112676056338 0.0078125 0.028169014084507043
0 0.505859375 0.03697183098591549 0.0068359375 0.022887323943661973
0 0.587890625 0.058098591549295774 0.0068359375 0.01936619718309859
0 0.6103515625 0.061619718309859156 0.0048828125 0.01936619718309859
0 0.623046875 0.0897887323943662 0.0078125 0.017605633802816902
0 0.5927734375 0.12852112676056338 0.0078125 0.02112676056338028
0 0.59375 0.1602112676056338 0.0087890625 0.02112676056338028
0 0.6064453125 0.1602112676056338 0.0087890625 0.02112676056338028
0 0.611328125 0.17781690140845072 0.0078125 0.01936619718309859
0 0.6142578125 0.17253521126760563 0.0068359375 0.02464788732394366
0 0.58984375 0.2112676056338028 0.0087890625 0.022887323943661973
0 0.6083984375 0.21654929577464788 0.0087890625 0.01936619718309859
0 0.642578125 0.16549295774647887 0.0078125 0.02464788732394366
0 0.6435546875 0.12852112676056338 0.0078125 0.01936619718309859
0 0.6630859375 0.13556338028169015 0.0078125 0.022887323943661973
0 0.642578125 0.08626760563380281 0.005859375 0.01232394366197183
0 0.63671875 0.06338028169014084 0.0068359375 0.01936619718309859
0 0.6552734375 0.040492957746478875 0.005859375 0.014084507042253521
0 0.666015625 0.040492957746478875 0.005859375 0.01936619718309859
0 0.6748046875 0.03697183098591549 0.0068359375 0.028169014084507043
0 0.68359375 0.03873239436619718 0.0087890625 0.022887323943661973
0 0.6904296875 0.051056338028169015 0.0078125 0.02112676056338028
0 0.703125 0.01936619718309859 0.0068359375 0.022887323943661973
0 0.6953125 0.1073943661971831 0.0078125 0.022887323943661973
0 0.6630859375 0.11267605633802817 0.0048828125 0.01056338028169014
0 0.66015625 0.1056338028169014 0.005859375 0.01232394366197183
0 0.6708984375 0.09154929577464789 0.005859375 0.01936619718309859
0 0.6826171875 0.15316901408450703 0.0078125 0.02112676056338028
0 0.7158203125 0.15492957746478872 0.005859375 0.01936619718309859
0 0.6650390625 0.2112676056338028 0.0078125 0.01936619718309859
0 0.65625 0.1619718309859155 0.0068359375 0.01936619718309859
0 0.7431640625 0.02464788732394366 0.0078125 0.02992957746478873
0 0.755859375 0.02640845070422535 0.0078125 0.022887323943661973
0 0.7705078125 0.03169014084507042 0.005859375 0.017605633802816902
0 0.7763671875 0.03873239436619718 0.0068359375 0.02112676056338028
0 0.7890625 0.022887323943661973 0.0078125 0.02112676056338028
0 0.765625 0.01232394366197183 0.0048828125 0.01584507042253521
0 0.734375 0.007042253521126761 0.00390625 0.008802816901408451
0 0.7265625 0.03345070422535211 0.0068359375 0.02112676056338028
0 0.732421875 0.051056338028169015 0.0048828125 0.01056338028169014
0 0.7421875 0.051056338028169015 0.0087890625 0.02464788732394366
0 0.80859375 0.01584507042253521 0.0078125 0.017605633802816902
0 0.8017578125 0.02992957746478873 0.005859375 0.01936619718309859
0 0.8046875 0.035211267605633804 0.0068359375 0.02112676056338028
0 0.841796875 0.04753521126760563 0.0068359375 0.02112676056338028
0 0.8681640625 0.058098591549295774 0.0078125 0.02464788732394366
0 0.802734375 0.1056338028169014 0.0068359375 0.02112676056338028
0 0.8115234375 0.06690140845070422 0.0068359375 0.01584507042253521
0 0.8310546875 0.11443661971830986 0.005859375 0.017605633802816902
0 0.716796875 0.12147887323943662 0.0068359375 0.01936619718309859
0 0.736328125 0.14788732394366197 0.0087890625 0.02464788732394366
0 0.751953125 0.16901408450704225 0.009765625 0.022887323943661973
0 0.7431640625 0.2112676056338028 0.0087890625 0.017605633802816902
0 0.728515625 0.2306338028169014 0.009765625 0.02464788732394366
0 0.693359375 0.09330985915492958 0.0078125 0.02640845070422535
0 0.740234375 0.11091549295774648 0.0078125 0.02112676056338028
0 0.7197265625 0.20422535211267606 0.0048828125 0.017605633802816902
0 0.6923828125 0.2306338028169014 0.0068359375 0.022887323943661973
0 0.6982421875 0.23767605633802816 0.0068359375 0.02112676056338028
0 0.7373046875 0.25 0.0068359375 0.022887323943661973
0 0.7685546875 0.2517605633802817 0.0078125 0.022887323943661973
0 0.7578125 0.24119718309859156 0.0078125 0.02464788732394366
0 0.7587890625 0.22183098591549297 0.0078125 0.02464788732394366
0 0.7216796875 0.29225352112676056 0.0068359375 0.02464788732394366
0 0.646484375 0.25880281690140844 0.0068359375 0.02640845070422535
0 0.669921875 0.25 0.0068359375 0.02992957746478873
0 0.755859375 0.09154929577464789 0.0048828125 0.02112676056338028
0 0.7421875 0.07042253521126761 0.005859375 0.014084507042253521
0 0.7490234375 0.08450704225352113 0.0048828125 0.02112676056338028
0 0.7216796875 0.0880281690140845 0.005859375 0.01936619718309859
0 0.7373046875 0.09507042253521127 0.0078125 0.022887323943661973
0 0.7060546875 0.04401408450704225 0.0078125 0.02112676056338028
0 0.8271484375 0.051056338028169015 0.009765625 0.022887323943661973
0 0.8203125 0.06338028169014084 0.005859375 0.01584507042253521
0 0.7705078125 0.20246478873239437 0.0087890625 0.01936619718309859
0 0.791015625 0.23767605633802816 0.00390625 0.022887323943661973
0 0.806640625 0.2711267605633803 0.0068359375 0.03169014084507042
0 0.888671875 0.028169014084507043 0.0068359375 0.01936619718309859
0 0.91015625 0.045774647887323945 0.0068359375 0.01584507042253521
0 0.9287109375 0.02464788732394366 0.0068359375 0.01584507042253521
0 0.92578125 0.04225352112676056 0.005859375 0.017605633802816902
0 0.9033203125 0.11971830985915492 0.0078125 0.022887323943661973
0 0.900390625 0.17077464788732394 0.005859375 0.01936619718309859
0 0.9072265625 0.15845070422535212 0.0068359375 0.01936619718309859
0 0.8994140625 0.1443661971830986 0.005859375 0.01056338028169014
0 0.8798828125 0.1267605633802817 0.0068359375 0.01936619718309859
0 0.896484375 0.09330985915492958 0.005859375 0.01936619718309859
0 0.9755859375 0.1267605633802817 0.0087890625 0.02464788732394366
0 0.9619140625 0.19190140845070422 0.0107421875 0.02992957746478873
0 0.9921875 0.1795774647887324 0.0078125 0.02112676056338028
0 0.986328125 0.20422535211267606 0.0087890625 0.02112676056338028
0 0.84765625 0.11619718309859155 0.0078125 0.014084507042253521
0 0.9296875 0.12323943661971831 0.005859375 0.017605633802816902
0 0.9443359375 0.34507042253521125 0.0087890625 0.02464788732394366
0 0.947265625 0.43485915492957744 0.01171875 0.03169014084507042
0 0.962890625 0.4454225352112676 0.0068359375 0.02464788732394366
0 0.9482421875 0.5123239436619719 0.0107421875 0.03169014084507042
0 0.87109375 0.47007042253521125 0.0107421875 0.028169014084507043
0 0.892578125 0.49119718309859156 0.0107421875 0.02640845070422535
0 0.8837890625 0.5316901408450704 0.01171875 0.03169014084507042
0 0.8564453125 0.4982394366197183 0.01171875 0.028169014084507043
0 0.62890625 0.2676056338028169 0.0078125 0.01936619718309859
0 0.615234375 0.2323943661971831 0.0087890625 0.02112676056338028
0 0.623046875 0.19718309859154928 0.0087890625 0.02464788732394366
0 0.5986328125 0.24647887323943662 0.0068359375 0.01936619718309859
0 0.6083984375 0.25 0.0087890625 0.017605633802816902
0 0.5908203125 0.24647887323943662 0.009765625 0.03169014084507042
0 0.615234375 0.3028169014084507 0.0087890625 0.022887323943661973
0 0.6298828125 0.30809859154929575 0.0048828125 0.02112676056338028
0 0.654296875 0.27992957746478875 0.0087890625 0.017605633802816902
0 0.6533203125 0.31690140845070425 0.0078125 0.02112676056338028
0 0.6826171875 0.18838028169014084 0.0048828125 0.022887323943661973
0 0.6943359375 0.30633802816901406 0.0087890625 0.022887323943661973
0 0.6796875 0.3028169014084507 0.0087890625 0.02464788732394366
0 0.6689453125 0.2904929577464789 0.0068359375 0.014084507042253521
0 0.6337890625 0.31866197183098594 0.0048828125 0.02640845070422535
0 0.625 0.3573943661971831 0.0068359375 0.02464788732394366
0 0.65234375 0.3591549295774648 0.0068359375 0.02464788732394366
0 0.6669921875 0.3380281690140845 0.0078125 0.02112676056338028
0 0.6708984375 0.3767605633802817 0.0087890625 0.02640845070422535
0 0.658203125 0.3908450704225352 0.0087890625 0.028169014084507043
0 0.6220703125 0.41901408450704225 0.0087890625 0.022887323943661973
0 0.666015625 0.4102112676056338 0.0078125 0.02464788732394366
0 0.7060546875 0.375 0.009765625 0.02464788732394366
0 0.728515625 0.33098591549295775 0.009765625 0.02640845070422535
0 0.7587890625 0.31338028169014087 0.0087890625 0.02992957746478873
0 0.7509765625 0.3538732394366197 0.0107421875 0.03169014084507042
0 0.7421875 0.4102112676056338 0.009765625 0.022887323943661973
0 0.7265625 0.43838028169014087 0.0087890625 0.028169014084507043
0 0.7138671875 0.43309859154929575 0.009765625 0.022887323943661973
0 0.7783203125 0.33098591549295775 0.009765625 0.02640845070422535
0 0.7646484375 0.42077464788732394 0.0068359375 0.022887323943661973
0 0.7734375 0.4225352112676056 0.0068359375 0.02640845070422535
0 0.787109375 0.4454225352112676 0.0087890625 0.022887323943661973
0 0.8173828125 0.40669014084507044 0.0087890625 0.022887323943661973
0 0.6748046875 0.4242957746478873 0.0078125 0.022887323943661973
0 0.6796875 0.20598591549295775 0.005859375 0.02112676056338028
0 0.7998046875 0.49119718309859156 0.009765625 0.02640845070422535
0 0.79296875 0.4014084507042254 0.005859375 0.017605633802816902
0 0.7802734375 0.40669014084507044 0.0078125 0.022887323943661973
0 0.77734375 0.46830985915492956 0.0107421875 0.03169014084507042
0 0.951171875 0.6302816901408451 0.0107421875 0.02640845070422535
0 0.9794921875 0.6338028169014085 0.009765625 0.02464788732394366
0 0.994140625 0.625 0.009765625 0.03345070422535211
0 0.9921875 0.5704225352112676 0.009765625 0.028169014084507043
0 0.919921875 0.5528169014084507 0.01171875 0.02640845070422535
0 0.8955078125 0.5880281690140845 0.0126953125 0.03169014084507042
0 0.88671875 0.5633802816901409 0.0087890625 0.02112676056338028
0 0.8818359375 0.6003521126760564 0.0146484375 0.035211267605633804
0 0.83984375 0.7059859154929577 0.0126953125 0.03697183098591549
0 0.849609375 0.698943661971831 0.0068359375 0.03345070422535211
0 0.8544921875 0.6866197183098591 0.0068359375 0.02640845070422535
0 0.890625 0.6795774647887324 0.0107421875 0.02640845070422535
0 0.91015625 0.6602112676056338 0.01171875 0.028169014084507043
0 0.90234375 0.6232394366197183 0.0126953125 0.03169014084507042
0 0.927734375 0.6038732394366197 0.0107421875 0.028169014084507043
0 0.93359375 0.6672535211267606 0.0126953125 0.035211267605633804
0 0.9462890625 0.7359154929577465 0.01171875 0.03697183098591549
0 0.986328125 0.698943661971831 0.005859375 0.02992957746478873
0 0.9755859375 0.6549295774647887 0.01171875 0.02992957746478873
0 0.6845703125 0.45598591549295775 0.0068359375 0.02992957746478873
0 0.6298828125 0.4595070422535211 0.0087890625 0.028169014084507043
0 0.65234375 0.49471830985915494 0.0107421875 0.02464788732394366
0 0.638671875 0.5492957746478874 0.009765625 0.02640845070422535
0 0.6025390625 0.5246478873239436 0.009765625 0.02640845070422535
0 0.6083984375 0.5017605633802817 0.0078125 0.02640845070422535
0 0.6044921875 0.5563380281690141 0.01171875 0.03345070422535211
0 0.5947265625 0.5598591549295775 0.005859375 0.028169014084507043
0 0.6884765625 0.5827464788732394 0.0107421875 0.028169014084507043
0 0.7216796875 0.5774647887323944 0.0107421875 0.03169014084507042
0 0.744140625 0.5809859154929577 0.009765625 0.03169014084507042
0 0.708984375 0.448943661971831 0.009765625 0.02992957746478873
0 0.7431640625 0.45422535211267606 0.0078125 0.02640845070422535
0 0.703125 0.6073943661971831 0.009765625 0.028169014084507043
0 0.55078125 0.48063380281690143 0.009765625 0.02992957746478873
0 0.5595703125 0.477112676056338 0.009765625 0.02992957746478873
0 0.5810546875 0.4595070422535211 0.0087890625 0.02640845070422535
0 0.5537109375 0.5369718309859155 0.009765625 0.03345070422535211
0 0.5439453125 0.5686619718309859 0.01171875 0.03169014084507042
0 0.5283203125 0.5193661971830986 0.0107421875 0.03697183098591549
0 0.51171875 0.5633802816901409 0.0087890625 0.02992957746478873
0 0.4912109375 0.49295774647887325 0.0087890625 0.02464788732394366
0 0.4951171875 0.5721830985915493 0.0087890625 0.02640845070422535
0 0.64453125 0.5563380281690141 0.0068359375 0.02992957746478873
0 0.666015625 0.6426056338028169 0.009765625 0.02992957746478873
0 0.537109375 0.45598591549295775 0.009765625 0.022887323943661973
0 0.5244140625 0.4630281690140845 0.0068359375 0.022887323943661973
0 0.5322265625 0.477112676056338 0.01171875 0.02992957746478873
0 0.5908203125 0.48063380281690143 0.005859375 0.022887323943661973
0 0.607421875 0.45598591549295775 0.009765625 0.01936619718309859
0 0.822265625 0.5598591549295775 0.0087890625 0.028169014084507043
0 0.8017578125 0.5704225352112676 0.009765625 0.03169014084507042
0 0.76171875 0.6267605633802817 0.0107421875 0.03345070422535211
0 0.7744140625 0.6373239436619719 0.009765625 0.02992957746478873
0 0.8046875 0.6267605633802817 0.009765625 0.028169014084507043
0 0.826171875 0.5757042253521126 0.005859375 0.02464788732394366
0 0.3642578125 0.7482394366197183 0.0107421875 0.03345070422535211
0 0.3740234375 0.7464788732394366 0.0087890625 0.02640845070422535
0 0.384765625 0.6971830985915493 0.009765625 0.028169014084507043
0 0.4013671875 0.721830985915493 0.01171875 0.035211267605633804
0 0.400390625 0.6602112676056338 0.0107421875 0.035211267605633804
0 0.4384765625 0.6549295774647887 0.0126953125 0.03873239436619718
0 0.388671875 0.7640845070422535 0.0107421875 0.03169014084507042
0 0.326171875 0.7975352112676056 0.0068359375 0.02640845070422535
0 0.41796875 0.8080985915492958 0.0146484375 0.03697183098591549
0 0.423828125 0.8397887323943662 0.013671875 0.03873239436619718
0 0.439453125 0.7852112676056338 0.0087890625 0.02112676056338028
0 0.4521484375 0.8538732394366197 0.015625 0.03873239436619718
0 0.4375 0.9559859154929577 0.0146484375 0.035211267605633804
0 0.484375 0.8838028169014085 0.017578125 0.02992957746478873
0 0.275390625 0.6584507042253521 0.01171875 0.028169014084507043
0 0.328125 0.6672535211267606 0.0107421875 0.03697183098591549
0 0.734375 0.6179577464788732 0.0126953125 0.03169014084507042
0 0.7939453125 0.5563380281690141 0.01171875 0.02112676056338028
0 0.9365234375 0.846830985915493 0.0126953125 0.03697183098591549
0 0.9306640625 0.9647887323943662 0.015625 0.03697183098591549
0 0.9775390625 0.9876760563380281 0.015625 0.02464788732394366
0 0.9912109375 0.875 0.005859375 0.02112676056338028
0 0.8154296875 0.8873239436619719 0.013671875 0.03345070422535211
0 0.8125 0.9419014084507042 0.0126953125 0.03169014084507042
0 0.7861328125 0.9859154929577465 0.01171875 0.028169014084507043
0 0.89453125 0.8433098591549296 0.0107421875 0.040492957746478875
0 0.7607421875 0.9066901408450704 0.013671875 0.045774647887323945
0 0.6796875 0.9471830985915493 0.0126953125 0.035211267605633804
0 0.7001953125 0.9806338028169014 0.0126953125 0.03169014084507042
0 0.5791015625 0.9612676056338029 0.013671875 0.040492957746478875
0 0.498046875 0.9665492957746479 0.015625 0.03697183098591549
0 0.5517578125 0.9066901408450704 0.009765625 0.035211267605633804
0 0.6806640625 0.21830985915492956 0.0068359375 0.01936619718309859
0 0.7099609375 0.36795774647887325 0.0087890625 0.022887323943661973
0 0.884765625 0.3785211267605634 0.0087890625 0.01584507042253521