0 0.69140625 0.23414634146341465 0.03125 0.05609756097560976
0 0.8544921875 0.2682926829268293 0.0185546875 0.020731707317073172
0 0.888671875 0.2682926829268293 0.017578125 0.02804878048780488
0 0.966796875 0.27926829268292686 0.0185546875 0.02804878048780488
0 0.2568359375 0.3024390243902439 0.0576171875 0.08536585365853659
0 0.310546875 0.5341463414634147 0.048828125 0.0524390243902439
0 0.015625 0.25365853658536586 0.017578125 0.041463414634146344
0 0.1142578125 0.2548780487804878 0.017578125 0.01951219512195122
0 0.078125 0.2682926829268293 0.009765625 0.014634146341463415
0 0.275390625 0.23414634146341465 0.0244140625 0.03536585365853658
0 0.439453125 0.2634146341463415 0.009765625 0.01707317073170732
0 0.5390625 0.2 0.0322265625 0.05853658536585366
0 0.453125 0.2780487804878049 0.0087890625 0.01707317073170732