0 0.94921875 0.5065693430656935 0.0302734375 0.04817518248175182
0 0.90234375 0.5138686131386861 0.0302734375 0.051094890510948905
0 0.990234375 0.5357664233576642 0.01953125 0.058394160583941604
0 0.904296875 0.7532846715328467 0.0341796875 0.059854014598540145
0 0.8623046875 0.5722627737226277 0.0302734375 0.05693430656934306
0 0.755859375 0.7313868613138687 0.0390625 0.061313868613138686
0 0.7451171875 0.5722627737226277 0.03125 0.052554744525547446
0 0.7080078125 0.5503649635036496 0.02734375 0.049635036496350364
0 0.92578125 0.9182481751824818 0.0478515625 0.08029197080291971
0 0.78515625 0.8102189781021898 0.033203125 0.06569343065693431
0 0.82421875 0.9678832116788321 0.0419921875 0.06423357664233577
0 0.44140625 0.8642335766423358 0.0615234375 0.09197080291970802
0 0.3369140625 0.8467153284671532 0.046875 0.07445255474452554
0 0.2421875 0.8583941605839416 0.052734375 0.0905109489051095
0 0.5498046875 0.7313868613138687 0.0498046875 0.08613138686131387
0 0.18359375 0.7153284671532847 0.0478515625 0.07883211678832117
0 0.111328125 0.8248175182481752 0.0615234375 0.10072992700729927
0 0.345703125 0.6145985401459854 0.0419921875 0.072992700729927
0 0.3916015625 0.654014598540146 0.0400390625 0.07445255474452554
0 0.388671875 0.5693430656934306 0.033203125 0.06569343065693431
0 0.2021484375 0.5781021897810219 0.033203125 0.05547445255474453
0 0.1259765625 0.6043795620437956 0.0380859375 0.051094890510948905
0 0.1015625 0.5591240875912409 0.02734375 0.04525547445255475
0 0.0166015625 0.7328467153284671 0.0322265625 0.07591240875912408
0 0.080078125 0.4029197080291971 0.0224609375 0.032116788321167884
0 0.201171875 0.4394160583941606 0.015625 0.02335766423357664
0 0.23828125 0.4306569343065693 0.0166015625 0.029197080291970802
0 0.23828125 0.3795620437956204 0.013671875 0.026277372262773723
0 0.0380859375 0.3883211678832117 0.0185546875 0.029197080291970802
0 0.056640625 0.491970802919708 0.0283203125 0.05401459854014599
0 0.0146484375 0.4408759124087591 0.0205078125 0.03941605839416058
0 0.056640625 0.32116788321167883 0.0107421875 0.017518248175182483
0 0.109375 0.32262773722627736 0.01171875 0.02335766423357664
0 0.96484375 0.44963503649635034 0.0205078125 0.033576642335766425
0 0.9345703125 0.4233576642335766 0.0224609375 0.03941605839416058
0 0.90234375 0.3284671532846715 0.01171875 0.02335766423357664
0 0.85546875 0.3386861313868613 0.005859375 0.016058394160583942
0 0.830078125 0.33138686131386863 0.0126953125 0.020437956204379562
0 0.8779296875 0.3635036496350365 0.013671875 0.020437956204379562
0 0.5390625 0.5576642335766423 0.0244140625 0.042335766423357665
0 0.359375 0.4656934306569343 0.0166015625 0.032116788321167884
0 0.3251953125 0.4467153284671533 0.0166015625 0.030656934306569343
0 0.4609375 0.454014598540146 0.0224609375 0.043795620437956206
0 0.1923828125 0.4043795620437956 0.013671875 0.021897810218978103
0 0.5517578125 0.6364963503649635 0.0283203125 0.08467153284671533
0 0.177734375 0.9416058394160584 0.0458984375 0.09781021897810219