0 0.9423828125 0.7373595505617978 0.0185546875 0.0351123595505618
0 0.91796875 0.699438202247191 0.015625 0.032303370786516857
0 0.9375 0.6980337078651685 0.015625 0.025280898876404494
0 0.8857421875 0.6910112359550562 0.0166015625 0.026685393258426966
0 0.875 0.7106741573033708 0.015625 0.032303370786516857
0 0.8603515625 0.75 0.0234375 0.03651685393258427
0 0.853515625 0.7106741573033708 0.017578125 0.026685393258426966
0 0.7998046875 0.723314606741573 0.0205078125 0.0351123595505618
0 0.7900390625 0.6839887640449438 0.0126953125 0.019662921348314606
0 0.7587890625 0.7331460674157303 0.0126953125 0.033707865168539325
0 0.71484375 0.7205056179775281 0.0146484375 0.03089887640449438
0 0.7265625 0.7176966292134831 0.013671875 0.02949438202247191
0 0.69140625 0.7247191011235955 0.0205078125 0.03089887640449438
0 0.66015625 0.6839887640449438 0.0126953125 0.023876404494382022
0 0.6064453125 0.7191011235955056 0.0185546875 0.033707865168539325
0 0.619140625 0.7191011235955056 0.013671875 0.028089887640449437
0 0.625 0.7205056179775281 0.013671875 0.025280898876404494
0 0.6494140625 0.702247191011236 0.0205078125 0.028089887640449437
0 0.5712890625 0.6924157303370787 0.01953125 0.03089887640449438
0 0.568359375 0.648876404494382 0.0126953125 0.016853932584269662
0 0.5556640625 0.6980337078651685 0.0126953125 0.023876404494382022
0 0.51953125 0.7528089887640449 0.0205078125 0.03651685393258427
0 0.5341796875 0.7471910112359551 0.0166015625 0.03089887640449438
0 0.5283203125 0.7050561797752809 0.009765625 0.021067415730337078
0 0.50390625 0.6910112359550562 0.01171875 0.02247191011235955
0 0.4853515625 0.6966292134831461 0.0107421875 0.019662921348314606
0 0.4755859375 0.726123595505618 0.0166015625 0.033707865168539325
0 0.4541015625 0.7317415730337079 0.021484375 0.03089887640449438
0 0.4716796875 0.6966292134831461 0.015625 0.019662921348314606
0 0.4755859375 0.6418539325842697 0.009765625 0.012640449438202247
0 0.458984375 0.6671348314606742 0.0107421875 0.014044943820224719
0 0.4443359375 0.6418539325842697 0.0078125 0.014044943820224719
0 0.4541015625 0.6404494382022472 0.0068359375 0.011235955056179775
0 0.533203125 0.6629213483146067 0.0078125 0.011235955056179775
0 0.43359375 0.6811797752808989 0.017578125 0.026685393258426966
0 0.416015625 0.6924157303370787 0.0126953125 0.02949438202247191
0 0.388671875 0.7219101123595506 0.0205078125 0.03651685393258427
0 0.3662109375 0.7303370786516854 0.021484375 0.037921348314606744
0 0.2939453125 0.7457865168539326 0.0185546875 0.028089887640449437
0 0.2587890625 0.7303370786516854 0.015625 0.025280898876404494
0 0.302734375 0.6853932584269663 0.01171875 0.018258426966292134
0 0.2548828125 0.6825842696629213 0.013671875 0.02247191011235955
0 0.2255859375 0.7359550561797753 0.0087890625 0.023876404494382022
0 0.1943359375 0.6713483146067416 0.0107421875 0.016853932584269662
0 0.2353515625 0.6699438202247191 0.0107421875 0.01544943820224719
0 0.21875 0.6474719101123596 0.0068359375 0.018258426966292134
0 0.265625 0.6629213483146067 0.0107421875 0.014044943820224719
0 0.09765625 0.7598314606741573 0.021484375 0.04073033707865169
0 0.208984375 0.7415730337078652 0.0166015625 0.033707865168539325
0 0.1650390625 0.6980337078651685 0.01953125 0.032303370786516857
0 0.1015625 0.648876404494382 0.0087890625 0.012640449438202247
0 0.1005859375 0.6741573033707865 0.009765625 0.014044943820224719
0 0.0986328125 0.7078651685393258 0.0126953125 0.021067415730337078
0 0.109375 0.6769662921348315 0.009765625 0.016853932584269662
0 0.1689453125 0.6348314606741573 0.009765625 0.014044943820224719
0 0.2236328125 0.6938202247191011 0.0078125 0.018258426966292134
0 0.0439453125 0.6573033707865169 0.0107421875 0.019662921348314606
0 0.0205078125 0.6685393258426966 0.01171875 0.016853932584269662
0 0.03125 0.702247191011236 0.013671875 0.023876404494382022
0 0.005859375 0.7401685393258427 0.0126953125 0.02247191011235955
0 0.037109375 0.7808988764044944 0.0244140625 0.03932584269662921
0 0.06640625 0.7275280898876404 0.013671875 0.021067415730337078
0 0.0537109375 0.6615168539325843 0.0107421875 0.01544943820224719
0 0.0849609375 0.6362359550561798 0.0087890625 0.014044943820224719
0 0.19140625 0.6390449438202247 0.0078125 0.011235955056179775
0 0.005859375 0.6839887640449438 0.0126953125 0.037921348314606744
0 0.0224609375 0.6376404494382022 0.0107421875 0.018258426966292134
0 0.1181640625 0.7134831460674157 0.021484375 0.04353932584269663
0 0.0673828125 0.6657303370786517 0.01171875 0.021067415730337078
0 0.8359375 0.6952247191011236 0.0107421875 0.019662921348314606
0 0.8564453125 0.6910112359550562 0.013671875 0.019662921348314606
0 0.7724609375 0.6938202247191011 0.0146484375 0.018258426966292134
0 0.7353515625 0.6825842696629213 0.0205078125 0.028089887640449437
0 0.818359375 0.7050561797752809 0.0107421875 0.016853932584269662
0 0.296875 0.9676966292134831 0.0498046875 0.06179775280898876
0 0.2060546875 0.7008426966292135 0.015625 0.021067415730337078
0 0.51953125 0.6573033707865169 0.0126953125 0.018258426966292134
0 0.9775390625 0.726123595505618 0.021484375 0.03651685393258427
0 0.599609375 0.6615168539325843 0.01171875 0.02247191011235955