0 0.927734375 0.43643031784841074 0.0224609375 0.03300733496332518
0 0.8095703125 0.4682151589242054 0.01953125 0.028117359413202935
0 0.5439453125 0.4792176039119804 0.0166015625 0.02567237163814181
0 0.58203125 0.46454767726161367 0.01171875 0.019559902200488997
0 0.1337890625 0.4743276283618582 0.0126953125 0.02689486552567237
0 0.3388671875 0.22493887530562348 0.0146484375 0.02567237163814181
0 0.357421875 0.22493887530562348 0.013671875 0.028117359413202935
0 0.2646484375 0.5073349633251834 0.0205078125 0.042787286063569685
0 0.427734375 0.45965770171149145 0.015625 0.028117359413202935
0 0.6591796875 0.3533007334963325 0.0234375 0.040342298288508556
0 0.1552734375 0.4669926650366748 0.009765625 0.017114914425427872
0 0.171875 0.4633251833740831 0.0078125 0.01589242053789731