0 0.9384765625 0.37889039242219213 0.0361328125 0.056833558863328824
0 0.9033203125 0.3910690121786198 0.0439453125 0.07442489851150202
0 0.8984375 0.2679296346414073 0.025390625 0.036535859269282815
0 0.818359375 0.2692828146143437 0.0244140625 0.04059539918809202
0 0.8251953125 0.1975642760487145 0.0185546875 0.03112313937753721
0 0.837890625 0.33964817320703655 0.021484375 0.046008119079837616
0 0.8134765625 0.39783491204330174 0.037109375 0.06089309878213803
0 0.759765625 0.2936400541271989 0.02734375 0.03382949932341001
0 0.78125 0.34100135317997293 0.033203125 0.05548037889039242
0 0.76171875 0.41542625169147496 0.041015625 0.06495263870094722
0 0.76953125 0.21109607577807848 0.0234375 0.028416779431664412
0 0.740234375 0.2516914749661705 0.025390625 0.03924221921515562
0 0.7158203125 0.2219215155615697 0.013671875 0.018944519621109608
0 0.6806640625 0.29093369418132614 0.0322265625 0.05006765899864682
0 0.6748046875 0.2083897158322057 0.0234375 0.03924221921515562
0 0.7412109375 0.2029769959404601 0.0185546875 0.02435723951285521
0 0.6396484375 0.2571041948579161 0.0263671875 0.04059539918809202
0 0.6533203125 0.2435723951285521 0.017578125 0.03924221921515562
0 0.6376953125 0.18944519621109607 0.0166015625 0.029769959404600813
0 0.689453125 0.36400541271989173 0.037109375 0.06359945872801083
0 0.646484375 0.33558863328822736 0.03125 0.05142083897158322
0 0.6181640625 0.38971583220568334 0.0419921875 0.07307171853856563
0 0.576171875 0.30311231393775373 0.037109375 0.05412719891745602
0 0.599609375 0.2503382949932341 0.0244140625 0.044654939106901215
0 0.578125 0.20027063599458728 0.01953125 0.03247631935047361
0 0.560546875 0.2273342354533153 0.015625 0.03382949932341001
0 0.541015625 0.39918809201623817 0.03125 0.05953991880920163
0 0.537109375 0.2598105548037889 0.0244140625 0.04330175913396482
0 0.51953125 0.22868741542625168 0.0166015625 0.036535859269282815
0 0.4873046875 0.20568335588633288 0.0205078125 0.029769959404600813
0 0.494140625 0.29499323410013534 0.0283203125 0.03382949932341001
0 0.4619140625 0.3261163734776725 0.0361328125 0.05953991880920163
0 0.439453125 0.41271989174560214 0.04296875 0.06765899864682003
0 0.4267578125 0.3342354533152909 0.0263671875 0.04194857916102842
0 0.4072265625 0.2706359945872801 0.0205078125 0.03247631935047361
0 0.3759765625 0.29093369418132614 0.0283203125 0.04736129905277402
0 0.3369140625 0.34776725304465494 0.0283203125 0.05006765899864682
0 0.32421875 0.39648173207036536 0.0322265625 0.05548037889039242
0 0.3017578125 0.35588633288227334 0.0205078125 0.04871447902571042
0 0.2529296875 0.33288227334235454 0.046875 0.07307171853856563
0 0.1962890625 0.34641407307171856 0.029296875 0.04330175913396482
0 0.126953125 0.34776725304465494 0.044921875 0.07713125845737483
0 0.0048828125 0.36671177266576455 0.0107421875 0.058186738836265225
0 0.9736328125 0.34100135317997293 0.0302734375 0.046008119079837616
0 0.869140625 0.3491204330175913 0.013671875 0.02165087956698241