0 0.0390625 0.33500627352572143 0.01953125 0.02258469259723965
0 0.12109375 0.32747804265997493 0.0126953125 0.01631116687578419
0 0.1533203125 0.35131744040150564 0.0185546875 0.026348808030112924
0 0.041015625 0.5307402760351317 0.0205078125 0.05144291091593475
0 0.185546875 0.5006273525721455 0.015625 0.018820577164366373
0 0.3525390625 0.33877038895859474 0.017578125 0.03638644918444166
0 0.2958984375 0.39021329987452946 0.0068359375 0.011292346298619825
0 0.41796875 0.3136762860727729 0.0185546875 0.03262233375156838
0 0.4423828125 0.33877038895859474 0.02734375 0.033877038895859475
0 0.4873046875 0.28983688833124216 0.0302734375 0.05897114178168131
0 0.408203125 0.36762860727728985 0.0205078125 0.033877038895859475
0 0.5390625 0.36762860727728985 0.0224609375 0.04015056461731493
0 0.462890625 0.3136762860727729 0.021484375 0.037641154328732745
0 0.623046875 0.3312421580928482 0.0234375 0.0451693851944793
0 0.744140625 0.3136762860727729 0.029296875 0.04642409033877039
0 0.7939453125 0.3086574654956085 0.0283203125 0.04265997490589712
0 0.9287109375 0.2986198243412798 0.0302734375 0.053952321204516936