0 0.0078125 0.3122238586156112 0.0166015625 0.035346097201767304
0 0.0234375 0.2960235640648012 0.013671875 0.03240058910162003
0 0.08203125 0.30338733431516934 0.01953125 0.03240058910162003
0 0.1103515625 0.30633284241531666 0.0146484375 0.029455081001472753
0 0.1376953125 0.3019145802650957 0.0126953125 0.023564064801178203
0 0.189453125 0.30486008836524303 0.0185546875 0.027982326951399118
0 0.1962890625 0.2812960235640648 0.0126953125 0.025036818851251842
0 0.2314453125 0.3019145802650957 0.013671875 0.029455081001472753
0 0.302734375 0.30338733431516934 0.0185546875 0.042709867452135494
0 0.6201171875 0.31075110456553756 0.013671875 0.03829160530191458
0 0.6298828125 0.2916053019145803 0.0146484375 0.027982326951399118
0 0.6630859375 0.2916053019145803 0.0166015625 0.033873343151693665
0 0.68359375 0.3019145802650957 0.0185546875 0.03240058910162003
0 0.7392578125 0.30338733431516934 0.0224609375 0.042709867452135494
0 0.77734375 0.28424153166421207 0.0224609375 0.03829160530191458
0 0.7646484375 0.29013254786450665 0.0166015625 0.033873343151693665
0 0.880859375 0.3122238586156112 0.0322265625 0.047128129602356406
0 0.9052734375 0.30486008836524303 0.01953125 0.036818851251840944
0 0.951171875 0.30338733431516934 0.0283203125 0.044182621502209134
0 0.9873046875 0.2930780559646539 0.0234375 0.042709867452135494
0 0.9892578125 0.3784977908689249 0.021484375 0.045655375552282766