0 0.8017578125 0.3964968152866242 0.017578125 0.030254777070063694
0 0.9052734375 0.39490445859872614 0.017578125 0.028662420382165606
0 0.96484375 0.31210191082802546 0.0146484375 0.028662420382165606
0 0.8203125 0.5445859872611465 0.0146484375 0.02388535031847134
0 0.751953125 0.08917197452229299 0.013671875 0.020700636942675158
0 0.8369140625 0.030254777070063694 0.013671875 0.022292993630573247
0 0.6640625 0.12420382165605096 0.0146484375 0.02388535031847134
0 0.6064453125 0.15286624203821655 0.013671875 0.02388535031847134
0 0.5732421875 0.12738853503184713 0.0146484375 0.02388535031847134
0 0.6083984375 0.04936305732484077 0.013671875 0.030254777070063694
0 0.5712890625 0.012738853503184714 0.01171875 0.02388535031847134
0 0.71484375 0.21337579617834396 0.0126953125 0.028662420382165606
0 0.7626953125 0.2229299363057325 0.0166015625 0.025477707006369428
0 0.7802734375 0.49522292993630573 0.0146484375 0.028662420382165606
0 0.9677734375 0.5143312101910829 0.0146484375 0.03184713375796178
0 0.8525390625 0.7627388535031847 0.0205078125 0.03821656050955414
0 0.275390625 0.46656050955414013 0.0146484375 0.03662420382165605
0 0.1337890625 0.7882165605095541 0.0205078125 0.03821656050955414
0 0.125 0.07643312101910828 0.01953125 0.03821656050955414
0 0.03125 0.14968152866242038 0.017578125 0.03662420382165605
0 0.005859375 0.2770700636942675 0.01171875 0.044585987261146494
0 0.9111328125 0.6640127388535032 0.0166015625 0.03184713375796178