0 0.79296875 0.5052083333333334 0.015625 0.020833333333333332
0 0.763671875 0.5247395833333334 0.0146484375 0.020833333333333332
0 0.7119140625 0.5130208333333334 0.017578125 0.028645833333333332
0 0.6904296875 0.4908854166666667 0.015625 0.022135416666666668
0 0.6484375 0.48828125 0.0224609375 0.04296875
0 0.62890625 0.4739583333333333 0.025390625 0.0390625
0 0.568359375 0.5078125 0.01953125 0.026041666666666668
0 0.5166015625 0.4869791666666667 0.0205078125 0.044270833333333336
0 0.501953125 0.4986979166666667 0.013671875 0.0234375
0 0.58984375 0.5091145833333334 0.01171875 0.01953125
0 0.421875 0.47265625 0.0263671875 0.040364583333333336
0 0.380859375 0.4934895833333333 0.0263671875 0.033854166666666664
0 0.3291015625 0.5052083333333334 0.015625 0.03125
0 0.287109375 0.4908854166666667 0.01953125 0.033854166666666664
0 0.263671875 0.4986979166666667 0.0205078125 0.045572916666666664
0 0.2255859375 0.48828125 0.0185546875 0.040364583333333336
0 0.1044921875 0.4739583333333333 0.0205078125 0.048177083333333336
0 0.021484375 0.4817708333333333 0.0283203125 0.044270833333333336