0 0.1201171875 0.9505208333333334 0.04296875 0.07421875
0 0.154296875 0.9505208333333334 0.03125 0.055989583333333336
0 0.1767578125 0.9375 0.0283203125 0.052083333333333336
0 0.302734375 0.92578125 0.03515625 0.07421875
0 0.3447265625 0.9140625 0.044921875 0.061197916666666664
0 0.396484375 0.9010416666666666 0.0498046875 0.08203125
0 0.443359375 0.8815104166666666 0.0361328125 0.05859375
0 0.470703125 0.9088541666666666 0.03515625 0.05859375
0 0.36328125 0.875 0.01171875 0.014322916666666666
0 0.392578125 0.8424479166666666 0.005859375 0.010416666666666666
0 0.3994140625 0.8385416666666666 0.005859375 0.009114583333333334
0 0.4541015625 0.8255208333333334 0.0068359375 0.010416666666666666
0 0.4423828125 0.8177083333333334 0.005859375 0.009114583333333334
0 0.3486328125 0.8307291666666666 0.0048828125 0.010416666666666666
0 0.3701171875 0.83984375 0.0078125 0.009114583333333334
0 0.34375 0.8294270833333334 0.00390625 0.006510416666666667
0 0.3994140625 0.80859375 0.0048828125 0.005208333333333333
0 0.38671875 0.8177083333333334 0.00390625 0.0078125
0 0.296875 0.7981770833333334 0.00390625 0.0078125
0 0.3056640625 0.78125 0.0048828125 0.0078125
0 0.2666015625 0.7864583333333334 0.00390625 0.0078125
0 0.28515625 0.8020833333333334 0.0048828125 0.0078125
0 0.30859375 0.8411458333333334 0.005859375 0.009114583333333334
0 0.310546875 0.8307291666666666 0.00390625 0.006510416666666667
0 0.2998046875 0.8059895833333334 0.0048828125 0.006510416666666667
0 0.2734375 0.84765625 0.005859375 0.009114583333333334
0 0.2919921875 0.84765625 0.0068359375 0.0078125
0 0.24609375 0.8098958333333334 0.00390625 0.006510416666666667
0 0.24609375 0.8411458333333334 0.00390625 0.006510416666666667
0 0.2568359375 0.8411458333333334 0.00390625 0.0078125
0 0.2529296875 0.84765625 0.0048828125 0.0078125
0 0.2314453125 0.8645833333333334 0.0068359375 0.014322916666666666
0 0.220703125 0.8489583333333334 0.005859375 0.0078125
0 0.2158203125 0.8658854166666666 0.0068359375 0.01171875
0 0.240234375 0.8255208333333334 0.005859375 0.0078125
0 0.451171875 0.7942708333333334 0.0078125 0.01171875
0 0.494140625 0.796875 0.0078125 0.015625
0 0.03515625 0.796875 0.0029296875 0.005208333333333333
0 0.0126953125 0.80078125 0.0029296875 0.006510416666666667
0 0.0185546875 0.7994791666666666 0.0048828125 0.00390625
0 0.02734375 0.7994791666666666 0.00390625 0.00390625
0 0.9150390625 0.7265625 0.0087890625 0.013020833333333334
0 0.958984375 0.7369791666666666 0.01171875 0.010416666666666666
0 0.9658203125 0.7278645833333334 0.0087890625 0.014322916666666666
0 0.990234375 0.6848958333333334 0.00390625 0.00390625
0 0.9931640625 0.7005208333333334 0.0107421875 0.009114583333333334
0 0.94921875 0.6510416666666666 0.0048828125 0.005208333333333333
0 0.900390625 0.71875 0.005859375 0.006510416666666667
0 0.9501953125 0.7252604166666666 0.005859375 0.0078125
0 0.9287109375 0.765625 0.015625 0.015625
0 0.8681640625 0.7213541666666666 0.0048828125 0.0078125
0 0.7890625 0.6888020833333334 0.00390625 0.006510416666666667
0 0.8720703125 0.7174479166666666 0.0048828125 0.01171875
0 0.9267578125 0.7096354166666666 0.0048828125 0.005208333333333333
0 0.9384765625 0.7109375 0.00390625 0.006510416666666667
0 0.921875 0.5638020833333334 0.001953125 0.00390625
0 0.982421875 0.5559895833333334 0.0029296875 0.00390625
0 0.84765625 0.7434895833333334 0.0107421875 0.020833333333333332
0 0.837890625 0.7096354166666666 0.0029296875 0.006510416666666667
0 0.833984375 0.71875 0.00390625 0.005208333333333333
0 0.6103515625 0.23567708333333334 0.0029296875 0.00390625
0 0.0869140625 0.41015625 0.0029296875 0.00390625
0 0.103515625 0.4036458333333333 0.00390625 0.005208333333333333
0 0.62109375 0.11067708333333333 0.001953125 0.0026041666666666665
0 0.8818359375 0.8658854166666666 0.056640625 0.08854166666666667