0 0.91015625 0.4426470588235294 0.017578125 0.025
0 0.8486328125 0.4485294117647059 0.01953125 0.030882352941176472
0 0.794921875 0.43676470588235294 0.017578125 0.027941176470588237
0 0.8251953125 0.4647058823529412 0.0146484375 0.026470588235294117
0 0.7607421875 0.41911764705882354 0.0146484375 0.022058823529411766
0 0.814453125 0.8382352941176471 0.048828125 0.06764705882352941
0 0.9375 0.861764705882353 0.0439453125 0.06911764705882353
0 0.966796875 0.4485294117647059 0.0126953125 0.01911764705882353
0 0.9921875 0.6308823529411764 0.015625 0.045588235294117645
0 0.560546875 0.7558823529411764 0.0419921875 0.0661764705882353
0 0.6796875 0.4117647058823529 0.0126953125 0.01911764705882353
0 0.6337890625 0.4102941176470588 0.015625 0.026470588235294117
0 0.5693359375 0.3926470588235294 0.013671875 0.023529411764705882
0 0.5048828125 0.3985294117647059 0.015625 0.026470588235294117
0 0.451171875 0.38088235294117645 0.0166015625 0.023529411764705882
0 0.4091796875 0.3926470588235294 0.015625 0.027941176470588237
0 0.349609375 0.3720588235294118 0.0166015625 0.030882352941176472
0 0.2861328125 0.36323529411764705 0.0185546875 0.030882352941176472
0 0.216796875 0.37058823529411766 0.01953125 0.030882352941176472
0 0.1611328125 0.38529411764705884 0.02734375 0.03823529411764706
0 0.154296875 0.4970588235294118 0.01953125 0.09411764705882353
0 0.0390625 0.36470588235294116 0.0244140625 0.039705882352941174
0 0.1357421875 0.4235294117647059 0.04296875 0.054411764705882354
0 0.2177734375 0.42058823529411765 0.017578125 0.023529411764705882