0 0.94921875 0.9064327485380117 0.044921875 0.07163742690058479
0 0.9853515625 0.8391812865497076 0.029296875 0.0804093567251462
0 0.94921875 0.6915204678362573 0.033203125 0.05847953216374269
0 0.888671875 0.9751461988304093 0.052734375 0.04824561403508772
0 0.787109375 0.9400584795321637 0.0361328125 0.08187134502923976
0 0.6767578125 0.9766081871345029 0.0576171875 0.04678362573099415
0 0.646484375 0.8859649122807017 0.03125 0.08333333333333333
0 0.88671875 0.652046783625731 0.0341796875 0.06286549707602339
0 0.83203125 0.7192982456140351 0.0400390625 0.08187134502923976
0 0.7529296875 0.6885964912280702 0.041015625 0.08625730994152046
0 0.802734375 0.5804093567251462 0.03515625 0.06578947368421052
0 0.7412109375 0.5716374269005848 0.0361328125 0.07309941520467836
0 0.9384765625 0.5555555555555556 0.029296875 0.05116959064327485
0 0.98046875 0.45760233918128657 0.0302734375 0.06140350877192982
0 0.9052734375 0.4649122807017544 0.033203125 0.06286549707602339
0 0.92578125 0.4093567251461988 0.0283203125 0.04678362573099415
0 0.9736328125 0.3757309941520468 0.0283203125 0.05555555555555555
0 0.8837890625 0.37280701754385964 0.0234375 0.04239766081871345
0 0.8466796875 0.46637426900584794 0.029296875 0.038011695906432746
0 0.974609375 0.23538011695906433 0.0283203125 0.04532163742690058
0 0.9794921875 0.30994152046783624 0.0302734375 0.04532163742690058
0 0.8779296875 0.29678362573099415 0.0244140625 0.04678362573099415
0 0.908203125 0.15350877192982457 0.0234375 0.049707602339181284
0 0.8349609375 0.17105263157894737 0.0263671875 0.049707602339181284
0 0.5146484375 0.9078947368421053 0.0439453125 0.07748538011695906
0 0.435546875 0.9605263157894737 0.05078125 0.07748538011695906
0 0.2978515625 0.9707602339181286 0.0537109375 0.05847953216374269
0 0.3349609375 0.9385964912280702 0.044921875 0.08187134502923976
0 0.1298828125 0.9649122807017544 0.0517578125 0.06871345029239766
0 0.1689453125 0.9809941520467836 0.041015625 0.03654970760233918
0 0.6103515625 0.6827485380116959 0.0400390625 0.08625730994152046
0 0.6787109375 0.5453216374269005 0.033203125 0.059941520467836254
0 0.587890625 0.5730994152046783 0.03125 0.06725146198830409
0 0.779296875 0.28362573099415206 0.0224609375 0.04532163742690058
0 0.7607421875 0.38011695906432746 0.02734375 0.05263157894736842
0 0.703125 0.30116959064327486 0.0244140625 0.033625730994152045
0 0.654296875 0.3669590643274854 0.029296875 0.054093567251461985
0 0.7236328125 0.20760233918128654 0.0234375 0.03508771929824561
0 0.736328125 0.17690058479532164 0.0234375 0.04093567251461988
0 0.4384765625 0.7222222222222222 0.0400390625 0.0804093567251462
0 0.4951171875 0.6695906432748538 0.033203125 0.06578947368421052
0 0.37890625 0.7134502923976608 0.0439453125 0.08187134502923976
0 0.3388671875 0.652046783625731 0.03515625 0.06578947368421052
0 0.0947265625 0.7997076023391813 0.044921875 0.07894736842105263
0 0.205078125 0.7967836257309941 0.0400390625 0.07309941520467836
0 0.69140625 0.5 0.02734375 0.05701754385964912
0 0.513671875 0.52046783625731 0.0322265625 0.06578947368421052
0 0.5029296875 0.48391812865497075 0.025390625 0.049707602339181284
0 0.3291015625 0.4473684210526316 0.033203125 0.06725146198830409
0 0.3681640625 0.5482456140350878 0.0283203125 0.05701754385964912
0 0.2548828125 0.6432748538011696 0.033203125 0.06432748538011696
0 0.2744140625 0.5263157894736842 0.02734375 0.06432748538011696
0 0.2001953125 0.34941520467836257 0.025390625 0.04532163742690058
0 0.091796875 0.30409356725146197 0.0283203125 0.04093567251461988
0 0.037109375 0.3406432748538012 0.0263671875 0.049707602339181284
0 0.1435546875 0.1783625730994152 0.01953125 0.03654970760233918
0 0.125 0.15204678362573099 0.0166015625 0.03070175438596491
0 0.107421875 0.10087719298245613 0.017578125 0.03070175438596491
0 0.0625 0.07309941520467836 0.0146484375 0.027777777777777776
0 0.390625 0.28654970760233917 0.01953125 0.043859649122807015
0 0.427734375 0.26608187134502925 0.0224609375 0.04532163742690058
0 0.3740234375 0.20029239766081872 0.0185546875 0.03070175438596491
0 0.3251953125 0.24853801169590642 0.021484375 0.04239766081871345
0 0.2998046875 0.19883040935672514 0.0185546875 0.03216374269005848
0 0.4580078125 0.23538011695906433 0.015625 0.04093567251461988
0 0.2509765625 0.15204678362573099 0.0244140625 0.04824561403508772
0 0.2685546875 0.10380116959064327 0.0185546875 0.03070175438596491
0 0.1953125 0.13450292397660818 0.01953125 0.038011695906432746
0 0.2333984375 0.16666666666666666 0.017578125 0.03654970760233918
0 0.20703125 0.014619883040935672 0.013671875 0.027777777777777776
0 0.166015625 0.024853801169590642 0.0068359375 0.023391812865497075
0 0.1181640625 0.005847953216374269 0.013671875 0.013157894736842105
0 0.3037109375 0.07456140350877193 0.017578125 0.03216374269005848
0 0.3046875 0.1652046783625731 0.0185546875 0.03654970760233918
0 0.3447265625 0.12280701754385964 0.0166015625 0.03216374269005848
0 0.3505859375 0.06725146198830409 0.017578125 0.033625730994152045
0 0.3603515625 0.03654970760233918 0.0166015625 0.03216374269005848
0 0.4150390625 0.06871345029239766 0.013671875 0.029239766081871343
0 0.4541015625 0.11695906432748537 0.0185546875 0.03508771929824561
0 0.400390625 0.038011695906432746 0.0107421875 0.02046783625730994
0 0.349609375 0.02631578947368421 0.0126953125 0.021929824561403508
0 0.3583984375 0.1023391812865497 0.013671875 0.02631578947368421
0 0.3623046875 0.12573099415204678 0.009765625 0.021929824561403508
0 0.5283203125 0.15058479532163743 0.0224609375 0.04532163742690058
0 0.4853515625 0.06286549707602339 0.017578125 0.033625730994152045
0 0.4658203125 0.059941520467836254 0.009765625 0.021929824561403508
0 0.5615234375 0.05847953216374269 0.0185546875 0.03508771929824561
0 0.564453125 0.027777777777777776 0.0107421875 0.02046783625730994
0 0.466796875 0.1608187134502924 0.0185546875 0.033625730994152045
0 0.595703125 0.1827485380116959 0.0244140625 0.049707602339181284
0 0.6025390625 0.13304093567251463 0.01953125 0.03508771929824561
0 0.5830078125 0.10380116959064327 0.0146484375 0.029239766081871343
0 0.6572265625 0.3026315789473684 0.0234375 0.04532163742690058
0 0.6025390625 0.2675438596491228 0.0244140625 0.04824561403508772
0 0.63671875 0.15789473684210525 0.01171875 0.024853801169590642
0 0.615234375 0.11403508771929824 0.017578125 0.03216374269005848
0 0.640625 0.08771929824561403 0.0166015625 0.03070175438596491
0 0.6591796875 0.05263157894736842 0.0166015625 0.033625730994152045
0 0.7666015625 0.027777777777777776 0.0166015625 0.02631578947368421
0 0.744140625 0.05847953216374269 0.0166015625 0.033625730994152045
0 0.0712890625 0.18859649122807018 0.01171875 0.03070175438596491
0 0.365234375 0.40350877192982454 0.01171875 0.03216374269005848
0 0.029296875 0.7807017543859649 0.0390625 0.09210526315789473
0 0.0107421875 0.6345029239766082 0.021484375 0.06578947368421052