0 0.0654296875 0.26953125 0.0048828125 0.009114583333333334
0 0.083984375 0.27734375 0.005859375 0.010416666666666666
0 0.095703125 0.2708333333333333 0.0068359375 0.01171875
0 0.11328125 0.2708333333333333 0.0068359375 0.010416666666666666
0 0.17578125 0.2578125 0.0048828125 0.01171875
0 0.208984375 0.37109375 0.01171875 0.015625
0 0.2080078125 0.3971354166666667 0.0146484375 0.024739583333333332
0 0.2353515625 0.43359375 0.0126953125 0.029947916666666668
0 0.076171875 0.5989583333333334 0.03125 0.048177083333333336
0 0.08203125 0.4973958333333333 0.0087890625 0.026041666666666668
0 0.1943359375 0.58203125 0.029296875 0.041666666666666664
0 0.3203125 0.3033854166666667 0.01171875 0.020833333333333332
0 0.2958984375 0.3033854166666667 0.0185546875 0.0234375
0 0.3369140625 0.3216145833333333 0.0107421875 0.018229166666666668
0 0.306640625 0.2799479166666667 0.0146484375 0.024739583333333332
0 0.359375 0.2981770833333333 0.0078125 0.013020833333333334
0 0.2998046875 0.5768229166666666 0.025390625 0.03515625
0 0.2822265625 0.4049479166666667 0.0166015625 0.010416666666666666
0 0.40625 0.5442708333333334 0.0244140625 0.044270833333333336
0 0.3974609375 0.4309895833333333 0.01953125 0.037760416666666664
0 0.43359375 0.4114583333333333 0.0205078125 0.033854166666666664
0 0.435546875 0.4791666666666667 0.02734375 0.049479166666666664
0 0.482421875 0.4856770833333333 0.01953125 0.044270833333333336
0 0.5078125 0.54296875 0.02734375 0.05078125
0 0.533203125 0.4440104166666667 0.0205078125 0.036458333333333336
0 0.578125 0.4713541666666667 0.0244140625 0.048177083333333336
0 0.5732421875 0.5690104166666666 0.025390625 0.032552083333333336
0 0.546875 0.4244791666666667 0.021484375 0.036458333333333336
0 0.5673828125 0.28515625 0.0087890625 0.018229166666666668
0 0.5478515625 0.2799479166666667 0.005859375 0.015625
0 0.6044921875 0.3893229166666667 0.0146484375 0.029947916666666668
0 0.6279296875 0.4270833333333333 0.0205078125 0.036458333333333336
0 0.74609375 0.2890625 0.0126953125 0.0234375
0 0.93359375 0.31640625 0.009765625 0.018229166666666668
0 0.6396484375 0.53125 0.02734375 0.0546875
0 0.736328125 0.5260416666666666 0.02734375 0.052083333333333336
0 0.87109375 0.54296875 0.029296875 0.05078125
0 0.9853515625 0.5247395833333334 0.02734375 0.05078125
0 0.9619140625 0.6979166666666666 0.0185546875 0.037760416666666664