0 0.2060546875 0.827485380116959 0.017578125 0.027777777777777776
0 0.2646484375 0.8567251461988304 0.021484375 0.039473684210526314
0 0.154296875 0.8538011695906432 0.0205078125 0.04824561403508772
0 0.064453125 0.902046783625731 0.0126953125 0.03654970760233918
0 0.095703125 0.8421052631578947 0.021484375 0.04093567251461988
0 0.1279296875 0.8406432748538012 0.01171875 0.024853801169590642
0 0.1201171875 0.8318713450292398 0.0078125 0.019005847953216373
0 0.1259765625 0.8011695906432749 0.015625 0.03070175438596491
0 0.1884765625 0.783625730994152 0.0166015625 0.033625730994152045
0 0.216796875 0.7865497076023392 0.0126953125 0.02631578947368421
0 0.203125 0.7573099415204678 0.0107421875 0.021929824561403508
0 0.0810546875 0.8099415204678363 0.017578125 0.03070175438596491
0 0.056640625 0.8099415204678363 0.017578125 0.03654970760233918
0 0.0205078125 0.8026315789473685 0.0126953125 0.03216374269005848
0 0.01953125 0.7777777777777778 0.0126953125 0.024853801169590642
0 0.0703125 0.7558479532163743 0.009765625 0.023391812865497075
0 0.0654296875 0.77046783625731 0.0078125 0.014619883040935672
0 0.046875 0.7748538011695907 0.0107421875 0.013157894736842105
0 0.095703125 0.7997076023391813 0.0078125 0.021929824561403508
0 0.1337890625 0.7558479532163743 0.0078125 0.014619883040935672
0 0.1259765625 0.7573099415204678 0.0068359375 0.011695906432748537
0 0.1640625 0.7441520467836257 0.01171875 0.02631578947368421
0 0.126953125 0.7280701754385965 0.0126953125 0.02046783625730994
0 0.095703125 0.7280701754385965 0.0078125 0.01608187134502924
0 0.0888671875 0.7280701754385965 0.005859375 0.011695906432748537
0 0.103515625 0.6973684210526315 0.0078125 0.014619883040935672
0 0.12890625 0.7076023391812866 0.0048828125 0.011695906432748537
0 0.123046875 0.7119883040935673 0.0048828125 0.007309941520467836
0 0.1650390625 0.7222222222222222 0.0087890625 0.013157894736842105
0 0.173828125 0.6973684210526315 0.01171875 0.011695906432748537
0 0.1474609375 0.7076023391812866 0.0078125 0.019005847953216373
0 0.0712890625 0.7222222222222222 0.0048828125 0.013157894736842105
0 0.0673828125 0.7251461988304093 0.00390625 0.007309941520467836
0 0.060546875 0.7266081871345029 0.0078125 0.014619883040935672
0 0.17578125 0.7207602339181286 0.0078125 0.01023391812865497
0 0.2119140625 0.6929824561403509 0.0087890625 0.017543859649122806
0 0.142578125 0.6769005847953217 0.0048828125 0.005847953216374269
0 0.173828125 0.6535087719298246 0.005859375 0.008771929824561403
0 0.1513671875 0.6491228070175439 0.0068359375 0.008771929824561403
0 0.1123046875 0.6345029239766082 0.00390625 0.007309941520467836
0 0.1259765625 0.6461988304093568 0.0048828125 0.005847953216374269
0 0.1279296875 0.6827485380116959 0.0068359375 0.011695906432748537
0 0.134765625 0.7076023391812866 0.0048828125 0.011695906432748537
0 0.1103515625 0.6827485380116959 0.005859375 0.011695906432748537
0 0.1025390625 0.6783625730994152 0.0048828125 0.007309941520467836
0 0.0830078125 0.7002923976608187 0.0068359375 0.008771929824561403
0 0.0791015625 0.7119883040935673 0.0078125 0.013157894736842105
0 0.046875 0.7032163742690059 0.005859375 0.011695906432748537
0 0.0390625 0.7207602339181286 0.0078125 0.014619883040935672
0 0.0654296875 0.6754385964912281 0.0048828125 0.01023391812865497
0 0.01171875 0.695906432748538 0.00390625 0.01023391812865497
0 0.15625 0.6652046783625731 0.0048828125 0.008771929824561403
0 0.0791015625 0.6637426900584795 0.00390625 0.007309941520467836
0 0.0478515625 0.6608187134502924 0.0029296875 0.007309941520467836
0 0.0625 0.652046783625731 0.0029296875 0.0043859649122807015
0 0.0126953125 0.6549707602339181 0.0068359375 0.005847953216374269
0 0.0205078125 0.6461988304093568 0.005859375 0.008771929824561403
0 0.0107421875 0.6637426900584795 0.00390625 0.008771929824561403
0 0.126953125 0.6271929824561403 0.00390625 0.007309941520467836
0 0.2373046875 0.6447368421052632 0.0029296875 0.008771929824561403
0 0.24609375 0.6476608187134503 0.0029296875 0.008771929824561403
0 0.2333984375 0.6710526315789473 0.0068359375 0.011695906432748537
0 0.23828125 0.6944444444444444 0.009765625 0.021929824561403508
0 0.2373046875 0.7119883040935673 0.0107421875 0.019005847953216373
0 0.248046875 0.7178362573099415 0.0078125 0.014619883040935672
0 0.1806640625 0.7046783625730995 0.0078125 0.014619883040935672
0 0.1689453125 0.7529239766081871 0.0107421875 0.021929824561403508
0 0.130859375 0.7733918128654971 0.0107421875 0.019005847953216373
0 0.111328125 0.8728070175438597 0.025390625 0.039473684210526314
0 0.234375 0.7719298245614035 0.0146484375 0.02046783625730994
0 0.2431640625 0.7573099415204678 0.0126953125 0.024853801169590642
0 0.2275390625 0.7543859649122807 0.0126953125 0.019005847953216373
0 0.24609375 0.7339181286549707 0.0068359375 0.011695906432748537
0 0.2509765625 0.7470760233918129 0.0126953125 0.021929824561403508
0 0.2587890625 0.8187134502923976 0.017578125 0.03070175438596491
0 0.2685546875 0.7529239766081871 0.01171875 0.019005847953216373
0 0.2880859375 0.6929824561403509 0.0087890625 0.013157894736842105
0 0.2783203125 0.7339181286549707 0.005859375 0.008771929824561403
0 0.2978515625 0.7485380116959064 0.0107421875 0.023391812865497075
0 0.30859375 0.7324561403508771 0.009765625 0.014619883040935672
0 0.30859375 0.7587719298245614 0.01171875 0.01608187134502924
0 0.296875 0.783625730994152 0.009765625 0.029239766081871343
0 0.2880859375 0.793859649122807 0.0078125 0.017543859649122806
0 0.3330078125 0.7909356725146199 0.0126953125 0.023391812865497075
0 0.337890625 0.7763157894736842 0.0126953125 0.021929824561403508
0 0.3203125 0.6608187134502924 0.0087890625 0.014619883040935672
0 0.322265625 0.6988304093567251 0.0087890625 0.013157894736842105
0 0.33984375 0.6754385964912281 0.0078125 0.013157894736842105
0 0.3623046875 0.6608187134502924 0.0068359375 0.014619883040935672
0 0.365234375 0.6915204678362573 0.005859375 0.011695906432748537
0 0.3408203125 0.7017543859649122 0.0068359375 0.014619883040935672
0 0.34765625 0.695906432748538 0.0078125 0.01608187134502924
0 0.3681640625 0.7397660818713451 0.0146484375 0.024853801169590642
0 0.365234375 0.7178362573099415 0.009765625 0.014619883040935672
0 0.34375 0.7441520467836257 0.009765625 0.011695906432748537
0 0.359375 0.7602339181286549 0.0078125 0.019005847953216373
0 0.3359375 0.7573099415204678 0.009765625 0.017543859649122806
0 0.3271484375 0.8552631578947368 0.0224609375 0.04824561403508772
0 0.4072265625 0.9137426900584795 0.0244140625 0.054093567251461985
0 0.341796875 0.8245614035087719 0.0107421875 0.029239766081871343
0 0.39453125 0.8596491228070176 0.009765625 0.02046783625730994
0 0.5263671875 0.75 0.009765625 0.011695906432748537
0 0.5205078125 0.7807017543859649 0.009765625 0.011695906432748537
0 0.5712890625 0.7675438596491229 0.0048828125 0.008771929824561403
0 0.5771484375 0.7690058479532164 0.0078125 0.011695906432748537
0 0.5537109375 0.7602339181286549 0.0048828125 0.007309941520467836
0 0.59375 0.7880116959064327 0.0087890625 0.013157894736842105
0 0.5390625 0.8230994152046783 0.0068359375 0.008771929824561403
0 0.5458984375 0.8216374269005848 0.0068359375 0.01023391812865497
0 0.5576171875 0.8391812865497076 0.013671875 0.02046783625730994
0 0.5751953125 0.8523391812865497 0.0107421875 0.01608187134502924
0 0.5908203125 0.8713450292397661 0.0126953125 0.024853801169590642
0 0.6142578125 0.8757309941520468 0.013671875 0.024853801169590642
0 0.6474609375 0.8976608187134503 0.0146484375 0.024853801169590642
0 0.6689453125 0.9122807017543859 0.013671875 0.029239766081871343
0 0.6953125 0.922514619883041 0.0146484375 0.027777777777777776
0 0.6015625 0.8991228070175439 0.0107421875 0.01608187134502924
0 0.91796875 0.9853801169590644 0.0185546875 0.023391812865497075
0 0.744140625 0.827485380116959 0.0205078125 0.02631578947368421
0 0.7998046875 0.9195906432748538 0.015625 0.023391812865497075
0 0.9853515625 0.9649122807017544 0.017578125 0.039473684210526314
0 0.93359375 0.9327485380116959 0.0146484375 0.024853801169590642
0 0.8974609375 0.9078947368421053 0.0146484375 0.023391812865497075
0 0.955078125 0.8786549707602339 0.0146484375 0.023391812865497075
0 0.994140625 0.922514619883041 0.0068359375 0.017543859649122806
0 0.9970703125 0.8757309941520468 0.00390625 0.013157894736842105
0 0.98828125 0.8435672514619883 0.01171875 0.017543859649122806
0 0.9736328125 0.8172514619883041 0.0107421875 0.019005847953216373
0 0.9521484375 0.8260233918128655 0.01171875 0.014619883040935672
0 0.91796875 0.8669590643274854 0.0126953125 0.019005847953216373
0 0.8740234375 0.8932748538011696 0.015625 0.02046783625730994
0 0.9013671875 0.8494152046783626 0.01171875 0.019005847953216373
0 0.927734375 0.8230994152046783 0.009765625 0.01608187134502924
0 0.97265625 0.7821637426900585 0.0078125 0.008771929824561403
0 0.966796875 0.8099415204678363 0.0048828125 0.008771929824561403
0 0.9072265625 0.8201754385964912 0.0078125 0.011695906432748537
0 0.9208984375 0.804093567251462 0.0078125 0.007309941520467836
0 0.8466796875 0.881578947368421 0.013671875 0.019005847953216373
0 0.849609375 0.8538011695906432 0.0107421875 0.014619883040935672
0 0.87109375 0.8333333333333334 0.0107421875 0.02046783625730994
0 0.8603515625 0.827485380116959 0.0087890625 0.017543859649122806
0 0.8818359375 0.8128654970760234 0.0087890625 0.011695906432748537
0 0.904296875 0.7997076023391813 0.005859375 0.008771929824561403
0 0.869140625 0.8070175438596491 0.0078125 0.014619883040935672
0 0.82421875 0.8625730994152047 0.013671875 0.023391812865497075
0 0.7890625 0.8611111111111112 0.0126953125 0.017543859649122806
0 0.8203125 0.8435672514619883 0.0107421875 0.01023391812865497
0 0.828125 0.8114035087719298 0.0078125 0.01608187134502924
0 0.85546875 0.8157894736842105 0.0078125 0.019005847953216373
0 0.8427734375 0.8055555555555556 0.0087890625 0.011695906432748537
0 0.8642578125 0.7865497076023392 0.005859375 0.007309941520467836
0 0.8798828125 0.7880116959064327 0.0068359375 0.01023391812865497
0 0.92578125 0.7719298245614035 0.005859375 0.008771929824561403
0 0.775390625 0.8157894736842105 0.009765625 0.014619883040935672
0 0.6884765625 0.868421052631579 0.0126953125 0.017543859649122806
0 0.80859375 0.8333333333333334 0.009765625 0.019005847953216373
0 0.7958984375 0.8128654970760234 0.0078125 0.01023391812865497
0 0.783203125 0.7982456140350878 0.009765625 0.011695906432748537
0 0.7587890625 0.8128654970760234 0.0068359375 0.013157894736842105
0 0.73046875 0.804093567251462 0.0068359375 0.013157894736842105
0 0.7197265625 0.8026315789473685 0.009765625 0.014619883040935672
0 0.7138671875 0.8055555555555556 0.005859375 0.008771929824561403
0 0.7109375 0.8318713450292398 0.01171875 0.02046783625730994
0 0.701171875 0.8289473684210527 0.009765625 0.017543859649122806
0 0.6640625 0.8494152046783626 0.0126953125 0.019005847953216373
0 0.646484375 0.8464912280701754 0.01171875 0.017543859649122806
0 0.6171875 0.8245614035087719 0.0087890625 0.01608187134502924
0 0.609375 0.8260233918128655 0.009765625 0.019005847953216373
0 0.6455078125 0.7894736842105263 0.0078125 0.01023391812865497
0 0.63671875 0.783625730994152 0.0078125 0.008771929824561403
0 0.6259765625 0.7748538011695907 0.00390625 0.005847953216374269
0 0.6474609375 0.7456140350877193 0.0068359375 0.008771929824561403
0 0.5849609375 0.7880116959064327 0.0068359375 0.008771929824561403
0 0.666015625 0.7997076023391813 0.0068359375 0.008771929824561403
0 0.6748046875 0.8070175438596491 0.0068359375 0.01023391812865497
0 0.7021484375 0.7982456140350878 0.0087890625 0.013157894736842105
0 0.6875 0.7894736842105263 0.0068359375 0.013157894736842105
0 0.67578125 0.7763157894736842 0.005859375 0.011695906432748537
0 0.705078125 0.7675438596491229 0.005859375 0.008771929824561403
0 0.7158203125 0.783625730994152 0.005859375 0.007309941520467836
0 0.7197265625 0.7748538011695907 0.0048828125 0.005847953216374269
0 0.7294921875 0.7850877192982456 0.005859375 0.008771929824561403
0 0.7548828125 0.7894736842105263 0.0068359375 0.007309941520467836
0 0.7373046875 0.7616959064327485 0.005859375 0.01023391812865497
0 0.75 0.7690058479532164 0.0068359375 0.008771929824561403
0 0.818359375 0.7953216374269005 0.0068359375 0.01023391812865497
0 0.814453125 0.7865497076023392 0.0068359375 0.011695906432748537
0 0.7822265625 0.7763157894736842 0.005859375 0.01023391812865497
0 0.7763671875 0.7558479532163743 0.0048828125 0.008771929824561403
0 0.796875 0.7573099415204678 0.005859375 0.011695906432748537
0 0.83203125 0.7982456140350878 0.009765625 0.014619883040935672
0 0.8359375 0.7748538011695907 0.0048828125 0.005847953216374269
0 0.8603515625 0.7792397660818714 0.005859375 0.01023391812865497
0 0.873046875 0.7646198830409356 0.005859375 0.01023391812865497
0 0.8720703125 0.7353801169590644 0.0029296875 0.005847953216374269
0 0.892578125 0.7266081871345029 0.005859375 0.011695906432748537
0 0.9169921875 0.7309941520467836 0.0068359375 0.01023391812865497
0 0.9423828125 0.7353801169590644 0.0068359375 0.007309941520467836
0 0.958984375 0.7441520467836257 0.005859375 0.008771929824561403
0 0.8359375 0.6915204678362573 0.00390625 0.008771929824561403
0 0.9833984375 0.7353801169590644 0.005859375 0.008771929824561403
0 0.919921875 0.77046783625731 0.0029296875 0.01023391812865497
0 0.904296875 0.7646198830409356 0.005859375 0.01023391812865497
0 0.9423828125 0.7616959064327485 0.0078125 0.011695906432748537
0 0.9951171875 0.8114035087719298 0.0068359375 0.021929824561403508
0 0.693359375 0.7792397660818714 0.0048828125 0.007309941520467836
0 0.23828125 0.9239766081871345 0.013671875 0.04824561403508772
0 0.341796875 0.966374269005848 0.0224609375 0.06725146198830409
0 0.3916015625 0.7383040935672515 0.01171875 0.019005847953216373