0 0.1220703125 0.6627604166666666 0.0048828125 0.005208333333333333
0 0.0498046875 0.6184895833333334 0.00390625 0.00390625
0 0.048828125 0.67578125 0.0029296875 0.00390625
0 0.0439453125 0.671875 0.0029296875 0.0026041666666666665
0 0.1328125 0.7317708333333334 0.0087890625 0.013020833333333334
0 0.1025390625 0.7239583333333334 0.009765625 0.018229166666666668
0 0.10546875 0.69140625 0.005859375 0.010416666666666666
0 0.048828125 0.66796875 0.00390625 0.00390625
0 0.02734375 0.7109375 0.0078125 0.010416666666666666
0 0.0263671875 0.66015625 0.0048828125 0.009114583333333334
0 0.1494140625 0.6471354166666666 0.0029296875 0.006510416666666667
0 0.1279296875 0.7682291666666666 0.0126953125 0.01953125
0 0.1474609375 0.74609375 0.0078125 0.014322916666666666
0 0.158203125 0.7591145833333334 0.0107421875 0.015625
0 0.1513671875 0.7838541666666666 0.0146484375 0.0234375
0 0.21484375 0.7734375 0.01171875 0.0234375
0 0.2568359375 0.8203125 0.009765625 0.018229166666666668
0 0.15625 0.8489583333333334 0.015625 0.022135416666666668
0 0.1982421875 0.8841145833333334 0.0107421875 0.028645833333333332
0 0.0185546875 0.7994791666666666 0.0068359375 0.01953125
0 0.185546875 0.8411458333333334 0.0068359375 0.014322916666666666
0 0.0205078125 0.7630208333333334 0.005859375 0.014322916666666666
0 0.328125 0.9153645833333334 0.0224609375 0.037760416666666664
0 0.275390625 0.8424479166666666 0.0185546875 0.026041666666666668
0 0.3359375 0.8359375 0.0166015625 0.028645833333333332
0 0.1455078125 0.9596354166666666 0.013671875 0.032552083333333336
0 0.208984375 0.859375 0.0078125 0.0234375
0 0.3037109375 0.98046875 0.029296875 0.033854166666666664
0 0.353515625 0.80078125 0.009765625 0.016927083333333332
0 0.0185546875 0.9739583333333334 0.0068359375 0.024739583333333332
0 0.2841796875 0.6692708333333334 0.0048828125 0.009114583333333334
0 0.2109375 0.6705729166666666 0.005859375 0.0078125
0 0.2314453125 0.6979166666666666 0.00390625 0.0078125
0 0.29296875 0.6666666666666666 0.005859375 0.009114583333333334
0 0.359375 0.74609375 0.0087890625 0.014322916666666666
0 0.294921875 0.7265625 0.0078125 0.009114583333333334
0 0.255859375 0.71484375 0.0078125 0.01171875
0 0.2724609375 0.7122395833333334 0.00390625 0.009114583333333334
0 0.19921875 0.72265625 0.009765625 0.013020833333333334
0 0.330078125 0.6848958333333334 0.0087890625 0.01171875
0 0.2861328125 0.7044270833333334 0.0107421875 0.01171875
0 0.4150390625 0.67578125 0.0078125 0.013020833333333334
0 0.45703125 0.6809895833333334 0.0087890625 0.010416666666666666
0 0.3388671875 0.6640625 0.0048828125 0.005208333333333333
0 0.33203125 0.6653645833333334 0.0078125 0.005208333333333333
0 0.4287109375 0.703125 0.00390625 0.013020833333333334
0 0.3388671875 0.7083333333333334 0.0048828125 0.010416666666666666
0 0.361328125 0.671875 0.0048828125 0.009114583333333334
0 0.3701171875 0.6705729166666666 0.005859375 0.006510416666666667
0 0.3916015625 0.671875 0.00390625 0.00390625
0 0.41796875 0.97265625 0.0341796875 0.052083333333333336
0 0.67578125 0.9479166666666666 0.0244140625 0.03125
0 0.55078125 0.7942708333333334 0.0068359375 0.013020833333333334
0 0.494140625 0.765625 0.0087890625 0.013020833333333334
0 0.40625 0.7513020833333334 0.0087890625 0.010416666666666666
0 0.431640625 0.7434895833333334 0.0107421875 0.015625
0 0.49609375 0.7447916666666666 0.00390625 0.013020833333333334
0 0.375 0.8763020833333334 0.015625 0.022135416666666668
0 0.515625 0.890625 0.01171875 0.022135416666666668
0 0.5361328125 0.69140625 0.005859375 0.009114583333333334
0 0.6181640625 0.77734375 0.009765625 0.022135416666666668
0 0.6044921875 0.7395833333333334 0.0068359375 0.01171875
0 0.5107421875 0.6614583333333334 0.0107421875 0.013020833333333334
0 0.537109375 0.6731770833333334 0.00390625 0.006510416666666667
0 0.61328125 0.6940104166666666 0.0048828125 0.0078125
0 0.4658203125 0.6484375 0.0029296875 0.00390625
0 0.4833984375 0.65234375 0.00390625 0.006510416666666667
0 0.478515625 0.7278645833333334 0.0107421875 0.014322916666666666
0 0.4658203125 0.703125 0.0087890625 0.014322916666666666
0 0.6591796875 0.81640625 0.0107421875 0.016927083333333332
0 0.7255859375 0.828125 0.0166015625 0.01953125
0 0.5791015625 0.8255208333333334 0.005859375 0.016927083333333332
0 0.7490234375 0.8190104166666666 0.01171875 0.018229166666666668
0 0.7470703125 0.61328125 0.0078125 0.013020833333333334
0 0.8701171875 0.7565104166666666 0.0107421875 0.016927083333333332
0 0.77734375 0.8059895833333334 0.0146484375 0.01953125
0 0.7998046875 0.8268229166666666 0.0068359375 0.016927083333333332
0 0.78515625 0.8984375 0.01953125 0.028645833333333332
0 0.8603515625 0.890625 0.0078125 0.022135416666666668
0 0.908203125 0.953125 0.0244140625 0.033854166666666664
0 0.8955078125 0.8307291666666666 0.0146484375 0.022135416666666668
0 0.7705078125 0.7786458333333334 0.0126953125 0.0234375
0 0.68359375 0.7096354166666666 0.005859375 0.01171875
0 0.7763671875 0.7174479166666666 0.0078125 0.010416666666666666
0 0.8349609375 0.7174479166666666 0.0068359375 0.01171875
0 0.8203125 0.72265625 0.005859375 0.01171875
0 0.73828125 0.7526041666666666 0.00390625 0.013020833333333334
0 0.9091796875 0.6861979166666666 0.0078125 0.01171875
0 0.9638671875 0.8072916666666666 0.0126953125 0.01953125
0 0.9287109375 0.7786458333333334 0.01171875 0.018229166666666668
0 0.9765625 0.7721354166666666 0.0048828125 0.014322916666666666
0 0.982421875 0.8111979166666666 0.0126953125 0.016927083333333332
0 0.9951171875 0.7330729166666666 0.0068359375 0.01171875
0 0.828125 0.6809895833333334 0.005859375 0.009114583333333334
0 0.8046875 0.671875 0.005859375 0.0078125
0 0.865234375 0.6419270833333334 0.00390625 0.005208333333333333
0 0.873046875 0.6419270833333334 0.0048828125 0.00390625
0 0.96484375 0.6614583333333334 0.0048828125 0.006510416666666667
0 0.8486328125 0.6432291666666666 0.0068359375 0.0078125
0 0.81640625 0.6588541666666666 0.005859375 0.005208333333333333
0 0.955078125 0.6354166666666666 0.00390625 0.006510416666666667
0 0.861328125 0.66796875 0.0048828125 0.005208333333333333
0 0.9326171875 0.6354166666666666 0.00390625 0.006510416666666667
0 0.9404296875 0.6341145833333334 0.00390625 0.005208333333333333
0 0.8466796875 0.6354166666666666 0.0029296875 0.00390625
0 0.8486328125 0.6328125 0.0029296875 0.00390625
0 0.87890625 0.6341145833333334 0.0029296875 0.005208333333333333
0 0.8828125 0.6302083333333334 0.0029296875 0.00390625
0 0.9150390625 0.65625 0.0048828125 0.0078125
0 0.8173828125 0.6497395833333334 0.0048828125 0.00390625
0 0.8017578125 0.6848958333333334 0.0068359375 0.009114583333333334
0 0.7900390625 0.671875 0.0048828125 0.006510416666666667
0 0.79296875 0.6588541666666666 0.0048828125 0.005208333333333333
0 0.7978515625 0.6614583333333334 0.0029296875 0.00390625
0 0.884765625 0.6458333333333334 0.005859375 0.01171875
0 0.8955078125 0.6302083333333334 0.005859375 0.009114583333333334
0 0.9599609375 0.6315104166666666 0.001953125 0.00390625
0 0.861328125 0.6875 0.0048828125 0.0078125
0 0.919921875 0.6614583333333334 0.0048828125 0.0078125
0 0.9404296875 0.6575520833333334 0.00390625 0.005208333333333333
0 0.8525390625 0.63671875 0.0029296875 0.00390625
0 0.6064453125 0.98828125 0.01953125 0.01953125
0 0.7314453125 0.9908854166666666 0.0068359375 0.014322916666666666
0 0.076171875 0.75 0.0087890625 0.014322916666666666
0 0.3037109375 0.67578125 0.0048828125 0.009114583333333334
0 0.9091796875 0.6705729166666666 0.0048828125 0.006510416666666667
0 0.8740234375 0.6627604166666666 0.00390625 0.00390625
0 0.8369140625 0.65625 0.0048828125 0.0078125
0 0.80078125 0.62890625 0.00390625 0.006510416666666667
0 0.92578125 0.6432291666666666 0.0048828125 0.006510416666666667
0 0.9404296875 0.6432291666666666 0.0048828125 0.0078125
0 0.9853515625 0.64453125 0.0048828125 0.0078125
0 0.89453125 0.6536458333333334 0.0087890625 0.010416666666666666
0 0.9013671875 0.65234375 0.00390625 0.0078125
0 0.8349609375 0.6263020833333334 0.00390625 0.006510416666666667
0 0.8564453125 0.6223958333333334 0.00390625 0.006510416666666667
0 0.87109375 0.6302083333333334 0.0048828125 0.005208333333333333
0 0.8662109375 0.6354166666666666 0.00390625 0.005208333333333333
0 0.822265625 0.6744791666666666 0.005859375 0.0078125
0 0.8251953125 0.6575520833333334 0.0029296875 0.006510416666666667
0 0.8115234375 0.6419270833333334 0.0029296875 0.005208333333333333
0 0.9013671875 0.6315104166666666 0.0029296875 0.005208333333333333
0 0.533203125 0.6497395833333334 0.005859375 0.01171875
0 0.4609375 0.6666666666666666 0.00390625 0.0078125
0 0.43359375 0.6666666666666666 0.005859375 0.01171875
0 0.4921875 0.67578125 0.005859375 0.0078125
0 0.4736328125 0.6640625 0.005859375 0.0078125
0 0.4765625 0.64453125 0.005859375 0.009114583333333334
0 0.5009765625 0.6354166666666666 0.0048828125 0.009114583333333334
0 0.5234375 0.6471354166666666 0.005859375 0.013020833333333334
0 0.400390625 0.68359375 0.005859375 0.013020833333333334
0 0.6142578125 0.7044270833333334 0.00390625 0.0078125
0 0.6220703125 0.6901041666666666 0.0048828125 0.005208333333333333
0 0.53515625 0.6341145833333334 0.00390625 0.0078125
0 0.5419921875 0.6328125 0.00390625 0.006510416666666667
0 0.4970703125 0.6354166666666666 0.00390625 0.010416666666666666
0 0.396484375 0.66015625 0.0078125 0.0078125
0 0.34765625 0.6627604166666666 0.0048828125 0.006510416666666667
0 0.4912109375 0.6536458333333334 0.0029296875 0.005208333333333333
0 0.3544921875 0.6770833333333334 0.0029296875 0.0078125
0 0.369140625 0.6588541666666666 0.005859375 0.0078125
0 0.328125 0.66796875 0.009765625 0.015625
0 0.328125 0.6549479166666666 0.0048828125 0.006510416666666667
0 0.1328125 0.671875 0.00390625 0.006510416666666667
0 0.166015625 0.6653645833333334 0.005859375 0.0078125
0 0.1376953125 0.66015625 0.005859375 0.010416666666666666
0 0.1328125 0.6875 0.0068359375 0.010416666666666666
0 0.1318359375 0.6536458333333334 0.00390625 0.009114583333333334
0 0.0810546875 0.6497395833333334 0.00390625 0.005208333333333333
0 0.1767578125 0.66796875 0.0048828125 0.0078125
0 0.1611328125 0.6510416666666666 0.005859375 0.0078125
0 0.1748046875 0.64453125 0.0048828125 0.006510416666666667
0 0.1455078125 0.63671875 0.005859375 0.010416666666666666
0 0.0751953125 0.6783854166666666 0.0048828125 0.006510416666666667
0 0.03125 0.6067708333333334 0.00390625 0.005208333333333333
0 0.0439453125 0.6236979166666666 0.0048828125 0.009114583333333334
0 0.03125 0.64453125 0.0068359375 0.01171875
0 0.0390625 0.6653645833333334 0.005859375 0.0078125
0 0.0234375 0.6432291666666666 0.0068359375 0.01171875
0 0.0224609375 0.66015625 0.00390625 0.010416666666666666
0 0.05859375 0.6848958333333334 0.009765625 0.018229166666666668
0 0.8330078125 0.7630208333333334 0.0078125 0.015625
0 0.7919921875 0.6432291666666666 0.0078125 0.013020833333333334
0 0.8701171875 0.7408854166666666 0.0087890625 0.014322916666666666
0 0.6640625 0.62109375 0.0068359375 0.014322916666666666
0 0.5947265625 0.6627604166666666 0.0048828125 0.010416666666666666
0 0.3603515625 0.7057291666666666 0.005859375 0.010416666666666666
0 0.208984375 0.6484375 0.0078125 0.013020833333333334
0 0.1923828125 0.66015625 0.0087890625 0.010416666666666666
0 0.21875 0.7434895833333334 0.0078125 0.015625
0 0.10546875 0.82421875 0.0087890625 0.018229166666666668
0 0.234375 0.8229166666666666 0.01171875 0.020833333333333332
0 0.3193359375 0.7604166666666666 0.0107421875 0.018229166666666668
0 0.3291015625 0.7747395833333334 0.01171875 0.016927083333333332