0 0.0654296875 0.27797202797202797 0.0732421875 0.1590909090909091
0 0.2275390625 0.23601398601398602 0.056640625 0.1258741258741259
0 0.17578125 0.24825174825174826 0.021484375 0.07167832167832168
0 0.0458984375 0.15034965034965034 0.03125 0.055944055944055944
0 0.099609375 0.17482517482517482 0.0322265625 0.05944055944055944
0 0.32421875 0.27797202797202797 0.0283203125 0.07167832167832168
0 0.376953125 0.229020979020979 0.0634765625 0.15034965034965034
0 0.44921875 0.25874125874125875 0.0380859375 0.08741258741258741
0 0.5859375 0.291958041958042 0.0283203125 0.08741258741258741
0 0.681640625 0.17307692307692307 0.0732421875 0.1555944055944056
0 0.78125 0.17657342657342656 0.0556640625 0.09090909090909091
0 0.654296875 0.18706293706293706 0.0458984375 0.13636363636363635
0 0.87890625 0.1993006993006993 0.03515625 0.0979020979020979
0 0.9091796875 0.08566433566433566 0.033203125 0.08566433566433566
0 0.9208984375 0.1486013986013986 0.0419921875 0.11188811188811189
0 0.9697265625 0.21153846153846154 0.05859375 0.18006993006993008
0 0.525390625 0.19755244755244755 0.01171875 0.02972027972027972
0 0.513671875 0.1888111888111888 0.0107421875 0.022727272727272728