0 0.7763671875 0.3985294117647059 0.177734375 0.35294117647058826
0 0.6025390625 0.5617647058823529 0.037109375 0.054411764705882354
0 0.501953125 0.5588235294117647 0.0234375 0.03823529411764706
0 0.3896484375 0.5338235294117647 0.0234375 0.041176470588235294
0 0.408203125 0.5823529411764706 0.01953125 0.045588235294117645
0 0.4599609375 0.5352941176470588 0.02734375 0.047058823529411764
0 0.4814453125 0.5117647058823529 0.0205078125 0.03676470588235294
0 0.3017578125 0.5602941176470588 0.0283203125 0.039705882352941174
0 0.265625 0.5367647058823529 0.0185546875 0.039705882352941174
0 0.23828125 0.5191176470588236 0.0146484375 0.027941176470588237
0 0.201171875 0.5411764705882353 0.0205078125 0.03676470588235294
0 0.197265625 0.5117647058823529 0.0146484375 0.033823529411764704
0 0.1474609375 0.5441176470588235 0.0166015625 0.030882352941176472
0 0.3505859375 0.5058823529411764 0.0185546875 0.03529411764705882
0 0.359375 0.5558823529411765 0.015625 0.027941176470588237
0 0.6982421875 0.6073529411764705 0.041015625 0.06323529411764706
0 0.0556640625 0.538235294117647 0.0205078125 0.033823529411764704
0 0.0087890625 0.5338235294117647 0.0146484375 0.030882352941176472
0 0.0302734375 0.55 0.015625 0.023529411764705882
0 0.0791015625 0.5323529411764706 0.0224609375 0.051470588235294115