0 0.0654296875 0.4542483660130719 0.029296875 0.06045751633986928
0 0.1259765625 0.49836601307189543 0.017578125 0.04411764705882353
0 0.15625 0.43300653594771243 0.025390625 0.05718954248366013
0 0.181640625 0.4918300653594771 0.02734375 0.05392156862745098
0 0.240234375 0.4934640522875817 0.0263671875 0.05718954248366013
0 0.287109375 0.48366013071895425 0.01953125 0.03431372549019608
0 0.26953125 0.45751633986928103 0.013671875 0.0196078431372549
0 0.3564453125 0.4820261437908497 0.0283203125 0.05392156862745098
0 0.390625 0.45098039215686275 0.021484375 0.05228758169934641
0 0.412109375 0.47875816993464054 0.0185546875 0.03104575163398693
0 0.4345703125 0.5228758169934641 0.0224609375 0.04411764705882353
0 0.49609375 0.43790849673202614 0.015625 0.04411764705882353
0 0.517578125 0.434640522875817 0.0234375 0.04411764705882353
0 0.546875 0.5098039215686274 0.0234375 0.05718954248366013
0 0.5556640625 0.477124183006536 0.021484375 0.04084967320261438
0 0.595703125 0.4542483660130719 0.0205078125 0.03594771241830065
0 0.6201171875 0.4444444444444444 0.0166015625 0.024509803921568627
0 0.638671875 0.49019607843137253 0.025390625 0.0457516339869281
0 0.69921875 0.45751633986928103 0.0244140625 0.049019607843137254
0 0.728515625 0.47549019607843135 0.0283203125 0.04411764705882353
0 0.84375 0.4362745098039216 0.0283203125 0.06045751633986928
0 0.888671875 0.47875816993464054 0.01953125 0.0457516339869281
0 0.986328125 0.45098039215686275 0.0234375 0.06699346405228758
0 0.4716796875 0.45588235294117646 0.0107421875 0.021241830065359478
0 0.6650390625 0.45588235294117646 0.01171875 0.024509803921568627
0 0.6767578125 0.4526143790849673 0.0107421875 0.02287581699346405