0 0.0166015625 0.25 0.033203125 0.10319767441860465
0 0.1240234375 0.42441860465116277 0.0302734375 0.056686046511627904
0 0.1328125 0.40406976744186046 0.0244140625 0.050872093023255814
0 0.216796875 0.3546511627906977 0.041015625 0.07122093023255814
0 0.283203125 0.373546511627907 0.03515625 0.056686046511627904
0 0.3154296875 0.3793604651162791 0.0263671875 0.056686046511627904
0 0.412109375 0.28488372093023256 0.068359375 0.13517441860465115
0 0.49609375 0.43023255813953487 0.0234375 0.04505813953488372
0 0.5556640625 0.39098837209302323 0.0166015625 0.0377906976744186
0 0.517578125 0.43023255813953487 0.009765625 0.02180232558139535
0 0.603515625 0.4186046511627907 0.064453125 0.1380813953488372
0 0.7685546875 0.30523255813953487 0.0576171875 0.12645348837209303
0 0.845703125 0.35319767441860467 0.0517578125 0.1002906976744186
0 0.8916015625 0.34593023255813954 0.0400390625 0.08575581395348837
0 0.943359375 0.3851744186046512 0.04296875 0.08866279069767442
0 0.9912109375 0.32848837209302323 0.0126953125 0.07412790697674419
0 0.5380859375 0.4563953488372093 0.0166015625 0.023255813953488372