0 0.009765625 0.4102941176470588 0.01953125 0.07058823529411765
0 0.0283203125 0.3985294117647059 0.0166015625 0.033823529411764704
0 0.083984375 0.3897058823529412 0.0224609375 0.05588235294117647
0 0.1259765625 0.4294117647058823 0.0419921875 0.07647058823529412
0 0.166015625 0.41323529411764703 0.015625 0.04411764705882353
0 0.1962890625 0.4 0.0234375 0.045588235294117645
0 0.2802734375 0.4676470588235294 0.052734375 0.07205882352941176
0 0.322265625 0.38823529411764707 0.0146484375 0.025
0 0.4951171875 0.40294117647058825 0.0166015625 0.033823529411764704
0 0.6533203125 0.4117647058823529 0.017578125 0.04411764705882353
0 0.697265625 0.4485294117647059 0.021484375 0.06911764705882353
0 0.7802734375 0.42205882352941176 0.0224609375 0.04411764705882353
0 0.806640625 0.4411764705882353 0.0185546875 0.052941176470588235
0 0.7109375 0.3911764705882353 0.01171875 0.022058823529411766
0 0.7158203125 0.3897058823529412 0.0107421875 0.022058823529411766
0 0.8662109375 0.4470588235294118 0.0185546875 0.030882352941176472
0 0.8984375 0.43676470588235294 0.0107421875 0.020588235294117647
0 0.9169921875 0.4514705882352941 0.01953125 0.027941176470588237
0 0.947265625 0.43823529411764706 0.0166015625 0.027941176470588237
0 0.9775390625 0.4441176470588235 0.0146484375 0.01911764705882353
0 0.869140625 0.4102941176470588 0.0166015625 0.025