0 0.3671875 0.279147235176549 0.0712890625 0.05263157894736842
0 0.607421875 0.24383744170552965 0.0771484375 0.05463024650233178
0 0.8642578125 0.5856095936042638 0.09375 0.07528314457028648
0 0.7880859375 0.5376415722851432 0.0166015625 0.015989340439706862
0 0.8095703125 0.5383077948034644 0.0166015625 0.016655562958027982
0 0.794921875 0.5129913391072618 0.013671875 0.012658227848101266
0 0.796875 0.5003331112591606 0.013671875 0.011325782811459028
0 0.7802734375 0.5009993337774816 0.01171875 0.009993337774816789
0 0.9228515625 0.5776149233844103 0.017578125 0.015323117921385743
0 0.951171875 0.5609593604263824 0.01953125 0.017321785476349102
0 0.9453125 0.5383077948034644 0.013671875 0.011325782811459028
0 0.947265625 0.5223184543637575 0.0126953125 0.009327115256495669
0 0.9306640625 0.5209860093271153 0.01171875 0.009327115256495669
0 0.8642578125 0.5163224516988674 0.0107421875 0.009327115256495669
0 0.9677734375 0.5129913391072618 0.0087890625 0.008660892738174551
0 0.994140625 0.513657561625583 0.0107421875 0.009993337774816789
0 0.9814453125 0.5149900066622252 0.0126953125 0.011992005329780146
0 0.994140625 0.5336442371752165 0.0107421875 0.020652898067954697
0 0.1611328125 0.569620253164557 0.0703125 0.0519653564290473
0 0.0234375 0.5569620253164557 0.0302734375 0.02531645569620253
0 0.0517578125 0.5636242504996669 0.02734375 0.023984010659560292
0 0.0810546875 0.5536309127248501 0.0185546875 0.015323117921385743
0 0.197265625 0.5502998001332445 0.0224609375 0.02664890073284477
0 0.087890625 0.5709526982011992 0.0244140625 0.016655562958027982
0 0.09375 0.5423051299133911 0.0166015625 0.010659560293137908
0 0.220703125 0.54763491005996 0.013671875 0.012658227848101266