0 0.779296875 0.3142437591776799 0.0244140625 0.0513950073421439
0 0.8330078125 0.4067547723935389 0.048828125 0.07195301027900147
0 0.8837890625 0.37298091042584436 0.0283203125 0.049926578560939794
0 0.9443359375 0.4654919236417034 0.0615234375 0.10572687224669604
0 0.962890625 0.33480176211453744 0.044921875 0.05726872246696035
0 0.900390625 0.33627019089574156 0.017578125 0.041116005873715125
0 0.85546875 0.3274596182085169 0.025390625 0.042584434654919234
0 0.8837890625 0.27165932452276065 0.017578125 0.033773861967694566
0 0.4375 0.45961820851688695 0.0556640625 0.11894273127753303
0 0.384765625 0.4522760646108664 0.03125 0.049926578560939794
0 0.265625 0.36123348017621143 0.029296875 0.0381791483113069
0 0.2900390625 0.28928046989721 0.0224609375 0.0381791483113069
0 0.30078125 0.2643171806167401 0.013671875 0.02643171806167401
0 0.2626953125 0.26284875183553597 0.01171875 0.01908957415565345
0 0.2470703125 0.23788546255506607 0.0068359375 0.016152716593245228
0 0.41015625 0.2525697503671072 0.01171875 0.022026431718061675
0 0.4375 0.2834067547723935 0.013671875 0.033773861967694566
0 0.4873046875 0.2907488986784141 0.015625 0.03671071953010279
0 0.45703125 0.36270190895741555 0.0185546875 0.042584434654919234
0 0.5029296875 0.26138032305433184 0.009765625 0.02643171806167401
0 0.564453125 0.27165932452276065 0.0126953125 0.02936857562408223
0 0.5849609375 0.28046989720998533 0.01953125 0.039647577092511016
0 0.6201171875 0.28634361233480177 0.0185546875 0.0381791483113069
0 0.669921875 0.2555066079295154 0.01171875 0.024963289280469897
0 0.1357421875 0.32158590308370044 0.0283203125 0.048458149779735685
0 0.0205078125 0.33480176211453744 0.0419921875 0.05726872246696035
0 0.0810546875 0.3010279001468429 0.01953125 0.02643171806167401
0 0.1328125 0.24816446402349487 0.0224609375 0.0381791483113069
0 0.1796875 0.31718061674008813 0.033203125 0.048458149779735685
0 0.1904296875 0.47283406754772395 0.072265625 0.11747430249632893
0 0.3642578125 0.33480176211453744 0.0244140625 0.039647577092511016
0 0.2119140625 0.3010279001468429 0.017578125 0.032305433186490456
0 0.1865234375 0.24963289280469897 0.0107421875 0.01762114537444934
0 0.2119140625 0.23348017621145375 0.0107421875 0.016152716593245228
0 0.1083984375 0.24522760646108663 0.009765625 0.014684287812041116
0 0.083984375 0.23788546255506607 0.0087890625 0.014684287812041116
0 0.5498046875 0.3274596182085169 0.0439453125 0.08663729809104258