0 0.9921875 0.24407582938388625 0.015625 0.07109004739336493
0 0.986328125 0.08293838862559241 0.02734375 0.08530805687203792
0 0.927734375 0.13033175355450238 0.0263671875 0.07819905213270142
0 0.8955078125 0.0924170616113744 0.0244140625 0.052132701421800945
0 0.9013671875 0.14691943127962084 0.0205078125 0.06635071090047394
0 0.8515625 0.15876777251184834 0.0234375 0.07109004739336493
0 0.8251953125 0.15639810426540285 0.029296875 0.08056872037914692
0 0.8876953125 0.36018957345971564 0.0234375 0.07345971563981042
0 0.7333984375 0.27488151658767773 0.029296875 0.08530805687203792
0 0.73828125 0.17061611374407584 0.025390625 0.07345971563981042
0 0.763671875 0.2014218009478673 0.015625 0.04976303317535545
0 0.7216796875 0.16824644549763032 0.01171875 0.03317535545023697
0 0.6865234375 0.22985781990521326 0.0244140625 0.06635071090047394
0 0.6376953125 0.22511848341232227 0.0224609375 0.05924170616113744
0 0.62890625 0.24881516587677724 0.0146484375 0.04739336492890995
0 0.595703125 0.2843601895734597 0.02734375 0.07819905213270142
0 0.5830078125 0.1990521327014218 0.021484375 0.054502369668246446
0 0.5634765625 0.22985781990521326 0.021484375 0.05687203791469194
0 0.6650390625 0.1872037914691943 0.01953125 0.05687203791469194
0 0.513671875 0.23696682464454977 0.0205078125 0.05687203791469194
0 0.5341796875 0.2843601895734597 0.0224609375 0.06398104265402843
0 0.5517578125 0.3791469194312796 0.02734375 0.07582938388625593
0 0.447265625 0.3981042654028436 0.037109375 0.13270142180094788
0 0.4306640625 0.2772511848341232 0.0224609375 0.06635071090047394
0 0.462890625 0.27488151658767773 0.0185546875 0.04739336492890995
0 0.4150390625 0.2985781990521327 0.017578125 0.052132701421800945
0 0.3955078125 0.36729857819905215 0.0224609375 0.07345971563981042
0 0.4208984375 0.46208530805687204 0.025390625 0.1018957345971564
0 0.447265625 0.2725118483412322 0.0087890625 0.030805687203791468
0 0.3603515625 0.32701421800947866 0.021484375 0.05687203791469194
0 0.296875 0.3080568720379147 0.0166015625 0.04739336492890995
0 0.3076171875 0.34834123222748814 0.0224609375 0.05924170616113744
0 0.3251953125 0.4099526066350711 0.0244140625 0.07345971563981042
0 0.2705078125 0.3909952606635071 0.02734375 0.07582938388625593
0 0.287109375 0.4976303317535545 0.041015625 0.11848341232227488
0 0.2626953125 0.504739336492891 0.021484375 0.06872037914691943
0 0.232421875 0.46445497630331756 0.033203125 0.0947867298578199
0 0.2509765625 0.4028436018957346 0.017578125 0.052132701421800945
0 0.216796875 0.4052132701421801 0.0224609375 0.052132701421800945
0 0.201171875 0.3862559241706161 0.0166015625 0.04739336492890995
0 0.154296875 0.48104265402843605 0.0341796875 0.11611374407582939
0 0.1787109375 0.35071090047393366 0.015625 0.04265402843601896
0 0.0849609375 0.43838862559241704 0.0205078125 0.054502369668246446
0 0.140625 0.47393364928909953 0.017578125 0.05924170616113744
0 0.0986328125 0.5616113744075829 0.0224609375 0.07109004739336493