0 0.6806640625 0.6620450606585788 0.060546875 0.17677642980935876
0 0.5869140625 0.6880415944540728 0.0498046875 0.1265164644714038
0 0.8564453125 0.610051993067591 0.056640625 0.14731369150779897
0 0.3447265625 0.16984402079722705 0.0419921875 0.1022530329289428
0 0.296875 0.3778162911611785 0.0537109375 0.09358752166377816
0 0.3935546875 0.2322357019064125 0.0322265625 0.08492201039861352
0 0.24609375 0.036395147313691506 0.0400390625 0.0658578856152513
0 0.3916015625 0.05719237435008666 0.033203125 0.07972270363951472
0 0.115234375 0.30849220103986136 0.0380859375 0.11611785095320624
0 0.5302734375 0.41421143847487 0.0556640625 0.14904679376083188
0 0.599609375 0.2772963604852686 0.0537109375 0.12305025996533796
0 0.54296875 0.29116117850953205 0.046875 0.09532062391681109
0 0.525390625 0.2322357019064125 0.04296875 0.07105719237435008
0 0.6923828125 0.5407279029462738 0.056640625 0.10745233968804159
0 0.5185546875 0.03119584055459272 0.0341796875 0.06239168110918544
0 0.4697265625 0.14904679376083188 0.0263671875 0.0779896013864818
0 0.572265625 0.04679376083188908 0.041015625 0.09012131715771231
0 0.716796875 0.08145580589254767 0.04296875 0.09532062391681109
0 0.7724609375 0.04852686308492201 0.044921875 0.09185441941074524
0 0.8818359375 0.05199306759098787 0.037109375 0.09532062391681109
0 0.81640625 0.16291161178509533 0.0419921875 0.10398613518197573
0 0.8095703125 0.3431542461005199 0.05078125 0.12478336221837089
0 0.685546875 0.21663778162911612 0.0341796875 0.0831889081455806
0 0.849609375 0.2668977469670711 0.0419921875 0.09878682842287695
0 0.91015625 0.44194107452339687 0.0556640625 0.0779896013864818
0 0.9755859375 0.5736568457538995 0.048828125 0.1265164644714038
0 0.087890625 0.4436741767764298 0.033203125 0.12305025996533796
0 0.154296875 0.024263431542461005 0.03515625 0.05025996533795494