0 0.4033203125 0.5817901234567902 0.0615234375 0.10802469135802469
0 0.6630859375 0.5339506172839507 0.0615234375 0.13117283950617284
0 0.833984375 0.7577160493827161 0.0703125 0.13271604938271606
0 0.9697265625 0.5879629629629629 0.04296875 0.10648148148148148
0 0.9365234375 0.49074074074074076 0.0400390625 0.09259259259259259
0 0.201171875 0.47685185185185186 0.0517578125 0.09876543209876543
0 0.109375 0.7453703703703703 0.072265625 0.10030864197530864
0 0.1435546875 0.5416666666666666 0.0498046875 0.10802469135802469
0 0.0771484375 0.5246913580246914 0.06640625 0.12191358024691358
0 0.283203125 0.4074074074074074 0.0302734375 0.044753086419753084
0 0.544921875 0.5756172839506173 0.0546875 0.11419753086419752
0 0.0283203125 0.36882716049382713 0.017578125 0.037037037037037035
0 0.146484375 0.41203703703703703 0.015625 0.040123456790123455
0 0.369140625 0.4104938271604938 0.013671875 0.027777777777777776
0 0.3359375 0.5370370370370371 0.0517578125 0.1111111111111111
0 0.8232421875 0.48919753086419754 0.0400390625 0.11265432098765432
0 0.7724609375 0.7098765432098766 0.0400390625 0.13117283950617284