0 0.1435546875 0.6191176470588236 0.037109375 0.06911764705882353
0 0.1865234375 0.6794117647058824 0.03515625 0.047058823529411764
0 0.22265625 0.6323529411764706 0.0107421875 0.01764705882352941
0 0.3115234375 0.6397058823529411 0.04296875 0.08235294117647059
0 0.34375 0.7573529411764706 0.0576171875 0.09411764705882353
0 0.2763671875 0.65 0.009765625 0.016176470588235296
0 0.345703125 0.6544117647058824 0.009765625 0.020588235294117647
0 0.35546875 0.6602941176470588 0.0078125 0.014705882352941176
0 0.263671875 0.6426470588235295 0.0146484375 0.025
0 0.3837890625 0.6779411764705883 0.021484375 0.03676470588235294
0 0.376953125 0.6411764705882353 0.0146484375 0.022058823529411766
0 0.404296875 0.6676470588235294 0.0078125 0.016176470588235296
0 0.3955078125 0.6647058823529411 0.0068359375 0.011764705882352941
0 0.427734375 0.6426470588235295 0.0166015625 0.027941176470588237
0 0.4677734375 0.6617647058823529 0.0439453125 0.075
0 0.6201171875 0.7338235294117647 0.046875 0.07941176470588235
0 0.5947265625 0.6808823529411765 0.0439453125 0.07352941176470588
0 0.625 0.6397058823529411 0.021484375 0.03823529411764706
0 0.6572265625 0.6602941176470588 0.013671875 0.026470588235294117
0 0.6767578125 0.6514705882352941 0.01171875 0.01911764705882353
0 0.5419921875 0.638235294117647 0.009765625 0.011764705882352941
0 0.783203125 0.6985294117647058 0.0458984375 0.08088235294117647
0 0.71875 0.638235294117647 0.021484375 0.03529411764705882
0 0.7314453125 0.6426470588235295 0.0087890625 0.020588235294117647
0 0.697265625 0.6485294117647059 0.009765625 0.01911764705882353
0 0.8125 0.6367647058823529 0.0185546875 0.03676470588235294
0 0.8369140625 0.6205882352941177 0.0166015625 0.03529411764705882
0 0.8720703125 0.6647058823529411 0.0361328125 0.07941176470588235
0 0.9765625 0.6911764705882353 0.0458984375 0.08970588235294118
0 0.9091796875 0.6529411764705882 0.013671875 0.020588235294117647
0 0.89453125 0.6617647058823529 0.01171875 0.022058823529411766