0 0.482421875 0.5129310344827587 0.0625 0.1206896551724138
0 0.2109375 0.2801724137931034 0.0283203125 0.05316091954022988
0 0.1318359375 0.28304597701149425 0.0283203125 0.05172413793103448
0 0.1806640625 0.30603448275862066 0.015625 0.02586206896551724
0 0.2412109375 0.28448275862068967 0.0048828125 0.01293103448275862
0 0.1484375 0.7169540229885057 0.01953125 0.033045977011494254
0 0.078125 0.6479885057471264 0.013671875 0.022988505747126436
0 0.0322265625 0.6637931034482759 0.0068359375 0.010057471264367816
0 0.052734375 0.646551724137931 0.00390625 0.008620689655172414
0 0.048828125 0.6408045977011494 0.00390625 0.008620689655172414
0 0.01953125 0.646551724137931 0.00390625 0.005747126436781609
0 0.001953125 0.6681034482758621 0.0029296875 0.008620689655172414
0 0.1376953125 0.6609195402298851 0.0048828125 0.008620689655172414
0 0.1572265625 0.6422413793103449 0.005859375 0.01293103448275862
0 0.11328125 0.6594827586206896 0.0048828125 0.010057471264367816
0 0.1044921875 0.6336206896551724 0.005859375 0.01293103448275862
0 0.2099609375 0.8146551724137931 0.060546875 0.11206896551724138
0 0.3701171875 0.8477011494252874 0.0673828125 0.13793103448275862
0 0.705078125 0.742816091954023 0.072265625 0.1336206896551724
0 0.6328125 0.7442528735632183 0.0400390625 0.08764367816091954
0 0.603515625 0.7528735632183908 0.0341796875 0.07183908045977011
0 0.9169921875 0.6910919540229885 0.029296875 0.05603448275862069
0 0.34765625 0.7155172413793104 0.0224609375 0.03879310344827586
0 0.2900390625 0.6594827586206896 0.0048828125 0.008620689655172414
0 0.3115234375 0.6436781609195402 0.0048828125 0.008620689655172414
0 0.310546875 0.6566091954022989 0.0048828125 0.007183908045977011
0 0.37109375 0.639367816091954 0.0068359375 0.017241379310344827
0 0.630859375 0.6436781609195402 0.0087890625 0.015804597701149427
0 0.7666015625 0.6580459770114943 0.0146484375 0.021551724137931036
0 0.7763671875 0.6681034482758621 0.0078125 0.01867816091954023
0 0.78125 0.6479885057471264 0.015625 0.021551724137931036
0 0.826171875 0.6681034482758621 0.01171875 0.017241379310344827
0 0.837890625 0.6724137931034483 0.01171875 0.02586206896551724
0 0.873046875 0.6551724137931034 0.0078125 0.017241379310344827
0 0.869140625 0.6336206896551724 0.0078125 0.014367816091954023
0 0.775390625 0.6336206896551724 0.0068359375 0.011494252873563218
0 0.8798828125 0.6551724137931034 0.005859375 0.014367816091954023
0 0.8916015625 0.6336206896551724 0.0068359375 0.011494252873563218
0 0.8857421875 0.6408045977011494 0.00390625 0.010057471264367816
0 0.9443359375 0.6479885057471264 0.0107421875 0.01867816091954023
0 0.955078125 0.6379310344827587 0.005859375 0.011494252873563218
0 0.9599609375 0.6436781609195402 0.0087890625 0.020114942528735632
0 0.9775390625 0.6192528735632183 0.009765625 0.01867816091954023
0 0.986328125 0.632183908045977 0.0087890625 0.017241379310344827
0 0.1025390625 0.6580459770114943 0.0048828125 0.010057471264367816
0 0.58203125 0.6824712643678161 0.009765625 0.017241379310344827