0 0.0595703125 0.2422907488986784 0.0791015625 0.14684287812041116
0 0.0810546875 0.32599118942731276 0.0341796875 0.05286343612334802
0 0.2216796875 0.24082232011747431 0.0380859375 0.0763582966226138
0 0.2724609375 0.2745961820851689 0.0185546875 0.03671071953010279
0 0.2529296875 0.28193832599118945 0.0244140625 0.05286343612334802
0 0.2255859375 0.4111600587371512 0.1005859375 0.1894273127753304
0 0.2880859375 0.4419970631424376 0.0439453125 0.09691629955947137
0 0.3134765625 0.2555066079295154 0.0341796875 0.06167400881057269
0 0.3544921875 0.3201174743024963 0.0380859375 0.07342143906020558
0 0.451171875 0.28046989720998533 0.04296875 0.07929515418502203
0 0.4853515625 0.42584434654919234 0.0625 0.11013215859030837
0 0.61328125 0.3274596182085169 0.041015625 0.06167400881057269
0 0.8125 0.26138032305433184 0.01953125 0.03671071953010279
0 0.8076171875 0.23494860499265785 0.0166015625 0.02936857562408223
0 0.8447265625 0.2643171806167401 0.0166015625 0.032305433186490456
0 0.8642578125 0.23641703377386197 0.0166015625 0.02936857562408223
0 0.9267578125 0.24816446402349487 0.01953125 0.03671071953010279
0 0.943359375 0.2745961820851689 0.0146484375 0.04405286343612335
0 0.12890625 0.28046989720998533 0.0263671875 0.06167400881057269
0 0.515625 0.24375917767988253 0.0078125 0.014684287812041116
0 0.5859375 0.2511013215859031 0.0087890625 0.014684287812041116
0 0.578125 0.24669603524229075 0.0087890625 0.013215859030837005