0 0.1337890625 0.1390922401171303 0.052734375 0.1054172767203514
0 0.03125 0.11420204978038068 0.0380859375 0.03953147877013177
0 0.060546875 0.1683748169838946 0.0146484375 0.03953147877013177
0 0.0029296875 0.1595900439238653 0.0068359375 0.024890190336749635
0 0.15234375 0.19472913616398244 0.0146484375 0.03367496339677892
0 0.2177734375 0.1683748169838946 0.017578125 0.032210834553440704
0 0.275390625 0.18887262079062958 0.0126953125 0.024890190336749635
0 0.287109375 0.17569546120058566 0.015625 0.020497803806734993
0 0.3095703125 0.2005856515373353 0.0126953125 0.017569546120058566
0 0.36328125 0.1493411420204978 0.025390625 0.055636896046852125
0 0.41796875 0.16544655929721816 0.017578125 0.040995607613469986
0 0.44921875 0.2240117130307467 0.0224609375 0.048316251830161056
0 0.4677734375 0.25036603221083453 0.013671875 0.03513909224011713
0 0.521484375 0.18740849194729137 0.0166015625 0.036603221083455345
0 0.5947265625 0.20351390922401172 0.01953125 0.05417276720351391
0 0.6455078125 0.20497803806734993 0.0166015625 0.032210834553440704
0 0.6337890625 0.23133235724743778 0.037109375 0.03806734992679356
0 0.619140625 0.1683748169838946 0.0234375 0.036603221083455345
0 0.755859375 0.232796486090776 0.01953125 0.04685212298682284
0 0.798828125 0.23572474377745242 0.0263671875 0.06149341142020498
0 0.810546875 0.24743777452415813 0.01171875 0.03074670571010249
0 0.9091796875 0.22108345534407028 0.01171875 0.020497803806734993
0 0.984375 0.17130307467057102 0.0078125 0.017569546120058566
0 0.9345703125 0.30600292825768666 0.0087890625 0.016105417276720352
0 0.689453125 0.2225475841874085 0.017578125 0.036603221083455345