0 0.0830078125 0.3978779840848806 0.076171875 0.10610079575596817
0 0.1328125 0.38992042440318303 0.0224609375 0.026525198938992044
0 0.279296875 0.4217506631299735 0.021484375 0.05172413793103448
0 0.1865234375 0.3753315649867374 0.0068359375 0.010610079575596816
0 0.1923828125 0.4270557029177719 0.0166015625 0.034482758620689655
0 0.4794921875 0.3978779840848806 0.0087890625 0.013262599469496022
0 0.4677734375 0.40185676392572944 0.0078125 0.013262599469496022
0 0.435546875 0.40318302387267907 0.005859375 0.009283819628647215
0 0.4482421875 0.39920424403183025 0.005859375 0.014588859416445624
0 0.3876953125 0.39655172413793105 0.0078125 0.011936339522546418
0 0.49609375 0.40318302387267907 0.005859375 0.010610079575596816
0 0.5087890625 0.40185676392572944 0.005859375 0.009283819628647215
0 0.529296875 0.3978779840848806 0.0048828125 0.009283819628647215
0 0.6279296875 0.383289124668435 0.0078125 0.013262599469496022
0 0.5947265625 0.3885941644562334 0.005859375 0.010610079575596816
0 0.76953125 0.39389920424403185 0.0048828125 0.007957559681697613
0 0.7734375 0.3819628647214854 0.00390625 0.006631299734748011
0 0.8310546875 0.3885941644562334 0.0048828125 0.006631299734748011
0 0.8427734375 0.383289124668435 0.00390625 0.007957559681697613