0 0.0322265625 0.5453216374269005 0.01953125 0.029239766081871343
0 0.017578125 0.5043859649122807 0.005859375 0.013157894736842105
0 0.09375 0.5058479532163743 0.0068359375 0.01608187134502924
0 0.171875 0.4926900584795322 0.0263671875 0.07309941520467836
0 0.2001953125 0.5190058479532164 0.0078125 0.014619883040935672
0 0.240234375 0.4926900584795322 0.0068359375 0.013157894736842105
0 0.2548828125 0.5014619883040936 0.00390625 0.01023391812865497
0 0.2685546875 0.49853801169590645 0.00390625 0.008771929824561403
0 0.2734375 0.5453216374269005 0.01953125 0.033625730994152045
0 0.3076171875 0.5716374269005848 0.017578125 0.04678362573099415
0 0.361328125 0.5394736842105263 0.0126953125 0.02631578947368421
0 0.2939453125 0.49853801169590645 0.0068359375 0.011695906432748537
0 0.4267578125 0.5292397660818714 0.017578125 0.04239766081871345
0 0.478515625 0.6242690058479532 0.0224609375 0.054093567251461985
0 0.58984375 0.6330409356725146 0.021484375 0.05555555555555555
0 0.474609375 0.5497076023391813 0.01171875 0.027777777777777776
0 0.658203125 0.5277777777777778 0.029296875 0.06432748538011696
0 0.734375 0.3888888888888889 0.0048828125 0.007309941520467836
0 0.74609375 0.5906432748538012 0.0205078125 0.038011695906432746
0 0.8017578125 0.554093567251462 0.0048828125 0.01023391812865497
0 0.8857421875 0.5482456140350878 0.0185546875 0.03508771929824561
0 0.9326171875 0.7631578947368421 0.0244140625 0.06725146198830409
0 0.9765625 0.5453216374269005 0.0078125 0.019005847953216373
0 0.986328125 0.5409356725146199 0.0087890625 0.014619883040935672
0 0.8125 0.5862573099415205 0.0078125 0.019005847953216373
0 0.7607421875 0.4137426900584795 0.00390625 0.007309941520467836
0 0.3974609375 0.956140350877193 0.0732421875 0.08771929824561403
0 0.0234375 0.47076023391812866 0.0048828125 0.01023391812865497
0 0.02734375 0.4868421052631579 0.005859375 0.013157894736842105
0 0.0517578125 0.4722222222222222 0.0048828125 0.011695906432748537
0 0.0576171875 0.4853801169590643 0.005859375 0.01023391812865497