0 0.47265625 0.5902777777777778 0.06640625 0.1527777777777778
0 0.568359375 0.5434027777777778 0.05078125 0.0763888888888889
0 0.7890625 0.4565972222222222 0.0654296875 0.1423611111111111
0 0.763671875 0.4253472222222222 0.052734375 0.1267361111111111
0 0.8642578125 0.2777777777777778 0.05078125 0.09895833333333333
0 0.685546875 0.390625 0.048828125 0.0920138888888889
0 0.6611328125 0.4027777777777778 0.03515625 0.07118055555555555
0 0.6279296875 0.4131944444444444 0.03125 0.07291666666666667
0 0.31640625 0.453125 0.0556640625 0.11979166666666667
0 0.21484375 0.4913194444444444 0.0439453125 0.0954861111111111
0 0.1064453125 0.5121527777777778 0.0498046875 0.1076388888888889
0 0.0283203125 0.4513888888888889 0.0244140625 0.04861111111111111
0 0.21484375 0.4201388888888889 0.0322265625 0.06770833333333333
0 0.4404296875 0.3559027777777778 0.029296875 0.06076388888888889
0 0.8095703125 0.2586805555555556 0.02734375 0.057291666666666664
0 0.98046875 0.3402777777777778 0.0380859375 0.125
0 0.9443359375 0.2222222222222222 0.03515625 0.08333333333333333
0 0.9130859375 0.25 0.0224609375 0.04861111111111111
0 0.7490234375 0.21875 0.0234375 0.05381944444444445
0 0.66796875 0.24305555555555555 0.0205078125 0.046875
0 0.77734375 0.19444444444444445 0.0166015625 0.046875
0 0.9482421875 0.14930555555555555 0.0244140625 0.050347222222222224
0 0.8408203125 0.23958333333333334 0.03515625 0.08506944444444445
0 0.5224609375 0.2361111111111111 0.0185546875 0.04513888888888889
0 0.3212890625 0.3315972222222222 0.0302734375 0.0625
0 0.1748046875 0.4913194444444444 0.025390625 0.059027777777777776
0 0.4794921875 0.3819444444444444 0.0400390625 0.0920138888888889
0 0.57421875 0.7065972222222222 0.0380859375 0.0798611111111111
0 0.865234375 0.11284722222222222 0.01953125 0.041666666666666664
0 0.73828125 0.109375 0.015625 0.034722222222222224
0 0.154296875 0.3368055555555556 0.0166015625 0.034722222222222224