0 0.921875 0.14558823529411766 0.033203125 0.06470588235294118
0 0.8505859375 0.29558823529411765 0.05078125 0.09117647058823529
0 0.79296875 0.175 0.0302734375 0.058823529411764705
0 0.7255859375 0.01911764705882353 0.0234375 0.03823529411764706
0 0.669921875 0.2235294117647059 0.03125 0.061764705882352944
0 0.599609375 0.4323529411764706 0.0478515625 0.09705882352941177
0 0.5458984375 0.3897058823529412 0.0361328125 0.07205882352941176
0 0.509765625 0.3058823529411765 0.0322265625 0.06323529411764706
0 0.5498046875 0.05 0.0166015625 0.03529411764705882
0 0.494140625 0.07058823529411765 0.017578125 0.033823529411764704
0 0.37109375 0.3558823529411765 0.033203125 0.060294117647058824
0 0.4326171875 0.1338235294117647 0.0146484375 0.025
0 0.3984375 0.125 0.013671875 0.029411764705882353
0 0.3720703125 0.11323529411764706 0.0107421875 0.026470588235294117
0 0.435546875 0.016176470588235296 0.009765625 0.01911764705882353
0 0.3916015625 0.011764705882352941 0.009765625 0.01911764705882353
0 0.3525390625 0.022058823529411766 0.009765625 0.020588235294117647
0 0.314453125 0.030882352941176472 0.0107421875 0.020588235294117647
0 0.3330078125 0.1338235294117647 0.009765625 0.01764705882352941
0 0.2724609375 0.057352941176470586 0.0087890625 0.022058823529411766
0 0.376953125 0.21764705882352942 0.025390625 0.047058823529411764
0 0.2919921875 0.2485294117647059 0.0146484375 0.027941176470588237
0 0.265625 0.2426470588235294 0.0205078125 0.033823529411764704
0 0.294921875 0.3044117647058823 0.021484375 0.03676470588235294
0 0.5830078125 0.19558823529411765 0.01953125 0.033823529411764704
0 0.2509765625 0.4441176470588235 0.033203125 0.061764705882352944
0 0.1259765625 0.45441176470588235 0.0361328125 0.060294117647058824
0 0.1416015625 0.3720588235294118 0.03515625 0.061764705882352944
0 0.125 0.34558823529411764 0.0234375 0.039705882352941174
0 0.0126953125 0.4264705882352941 0.025390625 0.05
0 0.0634765625 0.3426470588235294 0.01953125 0.03529411764705882
0 0.0693359375 0.3 0.015625 0.027941176470588237
0 0.0771484375 0.2823529411764706 0.015625 0.026470588235294117
0 0.115234375 0.27058823529411763 0.01171875 0.01764705882352941
0 0.1181640625 0.3235294117647059 0.0126953125 0.025
0 0.12890625 0.3 0.015625 0.023529411764705882
0 0.1328125 0.3205882352941177 0.0166015625 0.025
0 0.1787109375 0.3205882352941177 0.009765625 0.020588235294117647
0 0.185546875 0.2676470588235294 0.0166015625 0.029411764705882353
0 0.0751953125 0.18382352941176472 0.0146484375 0.030882352941176472
0 0.107421875 0.1661764705882353 0.01171875 0.025
0 0.0947265625 0.17941176470588235 0.009765625 0.013235294117647059
0 0.0654296875 0.16323529411764706 0.005859375 0.011764705882352941
0 0.1298828125 0.1588235294117647 0.009765625 0.020588235294117647
0 0.2021484375 0.09264705882352942 0.0087890625 0.01911764705882353
0 0.2333984375 0.09558823529411764 0.009765625 0.01764705882352941
0 0.2783203125 0.1661764705882353 0.0087890625 0.014705882352941176
0 0.2412109375 0.17794117647058824 0.0166015625 0.023529411764705882
0 0.16796875 0.17205882352941176 0.01171875 0.020588235294117647
0 0.146484375 0.1161764705882353 0.0087890625 0.016176470588235296
0 0.1328125 0.12941176470588237 0.009765625 0.016176470588235296
0 0.1064453125 0.12794117647058822 0.009765625 0.01764705882352941
0 0.0283203125 0.21323529411764705 0.0107421875 0.01911764705882353
0 0.201171875 0.17205882352941176 0.0107421875 0.01911764705882353