0 0.33203125 0.3343065693430657 0.029296875 0.051094890510948905
0 0.3076171875 0.3357664233576642 0.0146484375 0.030656934306569343
0 0.4375 0.32554744525547447 0.017578125 0.033576642335766425
0 0.3701171875 0.2948905109489051 0.01171875 0.021897810218978103
0 0.462890625 0.23357664233576642 0.0078125 0.013138686131386862
0 0.443359375 0.2686131386861314 0.0087890625 0.014598540145985401
0 0.4638671875 0.28905109489051095 0.015625 0.020437956204379562
0 0.4833984375 0.2686131386861314 0.009765625 0.01897810218978102
0 0.4755859375 0.3343065693430657 0.0185546875 0.035036496350364967
0 0.5703125 0.2773722627737226 0.0107421875 0.013138686131386862
0 0.609375 0.27007299270072993 0.009765625 0.016058394160583942
0 0.6494140625 0.28905109489051095 0.0107421875 0.020437956204379562
0 0.626953125 0.27445255474452557 0.009765625 0.014598540145985401
0 0.6357421875 0.2583941605839416 0.0068359375 0.013138686131386862
0 0.669921875 0.2686131386861314 0.009765625 0.014598540145985401
0 0.6982421875 0.2686131386861314 0.0107421875 0.013138686131386862
0 0.685546875 0.3051094890510949 0.0078125 0.014598540145985401
0 0.7314453125 0.29927007299270075 0.005859375 0.013138686131386862
0 0.7900390625 0.27445255474452557 0.0087890625 0.017518248175182483
0 0.8056640625 0.27153284671532846 0.0107421875 0.017518248175182483
0 0.83984375 0.2671532846715328 0.0087890625 0.014598540145985401
0 0.8466796875 0.28613138686131384 0.009765625 0.016058394160583942
0 0.8662109375 0.27153284671532846 0.0107421875 0.016058394160583942
0 0.9072265625 0.26277372262773724 0.01171875 0.014598540145985401
0 0.3828125 0.27883211678832115 0.0126953125 0.020437956204379562
0 0.7080078125 0.3897810218978102 0.0087890625 0.04817518248175182
0 0.5458984375 0.3605839416058394 0.013671875 0.07445255474452554