0 0.0205078125 0.4771048744460857 0.0380859375 0.06794682422451995
0 0.2294921875 0.4859675036927622 0.0390625 0.06351550960118169
0 0.2802734375 0.465288035450517 0.0283203125 0.06499261447562776
0 0.3662109375 0.4224519940915805 0.0361328125 0.07385524372230429
0 0.498046875 0.42688330871491875 0.0439453125 0.08567208271787297
0 0.6904296875 0.4771048744460857 0.0478515625 0.06794682422451995
0 0.76171875 0.4963072378138848 0.025390625 0.06499261447562776
0 0.984375 0.40620384047267355 0.0166015625 0.04283604135893648
0 0.4287109375 0.08862629246676514 0.0126953125 0.025110782865583457
0 0.390625 0.09010339734121123 0.0126953125 0.01772525849335303
0 0.4609375 0.051698670605613 0.0166015625 0.03249630723781388
0 0.5654296875 0.11669128508124077 0.01953125 0.03988183161004431