0 0.0703125 0.4878472222222222 0.0302734375 0.06597222222222222
0 0.146484375 0.5347222222222222 0.0244140625 0.05555555555555555
0 0.251953125 0.4982638888888889 0.013671875 0.043402777777777776
0 0.3203125 0.484375 0.017578125 0.036458333333333336
0 0.3837890625 0.4930555555555556 0.005859375 0.013888888888888888
0 0.3984375 0.4965277777777778 0.0048828125 0.013888888888888888
0 0.4267578125 0.4982638888888889 0.0107421875 0.034722222222222224
0 0.494140625 0.5069444444444444 0.01171875 0.03125
0 0.5068359375 0.5138888888888888 0.0107421875 0.026041666666666668
0 0.537109375 0.5208333333333334 0.01171875 0.026041666666666668
0 0.57421875 0.5104166666666666 0.0126953125 0.03125
0 0.673828125 0.5086805555555556 0.0263671875 0.06944444444444445
0 0.78125 0.5086805555555556 0.009765625 0.022569444444444444
0 0.822265625 0.4913194444444444 0.0166015625 0.029513888888888888
0 0.90625 0.5850694444444444 0.033203125 0.08159722222222222
0 0.943359375 0.5225694444444444 0.015625 0.03993055555555555
0 0.7587890625 0.5138888888888888 0.0068359375 0.019097222222222224