0 0.916015625 0.5315315315315315 0.029296875 0.04954954954954955
0 0.865234375 0.545045045045045 0.0263671875 0.03903903903903904
0 0.88671875 0.53003003003003 0.021484375 0.03303303303303303
0 0.8447265625 0.5 0.0205078125 0.025525525525525526
0 0.923828125 0.45645645645645644 0.021484375 0.03453453453453453
0 0.9765625 0.4804804804804805 0.015625 0.024024024024024024
0 0.958984375 0.4624624624624625 0.0107421875 0.018018018018018018
0 0.810546875 0.5975975975975976 0.0361328125 0.05855855855855856
0 0.7783203125 0.5195195195195195 0.02734375 0.046546546546546545
0 0.689453125 0.5135135135135135 0.0283203125 0.04954954954954955
0 0.66015625 0.5870870870870871 0.033203125 0.05105105105105105
0 0.6416015625 0.46096096096096095 0.0205078125 0.025525525525525526
0 0.646484375 0.509009009009009 0.021484375 0.03003003003003003
0 0.7197265625 0.47597597597597596 0.017578125 0.03753753753753754
0 0.7509765625 0.4894894894894895 0.017578125 0.03003003003003003
0 0.7255859375 0.5285285285285285 0.01953125 0.03153153153153153
0 0.9638671875 0.521021021021021 0.0205078125 0.03303303303303303
0 0.9833984375 0.566066066066066 0.0322265625 0.04504504504504504
0 0.8935546875 0.6396396396396397 0.0390625 0.04354354354354354
0 0.5673828125 0.6006006006006006 0.03125 0.05855855855855856
0 0.47265625 0.5945945945945946 0.0322265625 0.05405405405405406
0 0.3369140625 0.5645645645645646 0.0341796875 0.06006006006006006
0 0.333984375 0.5 0.01953125 0.028528528528528527
0 0.4013671875 0.5 0.0185546875 0.028528528528528527
0 0.380859375 0.4894894894894895 0.0244140625 0.042042042042042045
0 0.4384765625 0.521021021021021 0.0146484375 0.03453453453453453
0 0.5322265625 0.48348348348348347 0.0224609375 0.03753753753753754
0 0.58984375 0.44744744744744747 0.01171875 0.024024024024024024
0 0.591796875 0.5585585585585585 0.025390625 0.03753753753753754
0 0.5107421875 0.4339339339339339 0.0087890625 0.016516516516516516
0 0.5703125 0.43093093093093093 0.0078125 0.015015015015015015
0 0.48046875 0.44594594594594594 0.0087890625 0.015015015015015015
0 0.416015625 0.45345345345345345 0.015625 0.02252252252252252
0 0.3701171875 0.41291291291291293 0.0078125 0.015015015015015015
0 0.30859375 0.43543543543543545 0.013671875 0.028528528528528527
0 0.6142578125 0.44294294294294295 0.01171875 0.01951951951951952
0 0.0654296875 0.5465465465465466 0.041015625 0.05405405405405406
0 0.2421875 0.5465465465465466 0.021484375 0.046546546546546545
0 0.2861328125 0.536036036036036 0.0322265625 0.03453453453453453
0 0.1943359375 0.481981981981982 0.01953125 0.028528528528528527
0 0.1552734375 0.45045045045045046 0.0224609375 0.03153153153153153
0 0.255859375 0.46096096096096095 0.0166015625 0.025525525525525526
0 0.1796875 0.43843843843843844 0.015625 0.024024024024024024
0 0.0576171875 0.4864864864864865 0.029296875 0.042042042042042045
0 0.1923828125 0.42042042042042044 0.009765625 0.018018018018018018
0 0.263671875 0.4294294294294294 0.0126953125 0.018018018018018018
0 0.9912109375 0.44744744744744747 0.01171875 0.018018018018018018