0 0.0361328125 0.45673758865248226 0.01171875 0.02269503546099291
0 0.0810546875 0.44680851063829785 0.0107421875 0.014184397163120567
0 0.1181640625 0.43829787234042555 0.01171875 0.032624113475177303
0 0.1748046875 0.44964539007092197 0.0205078125 0.03687943262411347
0 0.19921875 0.4624113475177305 0.01953125 0.028368794326241134
0 0.29296875 0.45673758865248226 0.0185546875 0.03687943262411347
0 0.375 0.4666666666666667 0.0205078125 0.04397163120567376
0 0.4130859375 0.4595744680851064 0.017578125 0.0425531914893617
0 0.4638671875 0.451063829787234 0.0126953125 0.028368794326241134
0 0.482421875 0.47375886524822697 0.017578125 0.03404255319148936
0 0.5439453125 0.4368794326241135 0.0166015625 0.029787234042553193
0 0.5927734375 0.4553191489361702 0.0234375 0.04964539007092199
0 0.6787109375 0.4723404255319149 0.0146484375 0.032624113475177303
0 0.720703125 0.45673758865248226 0.01953125 0.03404255319148936
0 0.7509765625 0.4921985815602837 0.0224609375 0.03829787234042553
0 0.82421875 0.47801418439716314 0.015625 0.03687943262411347
0 0.8701171875 0.4269503546099291 0.009765625 0.019858156028368795
0 0.962890625 0.43546099290780144 0.021484375 0.03971631205673759
0 0.84765625 0.40425531914893614 0.0068359375 0.011347517730496455
0 0.6259765625 0.4425531914893617 0.013671875 0.03546099290780142
0 0.6103515625 0.4368794326241135 0.01171875 0.03546099290780142
0 0.5546875 0.4482269503546099 0.0126953125 0.018439716312056736
0 0.5732421875 0.4397163120567376 0.013671875 0.024113475177304965
0 0.5068359375 0.44680851063829785 0.009765625 0.02269503546099291
0 0.517578125 0.44964539007092197 0.0068359375 0.014184397163120567
0 0.486328125 0.4326241134751773 0.0107421875 0.01702127659574468
0 0.4794921875 0.4269503546099291 0.0087890625 0.014184397163120567
0 0.4375 0.44397163120567373 0.0087890625 0.01702127659574468
0 0.3994140625 0.4326241134751773 0.01171875 0.019858156028368795
0 0.37109375 0.43120567375886526 0.013671875 0.02127659574468085
0 0.3408203125 0.4624113475177305 0.0078125 0.018439716312056736
0 0.3271484375 0.4666666666666667 0.0087890625 0.02127659574468085
0 0.33984375 0.4326241134751773 0.0087890625 0.011347517730496455
0 0.3056640625 0.42411347517730497 0.0078125 0.011347517730496455
0 0.296875 0.4198581560283688 0.005859375 0.009929078014184398
0 0.267578125 0.4425531914893617 0.01171875 0.02127659574468085
0 0.248046875 0.451063829787234 0.009765625 0.01276595744680851
0 0.2275390625 0.45673758865248226 0.0078125 0.01276595744680851
0 0.2216796875 0.4269503546099291 0.0087890625 0.01276595744680851
0 0.1396484375 0.43829787234042555 0.009765625 0.015602836879432624
0 0.0634765625 0.4297872340425532 0.0048828125 0.009929078014184398
0 0.1474609375 0.4297872340425532 0.0068359375 0.01702127659574468
0 0.19140625 0.43829787234042555 0.0078125 0.009929078014184398
0 0.2294921875 0.4453900709219858 0.005859375 0.01276595744680851
0 0.154296875 0.4297872340425532 0.0068359375 0.01276595744680851
0 0.326171875 0.4226950354609929 0.0068359375 0.009929078014184398
0 0.2822265625 0.4156028368794326 0.0068359375 0.009929078014184398