0 0.7998046875 0.8870967741935484 0.07421875 0.14222873900293256
0 0.966796875 0.5469208211143695 0.0390625 0.09090909090909091
0 0.85546875 0.4633431085043988 0.0361328125 0.06598240469208211
0 0.716796875 0.6304985337243402 0.0380859375 0.08944281524926687
0 0.44921875 0.7668621700879765 0.0556640625 0.093841642228739
0 0.40625 0.6788856304985337 0.0341796875 0.06744868035190615
0 0.224609375 0.7565982404692082 0.0556640625 0.10410557184750734
0 0.1416015625 0.624633431085044 0.0498046875 0.09237536656891496
0 0.98046875 0.26832844574780057 0.0224609375 0.04398826979472141
0 0.9892578125 0.34750733137829914 0.021484375 0.05278592375366569
0 0.8583984375 0.6862170087976539 0.052734375 0.10557184750733138