0 0.1416015625 0.6214285714285714 0.037109375 0.04071428571428572
0 0.181640625 0.6064285714285714 0.04296875 0.04071428571428572
0 0.2548828125 0.6135714285714285 0.0283203125 0.025714285714285714
0 0.2724609375 0.6271428571428571 0.029296875 0.04357142857142857
0 0.333984375 0.6507142857142857 0.0498046875 0.03642857142857143
0 0.3505859375 0.605 0.041015625 0.03642857142857143
0 0.3876953125 0.6628571428571428 0.0380859375 0.03357142857142857
0 0.4296875 0.62 0.04296875 0.03785714285714286
0 0.4677734375 0.6071428571428571 0.0322265625 0.03857142857142857
0 0.54296875 0.6271428571428571 0.0498046875 0.037142857142857144
0 0.6142578125 0.625 0.0400390625 0.03785714285714286
0 0.6806640625 0.6414285714285715 0.03515625 0.03571428571428571
0 0.7880859375 0.6814285714285714 0.041015625 0.03571428571428571
0 0.828125 0.6464285714285715 0.0302734375 0.03142857142857143