0 0.9267578125 0.5411436541143654 0.0302734375 0.04881450488145049
0 0.05859375 0.5327754532775453 0.0078125 0.016736401673640166
0 0.095703125 0.5355648535564853 0.0078125 0.01813110181311018
0 0.22265625 0.5592747559274756 0.0146484375 0.02510460251046025
0 0.2451171875 0.5132496513249651 0.01171875 0.026499302649930265
0 0.150390625 0.5662482566248257 0.005859375 0.012552301255230125
0 0.1328125 0.5690376569037657 0.0068359375 0.011157601115760111
0 0.1181640625 0.5704323570432357 0.0078125 0.012552301255230125
0 0.1640625 0.603905160390516 0.0048828125 0.011157601115760111
0 0.041015625 0.6541143654114365 0.009765625 0.016736401673640166
0 0.087890625 0.2859135285913529 0.005859375 0.009762900976290097
0 0.119140625 0.298465829846583 0.0048828125 0.012552301255230125
0 0.15234375 0.30264993026499304 0.005859375 0.011157601115760111
0 0.265625 0.3054393305439331 0.0078125 0.015341701534170154
0 0.2998046875 0.30404463040446306 0.0068359375 0.015341701534170154
0 0.2568359375 0.5523012552301255 0.0068359375 0.012552301255230125
0 0.27734375 0.6304044630404463 0.0087890625 0.015341701534170154
0 0.32421875 0.5536959553695955 0.0078125 0.015341701534170154
0 0.35546875 0.5592747559274756 0.0068359375 0.01394700139470014
0 0.4599609375 0.5634588563458857 0.0068359375 0.015341701534170154
0 0.4111328125 0.5732217573221757 0.0048828125 0.01394700139470014
0 0.3818359375 0.5118549511854951 0.0078125 0.016736401673640166
0 0.353515625 0.5090655509065551 0.0087890625 0.016736401673640166
0 0.3271484375 0.5076708507670851 0.009765625 0.016736401673640166
0 0.537109375 0.45467224546722457 0.01171875 0.02510460251046025
0 0.5673828125 0.46722454672245467 0.013671875 0.02510460251046025
0 0.634765625 0.48675034867503486 0.0126953125 0.023709902370990237
0 0.5537109375 0.5076708507670851 0.0107421875 0.02092050209205021
0 0.5830078125 0.5146443514644351 0.0107421875 0.022315202231520222
0 0.615234375 0.5216178521617852 0.0107421875 0.019525801952580194
0 0.837890625 0.4909344490934449 0.0107421875 0.02092050209205021
0 0.8125 0.49372384937238495 0.0087890625 0.015341701534170154
0 0.7861328125 0.49511854951185497 0.009765625 0.01394700139470014
0 0.845703125 0.3263598326359833 0.009765625 0.02092050209205021
0 0.4970703125 0.2859135285913529 0.00390625 0.009762900976290097
0 0.572265625 0.28730822873082285 0.005859375 0.012552301255230125
0 0.5361328125 0.6387726638772664 0.0107421875 0.01813110181311018
0 0.3828125 0.6443514644351465 0.009765625 0.016736401673640166
0 0.6376953125 0.38493723849372385 0.0126953125 0.02510460251046025
0 0.8662109375 0.602510460251046 0.0068359375 0.012552301255230125
0 0.1513671875 0.6527196652719666 0.005859375 0.012552301255230125
0 0.3984375 0.3695955369595537 0.009765625 0.016736401673640166
0 0.076171875 0.48675034867503486 0.013671875 0.019525801952580194
0 0.068359375 0.6331938633193863 0.009765625 0.015341701534170154
0 0.4814453125 0.5090655509065551 0.0107421875 0.016736401673640166
0 0.453125 0.6304044630404463 0.009765625 0.016736401673640166
0 0.8798828125 0.4421199442119944 0.0068359375 0.015341701534170154
0 0.8291015625 0.4351464435146444 0.005859375 0.012552301255230125
0 0.6494140625 0.4072524407252441 0.0078125 0.01394700139470014
0 0.7080078125 0.41841004184100417 0.0087890625 0.01394700139470014
0 0.890625 0.4797768479776848 0.0107421875 0.01813110181311018
0 0.8701171875 0.4881450488145049 0.009765625 0.019525801952580194