0 0.2490234375 0.7460869565217392 0.0234375 0.036521739130434785
0 0.3525390625 0.72 0.015625 0.04695652173913043
0 0.2958984375 0.7547826086956522 0.0205078125 0.04869565217391304
0 0.0224609375 0.7304347826086957 0.0166015625 0.03826086956521739
0 0.10546875 0.6695652173913044 0.0087890625 0.034782608695652174
0 0.3134765625 0.5721739130434783 0.009765625 0.04
0 0.4072265625 0.5634782608695652 0.0126953125 0.04
0 0.435546875 0.7530434782608696 0.0263671875 0.05217391304347826
0 0.5380859375 0.7634782608695653 0.03125 0.04521739130434783
0 0.6494140625 0.7530434782608696 0.0244140625 0.04521739130434783
0 0.6640625 0.8243478260869566 0.0341796875 0.08
0 0.80078125 0.577391304347826 0.01953125 0.057391304347826085
0 0.7841796875 0.8469565217391304 0.03515625 0.06782608695652174