0 0.859375 0.484375 0.04296875 0.0625
0 0.8076171875 0.5325520833333334 0.0302734375 0.046875
0 0.767578125 0.4973958333333333 0.0224609375 0.033854166666666664
0 0.7763671875 0.453125 0.015625 0.026041666666666668
0 0.73828125 0.5520833333333334 0.0146484375 0.0234375
0 0.724609375 0.5169270833333334 0.0126953125 0.0234375
0 0.7099609375 0.5130208333333334 0.0126953125 0.020833333333333332
0 0.6962890625 0.4947916666666667 0.0166015625 0.0234375
0 0.673828125 0.5013020833333334 0.0146484375 0.024739583333333332
0 0.7197265625 0.453125 0.009765625 0.015625
0 0.646484375 0.4765625 0.0126953125 0.018229166666666668
0 0.6650390625 0.4427083333333333 0.0078125 0.014322916666666666
0 0.1259765625 0.5364583333333334 0.0205078125 0.028645833333333332
0 0.208984375 0.5364583333333334 0.015625 0.022135416666666668
0 0.2099609375 0.4765625 0.015625 0.022135416666666668
0 0.2109375 0.4544270833333333 0.013671875 0.016927083333333332
0 0.2421875 0.45703125 0.0087890625 0.014322916666666666
0 0.2822265625 0.4583333333333333 0.0078125 0.014322916666666666
0 0.3017578125 0.453125 0.0107421875 0.015625
0 0.3125 0.4596354166666667 0.0078125 0.015625
0 0.033203125 0.4778645833333333 0.0244140625 0.041666666666666664
0 0.12109375 0.4830729166666667 0.01171875 0.0234375
0 0.63671875 0.4479166666666667 0.009765625 0.016927083333333332
0 0.626953125 0.4596354166666667 0.0087890625 0.015625
0 0.3515625 0.46484375 0.009765625 0.01171875
0 0.3662109375 0.4544270833333333 0.0068359375 0.013020833333333334
0 0.3330078125 0.4609375 0.0068359375 0.014322916666666666
0 0.9609375 0.4479166666666667 0.01171875 0.014322916666666666
0 0.9833984375 0.4453125 0.0126953125 0.020833333333333332
0 0.892578125 0.44921875 0.0126953125 0.022135416666666668
0 0.82421875 0.453125 0.01171875 0.020833333333333332
0 0.732421875 0.4453125 0.0087890625 0.013020833333333334
0 0.6923828125 0.4479166666666667 0.005859375 0.010416666666666666
0 0.60546875 0.4557291666666667 0.0048828125 0.010416666666666666
0 0.611328125 0.453125 0.0068359375 0.006510416666666667
0 0.59375 0.4466145833333333 0.005859375 0.006510416666666667
0 0.587890625 0.4401041666666667 0.005859375 0.009114583333333334
0 0.638671875 0.4856770833333333 0.0078125 0.013020833333333334
0 0.6025390625 0.4583333333333333 0.005859375 0.01171875
0 0.5986328125 0.46875 0.0087890625 0.018229166666666668
0 0.5498046875 0.44921875 0.00390625 0.009114583333333334
0 0.525390625 0.44921875 0.0048828125 0.009114583333333334
0 0.5283203125 0.4401041666666667 0.0029296875 0.00390625
0 0.5048828125 0.4440104166666667 0.0048828125 0.006510416666666667
0 0.501953125 0.44140625 0.00390625 0.006510416666666667
0 0.484375 0.4453125 0.0048828125 0.009114583333333334
0 0.4765625 0.4453125 0.0048828125 0.009114583333333334
0 0.462890625 0.44921875 0.00390625 0.009114583333333334
0 0.4541015625 0.4466145833333333 0.00390625 0.006510416666666667
0 0.4404296875 0.4544270833333333 0.005859375 0.009114583333333334
0 0.458984375 0.4505208333333333 0.0029296875 0.0078125
0 0.4326171875 0.4466145833333333 0.0048828125 0.0078125
0 0.4287109375 0.4505208333333333 0.00390625 0.005208333333333333
0 0.390625 0.4479166666666667 0.005859375 0.009114583333333334
0 0.3720703125 0.45703125 0.0048828125 0.009114583333333334
0 0.337890625 0.4583333333333333 0.0048828125 0.013020833333333334
0 0.3486328125 0.4544270833333333 0.0048828125 0.0078125
0 0.3447265625 0.4596354166666667 0.0048828125 0.014322916666666666
0 0.185546875 0.4609375 0.0146484375 0.026041666666666668
0 0.150390625 0.4609375 0.01171875 0.022135416666666668
0 0.1357421875 0.45703125 0.0068359375 0.014322916666666666
0 0.1123046875 0.4635416666666667 0.0078125 0.015625
0 0.2666015625 0.4739583333333333 0.009765625 0.020833333333333332
0 0.791015625 0.5026041666666666 0.0185546875 0.032552083333333336
0 0.6767578125 0.4791666666666667 0.01171875 0.0234375
0 0.759765625 0.4453125 0.0107421875 0.014322916666666666
0 0.6513671875 0.4479166666666667 0.0087890625 0.013020833333333334
0 0.5634765625 0.4479166666666667 0.0078125 0.01171875
0 0.9404296875 0.6796875 0.0517578125 0.08333333333333333
0 0.8720703125 0.70703125 0.03515625 0.061197916666666664