0 0.853515625 0.4503311258278146 0.10546875 0.1479028697571744
0 0.77734375 0.3830022075055188 0.025390625 0.04083885209713024
0 0.7666015625 0.3432671081677704 0.0283203125 0.03421633554083885
0 0.41015625 0.39183222958057395 0.0234375 0.025386313465783666
0 0.109375 0.46467991169977924 0.08984375 0.1346578366445916
0 0.09375 0.3841059602649007 0.0693359375 0.08278145695364239
0 0.197265625 0.3675496688741722 0.0341796875 0.04194260485651214
0 0.427734375 0.3565121412803532 0.0126953125 0.02097130242825607
0 0.3720703125 0.3818984547461369 0.0146484375 0.017660044150110375
0 0.3583984375 0.37527593818984545 0.015625 0.024282560706401765
0 0.40234375 0.3675496688741722 0.021484375 0.023178807947019868
0 0.671875 0.40066225165562913 0.0458984375 0.06070640176600441
0 0.451171875 0.3543046357615894 0.0126953125 0.017660044150110375
0 0.2197265625 0.29911699779249445 0.0068359375 0.008830022075055188
0 0.369140625 0.30242825607064017 0.0068359375 0.009933774834437087