0 0.1083984375 0.23514851485148514 0.041015625 0.05816831683168317
0 0.0634765625 0.2660891089108911 0.021484375 0.03341584158415842
0 0.212890625 0.24257425742574257 0.0166015625 0.023514851485148515
0 0.3037109375 0.2376237623762376 0.013671875 0.019801980198019802
0 0.333984375 0.23886138613861385 0.01171875 0.023514851485148515
0 0.69921875 0.2995049504950495 0.0576171875 0.09777227722772278
0 0.6494140625 0.21534653465346534 0.029296875 0.06311881188118812
0 0.6025390625 0.24628712871287128 0.0322265625 0.10767326732673267
0 0.8818359375 0.1745049504950495 0.044921875 0.08663366336633663
0 0.5126953125 0.2438118811881188 0.0078125 0.017326732673267328
0 0.4716796875 0.23886138613861385 0.0029296875 0.007425742574257425
0 0.4560546875 0.25123762376237624 0.00390625 0.006188118811881188