0 0.0078125 0.6458333333333334 0.0078125 0.014322916666666666
0 0.037109375 0.6966145833333334 0.0087890625 0.018229166666666668
0 0.080078125 0.6861979166666666 0.0087890625 0.01953125
0 0.0615234375 0.7447916666666666 0.009765625 0.0234375
0 0.0908203125 0.7669270833333334 0.017578125 0.028645833333333332
0 0.1123046875 0.67578125 0.0068359375 0.016927083333333332
0 0.1484375 0.7083333333333334 0.009765625 0.018229166666666668
0 0.1669921875 0.68359375 0.009765625 0.014322916666666666
0 0.11328125 0.6497395833333334 0.0078125 0.009114583333333334
0 0.1259765625 0.6380208333333334 0.0068359375 0.010416666666666666
0 0.1552734375 0.6419270833333334 0.0078125 0.010416666666666666
0 0.060546875 0.6315104166666666 0.0068359375 0.010416666666666666
0 0.0869140625 0.6119791666666666 0.0048828125 0.0078125
0 0.052734375 0.5651041666666666 0.0029296875 0.006510416666666667
0 0.03125 0.57421875 0.005859375 0.01171875
0 0.025390625 0.5729166666666666 0.00390625 0.010416666666666666
0 0.0244140625 0.5872395833333334 0.005859375 0.010416666666666666
0 0.013671875 0.5911458333333334 0.0068359375 0.01171875
0 0.015625 0.578125 0.005859375 0.0078125
0 0.037109375 0.5690104166666666 0.005859375 0.009114583333333334
0 0.0048828125 0.5638020833333334 0.00390625 0.0078125
0 0.076171875 0.6497395833333334 0.0068359375 0.010416666666666666
0 0.060546875 0.6901041666666666 0.0068359375 0.010416666666666666
0 0.09375 0.5729166666666666 0.00390625 0.005208333333333333
0 0.12109375 0.9296875 0.0224609375 0.048177083333333336
0 0.220703125 0.5911458333333334 0.005859375 0.010416666666666666
0 0.2607421875 0.59765625 0.0068359375 0.010416666666666666
0 0.2509765625 0.5924479166666666 0.0068359375 0.01171875
0 0.255859375 0.6223958333333334 0.0078125 0.01171875
0 0.2724609375 0.6341145833333334 0.005859375 0.010416666666666666
0 0.2822265625 0.6471354166666666 0.005859375 0.014322916666666666
0 0.2685546875 0.5950520833333334 0.0068359375 0.010416666666666666
0 0.2626953125 0.625 0.005859375 0.009114583333333334
0 0.228515625 0.6223958333333334 0.0068359375 0.010416666666666666
0 0.1806640625 0.7213541666666666 0.013671875 0.0234375
0 0.2001953125 0.6458333333333334 0.0087890625 0.014322916666666666
0 0.267578125 0.7161458333333334 0.015625 0.024739583333333332
0 0.166015625 0.7096354166666666 0.0087890625 0.010416666666666666
0 0.3505859375 0.765625 0.009765625 0.026041666666666668
0 0.3720703125 0.7356770833333334 0.0087890625 0.020833333333333332
0 0.306640625 0.6223958333333334 0.005859375 0.013020833333333334
0 0.302734375 0.6263020833333334 0.0078125 0.013020833333333334
0 0.341796875 0.7109375 0.009765625 0.016927083333333332
0 0.1826171875 0.66015625 0.0068359375 0.010416666666666666
0 0.1953125 0.6263020833333334 0.009765625 0.016927083333333332
0 0.2392578125 0.59375 0.0068359375 0.009114583333333334
0 0.3017578125 0.58984375 0.0048828125 0.0078125
0 0.3984375 0.7747395833333334 0.0126953125 0.01953125
0 0.3974609375 0.7369791666666666 0.0107421875 0.024739583333333332
0 0.4228515625 0.7083333333333334 0.01171875 0.01953125
0 0.451171875 0.6966145833333334 0.0087890625 0.018229166666666668
0 0.4228515625 0.68359375 0.005859375 0.015625
0 0.419921875 0.7330729166666666 0.0068359375 0.015625
0 0.333984375 0.5989583333333334 0.005859375 0.010416666666666666
0 0.3505859375 0.6080729166666666 0.00390625 0.0078125
0 0.353515625 0.6263020833333334 0.005859375 0.009114583333333334
0 0.513671875 0.6263020833333334 0.005859375 0.010416666666666666
0 0.513671875 0.609375 0.0068359375 0.009114583333333334
0 0.5595703125 0.6197916666666666 0.00390625 0.009114583333333334
0 0.58203125 0.6276041666666666 0.0048828125 0.010416666666666666
0 0.568359375 0.6067708333333334 0.005859375 0.009114583333333334
0 0.5380859375 0.6184895833333334 0.005859375 0.010416666666666666
0 0.6123046875 0.71875 0.009765625 0.016927083333333332
0 0.646484375 0.7317708333333334 0.009765625 0.01953125
0 0.6484375 0.66796875 0.0068359375 0.014322916666666666
0 0.63671875 0.6705729166666666 0.00390625 0.009114583333333334
0 0.6728515625 0.7161458333333334 0.0068359375 0.014322916666666666
0 0.625 0.8216145833333334 0.01171875 0.028645833333333332
0 0.6787109375 0.7486979166666666 0.0068359375 0.018229166666666668
0 0.6171875 0.8567708333333334 0.015625 0.028645833333333332
0 0.5537109375 0.9140625 0.013671875 0.041666666666666664
0 0.4296875 0.8697916666666666 0.015625 0.03515625
0 0.46484375 0.9765625 0.0322265625 0.04296875
0 0.673828125 0.6640625 0.005859375 0.01171875
0 0.685546875 0.6614583333333334 0.0048828125 0.014322916666666666
0 0.6884765625 0.6783854166666666 0.0048828125 0.01171875
0 0.7666015625 0.6744791666666666 0.005859375 0.013020833333333334
0 0.7099609375 0.7395833333333334 0.0068359375 0.016927083333333332
0 0.7099609375 0.6549479166666666 0.0048828125 0.010416666666666666
0 0.408203125 0.7005208333333334 0.0068359375 0.013020833333333334
0 0.4755859375 0.62109375 0.0048828125 0.010416666666666666
0 0.43359375 0.62109375 0.005859375 0.009114583333333334
0 0.3828125 0.609375 0.005859375 0.009114583333333334
0 0.736328125 0.8463541666666666 0.015625 0.032552083333333336
0 0.662109375 0.8697916666666666 0.0146484375 0.0234375
0 0.6552734375 0.90625 0.0126953125 0.028645833333333332
0 0.677734375 0.9830729166666666 0.033203125 0.033854166666666664
0 0.8056640625 0.8216145833333334 0.013671875 0.029947916666666668
0 0.837890625 0.8828125 0.0224609375 0.04296875
0 0.904296875 0.81640625 0.013671875 0.03125
0 0.943359375 0.8294270833333334 0.0126953125 0.0234375
0 0.78515625 0.86328125 0.013671875 0.026041666666666668
0 0.849609375 0.8450520833333334 0.009765625 0.024739583333333332
0 0.4111328125 0.734375 0.009765625 0.016927083333333332
0 0.5869140625 0.7395833333333334 0.009765625 0.014322916666666666
0 0.5283203125 0.6927083333333334 0.0078125 0.018229166666666668
0 0.7099609375 0.6731770833333334 0.005859375 0.013020833333333334
0 0.201171875 0.6822916666666666 0.005859375 0.014322916666666666
0 0.2353515625 0.578125 0.0078125 0.013020833333333334
0 0.2255859375 0.5729166666666666 0.0068359375 0.01171875
0 0.8251953125 0.63671875 0.0048828125 0.01171875
0 0.814453125 0.625 0.005859375 0.0078125
0 0.85546875 0.6263020833333334 0.00390625 0.0078125
0 0.90625 0.6888020833333334 0.0087890625 0.014322916666666666