0 0.025390625 0.352112676056338 0.01953125 0.04507042253521127
0 0.0546875 0.3380281690140845 0.02734375 0.054929577464788736
0 0.166015625 0.3112676056338028 0.0546875 0.09718309859154929
0 0.2255859375 0.35492957746478876 0.0205078125 0.06901408450704226
0 0.3310546875 0.3845070422535211 0.0205078125 0.038028169014084505
0 0.359375 0.3704225352112676 0.015625 0.06056338028169014
0 0.419921875 0.34788732394366195 0.02734375 0.05070422535211268
0 0.509765625 0.36056338028169016 0.015625 0.029577464788732393
0 0.5966796875 0.36056338028169016 0.015625 0.028169014084507043
0 0.669921875 0.3323943661971831 0.0224609375 0.06619718309859154
0 0.8134765625 0.35352112676056335 0.0126953125 0.023943661971830985
0 0.8125 0.3056338028169014 0.00390625 0.01267605633802817
0 0.83203125 0.35492957746478876 0.0185546875 0.035211267605633804
0 0.9384765625 0.3492957746478873 0.015625 0.029577464788732393
0 0.970703125 0.36901408450704226 0.0078125 0.030985915492957747