0 0.1376953125 0.5958702064896755 0.0302734375 0.061946902654867256
0 0.232421875 0.6209439528023599 0.0283203125 0.05604719764011799
0 0.2958984375 0.5589970501474927 0.0185546875 0.038348082595870206
0 0.33203125 0.6076696165191741 0.025390625 0.0471976401179941
0 0.3828125 0.5619469026548672 0.01953125 0.04129793510324484
0 0.4375 0.5929203539823009 0.0224609375 0.04277286135693215
0 0.447265625 0.5781710914454278 0.01953125 0.029498525073746312
0 0.5029296875 0.532448377581121 0.0205078125 0.03982300884955752
0 0.5361328125 0.6076696165191741 0.02734375 0.05309734513274336
0 0.6123046875 0.5899705014749262 0.025390625 0.05457227138643068
0 0.6796875 0.5929203539823009 0.0263671875 0.05309734513274336
0 0.7587890625 0.588495575221239 0.0283203125 0.05457227138643068
0 0.861328125 0.5678466076696165 0.0322265625 0.06047197640117994