0 0.0498046875 0.685971685971686 0.0185546875 0.023166023166023165
0 0.1494140625 0.5238095238095238 0.029296875 0.04633204633204633
0 0.2177734375 0.5032175032175032 0.0498046875 0.07207207207207207
0 0.291015625 0.4774774774774775 0.0126953125 0.019305019305019305
0 0.3994140625 0.4864864864864865 0.0185546875 0.023166023166023165
0 0.3408203125 0.4942084942084942 0.0166015625 0.028314028314028315
0 0.37890625 0.4697554697554698 0.0107421875 0.014157014157014158
0 0.3056640625 0.4671814671814672 0.0078125 0.010296010296010296
0 0.3212890625 0.4749034749034749 0.009765625 0.01673101673101673
0 0.4970703125 0.583011583011583 0.0400390625 0.05791505791505792
0 0.525390625 0.5508365508365508 0.0185546875 0.03346203346203346
0 0.5830078125 0.4362934362934363 0.0263671875 0.036036036036036036
0 0.5185546875 0.42857142857142855 0.015625 0.02059202059202059
0 0.4716796875 0.44015444015444016 0.0185546875 0.02574002574002574
0 0.43359375 0.4491634491634492 0.01171875 0.018018018018018018
0 0.689453125 0.41827541827541825 0.0302734375 0.036036036036036036
0 0.6416015625 0.41055341055341055 0.015625 0.021879021879021878
0 0.724609375 0.39510939510939513 0.0166015625 0.02702702702702703
0 0.748046875 0.4041184041184041 0.015625 0.029601029601029602
0 0.5771484375 0.4543114543114543 0.01171875 0.011583011583011582
0 0.7978515625 0.40025740025740025 0.0146484375 0.021879021879021878
0 0.8134765625 0.398970398970399 0.01171875 0.01673101673101673
0 0.783203125 0.38223938223938225 0.01171875 0.019305019305019305
0 0.8447265625 0.5842985842985843 0.052734375 0.07207207207207207
0 0.8623046875 0.3963963963963964 0.0283203125 0.03861003861003861
0 0.974609375 0.4568854568854569 0.0380859375 0.07722007722007722
0 0.98828125 0.3436293436293436 0.017578125 0.032175032175032175
0 0.9755859375 0.3256113256113256 0.01953125 0.03088803088803089
0 0.1435546875 0.4864864864864865 0.0244140625 0.036036036036036036
0 0.412109375 0.4543114543114543 0.0126953125 0.019305019305019305