0 0.0712890625 0.5645161290322581 0.0390625 0.05571847507331378
0 0.1943359375 0.5586510263929618 0.0361328125 0.04838709677419355
0 0.0693359375 0.42961876832844575 0.0361328125 0.05571847507331378
0 0.15234375 0.43841642228739003 0.0283203125 0.04398826979472141
0 0.203125 0.43255131964809385 0.0283203125 0.054252199413489736
0 0.271484375 0.4501466275659824 0.0283203125 0.04985337243401759
0 0.345703125 0.5131964809384164 0.0283203125 0.04838709677419355
0 0.435546875 0.501466275659824 0.0341796875 0.06744868035190615
0 0.470703125 0.48240469208211145 0.02734375 0.04985337243401759
0 0.435546875 0.45454545454545453 0.03125 0.04985337243401759
0 0.5087890625 0.4237536656891496 0.025390625 0.04985337243401759
0 0.5634765625 0.4281524926686217 0.02734375 0.04985337243401759
0 0.36328125 0.4002932551319648 0.02734375 0.04252199413489736
0 0.4658203125 0.3782991202346041 0.0166015625 0.039589442815249266
0 0.5009765625 0.34457478005865105 0.01953125 0.03812316715542522
0 0.408203125 0.3563049853372434 0.01953125 0.03812316715542522
0 0.4375 0.2991202346041056 0.015625 0.03519061583577713
0 0.45703125 0.31085043988269795 0.013671875 0.02785923753665689
0 0.482421875 0.32697947214076245 0.013671875 0.030791788856304986
0 0.544921875 0.2991202346041056 0.017578125 0.03372434017595308
0 0.57421875 0.2859237536656892 0.0146484375 0.02785923753665689
0 0.583984375 0.4120234604105572 0.015625 0.04398826979472141
0 0.421875 0.28005865102639294 0.01171875 0.024926686217008796
0 0.2861328125 0.20527859237536658 0.0107421875 0.017595307917888565
0 0.3505859375 0.23020527859237536 0.0078125 0.01466275659824047
0 0.658203125 0.5175953079178885 0.0224609375 0.05278592375366569
0 0.7421875 0.5469208211143695 0.0341796875 0.05718475073313783
0 0.82421875 0.5219941348973607 0.02734375 0.05278592375366569
0 0.9716796875 0.533724340175953 0.033203125 0.05278592375366569
0 0.9248046875 0.5043988269794721 0.0166015625 0.03812316715542522
0 0.775390625 0.2785923753665689 0.0185546875 0.036656891495601175
0 0.9150390625 0.32111436950146627 0.021484375 0.03225806451612903
0 0.9306640625 0.31085043988269795 0.015625 0.03225806451612903
0 0.9462890625 0.3782991202346041 0.0244140625 0.04252199413489736
0 0.939453125 0.28152492668621704 0.009765625 0.020527859237536656
0 0.943359375 0.20087976539589442 0.009765625 0.016129032258064516
0 0.6962890625 0.22140762463343108 0.0107421875 0.020527859237536656
0 0.73046875 0.18914956011730205 0.009765625 0.01906158357771261
0 0.708984375 0.20234604105571846 0.0107421875 0.017595307917888565
0 0.7099609375 0.16422287390029325 0.0078125 0.013196480938416423
0 0.173828125 0.5117302052785924 0.0322265625 0.060117302052785926
0 0.3349609375 0.4340175953079179 0.021484375 0.04252199413489736
0 0.142578125 0.37683284457478006 0.0205078125 0.036656891495601175
0 0.9912109375 0.3357771260997067 0.0146484375 0.030791788856304986
0 0.994140625 0.375366568914956 0.0107421875 0.03519061583577713
0 0.6591796875 0.5777126099706745 0.0205078125 0.03812316715542522
0 0.509765625 0.2844574780058651 0.015625 0.024926686217008796
0 0.580078125 0.3460410557184751 0.0224609375 0.036656891495601175