0 0.8212890625 0.2189119170984456 0.0380859375 0.054404145077720206
0 0.89453125 0.19430051813471502 0.0400390625 0.07124352331606218
0 0.94140625 0.37305699481865284 0.04296875 0.06735751295336788
0 0.8798828125 0.3484455958549223 0.0361328125 0.06476683937823834
0 0.9453125 0.49352331606217614 0.041015625 0.08808290155440414
0 0.8154296875 0.4805699481865285 0.037109375 0.07124352331606218
0 0.83984375 0.5816062176165803 0.0556640625 0.10233160621761658
0 0.73046875 0.2033678756476684 0.037109375 0.07124352331606218
0 0.7861328125 0.3860103626943005 0.0419921875 0.04922279792746114
0 0.6650390625 0.25647668393782386 0.0361328125 0.07253886010362694
0 0.6171875 0.18523316062176165 0.0390625 0.06606217616580311
0 0.69140625 0.3601036269430052 0.0390625 0.06735751295336788
0 0.6357421875 0.34196891191709844 0.0439453125 0.07253886010362694
0 0.4208984375 0.19818652849740934 0.0390625 0.07642487046632124
0 0.3935546875 0.28367875647668395 0.0390625 0.06347150259067358
0 0.4443359375 0.24093264248704663 0.0400390625 0.06735751295336788
0 0.53125 0.21502590673575128 0.0380859375 0.06865284974093264
0 0.58984375 0.2603626943005181 0.03515625 0.06476683937823834
0 0.5009765625 0.30440414507772023 0.04296875 0.07383419689119171
0 0.724609375 0.5103626943005182 0.041015625 0.07512953367875648
0 0.6572265625 0.47538860103626945 0.037109375 0.06994818652849741
0 0.599609375 0.4106217616580311 0.046875 0.07512953367875648
0 0.5576171875 0.48186528497409326 0.04296875 0.07124352331606218
0 0.63671875 0.5518134715025906 0.0498046875 0.08937823834196891
0 0.33203125 0.3704663212435233 0.0400390625 0.06735751295336788
0 0.439453125 0.43134715025906734 0.0478515625 0.08160621761658031
0 0.333984375 0.4585492227979275 0.046875 0.08808290155440414
0 0.404296875 0.49870466321243523 0.046875 0.08031088082901554
0 0.49609375 0.4896373056994819 0.04296875 0.07383419689119171
0 0.2333984375 0.13601036269430053 0.041015625 0.05569948186528497
0 0.2373046875 0.22020725388601037 0.0380859375 0.07253886010362694
0 0.2451171875 0.4365284974093264 0.0380859375 0.08290155440414508
0 0.2197265625 0.4740932642487047 0.0654296875 0.11917098445595854
0 0.1328125 0.18911917098445596 0.0380859375 0.07253886010362694
0 0.0830078125 0.2616580310880829 0.041015625 0.08290155440414508
0 0.140625 0.3225388601036269 0.041015625 0.07512953367875648
0 0.05078125 0.37694300518134716 0.0390625 0.07124352331606218
0 0.1455078125 0.43134715025906734 0.052734375 0.09196891191709844
0 0.0810546875 0.5012953367875648 0.041015625 0.07124352331606218
0 0.013671875 0.38212435233160624 0.02734375 0.07901554404145078