0 0.060546875 0.5058823529411764 0.029296875 0.054411764705882354
0 0.123046875 0.475 0.0185546875 0.039705882352941174
0 0.1845703125 0.5161764705882353 0.0244140625 0.051470588235294115
0 0.1943359375 0.4647058823529412 0.0146484375 0.03823529411764706
0 0.259765625 0.41911764705882354 0.013671875 0.033823529411764704
0 0.2646484375 0.4588235294117647 0.021484375 0.039705882352941174
0 0.26953125 0.49264705882352944 0.0224609375 0.05
0 0.3291015625 0.475 0.015625 0.041176470588235294
0 0.349609375 0.5058823529411764 0.0283203125 0.052941176470588235
0 0.3359375 0.3764705882352941 0.0166015625 0.03823529411764706
0 0.3525390625 0.4102941176470588 0.0126953125 0.025
0 0.46875 0.36911764705882355 0.0185546875 0.033823529411764704
0 0.423828125 0.4808823529411765 0.025390625 0.05
0 0.4765625 0.49264705882352944 0.02734375 0.05588235294117647
0 0.5361328125 0.513235294117647 0.0224609375 0.04411764705882353
0 0.4326171875 0.38382352941176473 0.0087890625 0.014705882352941176
0 0.6015625 0.4588235294117647 0.02734375 0.051470588235294115
0 0.595703125 0.48970588235294116 0.01953125 0.027941176470588237
0 0.6943359375 0.5485294117647059 0.0234375 0.047058823529411764
0 0.751953125 0.5205882352941177 0.0234375 0.04411764705882353
0 0.7998046875 0.5294117647058824 0.0244140625 0.04411764705882353
0 0.943359375 0.4573529411764706 0.021484375 0.045588235294117645
0 0.9697265625 0.49117647058823527 0.015625 0.033823529411764704
0 0.6923828125 0.4647058823529412 0.015625 0.039705882352941174
0 0.001953125 0.4852941176470588 0.0048828125 0.041176470588235294