0 0.11328125 0.5121527777777778 0.0068359375 0.013888888888888888
0 0.13671875 0.4982638888888889 0.0048828125 0.013888888888888888
0 0.1533203125 0.4947916666666667 0.005859375 0.013888888888888888
0 0.171875 0.4930555555555556 0.0068359375 0.015625
0 0.1826171875 0.484375 0.005859375 0.013888888888888888
0 0.19140625 0.4652777777777778 0.005859375 0.012152777777777778
0 0.2236328125 0.4444444444444444 0.005859375 0.015625
0 0.2275390625 0.484375 0.0068359375 0.015625
0 0.20703125 0.4878472222222222 0.0068359375 0.015625
0 0.1904296875 0.5017361111111112 0.00390625 0.010416666666666666
0 0.17578125 0.5190972222222222 0.0068359375 0.019097222222222224
0 0.1611328125 0.5381944444444444 0.0068359375 0.017361111111111112
0 0.197265625 0.5590277777777778 0.0087890625 0.019097222222222224
0 0.2265625 0.5190972222222222 0.0068359375 0.019097222222222224
0 0.2509765625 0.5138888888888888 0.005859375 0.012152777777777778
0 0.2705078125 0.5520833333333334 0.0078125 0.019097222222222224
0 0.2841796875 0.5520833333333334 0.0078125 0.017361111111111112
0 0.2734375 0.5364583333333334 0.0068359375 0.017361111111111112
0 0.28515625 0.5277777777777778 0.005859375 0.017361111111111112
0 0.296875 0.5086805555555556 0.005859375 0.017361111111111112
0 0.232421875 0.5138888888888888 0.0048828125 0.015625
0 0.240234375 0.4791666666666667 0.0068359375 0.015625
0 0.2578125 0.4930555555555556 0.0048828125 0.013888888888888888
0 0.2841796875 0.4861111111111111 0.005859375 0.017361111111111112
0 0.328125 0.4635416666666667 0.005859375 0.013888888888888888
0 0.3046875 0.5520833333333334 0.009765625 0.026041666666666668
0 0.2763671875 0.6440972222222222 0.009765625 0.020833333333333332
0 0.25 0.6302083333333334 0.0087890625 0.020833333333333332
0 0.287109375 0.6111111111111112 0.0078125 0.019097222222222224
0 0.3134765625 0.6145833333333334 0.009765625 0.020833333333333332
0 0.3203125 0.5868055555555556 0.0078125 0.019097222222222224
0 0.3359375 0.6822916666666666 0.0126953125 0.029513888888888888
0 0.3359375 0.6163194444444444 0.0087890625 0.017361111111111112
0 0.173828125 0.5954861111111112 0.0087890625 0.015625
0 0.3828125 0.5677083333333334 0.009765625 0.022569444444444444
0 0.3857421875 0.5954861111111112 0.009765625 0.026041666666666668
0 0.375 0.5520833333333334 0.0078125 0.017361111111111112
0 0.3447265625 0.5607638888888888 0.0078125 0.017361111111111112
0 0.3330078125 0.5381944444444444 0.0078125 0.015625
0 0.376953125 0.5208333333333334 0.0068359375 0.019097222222222224
0 0.3984375 0.5295138888888888 0.005859375 0.017361111111111112
0 0.4091796875 0.5277777777777778 0.0078125 0.017361111111111112
0 0.4140625 0.5225694444444444 0.0068359375 0.017361111111111112
0 0.353515625 0.5190972222222222 0.0078125 0.015625
0 0.4404296875 0.4913194444444444 0.0078125 0.015625
0 0.4267578125 0.5538194444444444 0.005859375 0.012152777777777778
0 0.3974609375 0.5954861111111112 0.0087890625 0.019097222222222224
0 0.427734375 0.5815972222222222 0.0087890625 0.020833333333333332
0 0.439453125 0.5746527777777778 0.0087890625 0.020833333333333332
0 0.439453125 0.6059027777777778 0.0078125 0.017361111111111112
0 0.42578125 0.6284722222222222 0.0087890625 0.017361111111111112
0 0.40625 0.6354166666666666 0.0087890625 0.020833333333333332
0 0.4189453125 0.6614583333333334 0.013671875 0.029513888888888888
0 0.439453125 0.6649305555555556 0.01171875 0.029513888888888888
0 0.44921875 0.6388888888888888 0.0078125 0.024305555555555556
0 0.455078125 0.5954861111111112 0.0078125 0.022569444444444444
0 0.4541015625 0.5729166666666666 0.0078125 0.017361111111111112
0 0.4560546875 0.546875 0.0087890625 0.024305555555555556
0 0.44140625 0.5729166666666666 0.0087890625 0.019097222222222224
0 0.287109375 0.6510416666666666 0.009765625 0.015625
0 0.2041015625 0.5972222222222222 0.005859375 0.017361111111111112
0 0.345703125 0.640625 0.009765625 0.026041666666666668
0 0.3818359375 0.7118055555555556 0.0107421875 0.029513888888888888
0 0.44140625 0.7604166666666666 0.0107421875 0.03298611111111111
0 0.46875 0.6284722222222222 0.01171875 0.026041666666666668
0 0.44921875 0.7135416666666666 0.013671875 0.03125
0 0.5029296875 0.8055555555555556 0.015625 0.036458333333333336
0 0.4921875 0.5121527777777778 0.0068359375 0.017361111111111112
0 0.48046875 0.4982638888888889 0.005859375 0.013888888888888888
0 0.46484375 0.5295138888888888 0.0068359375 0.015625
0 0.46875 0.4809027777777778 0.0048828125 0.020833333333333332
0 0.515625 0.5225694444444444 0.0068359375 0.019097222222222224
0 0.5146484375 0.5555555555555556 0.0068359375 0.020833333333333332
0 0.4892578125 0.5763888888888888 0.0126953125 0.017361111111111112
0 0.5302734375 0.5677083333333334 0.009765625 0.019097222222222224
0 0.54296875 0.6232638888888888 0.0078125 0.024305555555555556
0 0.5205078125 0.7013888888888888 0.0087890625 0.03298611111111111
0 0.5517578125 0.6024305555555556 0.0068359375 0.022569444444444444
0 0.568359375 0.6128472222222222 0.0126953125 0.022569444444444444
0 0.541015625 0.5017361111111112 0.005859375 0.017361111111111112
0 0.6171875 0.6059027777777778 0.009765625 0.017361111111111112
0 0.630859375 0.5850694444444444 0.0087890625 0.020833333333333332
0 0.6357421875 0.5520833333333334 0.0078125 0.020833333333333332
0 0.6005859375 0.5451388888888888 0.0078125 0.013888888888888888
0 0.6142578125 0.5607638888888888 0.0078125 0.019097222222222224
0 0.6376953125 0.4947916666666667 0.005859375 0.015625
0 0.607421875 0.4722222222222222 0.0048828125 0.012152777777777778
0 0.58203125 0.4774305555555556 0.0078125 0.015625
0 0.591796875 0.5885416666666666 0.009765625 0.022569444444444444
0 0.5400390625 0.6475694444444444 0.0087890625 0.020833333333333332
0 0.529296875 0.6510416666666666 0.0068359375 0.020833333333333332
0 0.5078125 0.5729166666666666 0.0087890625 0.017361111111111112
0 0.5556640625 0.7864583333333334 0.0146484375 0.034722222222222224
0 0.5791015625 0.7795138888888888 0.01171875 0.029513888888888888
0 0.580078125 0.6041666666666666 0.0078125 0.024305555555555556
0 0.5458984375 0.53125 0.005859375 0.017361111111111112
0 0.587890625 0.5520833333333334 0.0078125 0.015625
0 0.5283203125 0.6215277777777778 0.0078125 0.020833333333333332
0 0.6904296875 0.5451388888888888 0.0078125 0.017361111111111112
0 0.7294921875 0.578125 0.009765625 0.022569444444444444
0 0.7216796875 0.5364583333333334 0.0068359375 0.019097222222222224
0 0.7060546875 0.5729166666666666 0.005859375 0.020833333333333332
0 0.6875 0.5868055555555556 0.0087890625 0.020833333333333332
0 0.673828125 0.5451388888888888 0.0078125 0.019097222222222224
0 0.6689453125 0.5572916666666666 0.0078125 0.017361111111111112
0 0.7587890625 0.5243055555555556 0.0068359375 0.019097222222222224
0 0.75 0.5416666666666666 0.0078125 0.020833333333333332
0 0.748046875 0.5677083333333334 0.0068359375 0.019097222222222224
0 0.7275390625 0.671875 0.0078125 0.027777777777777776
0 0.7353515625 0.7326388888888888 0.0107421875 0.022569444444444444
0 0.7568359375 0.765625 0.013671875 0.036458333333333336
0 0.7607421875 0.703125 0.0126953125 0.017361111111111112
0 0.703125 0.7569444444444444 0.0087890625 0.022569444444444444
0 0.7314453125 0.8368055555555556 0.013671875 0.034722222222222224
0 0.607421875 0.7170138888888888 0.013671875 0.03298611111111111
0 0.607421875 0.6354166666666666 0.0087890625 0.022569444444444444
0 0.6025390625 0.6753472222222222 0.0078125 0.026041666666666668
0 0.595703125 0.6197916666666666 0.0078125 0.022569444444444444
0 0.6650390625 0.6909722222222222 0.009765625 0.026041666666666668
0 0.7275390625 0.7135416666666666 0.0087890625 0.029513888888888888
0 0.6494140625 0.6163194444444444 0.01171875 0.024305555555555556
0 0.6611328125 0.5607638888888888 0.0078125 0.017361111111111112
0 0.6435546875 0.5729166666666666 0.0078125 0.020833333333333332
0 0.66796875 0.5920138888888888 0.0068359375 0.017361111111111112
0 0.654296875 0.5763888888888888 0.0068359375 0.015625
0 0.6943359375 0.5121527777777778 0.005859375 0.017361111111111112
0 0.685546875 0.4965277777777778 0.0078125 0.012152777777777778
0 0.6572265625 0.5121527777777778 0.005859375 0.013888888888888888
0 0.6650390625 0.5121527777777778 0.005859375 0.013888888888888888
0 0.6396484375 0.53125 0.0078125 0.010416666666666666
0 0.72265625 0.4791666666666667 0.0087890625 0.024305555555555556
0 0.7568359375 0.4652777777777778 0.0068359375 0.012152777777777778
0 0.732421875 0.6006944444444444 0.005859375 0.020833333333333332
0 0.7314453125 0.6354166666666666 0.0068359375 0.015625
0 0.7822265625 0.6215277777777778 0.0087890625 0.024305555555555556
0 0.755859375 0.4913194444444444 0.00390625 0.010416666666666666
0 0.6572265625 0.4791666666666667 0.005859375 0.013888888888888888
0 0.671875 0.4340277777777778 0.005859375 0.013888888888888888
0 0.7412109375 0.5642361111111112 0.0068359375 0.017361111111111112
0 0.75 0.5190972222222222 0.0048828125 0.010416666666666666
0 0.810546875 0.46875 0.005859375 0.013888888888888888
0 0.8232421875 0.5017361111111112 0.005859375 0.017361111111111112
0 0.859375 0.5381944444444444 0.005859375 0.017361111111111112
0 0.8505859375 0.53125 0.0068359375 0.015625
0 0.8427734375 0.5329861111111112 0.0068359375 0.015625
0 0.8193359375 0.5347222222222222 0.0068359375 0.017361111111111112
0 0.8544921875 0.6059027777777778 0.0087890625 0.024305555555555556
0 0.83984375 0.6180555555555556 0.0068359375 0.029513888888888888
0 0.8251953125 0.6180555555555556 0.0068359375 0.020833333333333332
0 0.8369140625 0.5642361111111112 0.0078125 0.020833333333333332
0 0.80859375 0.5190972222222222 0.0068359375 0.012152777777777778
0 0.794921875 0.5121527777777778 0.005859375 0.012152777777777778
0 0.8037109375 0.4947916666666667 0.0048828125 0.012152777777777778
0 0.8486328125 0.640625 0.01171875 0.027777777777777776
0 0.8134765625 0.6163194444444444 0.0078125 0.017361111111111112
0 0.796875 0.6354166666666666 0.0078125 0.019097222222222224
0 0.77734375 0.65625 0.0068359375 0.022569444444444444
0 0.7880859375 0.4895833333333333 0.0068359375 0.013888888888888888
0 0.8125 0.4930555555555556 0.0078125 0.013888888888888888
0 0.7861328125 0.4809027777777778 0.00390625 0.013888888888888888
0 0.859375 0.5 0.0048828125 0.012152777777777778
0 0.87109375 0.4947916666666667 0.0068359375 0.015625
0 0.873046875 0.515625 0.005859375 0.013888888888888888
0 0.8837890625 0.5069444444444444 0.0068359375 0.013888888888888888
0 0.931640625 0.5069444444444444 0.005859375 0.010416666666666666
0 0.9306640625 0.5434027777777778 0.009765625 0.020833333333333332
0 0.9189453125 0.5173611111111112 0.005859375 0.013888888888888888
0 0.908203125 0.5121527777777778 0.0048828125 0.015625
0 0.9033203125 0.5190972222222222 0.005859375 0.013888888888888888
0 0.8828125 0.5572916666666666 0.0078125 0.017361111111111112
0 0.8974609375 0.6302083333333334 0.009765625 0.022569444444444444
0 0.9306640625 0.6302083333333334 0.0126953125 0.029513888888888888
0 0.9052734375 0.59375 0.0107421875 0.026041666666666668
0 0.9111328125 0.5642361111111112 0.009765625 0.019097222222222224
0 0.984375 0.5260416666666666 0.005859375 0.017361111111111112
0 0.97265625 0.5590277777777778 0.009765625 0.022569444444444444
0 0.953125 0.5260416666666666 0.0068359375 0.013888888888888888
0 0.94140625 0.6041666666666666 0.0068359375 0.013888888888888888
0 0.9560546875 0.6006944444444444 0.0107421875 0.022569444444444444
0 0.9619140625 0.5954861111111112 0.0078125 0.019097222222222224
0 0.919921875 0.6284722222222222 0.0078125 0.020833333333333332
0 0.9619140625 0.6440972222222222 0.0078125 0.019097222222222224
0 0.908203125 0.6840277777777778 0.0107421875 0.026041666666666668
0 0.9765625 0.6527777777777778 0.0107421875 0.022569444444444444
0 0.9267578125 0.6701388888888888 0.009765625 0.026041666666666668
0 0.904296875 0.6527777777777778 0.009765625 0.026041666666666668
0 0.96875 0.6284722222222222 0.005859375 0.013888888888888888
0 0.9697265625 0.5954861111111112 0.0087890625 0.026041666666666668
0 0.994140625 0.6458333333333334 0.0087890625 0.022569444444444444
0 0.990234375 0.7239583333333334 0.0087890625 0.020833333333333332
0 0.953125 0.6909722222222222 0.013671875 0.026041666666666668
0 0.935546875 0.7100694444444444 0.01171875 0.03298611111111111
0 0.873046875 0.6927083333333334 0.0107421875 0.029513888888888888
0 0.84375 0.7083333333333334 0.0146484375 0.03125
0 0.8505859375 0.7482638888888888 0.0166015625 0.026041666666666668
0 0.8876953125 0.7743055555555556 0.01171875 0.036458333333333336
0 0.900390625 0.7361111111111112 0.0107421875 0.024305555555555556
0 0.86328125 0.8940972222222222 0.0166015625 0.03125
0 0.876953125 0.8541666666666666 0.01171875 0.034722222222222224
0 0.8955078125 0.8159722222222222 0.0166015625 0.034722222222222224
0 0.927734375 0.8645833333333334 0.017578125 0.03993055555555555
0 0.888671875 0.875 0.0126953125 0.029513888888888888
0 0.9658203125 0.8645833333333334 0.0146484375 0.041666666666666664
0 0.8251953125 0.7274305555555556 0.01171875 0.03298611111111111
0 0.794921875 0.765625 0.01171875 0.029513888888888888
0 0.77734375 0.828125 0.0146484375 0.034722222222222224
0 0.5400390625 0.7083333333333334 0.0087890625 0.015625
0 0.517578125 0.4652777777777778 0.0048828125 0.012152777777777778
0 0.5244140625 0.4618055555555556 0.0048828125 0.013888888888888888
0 0.564453125 0.4305555555555556 0.0048828125 0.013888888888888888
0 0.4951171875 0.4357638888888889 0.0048828125 0.013888888888888888
0 0.505859375 0.4270833333333333 0.00390625 0.012152777777777778
0 0.490234375 0.3975694444444444 0.0048828125 0.015625
0 0.4423828125 0.4618055555555556 0.0068359375 0.020833333333333332
0 0.7080078125 0.6163194444444444 0.0087890625 0.017361111111111112
0 0.6953125 0.6354166666666666 0.009765625 0.019097222222222224
0 0.68359375 0.4409722222222222 0.0068359375 0.012152777777777778
0 0.6181640625 0.4565972222222222 0.0048828125 0.010416666666666666
0 0.591796875 0.4583333333333333 0.00390625 0.010416666666666666
0 0.5966796875 0.4878472222222222 0.005859375 0.013888888888888888
0 0.728515625 0.4444444444444444 0.0048828125 0.010416666666666666
0 0.6279296875 0.4010416666666667 0.0048828125 0.010416666666666666
0 0.6337890625 0.4097222222222222 0.00390625 0.010416666666666666
0 0.6298828125 0.4270833333333333 0.005859375 0.008680555555555556
0 0.6435546875 0.4322916666666667 0.00390625 0.010416666666666666
0 0.6884765625 0.7777777777777778 0.0087890625 0.020833333333333332
0 0.99609375 0.5642361111111112 0.0078125 0.022569444444444444
0 0.8779296875 0.6024305555555556 0.0078125 0.015625
0 0.171875 0.4739583333333333 0.0078125 0.013888888888888888
0 0.646484375 0.8732638888888888 0.0166015625 0.036458333333333336
0 0.6083984375 0.9045138888888888 0.0166015625 0.034722222222222224
0 0.9482421875 0.9618055555555556 0.0126953125 0.03125
0 0.99609375 0.9045138888888888 0.0078125 0.03298611111111111
0 0.955078125 0.9340277777777778 0.009765625 0.034722222222222224