0 0.6298828125 0.3168 0.15234375 0.1536
0 0.4443359375 0.808 0.056640625 0.0496
0 0.361328125 0.7496 0.029296875 0.0488
0 0.2470703125 0.7232 0.04296875 0.0336
0 0.1484375 0.6784 0.01953125 0.0232
0 0.1259765625 0.6496 0.01171875 0.0176
0 0.0595703125 0.6624 0.017578125 0.0256
0 0.044921875 0.6608 0.0234375 0.0272
0 0.025390625 0.6392 0.0185546875 0.0152
0 0.0068359375 0.6376 0.013671875 0.0184
0 0.0185546875 0.6176 0.0068359375 0.008
0 0.01953125 0.6064 0.0087890625 0.0072
0 0.0361328125 0.6 0.009765625 0.0056
0 0.0185546875 0.5888 0.00390625 0.0032
0 0.0283203125 0.584 0.0029296875 0.0048
0 0.03515625 0.5856 0.00390625 0.0032
0 0.0400390625 0.5808 0.0029296875 0.0032
0 0.146484375 0.5656 0.0029296875 0.0024
0 0.1162109375 0.564 0.0029296875 0.0032
0 0.0908203125 0.5648 0.0029296875 0.0024
0 0.03515625 0.5672 0.00390625 0.0032
0 0.0595703125 0.5656 0.00390625 0.0024
0 0.0634765625 0.5648 0.0029296875 0.0024
0 0.0390625 0.5608 0.0029296875 0.004
0 0.0439453125 0.5656 0.0029296875 0.0024
0 0.0205078125 0.5616 0.0029296875 0.0032
0 0.0166015625 0.564 0.0029296875 0.0024
0 0.009765625 0.564 0.00390625 0.004
0 0.0009765625 0.564 0.001953125 0.0032
0 0.0537109375 0.584 0.0029296875 0.0032
0 0.0751953125 0.5624 0.0029296875 0.0032
0 0.0244140625 0.5712 0.0029296875 0.0024
0 0.021484375 0.568 0.0029296875 0.0032
0 0.00390625 0.564 0.001953125 0.0024
0 0.904296875 0.4632 0.0078125 0.0072
0 0.912109375 0.4616 0.0048828125 0.0072
0 0.9111328125 0.5016 0.005859375 0.0064
0 0.9091796875 0.4728 0.0087890625 0.0072
0 0.857421875 0.4448 0.0068359375 0.0112
0 0.2880859375 0.5456 0.00390625 0.004
0 0.296875 0.5456 0.00390625 0.0048
0 0.306640625 0.5472 0.00390625 0.004
0 0.30078125 0.5432 0.00390625 0.004
0 0.3056640625 0.5392 0.0029296875 0.004
0 0.30859375 0.5352 0.0029296875 0.004
0 0.3076171875 0.5288 0.00390625 0.004
0 0.318359375 0.5264 0.0029296875 0.0048
0 0.31640625 0.5376 0.0029296875 0.0032
0 0.3251953125 0.5408 0.00390625 0.004
0 0.3095703125 0.516 0.0048828125 0.004
0 0.302734375 0.5192 0.0048828125 0.004
0 0.287109375 0.5216 0.0029296875 0.0032
0 0.28515625 0.5304 0.0048828125 0.0032
0 0.291015625 0.532 0.00390625 0.0032
0 0.2734375 0.5496 0.0029296875 0.0024
0 0.271484375 0.5352 0.00390625 0.0032
0 0.28125 0.5264 0.00390625 0.0024
0 0.267578125 0.5488 0.0029296875 0.0032
0 0.2685546875 0.5536 0.00390625 0.0032
0 0.2626953125 0.5552 0.00390625 0.004
0 0.35546875 0.528 0.0048828125 0.004
0 0.3603515625 0.5304 0.0029296875 0.004
0 0.3388671875 0.528 0.0029296875 0.0032
0 0.3486328125 0.5328 0.0048828125 0.004
0 0.353515625 0.5016 0.0048828125 0.0048
0 0.3798828125 0.4984 0.00390625 0.004
0 0.3896484375 0.4944 0.0048828125 0.0048
0 0.419921875 0.4904 0.0048828125 0.0048
0 0.431640625 0.4904 0.0048828125 0.0056
0 0.4130859375 0.5144 0.00390625 0.0056
0 0.4072265625 0.5096 0.0048828125 0.0032
0 0.46875 0.4888 0.005859375 0.0056
0 0.4990234375 0.4968 0.005859375 0.0064
0 0.4921875 0.5072 0.0048828125 0.0048
0 0.4677734375 0.508 0.005859375 0.0048
0 0.4375 0.5016 0.0048828125 0.0048
0 0.4267578125 0.5032 0.0068359375 0.0064
0 0.3974609375 0.5176 0.005859375 0.0056
0 0.44140625 0.4848 0.005859375 0.0064
0 0.44921875 0.4792 0.005859375 0.0072