0 0.986328125 0.27718832891246686 0.0107421875 0.01856763925729443
0 0.9619140625 0.28116710875331563 0.0078125 0.015915119363395226
0 0.9482421875 0.3395225464190981 0.0048828125 0.007957559681697613
0 0.955078125 0.356763925729443 0.0048828125 0.007957559681697613
0 0.9775390625 0.35013262599469497 0.005859375 0.009283819628647215
0 0.986328125 0.356763925729443 0.005859375 0.009283819628647215
0 0.9912109375 0.34084880636604775 0.005859375 0.009283819628647215
0 0.9951171875 0.35145888594164454 0.0048828125 0.007957559681697613
0 0.994140625 0.36074270557029176 0.005859375 0.009283819628647215
0 0.98828125 0.3740053050397878 0.0078125 0.011936339522546418
0 0.9833984375 0.38726790450928383 0.0078125 0.010610079575596816
0 0.9677734375 0.40583554376657827 0.0078125 0.013262599469496022
0 0.97265625 0.3793103448275862 0.005859375 0.010610079575596816
0 0.970703125 0.3673740053050398 0.0068359375 0.010610079575596816
0 0.9580078125 0.383289124668435 0.0068359375 0.011936339522546418
0 0.9501953125 0.40981432360742703 0.0078125 0.011936339522546418
0 0.931640625 0.3925729442970822 0.0078125 0.011936339522546418
0 0.94921875 0.37002652519893897 0.0068359375 0.014588859416445624
0 0.9443359375 0.3713527851458886 0.0048828125 0.010610079575596816
0 0.9287109375 0.3726790450928382 0.0068359375 0.011936339522546418
0 0.923828125 0.35278514588859416 0.0068359375 0.011936339522546418
0 0.9296875 0.34880636604774534 0.0048828125 0.010610079575596816
0 0.91015625 0.4124668435013263 0.0068359375 0.011936339522546418
0 0.9189453125 0.38726790450928383 0.0068359375 0.013262599469496022
0 0.9033203125 0.3806366047745358 0.0068359375 0.011936339522546418
0 0.89453125 0.4124668435013263 0.0068359375 0.013262599469496022
0 0.8837890625 0.40848806366047746 0.0068359375 0.011936339522546418
0 0.87109375 0.40848806366047746 0.0068359375 0.013262599469496022
0 0.8740234375 0.3740053050397878 0.005859375 0.011936339522546418
0 0.8935546875 0.3793103448275862 0.0068359375 0.011936339522546418
0 0.8837890625 0.3806366047745358 0.0068359375 0.011936339522546418
0 0.8515625 0.3753315649867374 0.0048828125 0.011936339522546418
0 0.853515625 0.35145888594164454 0.0078125 0.010610079575596816
0 0.8720703125 0.35543766578249336 0.005859375 0.009283819628647215
0 0.880859375 0.35543766578249336 0.0048828125 0.006631299734748011
0 0.8876953125 0.35013262599469497 0.0048828125 0.009283819628647215
0 0.8955078125 0.3541114058355438 0.0068359375 0.010610079575596816
0 0.9033203125 0.3660477453580902 0.0048828125 0.009283819628647215
0 0.8994140625 0.36074270557029176 0.005859375 0.009283819628647215
0 0.873046875 0.3328912466843501 0.00390625 0.005305039787798408
0 0.8857421875 0.33554376657824936 0.00390625 0.006631299734748011
0 0.90234375 0.33421750663129973 0.0029296875 0.006631299734748011
0 0.9091796875 0.34350132625994695 0.005859375 0.009283819628647215
0 0.9130859375 0.35145888594164454 0.0048828125 0.007957559681697613
0 0.927734375 0.4124668435013263 0.0068359375 0.011936339522546418
0 0.8662109375 0.46153846153846156 0.0078125 0.014588859416445624
0 0.8662109375 0.48408488063660476 0.009765625 0.014588859416445624
0 0.822265625 0.3952254641909814 0.005859375 0.010610079575596816
0 0.810546875 0.40185676392572944 0.005859375 0.009283819628647215
0 0.8203125 0.4177718832891247 0.005859375 0.011936339522546418
0 0.7978515625 0.45755968169761274 0.0087890625 0.014588859416445624
0 0.8154296875 0.46021220159151194 0.0068359375 0.011936339522546418
0 0.7958984375 0.4376657824933687 0.0068359375 0.014588859416445624
0 0.8212890625 0.3740053050397878 0.005859375 0.011936339522546418
0 0.8017578125 0.363395225464191 0.005859375 0.011936339522546418
0 0.7939453125 0.363395225464191 0.005859375 0.010610079575596816
0 0.775390625 0.4880636604774536 0.0078125 0.01856763925729443
0 0.75390625 0.4973474801061008 0.009765625 0.015915119363395226
0 0.76171875 0.46286472148541113 0.0078125 0.014588859416445624
0 0.755859375 0.46153846153846156 0.0068359375 0.013262599469496022
0 0.7333984375 0.493368700265252 0.0087890625 0.017241379310344827
0 0.7119140625 0.493368700265252 0.009765625 0.01856763925729443
0 0.73828125 0.473474801061008 0.0087890625 0.015915119363395226
0 0.74609375 0.46021220159151194 0.0078125 0.013262599469496022
0 0.7265625 0.46153846153846156 0.0087890625 0.014588859416445624
0 0.7392578125 0.4482758620689655 0.0078125 0.014588859416445624
0 0.751953125 0.4376657824933687 0.0068359375 0.013262599469496022
0 0.7529296875 0.4217506631299735 0.0078125 0.011936339522546418
0 0.7265625 0.43103448275862066 0.0078125 0.010610079575596816
0 0.716796875 0.4389920424403183 0.0078125 0.015915119363395226
0 0.796875 0.3912466843501326 0.0068359375 0.011936339522546418
0 0.712890625 0.35145888594164454 0.00390625 0.006631299734748011
0 0.7236328125 0.34880636604774534 0.00390625 0.007957559681697613
0 0.751953125 0.34615384615384615 0.00390625 0.006631299734748011
0 0.755859375 0.3620689655172414 0.0048828125 0.009283819628647215
0 0.76171875 0.3660477453580902 0.00390625 0.007957559681697613
0 0.7666015625 0.3925729442970822 0.00390625 0.007957559681697613
0 0.7294921875 0.38461538461538464 0.0048828125 0.007957559681697613
0 0.720703125 0.383289124668435 0.00390625 0.007957559681697613
0 0.7275390625 0.3687002652519894 0.00390625 0.006631299734748011
0 0.7314453125 0.3687002652519894 0.0029296875 0.006631299734748011
0 0.7333984375 0.3620689655172414 0.0029296875 0.005305039787798408
0 0.7451171875 0.3647214854111406 0.00390625 0.006631299734748011
0 0.7529296875 0.38992042440318303 0.0048828125 0.009283819628647215
0 0.9853515625 0.42572944297082227 0.005859375 0.011936339522546418
0 0.8779296875 0.4496021220159151 0.0068359375 0.014588859416445624
0 0.900390625 0.44562334217506633 0.0068359375 0.015915119363395226
0 0.912109375 0.44297082228116713 0.0087890625 0.014588859416445624
0 0.935546875 0.45755968169761274 0.0078125 0.014588859416445624
0 0.9248046875 0.4442970822281167 0.0068359375 0.013262599469496022
0 0.904296875 0.48143236074270557 0.0078125 0.015915119363395226
0 0.916015625 0.46551724137931033 0.0078125 0.014588859416445624
0 0.9013671875 0.45755968169761274 0.0078125 0.014588859416445624
0 0.8818359375 0.5278514588859416 0.0126953125 0.021220159151193633
0 0.86328125 0.5384615384615384 0.009765625 0.015915119363395226
0 0.8876953125 0.5570291777188329 0.013671875 0.023872679045092837
0 0.9111328125 0.5742705570291777 0.0126953125 0.01989389920424403
0 0.91796875 0.5424403183023873 0.0107421875 0.01989389920424403
0 0.927734375 0.5583554376657824 0.0126953125 0.022546419098143235
0 0.935546875 0.5397877984084881 0.0078125 0.014588859416445624
0 0.9521484375 0.5411140583554377 0.0126953125 0.01989389920424403
0 0.9453125 0.53315649867374 0.009765625 0.015915119363395226
0 0.94140625 0.4946949602122016 0.0087890625 0.014588859416445624
0 0.9697265625 0.4496021220159151 0.0078125 0.013262599469496022
0 0.9814453125 0.4588859416445623 0.0087890625 0.014588859416445624
0 0.9931640625 0.46684350132625996 0.0078125 0.014588859416445624
0 0.982421875 0.5251989389920424 0.009765625 0.017241379310344827
0 0.9462890625 0.5848806366047745 0.0126953125 0.023872679045092837
0 0.9619140625 0.5941644562334217 0.01171875 0.023872679045092837
0 0.9423828125 0.6273209549071618 0.0107421875 0.027851458885941646
0 0.9541015625 0.6259946949602122 0.015625 0.034482758620689655
0 0.884765625 0.5981432360742706 0.01171875 0.01989389920424403
0 0.8935546875 0.6193633952254642 0.015625 0.029177718832891247
0 0.861328125 0.603448275862069 0.015625 0.025198938992042442
0 0.6591796875 0.5172413793103449 0.0107421875 0.01856763925729443
0 0.654296875 0.5013262599469496 0.009765625 0.014588859416445624
0 0.66796875 0.48143236074270557 0.0087890625 0.017241379310344827
0 0.6806640625 0.47877984084880637 0.0068359375 0.017241379310344827
0 0.701171875 0.45490716180371354 0.0068359375 0.014588859416445624
0 0.689453125 0.4535809018567639 0.0078125 0.013262599469496022
0 0.67578125 0.4562334217506631 0.0068359375 0.011936339522546418
0 0.7060546875 0.4177718832891247 0.005859375 0.010610079575596816
0 0.6943359375 0.4177718832891247 0.005859375 0.007957559681697613
0 0.6845703125 0.4151193633952255 0.0068359375 0.010610079575596816
0 0.6865234375 0.4389920424403183 0.005859375 0.010610079575596816
0 0.669921875 0.4217506631299735 0.0068359375 0.011936339522546418
0 0.6533203125 0.4336870026525199 0.0068359375 0.010610079575596816
0 0.6630859375 0.39655172413793105 0.005859375 0.010610079575596816
0 0.703125 0.3753315649867374 0.005859375 0.010610079575596816
0 0.6474609375 0.3978779840848806 0.005859375 0.010610079575596816
0 0.6201171875 0.4336870026525199 0.0078125 0.014588859416445624
0 0.619140625 0.40848806366047746 0.005859375 0.011936339522546418
0 0.626953125 0.37002652519893897 0.00390625 0.009283819628647215
0 0.806640625 0.493368700265252 0.009765625 0.01856763925729443
0 0.7548828125 0.5424403183023873 0.0107421875 0.021220159151193633
0 0.7314453125 0.5649867374005305 0.0126953125 0.023872679045092837
0 0.7109375 0.5954907161803713 0.0146484375 0.025198938992042442
0 0.7041015625 0.6259946949602122 0.0126953125 0.023872679045092837
0 0.728515625 0.6671087533156499 0.0166015625 0.034482758620689655
0 0.849609375 0.6339522546419099 0.0166015625 0.029177718832891247
0 0.86328125 0.6830238726790451 0.017578125 0.03050397877984085
0 0.9013671875 0.6843501326259946 0.017578125 0.033156498673740056
0 0.8681640625 0.7281167108753316 0.01953125 0.03713527851458886
0 0.80078125 0.7082228116710876 0.017578125 0.03713527851458886
0 0.7705078125 0.7294429708222812 0.01953125 0.03183023872679045
0 0.7314453125 0.7294429708222812 0.01953125 0.033156498673740056
0 0.685546875 0.7161803713527851 0.017578125 0.033156498673740056
0 0.654296875 0.7320954907161804 0.0205078125 0.03050397877984085
0 0.6708984375 0.6923076923076923 0.0166015625 0.034482758620689655
0 0.6787109375 0.6392572944297082 0.0146484375 0.03050397877984085
0 0.6650390625 0.6246684350132626 0.0126953125 0.025198938992042442
0 0.6611328125 0.610079575596817 0.0126953125 0.025198938992042442
0 0.677734375 0.5875331564986738 0.0126953125 0.025198938992042442
0 0.6728515625 0.5742705570291777 0.0107421875 0.021220159151193633
0 0.6591796875 0.5862068965517241 0.009765625 0.017241379310344827
0 0.6142578125 0.6976127320954907 0.01171875 0.029177718832891247
0 0.60546875 0.6525198938992043 0.013671875 0.029177718832891247
0 0.615234375 0.6286472148541115 0.013671875 0.023872679045092837
0 0.6220703125 0.5928381962864722 0.01171875 0.025198938992042442
0 0.619140625 0.5623342175066313 0.0087890625 0.01856763925729443
0 0.56640625 0.636604774535809 0.0126953125 0.023872679045092837
0 0.5830078125 0.5755968169761273 0.01171875 0.025198938992042442
0 0.5888671875 0.5384615384615384 0.01171875 0.01989389920424403
0 0.6220703125 0.5238726790450928 0.0126953125 0.01856763925729443
0 0.6923828125 0.5663129973474801 0.0087890625 0.01989389920424403
0 0.6181640625 0.5053050397877984 0.009765625 0.017241379310344827
0 0.611328125 0.4827586206896552 0.0087890625 0.015915119363395226
0 0.6376953125 0.4960212201591512 0.009765625 0.014588859416445624
0 0.6572265625 0.46286472148541113 0.0068359375 0.015915119363395226
0 0.646484375 0.46153846153846156 0.0068359375 0.013262599469496022
0 0.630859375 0.45225464190981435 0.005859375 0.010610079575596816
0 0.6171875 0.46949602122015915 0.0087890625 0.014588859416445624
0 0.611328125 0.45755968169761274 0.0068359375 0.014588859416445624
0 0.5966796875 0.44562334217506633 0.005859375 0.014588859416445624
0 0.5791015625 0.4946949602122016 0.0107421875 0.021220159151193633
0 0.576171875 0.47214854111405835 0.0068359375 0.011936339522546418
0 0.5751953125 0.4442970822281167 0.005859375 0.011936339522546418
0 0.5830078125 0.4376657824933687 0.005859375 0.011936339522546418
0 0.564453125 0.4907161803713528 0.0087890625 0.015915119363395226
0 0.5927734375 0.40185676392572944 0.0068359375 0.010610079575596816
0 0.6123046875 0.40318302387267907 0.005859375 0.010610079575596816
0 0.5810546875 0.39920424403183025 0.00390625 0.009283819628647215
0 0.564453125 0.40583554376657827 0.005859375 0.009283819628647215
0 0.568359375 0.3978779840848806 0.005859375 0.009283819628647215
0 0.62890625 0.39655172413793105 0.00390625 0.007957559681697613
0 0.6787109375 0.3885941644562334 0.0048828125 0.009283819628647215
0 0.986328125 0.656498673740053 0.0166015625 0.03050397877984085
0 0.9765625 0.7347480106100795 0.0185546875 0.034482758620689655
0 0.9443359375 0.726790450928382 0.01953125 0.034482758620689655
0 0.912109375 0.7347480106100795 0.0224609375 0.03713527851458886
0 0.9248046875 0.7705570291777188 0.0234375 0.04111405835543767
0 0.7470703125 0.7904509283819628 0.0234375 0.03713527851458886
0 0.7158203125 0.7679045092838196 0.015625 0.03050397877984085
0 0.64453125 0.8023872679045093 0.0244140625 0.038461538461538464
0 0.5546875 0.6737400530503979 0.0146484375 0.029177718832891247
0 0.51171875 0.6538461538461539 0.015625 0.027851458885941646
0 0.484375 0.6989389920424404 0.0146484375 0.03050397877984085
0 0.5263671875 0.7824933687002652 0.021484375 0.034482758620689655
0 0.505859375 0.7745358090185677 0.0185546875 0.038461538461538464
0 0.4775390625 0.7997347480106101 0.0205078125 0.038461538461538464
0 0.5751953125 0.8037135278514589 0.01953125 0.04111405835543767
0 0.5078125 0.6259946949602122 0.0146484375 0.027851458885941646
0 0.560546875 0.7546419098143236 0.017578125 0.029177718832891247
0 0.525390625 0.7413793103448276 0.017578125 0.029177718832891247
0 0.5224609375 0.6724137931034483 0.009765625 0.029177718832891247
0 0.439453125 0.7970822281167109 0.01953125 0.034482758620689655
0 0.4365234375 0.8527851458885941 0.021484375 0.025198938992042442
0 0.408203125 0.7705570291777188 0.0234375 0.029177718832891247
0 0.4384765625 0.7228116710875332 0.01953125 0.03580901856763926
0 0.427734375 0.713527851458886 0.0126953125 0.027851458885941646
0 0.3671875 0.7029177718832891 0.015625 0.026525198938992044
0 0.40625 0.6790450928381963 0.0146484375 0.025198938992042442
0 0.4287109375 0.6525198938992043 0.017578125 0.033156498673740056
0 0.48046875 0.6458885941644562 0.0126953125 0.026525198938992044
0 0.396484375 0.6193633952254642 0.0126953125 0.023872679045092837
0 0.388671875 0.6114058355437666 0.01171875 0.022546419098143235
0 0.3564453125 0.6153846153846154 0.013671875 0.022546419098143235
0 0.421875 0.6140583554376657 0.0146484375 0.023872679045092837
0 0.4228515625 0.5676392572944297 0.013671875 0.023872679045092837
0 0.4892578125 0.5928381962864722 0.013671875 0.01989389920424403
0 0.5634765625 0.5862068965517241 0.01171875 0.01989389920424403
0 0.55859375 0.5503978779840849 0.0126953125 0.022546419098143235
0 0.55078125 0.5371352785145889 0.01171875 0.015915119363395226
0 0.544921875 0.513262599469496 0.009765625 0.015915119363395226
0 0.515625 0.5570291777188329 0.01171875 0.01989389920424403
0 0.34765625 0.5769230769230769 0.01171875 0.022546419098143235
0 0.39453125 0.5769230769230769 0.01171875 0.021220159151193633
0 0.3857421875 0.5742705570291777 0.009765625 0.021220159151193633
0 0.376953125 0.5503978779840849 0.0107421875 0.021220159151193633
0 0.3876953125 0.5503978779840849 0.009765625 0.01989389920424403
0 0.4091796875 0.5450928381962865 0.0107421875 0.017241379310344827
0 0.40234375 0.5238726790450928 0.0107421875 0.017241379310344827
0 0.3818359375 0.5212201591511937 0.009765625 0.01856763925729443
0 0.447265625 0.5822281167108754 0.0107421875 0.023872679045092837
0 0.4697265625 0.5596816976127321 0.0107421875 0.01989389920424403
0 0.5078125 0.5424403183023873 0.01171875 0.01989389920424403
0 0.5234375 0.5397877984084881 0.009765625 0.01856763925729443
0 0.484375 0.5265251989389921 0.0107421875 0.01856763925729443
0 0.494140625 0.506631299734748 0.009765625 0.017241379310344827
0 0.453125 0.5265251989389921 0.0126953125 0.01856763925729443
0 0.431640625 0.5185676392572944 0.0107421875 0.017241379310344827
0 0.4111328125 0.5 0.009765625 0.017241379310344827
0 0.3935546875 0.4946949602122016 0.009765625 0.015915119363395226
0 0.3798828125 0.47214854111405835 0.0087890625 0.013262599469496022
0 0.392578125 0.47214854111405835 0.0068359375 0.013262599469496022
0 0.4052734375 0.4761273209549072 0.0087890625 0.015915119363395226
0 0.4287109375 0.48143236074270557 0.0078125 0.015915119363395226
0 0.4423828125 0.4946949602122016 0.0068359375 0.013262599469496022
0 0.4609375 0.5106100795755968 0.009765625 0.01856763925729443
0 0.5302734375 0.4761273209549072 0.0087890625 0.014588859416445624
0 0.5302734375 0.46419098143236076 0.0087890625 0.013262599469496022
0 0.5361328125 0.4509283819628647 0.0068359375 0.011936339522546418
0 0.5478515625 0.4973474801061008 0.0107421875 0.015915119363395226
0 0.578125 0.5212201591511937 0.0107421875 0.017241379310344827
0 0.55859375 0.47745358090185674 0.0078125 0.011936339522546418
0 0.5615234375 0.45755968169761274 0.009765625 0.014588859416445624
0 0.556640625 0.4496021220159151 0.0078125 0.011936339522546418
0 0.55078125 0.4469496021220159 0.0068359375 0.013262599469496022
0 0.5556640625 0.4376657824933687 0.0068359375 0.013262599469496022
0 0.521484375 0.4389920424403183 0.0068359375 0.014588859416445624
0 0.5400390625 0.43103448275862066 0.005859375 0.010610079575596816
0 0.466796875 0.48673740053050396 0.0087890625 0.015915119363395226
0 0.3486328125 0.48938992042440316 0.009765625 0.014588859416445624
0 0.341796875 0.46286472148541113 0.005859375 0.013262599469496022
0 0.3486328125 0.4482758620689655 0.0068359375 0.010610079575596816
0 0.365234375 0.4509283819628647 0.0068359375 0.013262599469496022
0 0.365234375 0.4708222811671088 0.0078125 0.017241379310344827
0 0.384765625 0.46021220159151194 0.0078125 0.011936339522546418
0 0.4111328125 0.46153846153846156 0.0068359375 0.013262599469496022
0 0.439453125 0.46684350132625996 0.0087890625 0.014588859416445624
0 0.4443359375 0.46949602122015915 0.0048828125 0.011936339522546418
0 0.4677734375 0.4708222811671088 0.0068359375 0.011936339522546418
0 0.4814453125 0.46153846153846156 0.005859375 0.014588859416445624
0 0.4619140625 0.4496021220159151 0.0078125 0.014588859416445624
0 0.4541015625 0.4469496021220159 0.0068359375 0.011936339522546418
0 0.447265625 0.4535809018567639 0.0078125 0.010610079575596816
0 0.4375 0.4416445623342175 0.0078125 0.013262599469496022
0 0.419921875 0.4496021220159151 0.0068359375 0.014588859416445624
0 0.412109375 0.4482758620689655 0.0078125 0.011936339522546418
0 0.396484375 0.4416445623342175 0.0068359375 0.010610079575596816
0 0.3828125 0.4442970822281167 0.0068359375 0.011936339522546418
0 0.3662109375 0.4350132625994695 0.005859375 0.011936339522546418
0 0.47265625 0.4535809018567639 0.005859375 0.013262599469496022
0 0.2119140625 0.8063660477453581 0.0234375 0.04111405835543767
0 0.1923828125 0.7931034482758621 0.0185546875 0.03183023872679045
0 0.0537109375 0.830238726790451 0.021484375 0.03978779840848806
0 0.013671875 0.850132625994695 0.0283203125 0.05172413793103448
0 0.0341796875 0.7904509283819628 0.021484375 0.03713527851458886
0 0.099609375 0.7957559681697612 0.0205078125 0.042440318302387266
0 0.154296875 0.7824933687002652 0.0185546875 0.038461538461538464
0 0.1708984375 0.7374005305039788 0.021484375 0.034482758620689655
0 0.2333984375 0.7360742705570292 0.013671875 0.033156498673740056
0 0.2802734375 0.7228116710875332 0.0146484375 0.03183023872679045
0 0.3115234375 0.7559681697612732 0.0185546875 0.03183023872679045
0 0.33203125 0.6962864721485411 0.0068359375 0.027851458885941646
0 0.322265625 0.6896551724137931 0.013671875 0.03050397877984085
0 0.2373046875 0.6525198938992043 0.017578125 0.033156498673740056
0 0.1962890625 0.6816976127320955 0.015625 0.03183023872679045
0 0.1298828125 0.713527851458886 0.0166015625 0.033156498673740056
0 0.091796875 0.7122015915119363 0.01953125 0.033156498673740056
0 0.052734375 0.6976127320954907 0.0166015625 0.027851458885941646
0 0.0634765625 0.6618037135278515 0.015625 0.027851458885941646
0 0.0283203125 0.6472148541114059 0.0146484375 0.029177718832891247
0 0.1103515625 0.6684350132625995 0.013671875 0.026525198938992044
0 0.1220703125 0.636604774535809 0.0126953125 0.025198938992042442
0 0.1533203125 0.6259946949602122 0.013671875 0.025198938992042442
0 0.17578125 0.623342175066313 0.013671875 0.027851458885941646
0 0.205078125 0.6074270557029178 0.0126953125 0.022546419098143235
0 0.220703125 0.6326259946949602 0.0126953125 0.026525198938992044
0 0.08984375 0.6259946949602122 0.015625 0.026525198938992044
0 0.03125 0.5928381962864722 0.0146484375 0.025198938992042442
0 0.056640625 0.5994694960212201 0.013671875 0.026525198938992044
0 0.2861328125 0.596816976127321 0.0146484375 0.025198938992042442
0 0.32421875 0.5742705570291777 0.01171875 0.023872679045092837
0 0.3271484375 0.6061007957559682 0.0126953125 0.025198938992042442
0 0.2685546875 0.5570291777188329 0.013671875 0.023872679045092837
0 0.2431640625 0.5596816976127321 0.013671875 0.025198938992042442
0 0.205078125 0.5862068965517241 0.013671875 0.022546419098143235
0 0.205078125 0.5610079575596817 0.013671875 0.022546419098143235
0 0.1591796875 0.5729442970822282 0.013671875 0.025198938992042442
0 0.13671875 0.5676392572944297 0.01171875 0.022546419098143235
0 0.1201171875 0.5623342175066313 0.009765625 0.021220159151193633
0 0.0888671875 0.5583554376657824 0.0126953125 0.022546419098143235
0 0.046875 0.5596816976127321 0.0126953125 0.021220159151193633
0 0.111328125 0.4442970822281167 0.005859375 0.009283819628647215
0 0.06640625 0.45225464190981435 0.0068359375 0.010610079575596816
0 0.087890625 0.46684350132625996 0.0078125 0.010610079575596816
0 0.0537109375 0.45755968169761274 0.0078125 0.010610079575596816
0 0.095703125 0.4389920424403183 0.005859375 0.009283819628647215
0 0.087890625 0.42838196286472147 0.0048828125 0.009283819628647215
0 0.00390625 0.4708222811671088 0.0068359375 0.013262599469496022
0 0.0146484375 0.45225464190981435 0.0078125 0.013262599469496022
0 0.0341796875 0.4562334217506631 0.0068359375 0.011936339522546418
0 0.0263671875 0.45490716180371354 0.005859375 0.010610079575596816
0 0.0302734375 0.47480106100795755 0.0078125 0.013262599469496022
0 0.0263671875 0.4323607427055703 0.005859375 0.009283819628647215
0 0.0126953125 0.43103448275862066 0.005859375 0.009283819628647215
0 0.01953125 0.40583554376657827 0.00390625 0.009283819628647215
0 0.0517578125 0.4244031830238727 0.0048828125 0.009283819628647215
0 0.080078125 0.45755968169761274 0.0068359375 0.011936339522546418
0 0.0966796875 0.4827586206896552 0.0078125 0.010610079575596816
0 0.0693359375 0.4204244031830239 0.0048828125 0.010610079575596816
0 0.119140625 0.4217506631299735 0.005859375 0.007957559681697613
0 0.044921875 0.45225464190981435 0.0068359375 0.010610079575596816
0 0.083984375 0.3978779840848806 0.00390625 0.007957559681697613
0 0.0546875 0.47480106100795755 0.0048828125 0.010610079575596816
0 0.0595703125 0.47745358090185674 0.0048828125 0.011936339522546418
0 0.123046875 0.43103448275862066 0.0048828125 0.010610079575596816
0 0.015625 0.4854111405835544 0.0078125 0.013262599469496022
0 0.017578125 0.5092838196286472 0.0087890625 0.013262599469496022
0 0.03515625 0.5106100795755968 0.0078125 0.013262599469496022
0 0.0390625 0.5424403183023873 0.009765625 0.017241379310344827
0 0.0517578125 0.5079575596816976 0.0078125 0.014588859416445624
0 0.0625 0.5053050397877984 0.0068359375 0.014588859416445624
0 0.1494140625 0.5172413793103449 0.0087890625 0.014588859416445624
0 0.1591796875 0.5185676392572944 0.0078125 0.013262599469496022
0 0.16796875 0.5450928381962865 0.009765625 0.01856763925729443
0 0.0830078125 0.5092838196286472 0.0068359375 0.013262599469496022
0 0.126953125 0.4986737400530504 0.0078125 0.013262599469496022
0 0.1650390625 0.4854111405835544 0.0078125 0.013262599469496022
0 0.1474609375 0.4920424403183024 0.0068359375 0.013262599469496022
0 0.1171875 0.47745358090185674 0.0068359375 0.013262599469496022
0 0.3388671875 0.5291777188328912 0.0107421875 0.01989389920424403
0 0.328125 0.5238726790450928 0.009765625 0.01989389920424403
0 0.25 0.5424403183023873 0.009765625 0.017241379310344827
0 0.2412109375 0.5265251989389921 0.009765625 0.015915119363395226
0 0.212890625 0.519893899204244 0.0107421875 0.01856763925729443
0 0.1826171875 0.5238726790450928 0.009765625 0.015915119363395226
0 0.18359375 0.596816976127321 0.0107421875 0.022546419098143235
0 0.2509765625 0.623342175066313 0.0126953125 0.021220159151193633
0 0.2041015625 0.4946949602122016 0.0078125 0.014588859416445624
0 0.240234375 0.5013262599469496 0.0087890625 0.01856763925729443
0 0.2626953125 0.5013262599469496 0.0078125 0.015915119363395226
0 0.1357421875 0.5251989389920424 0.0087890625 0.017241379310344827
0 0.16015625 0.4469496021220159 0.0048828125 0.010610079575596816
0 0.1767578125 0.4509283819628647 0.0068359375 0.010610079575596816
0 0.1923828125 0.4509283819628647 0.0048828125 0.013262599469496022
0 0.2001953125 0.45490716180371354 0.0068359375 0.011936339522546418
0 0.2216796875 0.4562334217506631 0.0068359375 0.011936339522546418
0 0.234375 0.45225464190981435 0.0068359375 0.010610079575596816
0 0.2529296875 0.4442970822281167 0.0048828125 0.010610079575596816
0 0.263671875 0.4363395225464191 0.005859375 0.010610079575596816
0 0.2880859375 0.46551724137931033 0.0068359375 0.013262599469496022
0 0.2568359375 0.48010610079575594 0.0068359375 0.014588859416445624
0 0.2412109375 0.47877984084880637 0.0078125 0.013262599469496022
0 0.275390625 0.5358090185676393 0.01171875 0.021220159151193633
0 0.3017578125 0.4946949602122016 0.0087890625 0.014588859416445624
0 0.28125 0.5172413793103449 0.0087890625 0.014588859416445624
0 0.3056640625 0.5053050397877984 0.0078125 0.013262599469496022
0 0.2900390625 0.4827586206896552 0.0078125 0.011936339522546418
0 0.302734375 0.4761273209549072 0.0068359375 0.010610079575596816
0 0.30078125 0.45490716180371354 0.005859375 0.013262599469496022
0 0.279296875 0.45225464190981435 0.005859375 0.010610079575596816
0 0.224609375 0.4403183023872679 0.0048828125 0.010610079575596816
0 0.2119140625 0.44297082228116713 0.005859375 0.010610079575596816
0 0.2802734375 0.4376657824933687 0.005859375 0.010610079575596816
0 0.3115234375 0.4323607427055703 0.005859375 0.010610079575596816
0 0.005859375 0.6949602122015915 0.01171875 0.029177718832891247
0 0.0048828125 0.610079575596817 0.009765625 0.022546419098143235
0 0.2216796875 0.7228116710875332 0.0185546875 0.034482758620689655
0 0.7529296875 0.8514588859416445 0.01953125 0.03183023872679045
0 0.29296875 0.7042440318302388 0.015625 0.022546419098143235
0 0.00390625 0.41909814323607425 0.0048828125 0.009283819628647215
0 0.029296875 0.40318302387267907 0.0048828125 0.009283819628647215
0 0.0390625 0.4323607427055703 0.005859375 0.007957559681697613
0 0.056640625 0.40716180371352784 0.005859375 0.009283819628647215
0 0.1025390625 0.4204244031830239 0.0048828125 0.009283819628647215
0 0.1142578125 0.41644562334217505 0.0048828125 0.009283819628647215
0 0.103515625 0.4124668435013263 0.005859375 0.009283819628647215
0 0.1298828125 0.4336870026525199 0.005859375 0.010610079575596816
0 0.140625 0.4496021220159151 0.005859375 0.009283819628647215
0 0.134765625 0.46153846153846156 0.0087890625 0.013262599469496022
0 0.1669921875 0.4403183023872679 0.0048828125 0.010610079575596816
0 0.134765625 0.4217506631299735 0.0048828125 0.010610079575596816
0 0.1708984375 0.43103448275862066 0.0048828125 0.009283819628647215
0 0.1923828125 0.4297082228116711 0.005859375 0.011936339522546418
0 0.2158203125 0.4217506631299735 0.0048828125 0.009283819628647215
0 0.138671875 0.41114058355437666 0.00390625 0.009283819628647215
0 0.1552734375 0.40981432360742703 0.005859375 0.010610079575596816
0 0.162109375 0.41379310344827586 0.0048828125 0.009283819628647215
0 0.1689453125 0.41644562334217505 0.005859375 0.010610079575596816
0 0.24609375 0.41909814323607425 0.005859375 0.009283819628647215
0 0.1865234375 0.41379310344827586 0.005859375 0.009283819628647215
0 0.201171875 0.41909814323607425 0.0048828125 0.010610079575596816
0 0.234375 0.43103448275862066 0.005859375 0.009283819628647215
0 0.251953125 0.4005305039787798 0.00390625 0.009283819628647215
0 0.21484375 0.40981432360742703 0.0048828125 0.009283819628647215
0 0.1708984375 0.39920424403183025 0.00390625 0.009283819628647215
0 0.4765625 0.4177718832891247 0.005859375 0.010610079575596816
0 0.384765625 0.4124668435013263 0.005859375 0.010610079575596816
0 0.3701171875 0.4217506631299735 0.005859375 0.009283819628647215
0 0.2744140625 0.41909814323607425 0.005859375 0.009283819628647215
0 0.3466796875 0.40318302387267907 0.005859375 0.010610079575596816
0 0.291015625 0.4270557029177719 0.005859375 0.009283819628647215
0 0.3984375 0.4230769230769231 0.0078125 0.010610079575596816
0 0.46875 0.41379310344827586 0.005859375 0.007957559681697613
0 0.49609375 0.38992042440318303 0.005859375 0.010610079575596816
0 0.3916015625 0.40848806366047746 0.005859375 0.010610079575596816
0 0.5205078125 0.40583554376657827 0.005859375 0.007957559681697613
0 0.4677734375 0.3952254641909814 0.00390625 0.007957559681697613
0 0.53515625 0.41114058355437666 0.0048828125 0.009283819628647215
0 0.5986328125 0.39389920424403185 0.0048828125 0.007957559681697613
0 0.607421875 0.3885941644562334 0.0048828125 0.007957559681697613
0 0.611328125 0.4336870026525199 0.0078125 0.010610079575596816
0 0.59375 0.4376657824933687 0.005859375 0.010610079575596816
0 0.64453125 0.42838196286472147 0.0068359375 0.009283819628647215
0 0.625 0.4244031830238727 0.005859375 0.010610079575596816
0 0.544921875 0.4124668435013263 0.005859375 0.006631299734748011
0 0.5498046875 0.39655172413793105 0.0048828125 0.009283819628647215
0 0.5576171875 0.39655172413793105 0.005859375 0.009283819628647215
0 0.5009765625 0.3819628647214854 0.0048828125 0.009283819628647215
0 0.57421875 0.3912466843501326 0.0048828125 0.009283819628647215
0 0.8271484375 0.3660477453580902 0.0078125 0.011936339522546418
0 0.8427734375 0.3819628647214854 0.0048828125 0.007957559681697613
0 0.8359375 0.3713527851458886 0.0048828125 0.007957559681697613
0 0.6650390625 0.3819628647214854 0.00390625 0.006631299734748011
0 0.66015625 0.3620689655172414 0.0048828125 0.007957559681697613
0 0.66796875 0.3541114058355438 0.0048828125 0.007957559681697613
0 0.6328125 0.37002652519893897 0.0048828125 0.007957559681697613
0 0.6103515625 0.3753315649867374 0.0048828125 0.009283819628647215
0 0.5361328125 0.3819628647214854 0.00390625 0.007957559681697613
0 0.5322265625 0.383289124668435 0.0048828125 0.007957559681697613
0 0.513671875 0.3952254641909814 0.00390625 0.009283819628647215
0 0.5185546875 0.3793103448275862 0.00390625 0.007957559681697613
0 0.5078125 0.3819628647214854 0.00390625 0.009283819628647215
0 0.5556640625 0.3806366047745358 0.00390625 0.006631299734748011
0 0.5859375 0.38461538461538464 0.00390625 0.009283819628647215
0 0.5498046875 0.3793103448275862 0.0048828125 0.006631299734748011
0 0.447265625 0.3912466843501326 0.0048828125 0.009283819628647215
0 0.3662109375 0.41379310344827586 0.0048828125 0.009283819628647215
0 0.4140625 0.38992042440318303 0.0048828125 0.007957559681697613
0 0.4345703125 0.38992042440318303 0.00390625 0.007957559681697613
0 0.4619140625 0.383289124668435 0.0048828125 0.007957559681697613
0 0.392578125 0.3859416445623342 0.0029296875 0.009283819628647215
0 0.37109375 0.3885941644562334 0.0048828125 0.007957559681697613
0 0.484375 0.3726790450928382 0.0029296875 0.005305039787798408
0 0.494140625 0.3726790450928382 0.00390625 0.005305039787798408
0 0.5107421875 0.3726790450928382 0.00390625 0.005305039787798408
0 0.2138671875 0.3978779840848806 0.0068359375 0.010610079575596816
0 0.2060546875 0.4005305039787798 0.0068359375 0.009283819628647215
0 0.1279296875 0.4005305039787798 0.0068359375 0.011936339522546418
0 0.1171875 0.3925729442970822 0.0048828125 0.009283819628647215
0 0.09765625 0.39920424403183025 0.0048828125 0.009283819628647215
0 0.138671875 0.39655172413793105 0.0048828125 0.007957559681697613
0 0.0205078125 0.4244031830238727 0.0048828125 0.007957559681697613
0 0.10546875 0.4336870026525199 0.005859375 0.010610079575596816
0 0.294921875 0.40583554376657827 0.0048828125 0.009283819628647215
0 0.240234375 0.39920424403183025 0.005859375 0.009283819628647215
0 0.2841796875 0.39655172413793105 0.0048828125 0.009283819628647215
0 0.3251953125 0.3978779840848806 0.00390625 0.007957559681697613
0 0.330078125 0.3952254641909814 0.005859375 0.010610079575596816
0 0.255859375 0.3925729442970822 0.00390625 0.007957559681697613
0 0.236328125 0.3912466843501326 0.0048828125 0.009283819628647215
0 0.2919921875 0.4376657824933687 0.005859375 0.010610079575596816
0 0.294921875 0.4482758620689655 0.0068359375 0.009283819628647215
0 0.271484375 0.39389920424403185 0.00390625 0.007957559681697613
0 0.3251953125 0.4363395225464191 0.0068359375 0.009283819628647215
0 0.3232421875 0.473474801061008 0.005859375 0.011936339522546418
0 0.3427734375 0.42572944297082227 0.0068359375 0.010610079575596816
0 0.34765625 0.4376657824933687 0.0048828125 0.010610079575596816
0 0.33203125 0.42838196286472147 0.0068359375 0.007957559681697613
0 0.3515625 0.4244031830238727 0.0068359375 0.009283819628647215
0 0.412109375 0.4204244031830239 0.00390625 0.007957559681697613
0 0.4404296875 0.40981432360742703 0.005859375 0.010610079575596816
0 0.4560546875 0.40981432360742703 0.0068359375 0.013262599469496022
0 0.453125 0.4363395225464191 0.005859375 0.010610079575596816
0 0.4755859375 0.38726790450928383 0.0029296875 0.005305039787798408
0 0.2587890625 0.5238726790450928 0.009765625 0.015915119363395226
0 0.978515625 0.7201591511936339 0.021484375 0.038461538461538464
0 0.91015625 0.6644562334217506 0.0185546875 0.027851458885941646
0 0.8134765625 0.7029177718832891 0.017578125 0.033156498673740056
0 0.98828125 0.5557029177718833 0.013671875 0.017241379310344827