0 0.00390625 0.6143695014662757 0.0087890625 0.036656891495601175
0 0.0400390625 0.6129032258064516 0.0146484375 0.024926686217008796
0 0.0654296875 0.6231671554252199 0.013671875 0.03225806451612903
0 0.0751953125 0.6407624633431085 0.0107421875 0.021994134897360705
0 0.0888671875 0.656891495601173 0.0126953125 0.02785923753665689
0 0.0849609375 0.6070381231671554 0.013671875 0.024926686217008796
0 0.109375 0.6143695014662757 0.0185546875 0.039589442815249266
0 0.12890625 0.6231671554252199 0.017578125 0.030791788856304986
0 0.1484375 0.6363636363636364 0.0107421875 0.01906158357771261
0 0.1552734375 0.6187683284457478 0.0126953125 0.021994134897360705
0 0.16796875 0.6290322580645161 0.0166015625 0.03519061583577713
0 0.119140625 0.5821114369501467 0.0126953125 0.021994134897360705
0 0.0224609375 0.8563049853372434 0.0283203125 0.05718475073313783
0 0.154296875 0.9589442815249267 0.037109375 0.0718475073313783
0 0.005859375 0.7903225806451613 0.0087890625 0.03519061583577713
0 0.015625 0.7785923753665689 0.009765625 0.02346041055718475
0 0.048828125 0.8475073313782991 0.0107421875 0.02785923753665689
0 0.064453125 0.8841642228739003 0.021484375 0.04105571847507331
0 0.1396484375 0.8137829912023461 0.015625 0.03372434017595308
0 0.0634765625 0.8093841642228738 0.0146484375 0.030791788856304986
0 0.212890625 0.592375366568915 0.03515625 0.06304985337243402
0 0.2421875 0.592375366568915 0.009765625 0.01466275659824047
0 0.279296875 0.6598240469208211 0.0107421875 0.024926686217008796
0 0.3056640625 0.655425219941349 0.0166015625 0.024926686217008796
0 0.328125 0.6627565982404692 0.0185546875 0.03372434017595308
0 0.2626953125 0.8548387096774194 0.01953125 0.04252199413489736
0 0.271484375 0.8108504398826979 0.0146484375 0.030791788856304986
0 0.3154296875 0.7932551319648093 0.017578125 0.03225806451612903
0 0.3056640625 0.8093841642228738 0.017578125 0.02932551319648094
0 0.3828125 0.8709677419354839 0.0263671875 0.04985337243401759
0 0.3916015625 0.8240469208211144 0.0185546875 0.036656891495601175
0 0.3818359375 0.8079178885630498 0.013671875 0.02785923753665689
0 0.3759765625 0.8093841642228738 0.01171875 0.024926686217008796
0 0.3427734375 0.6480938416422287 0.0126953125 0.02346041055718475
0 0.376953125 0.5997067448680352 0.0078125 0.016129032258064516
0 0.37890625 0.6187683284457478 0.01171875 0.02346041055718475
0 0.36328125 0.6612903225806451 0.015625 0.03372434017595308
0 0.373046875 0.6422287390029325 0.013671875 0.02785923753665689
0 0.3896484375 0.6348973607038123 0.0107421875 0.02346041055718475
0 0.3916015625 0.6686217008797654 0.015625 0.02932551319648094
0 0.412109375 0.6627565982404692 0.0146484375 0.02346041055718475
0 0.423828125 0.6642228739002932 0.0107421875 0.024926686217008796
0 0.4423828125 0.6407624633431085 0.0126953125 0.026392961876832845
0 0.427734375 0.8079178885630498 0.0205078125 0.039589442815249266
0 0.44140625 0.8035190615835777 0.015625 0.02932551319648094
0 0.462890625 0.7844574780058651 0.013671875 0.02785923753665689
0 0.48046875 0.8049853372434017 0.017578125 0.030791788856304986
0 0.4970703125 0.8137829912023461 0.0166015625 0.02785923753665689
0 0.529296875 0.8064516129032258 0.0166015625 0.030791788856304986
0 0.5341796875 0.7727272727272727 0.009765625 0.021994134897360705
0 0.546875 0.7991202346041055 0.0146484375 0.03225806451612903
0 0.53515625 0.844574780058651 0.0234375 0.045454545454545456
0 0.458984375 0.875366568914956 0.021484375 0.04252199413489736
0 0.4912109375 0.8709677419354839 0.0283203125 0.05278592375366569
0 0.515625 0.966275659824047 0.0283203125 0.05718475073313783
0 0.53515625 0.9560117302052786 0.0400390625 0.07331378299120235
0 0.4501953125 0.6334310850439883 0.01171875 0.024926686217008796
0 0.466796875 0.6451612903225806 0.0126953125 0.024926686217008796
0 0.5087890625 0.6642228739002932 0.0126953125 0.026392961876832845
0 0.529296875 0.6612903225806451 0.01171875 0.020527859237536656
0 0.529296875 0.6304985337243402 0.0078125 0.02346041055718475
0 0.544921875 0.6480938416422287 0.009765625 0.01906158357771261
0 0.548828125 0.6730205278592375 0.0087890625 0.016129032258064516
0 0.5625 0.6656891495601173 0.0107421875 0.020527859237536656
0 0.5791015625 0.6451612903225806 0.0087890625 0.021994134897360705
0 0.576171875 0.7756598240469208 0.0146484375 0.024926686217008796
0 0.5615234375 0.8152492668621701 0.0146484375 0.02932551319648094
0 0.59765625 0.7873900293255132 0.0146484375 0.02785923753665689
0 0.6142578125 0.781524926686217 0.009765625 0.02346041055718475
0 0.640625 0.781524926686217 0.013671875 0.024926686217008796
0 0.6103515625 0.8196480938416423 0.015625 0.039589442815249266
0 0.619140625 0.844574780058651 0.0224609375 0.04105571847507331
0 0.6240234375 0.9193548387096774 0.017578125 0.04252199413489736
0 0.5654296875 0.8357771260997068 0.0205078125 0.04838709677419355
0 0.5751953125 0.8665689149560117 0.0283203125 0.05278592375366569
0 0.66015625 0.9545454545454546 0.025390625 0.05278592375366569
0 0.6748046875 0.9589442815249267 0.037109375 0.07331378299120235
0 0.666015625 0.8035190615835777 0.013671875 0.02785923753665689
0 0.6748046875 0.8343108504398827 0.013671875 0.024926686217008796
0 0.6875 0.7873900293255132 0.0078125 0.021994134897360705
0 0.7001953125 0.782991202346041 0.0107421875 0.01906158357771261
0 0.6748046875 0.8856304985337243 0.0244140625 0.03225806451612903
0 0.6962890625 0.8782991202346041 0.0185546875 0.051319648093841645
0 0.705078125 0.9105571847507331 0.0283203125 0.045454545454545456
0 0.734375 0.8020527859237536 0.015625 0.03812316715542522
0 0.759765625 0.8093841642228738 0.015625 0.026392961876832845
0 0.7509765625 0.8709677419354839 0.0283203125 0.045454545454545456
0 0.7236328125 0.8357771260997068 0.0185546875 0.03812316715542522
0 0.5966796875 0.6392961876832844 0.0107421875 0.02346041055718475
0 0.625 0.658357771260997 0.0087890625 0.021994134897360705
0 0.630859375 0.6744868035190615 0.0107421875 0.020527859237536656
0 0.640625 0.658357771260997 0.0107421875 0.01906158357771261
0 0.6474609375 0.6466275659824047 0.0087890625 0.01906158357771261
0 0.685546875 0.6524926686217009 0.0107421875 0.02346041055718475
0 0.7060546875 0.6788856304985337 0.0087890625 0.01466275659824047
0 0.697265625 0.6876832844574781 0.0087890625 0.01906158357771261
0 0.6748046875 0.6524926686217009 0.0068359375 0.016129032258064516
0 0.7255859375 0.6598240469208211 0.0078125 0.01906158357771261
0 0.744140625 0.6539589442815249 0.009765625 0.026392961876832845
0 0.759765625 0.6686217008797654 0.0087890625 0.021994134897360705
0 0.771484375 0.6480938416422287 0.0087890625 0.020527859237536656
0 0.7734375 0.6407624633431085 0.009765625 0.020527859237536656
0 0.796875 0.6451612903225806 0.009765625 0.01906158357771261
0 0.806640625 0.6715542521994134 0.01171875 0.026392961876832845
0 0.8173828125 0.655425219941349 0.009765625 0.01906158357771261
0 0.7548828125 0.6055718475073314 0.0068359375 0.013196480938416423
0 0.73828125 0.6085043988269795 0.0078125 0.016129032258064516
0 0.7861328125 0.6480938416422287 0.0078125 0.011730205278592375
0 0.7509765625 0.6495601173020528 0.009765625 0.01466275659824047
0 0.8291015625 0.658357771260997 0.009765625 0.01906158357771261
0 0.830078125 0.6495601173020528 0.0087890625 0.01466275659824047
0 0.86328125 0.6671554252199413 0.0078125 0.017595307917888565
0 0.8623046875 0.6466275659824047 0.0078125 0.016129032258064516
0 0.837890625 0.7082111436950147 0.0087890625 0.02346041055718475
0 0.9052734375 0.655425219941349 0.009765625 0.02346041055718475
0 0.9248046875 0.6744868035190615 0.0078125 0.016129032258064516
0 0.947265625 0.656891495601173 0.009765625 0.017595307917888565
0 0.9375 0.655425219941349 0.0068359375 0.013196480938416423
0 0.974609375 0.6407624633431085 0.0087890625 0.016129032258064516
0 0.9892578125 0.6627565982404692 0.0087890625 0.01906158357771261
0 0.9765625 0.6759530791788856 0.0087890625 0.017595307917888565
0 0.9951171875 0.6715542521994134 0.0087890625 0.01906158357771261
0 0.953125 0.7712609970674487 0.0146484375 0.02785923753665689
0 0.92578125 0.7741935483870968 0.013671875 0.02346041055718475
0 0.880859375 0.8064516129032258 0.015625 0.02785923753665689
0 0.7724609375 0.7771260997067448 0.0078125 0.01906158357771261
0 0.78515625 0.7873900293255132 0.013671875 0.02785923753665689
0 0.787109375 0.8240469208211144 0.0166015625 0.030791788856304986
0 0.7861328125 0.8548387096774194 0.0107421875 0.021994134897360705
0 0.7705078125 0.9252199413489736 0.0234375 0.04838709677419355
0 0.7958984375 0.7741935483870968 0.01171875 0.017595307917888565
0 0.8251953125 0.7961876832844574 0.013671875 0.02346041055718475
0 0.82421875 0.8797653958944281 0.021484375 0.039589442815249266
0 0.8251953125 0.7697947214076246 0.0126953125 0.020527859237536656
0 0.8359375 0.7859237536656891 0.0107421875 0.01906158357771261
0 0.84765625 0.7976539589442815 0.0146484375 0.02785923753665689
0 0.8583984375 0.8313782991202346 0.0205078125 0.039589442815249266
0 0.908203125 0.8313782991202346 0.017578125 0.039589442815249266
0 0.916015625 0.8563049853372434 0.0205078125 0.04252199413489736
0 0.8994140625 0.7463343108504399 0.0087890625 0.01906158357771261
0 0.9345703125 0.7756598240469208 0.0126953125 0.02785923753665689
0 0.986328125 0.7917888563049853 0.0126953125 0.02932551319648094
0 0.9892578125 0.8299120234604106 0.0205078125 0.04252199413489736
0 0.97265625 0.844574780058651 0.021484375 0.03812316715542522
0 0.9677734375 0.9017595307917888 0.03515625 0.06744868035190615
0 0.9736328125 0.9442815249266863 0.033203125 0.06598240469208211