0 0.3134765625 0.664364640883978 0.08203125 0.17679558011049723
0 0.8564453125 0.27209944751381215 0.0224609375 0.16988950276243095
0 0.8544921875 0.30662983425414364 0.0556640625 0.17265193370165746
0 0.7587890625 0.35911602209944754 0.0791015625 0.15193370165745856
0 0.63671875 0.3825966850828729 0.0869140625 0.16988950276243095
0 0.6171875 0.23066298342541436 0.0732421875 0.1505524861878453
0 0.5263671875 0.26519337016574585 0.083984375 0.16298342541436464
0 0.4482421875 0.17403314917127072 0.052734375 0.13535911602209943
0 0.3525390625 0.17679558011049723 0.06640625 0.14226519337016574
0 0.314453125 0.15607734806629833 0.0703125 0.1464088397790055
0 0.224609375 0.14917127071823205 0.0712890625 0.13121546961325967
0 0.125 0.13259668508287292 0.0654296875 0.12569060773480664
0 0.0791015625 0.22099447513812154 0.0576171875 0.10497237569060773
0 0.9794921875 0.09116022099447514 0.037109375 0.15607734806629833
0 0.8046875 0.08149171270718232 0.0791015625 0.14917127071823205
0 0.8701171875 0.03729281767955801 0.0751953125 0.07458563535911603
0 0.6611328125 0.07458563535911603 0.0693359375 0.14226519337016574
0 0.5703125 0.11464088397790055 0.0576171875 0.13397790055248618
0 0.5615234375 0.09806629834254144 0.060546875 0.11740331491712708
0 0.4462890625 0.08701657458563536 0.0380859375 0.0856353591160221