0 0.220703125 0.383289124668435 0.0087890625 0.014588859416445624
0 0.2666015625 0.3713527851458886 0.0087890625 0.011936339522546418
0 0.2939453125 0.35543766578249336 0.009765625 0.011936339522546418
0 0.3125 0.28779840848806365 0.005859375 0.010610079575596816
0 0.322265625 0.3793103448275862 0.0078125 0.011936339522546418
0 0.3583984375 0.3819628647214854 0.0087890625 0.010610079575596816
0 0.373046875 0.3779840848806366 0.0078125 0.011936339522546418
0 0.3837890625 0.41909814323607425 0.0087890625 0.011936339522546418
0 0.421875 0.40583554376657827 0.0068359375 0.013262599469496022
0 0.4208984375 0.35278514588859416 0.0068359375 0.010610079575596816
0 0.44921875 0.3726790450928382 0.0068359375 0.009283819628647215
0 0.1865234375 0.44562334217506633 0.0302734375 0.054376657824933686
0 0.2822265625 0.4376657824933687 0.033203125 0.03978779840848806
0 0.33984375 0.4244031830238727 0.03125 0.03713527851458886
0 0.4228515625 0.44562334217506633 0.0302734375 0.038461538461538464
0 0.2548828125 0.726790450928382 0.05078125 0.06763925729442971
0 0.3916015625 0.6472148541114059 0.05078125 0.06763925729442971
0 0.5009765625 0.7811671087533156 0.05859375 0.1273209549071618
0 0.6083984375 0.6445623342175066 0.0400390625 0.0610079575596817
0 0.3447265625 0.6591511936339522 0.03125 0.054376657824933686
0 0.7734375 0.7374005305039788 0.0869140625 0.1273209549071618
0 0.7265625 0.5755968169761273 0.044921875 0.06763925729442971
0 0.7666015625 0.5371352785145889 0.017578125 0.026525198938992044
0 0.78125 0.5318302387267905 0.0126953125 0.029177718832891247
0 0.8564453125 0.649867374005305 0.029296875 0.050397877984084884
0 0.966796875 0.6644562334217506 0.05859375 0.054376657824933686
0 0.875 0.669761273209549 0.0341796875 0.05702917771883289
0 0.814453125 0.5397877984084881 0.0166015625 0.025198938992042442
0 0.822265625 0.5172413793103449 0.015625 0.026525198938992044
0 0.892578125 0.5888594164456233 0.015625 0.021220159151193633
0 0.9072265625 0.5928381962864722 0.009765625 0.015915119363395226
0 0.9150390625 0.5729442970822282 0.0146484375 0.015915119363395226
0 0.939453125 0.5809018567639257 0.0185546875 0.017241379310344827
0 0.9814453125 0.5994694960212201 0.0185546875 0.021220159151193633
0 0.962890625 0.5954907161803713 0.0126953125 0.017241379310344827
0 0.66015625 0.4973474801061008 0.021484375 0.026525198938992044
0 0.6875 0.4960212201591512 0.0185546875 0.03713527851458886
0 0.6220703125 0.4708222811671088 0.017578125 0.033156498673740056
0 0.603515625 0.4389920424403183 0.0263671875 0.03183023872679045
0 0.5234375 0.4973474801061008 0.0205078125 0.04111405835543767
0 0.509765625 0.4204244031830239 0.0283203125 0.03580901856763926
0 0.43359375 0.4204244031830239 0.0078125 0.010610079575596816
0 0.0703125 0.47214854111405835 0.0205078125 0.027851458885941646
0 0.1240234375 0.4973474801061008 0.0205078125 0.033156498673740056
0 0.025390625 0.4854111405835544 0.033203125 0.046419098143236075
0 0.9970703125 0.5729442970822282 0.005859375 0.010610079575596816
0 0.830078125 0.5305039787798409 0.0068359375 0.010610079575596816