0 0.984375 0.8726207906295754 0.029296875 0.05710102489019034
0 0.9228515625 0.7027818448023426 0.0107421875 0.024890190336749635
0 0.873046875 0.6764275256222547 0.0126953125 0.029282576866764276
0 0.8291015625 0.6969253294289898 0.013671875 0.04978038067349927
0 0.703125 0.623718887262079 0.0087890625 0.024890190336749635
0 0.724609375 0.6207906295754027 0.0087890625 0.024890190336749635
0 0.5302734375 0.21669106881405564 0.01171875 0.024890190336749635
0 0.771484375 0.7525622254758418 0.0107421875 0.040995607613469986
0 0.763671875 0.7584187408491947 0.0078125 0.027818448023426062
0 0.3291015625 0.9341142020497804 0.013671875 0.024890190336749635
0 0.2958984375 0.9780380673499268 0.0107421875 0.027818448023426062
0 0.2041015625 0.972181551976574 0.0107421875 0.02635431918008785
0 0.2177734375 0.9926793557833089 0.0146484375 0.01171303074670571
0 0.54296875 0.43923865300146414 0.01953125 0.03074670571010249
0 0.583984375 0.541727672035139 0.0205078125 0.03367496339677892
0 0.447265625 0.6339677891654466 0.021484375 0.03367496339677892