0 0.9658203125 0.3312883435582822 0.0673828125 0.147239263803681
0 0.837890625 0.3374233128834356 0.0390625 0.08128834355828221
0 0.8857421875 0.2361963190184049 0.0087890625 0.013803680981595092
0 0.8603515625 0.24386503067484663 0.0068359375 0.013803680981595092
0 0.837890625 0.25766871165644173 0.009765625 0.01687116564417178
0 0.8125 0.23466257668711657 0.0048828125 0.012269938650306749
0 0.767578125 0.3098159509202454 0.0439453125 0.07975460122699386
0 0.7353515625 0.24079754601226994 0.0126953125 0.023006134969325152
0 0.71484375 0.25153374233128833 0.0146484375 0.029141104294478526
0 0.6943359375 0.28680981595092025 0.0185546875 0.03834355828220859
0 0.650390625 0.3236196319018405 0.05078125 0.09815950920245399
0 0.609375 0.3174846625766871 0.029296875 0.06748466257668712
0 0.5791015625 0.2776073619631902 0.0166015625 0.03834355828220859
0 0.556640625 0.25306748466257667 0.009765625 0.02147239263803681
0 0.5498046875 0.23006134969325154 0.005859375 0.013803680981595092
0 0.5341796875 0.23159509202453987 0.005859375 0.010736196319018405
0 0.5341796875 0.3220858895705521 0.0390625 0.0736196319018405
0 0.4345703125 0.30214723926380366 0.0380859375 0.08282208588957055
0 0.494140625 0.3205521472392638 0.0205078125 0.04447852760736196
0 0.490234375 0.2392638036809816 0.0087890625 0.02147239263803681
0 0.484375 0.2361963190184049 0.0068359375 0.018404907975460124
0 0.5068359375 0.24386503067484663 0.005859375 0.015337423312883436
0 0.4189453125 0.2469325153374233 0.01171875 0.023006134969325152
0 0.41015625 0.26380368098159507 0.009765625 0.02147239263803681
0 0.4072265625 0.2361963190184049 0.0068359375 0.01687116564417178
0 0.3935546875 0.3052147239263804 0.0283203125 0.05214723926380368
0 0.2744140625 0.36349693251533743 0.0419921875 0.08282208588957055
0 0.30859375 0.3619631901840491 0.0302734375 0.06595092024539877
0 0.2763671875 0.27300613496932513 0.015625 0.03067484662576687
0 0.3232421875 0.24539877300613497 0.0078125 0.01687116564417178
0 0.19140625 0.2898773006134969 0.0185546875 0.032208588957055216
0 0.2138671875 0.3174846625766871 0.0224609375 0.04141104294478527
0 0.2138671875 0.2684049079754601 0.01171875 0.019938650306748466
0 0.166015625 0.31901840490797545 0.0244140625 0.046012269938650305
0 0.1064453125 0.4616564417177914 0.0791015625 0.13957055214723926
0 0.091796875 0.3266871165644172 0.033203125 0.06901840490797546
0 0.0625 0.2883435582822086 0.015625 0.027607361963190184
0 0.0087890625 0.37576687116564417 0.0185546875 0.07208588957055215
0 0.076171875 0.3374233128834356 0.0224609375 0.049079754601226995
0 0.1611328125 0.25766871165644173 0.009765625 0.023006134969325152
0 0.2470703125 0.35736196319018404 0.02734375 0.05368098159509203
0 0.328125 0.2822085889570552 0.01171875 0.023006134969325152
0 0.2646484375 0.25 0.0078125 0.015337423312883436
0 0.0390625 0.38190184049079756 0.02734375 0.05521472392638037
0 0.234375 0.2561349693251534 0.01171875 0.018404907975460124