0 0.1708984375 0.10980966325036604 0.01171875 0.02342606149341142
0 0.0751953125 0.09663250366032211 0.0126953125 0.024890190336749635
0 0.0693359375 0.0746705710102489 0.0146484375 0.024890190336749635
0 0.28515625 0.18594436310395315 0.01171875 0.024890190336749635
0 0.294921875 0.26500732064421667 0.015625 0.032210834553440704
0 0.3232421875 0.2957540263543192 0.01953125 0.032210834553440704
0 0.400390625 0.2767203513909224 0.0205078125 0.040995607613469986
0 0.3896484375 0.24158125915080528 0.0146484375 0.02635431918008785
0 0.4150390625 0.1815519765739385 0.015625 0.029282576866764276
0 0.298828125 0.20351390922401172 0.0185546875 0.029282576866764276
0 0.2626953125 0.21815519765739386 0.013671875 0.024890190336749635
0 0.2685546875 0.31332357247437775 0.021484375 0.03806734992679356
0 0.3779296875 0.3733528550512445 0.0224609375 0.04685212298682284
0 0.3662109375 0.3733528550512445 0.0009765625 0.0
0 0.3359375 0.4172767203513909 0.021484375 0.043923865300146414
0 0.384765625 0.4538799414348463 0.025390625 0.0424597364568082
0 0.3818359375 0.5065885797950219 0.0224609375 0.0527086383601757
0 0.494140625 0.3967789165446559 0.025390625 0.05124450951683748
0 0.427734375 0.4143484626647145 0.0224609375 0.055636896046852125
0 0.43359375 0.33821376281112736 0.0234375 0.04538799414348463
0 0.4267578125 0.2796486090775988 0.0185546875 0.03513909224011713
0 0.5068359375 0.2913616398243045 0.0166015625 0.03806734992679356
0 0.513671875 0.22693997071742314 0.0126953125 0.032210834553440704
0 0.638671875 0.21669106881405564 0.0146484375 0.032210834553440704
0 0.599609375 0.2225475841874085 0.0146484375 0.029282576866764276
0 0.56640625 0.22986822840409957 0.0166015625 0.027818448023426062
0 0.5361328125 0.16251830161054173 0.015625 0.029282576866764276
0 0.4794921875 0.21815519765739386 0.0146484375 0.029282576866764276
0 0.4697265625 0.1815519765739385 0.015625 0.03953147877013177
0 0.4267578125 0.1259150805270864 0.0146484375 0.02635431918008785
0 0.5 0.17130307467057102 0.01171875 0.03074670571010249
0 0.55859375 0.13469985358711567 0.013671875 0.032210834553440704
0 0.6611328125 0.16251830161054173 0.0166015625 0.03367496339677892
0 0.728515625 0.1683748169838946 0.017578125 0.036603221083455345
0 0.7109375 0.20937042459736457 0.015625 0.032210834553440704
0 0.7802734375 0.3089311859443631 0.0166015625 0.029282576866764276
0 0.7392578125 0.363103953147877 0.0205078125 0.043923865300146414
0 0.783203125 0.26207906295754024 0.0185546875 0.0424597364568082
0 0.80078125 0.36603221083455345 0.0234375 0.04685212298682284
0 0.7880859375 0.40702781844802344 0.025390625 0.04685212298682284
0 0.8447265625 0.36603221083455345 0.015625 0.03513909224011713
0 0.8994140625 0.3557833089311859 0.017578125 0.03953147877013177
0 0.890625 0.39824304538799415 0.0234375 0.04538799414348463
0 0.921875 0.4407027818448023 0.0244140625 0.03953147877013177
0 0.978515625 0.39092240117130306 0.0234375 0.04685212298682284
0 0.8603515625 0.2342606149341142 0.017578125 0.03513909224011713
0 0.9248046875 0.3191800878477306 0.0166015625 0.032210834553440704
0 0.7294921875 0.3294289897510981 0.0205078125 0.040995607613469986
0 0.841796875 0.19765739385065886 0.015625 0.03513909224011713
0 0.7138671875 0.42752562225475843 0.025390625 0.048316251830161056
0 0.763671875 0.43923865300146414 0.0224609375 0.055636896046852125
0 0.49609375 0.5212298682284041 0.0263671875 0.05856515373352855
0 0.5537109375 0.48755490483162517 0.0224609375 0.04538799414348463
0 0.6171875 0.4612005856515373 0.0224609375 0.04685212298682284
0 0.626953125 0.4143484626647145 0.0244140625 0.04538799414348463
0 0.5546875 0.4172767203513909 0.0244140625 0.03953147877013177
0 0.65234375 0.4978038067349927 0.0224609375 0.04978038067349927
0 0.7392578125 0.5329428989751098 0.0244140625 0.0424597364568082
0 0.5322265625 0.3923865300146413 0.0224609375 0.04685212298682284
0 0.57421875 0.3118594436310395 0.015625 0.032210834553440704
0 0.5244140625 0.2869692532942899 0.0166015625 0.029282576866764276
0 0.7373046875 0.4216691068814056 0.0244140625 0.04978038067349927
0 0.791015625 0.48462664714494874 0.0263671875 0.0527086383601757
0 0.8134765625 0.48462664714494874 0.0224609375 0.05124450951683748
0 0.84375 0.4992679355783309 0.0234375 0.04978038067349927
0 0.919921875 0.5153733528550513 0.025390625 0.04538799414348463
0 0.875 0.493411420204978 0.0205078125 0.040995607613469986
0 0.939453125 0.5021961932650073 0.017578125 0.0424597364568082
0 0.923828125 0.3733528550512445 0.0205078125 0.03513909224011713
0 0.923828125 0.4128843338213763 0.0234375 0.040995607613469986
0 0.8359375 0.4480234260614934 0.0185546875 0.03513909224011713
0 0.3583984375 0.6500732064421669 0.0205078125 0.048316251830161056
0 0.380859375 0.6412884333821376 0.033203125 0.06588579795021962
0 0.59375 0.6471449487554904 0.0322265625 0.06734992679355783
0 0.0751953125 0.18887262079062958 0.021484375 0.03367496339677892
0 0.0546875 0.2840409956076135 0.0224609375 0.040995607613469986
0 0.087890625 0.3367496339677892 0.0205078125 0.040995607613469986
0 0.0791015625 0.4084919472913616 0.02734375 0.05124450951683748
0 0.1181640625 0.40263543191800877 0.021484375 0.04538799414348463
0 0.14453125 0.36603221083455345 0.0205078125 0.04538799414348463
0 0.17578125 0.3689604685212299 0.021484375 0.040995607613469986
0 0.2646484375 0.44363103953147875 0.0244140625 0.04978038067349927
0 0.041015625 0.1581259150805271 0.013671875 0.02635431918008785
0 0.1025390625 0.18887262079062958 0.015625 0.024890190336749635
0 0.0517578125 0.23718887262079064 0.01953125 0.03367496339677892
0 0.0224609375 0.3733528550512445 0.0234375 0.04538799414348463
0 0.134765625 0.486090775988287 0.0224609375 0.0424597364568082
0 0.9013671875 0.7159590043923866 0.033203125 0.0629575402635432
0 0.2080078125 0.3074670571010249 0.0244140625 0.048316251830161056
0 0.1220703125 0.11566617862371889 0.0146484375 0.03513909224011713
0 0.19921875 0.11273792093704246 0.0146484375 0.029282576866764276
0 0.8828125 0.34260614934114203 0.0146484375 0.027818448023426062
0 0.8740234375 0.28257686676427524 0.0146484375 0.01903367496339678
0 0.81640625 0.37774524158125916 0.0205078125 0.036603221083455345
0 0.869140625 0.1815519765739385 0.0107421875 0.021961932650073207
0 0.970703125 0.3089311859443631 0.01171875 0.03074670571010249
0 0.9921875 0.05124450951683748 0.0146484375 0.029282576866764276
0 0.9970703125 0.5285505124450952 0.0048828125 0.024890190336749635
0 0.947265625 0.6866764275256223 0.03125 0.060029282576866766
0 0.994140625 0.465592972181552 0.009765625 0.02342606149341142
0 0.9921875 0.014641288433382138 0.0087890625 0.017569546120058566
0 0.9736328125 0.017569546120058566 0.0068359375 0.01171303074670571
0 0.8583984375 0.15226939970717424 0.013671875 0.024890190336749635
0 0.8310546875 0.021961932650073207 0.0087890625 0.01171303074670571
0 0.7607421875 0.17715959004392387 0.013671875 0.02342606149341142
0 0.7470703125 0.005856515373352855 0.0068359375 0.010248901903367497
0 0.697265625 0.008784773060029283 0.0107421875 0.017569546120058566
0 0.650390625 0.040995607613469986 0.01171875 0.014641288433382138
0 0.6572265625 0.036603221083455345 0.0078125 0.014641288433382138
0 0.65234375 0.021961932650073207 0.005859375 0.007320644216691069
0 0.6611328125 0.07320644216691069 0.0068359375 0.016105417276720352
0 0.66015625 0.10395314787701318 0.01171875 0.01903367496339678
0 0.646484375 0.09077598828696926 0.0087890625 0.014641288433382138
0 0.4423828125 0.23133235724743778 0.013671875 0.02635431918008785
0 0.248046875 0.5505124450951684 0.0283203125 0.040995607613469986
0 0.16796875 0.7408491947291361 0.0224609375 0.0424597364568082
0 0.06640625 0.623718887262079 0.0283203125 0.05710102489019034
0 0.208984375 0.4670571010248902 0.021484375 0.043923865300146414
0 0.2255859375 0.37042459736456806 0.02734375 0.04978038067349927
0 0.25 0.3513909224011713 0.01953125 0.05124450951683748
0 0.2724609375 0.3821376281112738 0.01953125 0.032210834553440704
0 0.306640625 0.3411420204978038 0.0166015625 0.03806734992679356
0 0.3232421875 0.3528550512445095 0.0244140625 0.0424597364568082
0 0.142578125 0.44216691068814057 0.021484375 0.03806734992679356
0 0.087890625 0.2884333821376281 0.0146484375 0.036603221083455345
0 0.1015625 0.25329428989751096 0.013671875 0.02342606149341142
0 0.1025390625 0.21961932650073207 0.01953125 0.027818448023426062
0 0.076171875 0.1493411420204978 0.01171875 0.017569546120058566
0 0.1865234375 0.0849194729136164 0.0107421875 0.016105417276720352
0 0.45703125 0.3118594436310395 0.0166015625 0.021961932650073207
0 0.48046875 0.3953147877013177 0.01953125 0.055636896046852125
0 0.4228515625 0.22547584187408493 0.0107421875 0.01903367496339678
0 0.384765625 0.18448023426061494 0.0146484375 0.027818448023426062
0 0.2548828125 0.1493411420204978 0.0078125 0.017569546120058566
0 0.2685546875 0.11566617862371889 0.01171875 0.03074670571010249
0 0.2724609375 0.09370424597364568 0.0087890625 0.016105417276720352
0 0.2841796875 0.11859443631039532 0.0078125 0.020497803806734993
0 0.30078125 0.10980966325036604 0.009765625 0.024890190336749635
0 0.62890625 0.09077598828696926 0.0087890625 0.01903367496339678
0 0.625 0.06588579795021962 0.0107421875 0.020497803806734993
0 0.6318359375 0.036603221083455345 0.0078125 0.013177159590043924
0 0.6279296875 0.014641288433382138 0.0078125 0.01171303074670571
0 0.599609375 0.05124450951683748 0.0087890625 0.016105417276720352
0 0.5986328125 0.06881405563689605 0.005859375 0.008784773060029283
0 0.5380859375 0.03806734992679356 0.0087890625 0.016105417276720352
0 0.5458984375 0.03806734992679356 0.0078125 0.020497803806734993
0 0.5634765625 0.007320644216691069 0.0126953125 0.016105417276720352
0 0.5439453125 0.1273792093704246 0.009765625 0.024890190336749635
0 0.52734375 0.1478770131771596 0.0126953125 0.020497803806734993
0 0.5908203125 0.22840409956076135 0.013671875 0.024890190336749635
0 0.5927734375 0.26500732064421667 0.0146484375 0.020497803806734993
0 0.6376953125 0.13469985358711567 0.0107421875 0.02342606149341142
0 0.677734375 0.4568081991215227 0.0166015625 0.02635431918008785
0 0.61328125 0.17423133235724744 0.015625 0.02635431918008785
0 0.50390625 0.1171303074670571 0.0126953125 0.02635431918008785
0 0.482421875 0.11566617862371889 0.0087890625 0.02342606149341142
0 0.6103515625 0.11273792093704246 0.009765625 0.01903367496339678
0 0.50390625 0.032210834553440704 0.0107421875 0.021961932650073207
0 0.513671875 0.03367496339677892 0.009765625 0.014641288433382138
0 0.54296875 0.008784773060029283 0.005859375 0.010248901903367497
0 0.46484375 0.03806734992679356 0.0087890625 0.01903367496339678
0 0.482421875 0.043923865300146414 0.0087890625 0.020497803806734993
0 0.466796875 0.09077598828696926 0.01171875 0.027818448023426062
0 0.451171875 0.10102489019033675 0.0107421875 0.01903367496339678
0 0.419921875 0.05710102489019034 0.015625 0.027818448023426062
0 0.396484375 0.017569546120058566 0.0087890625 0.020497803806734993
0 0.42578125 0.016105417276720352 0.0078125 0.01903367496339678
0 0.44921875 0.010248901903367497 0.0078125 0.017569546120058566
0 0.49609375 0.007320644216691069 0.0146484375 0.014641288433382138
0 0.4013671875 0.07906295754026355 0.0068359375 0.01171303074670571
0 0.4169921875 0.0951683748169839 0.0107421875 0.01903367496339678
0 0.404296875 0.1273792093704246 0.009765625 0.01903367496339678
0 0.4052734375 0.17423133235724744 0.0146484375 0.03074670571010249
0 0.3828125 0.11273792093704246 0.013671875 0.021961932650073207
0 0.3603515625 0.0527086383601757 0.0068359375 0.013177159590043924
0 0.3564453125 0.020497803806734993 0.009765625 0.013177159590043924
0 0.392578125 0.04978038067349927 0.01171875 0.020497803806734993
0 0.3486328125 0.2005856515373353 0.017578125 0.03806734992679356
0 0.55859375 0.33821376281112736 0.01953125 0.03367496339677892
0 0.2861328125 0.07174231332357248 0.0087890625 0.014641288433382138
0 0.259765625 0.043923865300146414 0.005859375 0.013177159590043924
0 0.208984375 0.060029282576866766 0.01171875 0.013177159590043924
0 0.2099609375 0.09370424597364568 0.01171875 0.017569546120058566
0 0.212890625 0.11859443631039532 0.009765625 0.014641288433382138
0 0.236328125 0.1390922401171303 0.0087890625 0.01903367496339678
0 0.2197265625 0.048316251830161056 0.0068359375 0.020497803806734993
0 0.16015625 0.03367496339677892 0.0068359375 0.013177159590043924
0 0.189453125 0.02342606149341142 0.005859375 0.01171303074670571
0 0.3037109375 0.05124450951683748 0.01171875 0.02342606149341142
0 0.3173828125 0.036603221083455345 0.0087890625 0.017569546120058566
0 0.3310546875 0.03513909224011713 0.0087890625 0.017569546120058566
0 0.064453125 0.03953147877013177 0.0107421875 0.017569546120058566
0 0.0537109375 0.036603221083455345 0.0078125 0.017569546120058566
0 0.041015625 0.04978038067349927 0.0107421875 0.01903367496339678
0 0.0986328125 0.0527086383601757 0.009765625 0.016105417276720352
0 0.140625 0.10102489019033675 0.0107421875 0.027818448023426062
0 0.15625 0.11566617862371889 0.009765625 0.027818448023426062
0 0.16015625 0.06588579795021962 0.0078125 0.021961932650073207
0 0.1728515625 0.05856515373352855 0.0126953125 0.021961932650073207
0 0.8876953125 0.3162518301610542 0.0185546875 0.03074670571010249
0 0.8994140625 0.2240117130307467 0.0166015625 0.027818448023426062
0 0.9208984375 0.22986822840409957 0.0166015625 0.029282576866764276
0 0.7880859375 0.04978038067349927 0.0146484375 0.02342606149341142
0 0.6826171875 0.10248901903367497 0.0107421875 0.021961932650073207
0 0.701171875 0.08784773060029283 0.0107421875 0.02342606149341142
0 0.70703125 0.25329428989751096 0.0146484375 0.032210834553440704
0 0.8251953125 0.10980966325036604 0.015625 0.03074670571010249
0 0.8427734375 0.26939970717423134 0.0185546875 0.036603221083455345
0 0.8515625 0.2884333821376281 0.01953125 0.036603221083455345
0 0.033203125 0.19765739385065886 0.01953125 0.027818448023426062
0 0.5732421875 0.07027818448023426 0.0107421875 0.021961932650073207
0 0.728515625 0.04685212298682284 0.0107421875 0.02342606149341142
0 0.8212890625 0.27379209370424595 0.01953125 0.040995607613469986
0 0.9833984375 0.13030746705710103 0.0146484375 0.024890190336749635
0 0.9462890625 0.060029282576866766 0.01171875 0.01903367496339678
0 0.9677734375 0.07759882869692533 0.01171875 0.021961932650073207
0 0.95703125 0.08784773060029283 0.01171875 0.027818448023426062
0 0.8720703125 0.07906295754026355 0.009765625 0.020497803806734993
0 0.861328125 0.06734992679355783 0.01171875 0.024890190336749635
0 0.029296875 0.09370424597364568 0.0126953125 0.021961932650073207