0 0.0546875 0.7571428571428571 0.0234375 0.04428571428571428
0 0.0146484375 0.7757142857142857 0.021484375 0.045714285714285714
0 0.0625 0.7985714285714286 0.01953125 0.04
0 0.0869140625 0.7528571428571429 0.0146484375 0.02857142857142857
0 0.1181640625 0.7442857142857143 0.01171875 0.02142857142857143
0 0.0859375 0.82 0.025390625 0.05285714285714286
0 0.1025390625 0.7871428571428571 0.017578125 0.03571428571428571
0 0.12109375 0.8257142857142857 0.0205078125 0.03857142857142857
0 0.0283203125 0.8385714285714285 0.0419921875 0.07428571428571429
0 0.1669921875 0.7314285714285714 0.0107421875 0.02
0 0.1650390625 0.7585714285714286 0.01171875 0.02142857142857143
0 0.173828125 0.7942857142857143 0.025390625 0.06285714285714286
0 0.1923828125 0.78 0.01953125 0.03
0 0.2236328125 0.7342857142857143 0.0078125 0.018571428571428572
0 0.2158203125 0.76 0.0126953125 0.027142857142857142
0 0.21875 0.8057142857142857 0.025390625 0.054285714285714284
0 0.19140625 0.8257142857142857 0.0234375 0.054285714285714284
0 0.02734375 0.73 0.01171875 0.017142857142857144
0 0.0966796875 0.71 0.0068359375 0.014285714285714285
0 0.26953125 0.7614285714285715 0.0146484375 0.03
0 0.2734375 0.82 0.0244140625 0.045714285714285714
0 0.27734375 0.8628571428571429 0.025390625 0.06285714285714286
0 0.244140625 0.9085714285714286 0.037109375 0.06714285714285714
0 0.142578125 0.8971428571428571 0.0341796875 0.06142857142857143
0 0.1015625 0.9357142857142857 0.046875 0.08
0 0.3388671875 0.7771428571428571 0.013671875 0.024285714285714285
0 0.3564453125 0.7914285714285715 0.0166015625 0.03571428571428571
0 0.345703125 0.7514285714285714 0.009765625 0.018571428571428572
0 0.39453125 0.7742857142857142 0.009765625 0.022857142857142857
0 0.4052734375 0.7642857142857142 0.0087890625 0.02
0 0.2919921875 0.79 0.0244140625 0.04857142857142857
0 0.3271484375 0.9414285714285714 0.0322265625 0.06
0 0.37890625 0.9542857142857143 0.0439453125 0.08285714285714285
0 0.4814453125 0.9085714285714286 0.0205078125 0.06
0 0.4951171875 0.8657142857142858 0.0234375 0.05
0 0.5107421875 0.8357142857142857 0.0166015625 0.04
0 0.4990234375 0.7871428571428571 0.01171875 0.03428571428571429
0 0.53515625 0.79 0.01171875 0.03571428571428571
0 0.5390625 0.9214285714285714 0.0390625 0.08285714285714285
0 0.4189453125 0.8142857142857143 0.013671875 0.03
0 0.37890625 0.8028571428571428 0.0185546875 0.03142857142857143
0 0.388671875 0.8542857142857143 0.0322265625 0.04285714285714286
0 0.3115234375 0.7528571428571429 0.0087890625 0.017142857142857144
0 0.2919921875 0.7542857142857143 0.0126953125 0.02
0 0.3564453125 0.7514285714285714 0.0087890625 0.014285714285714285
0 0.58984375 0.79 0.0087890625 0.022857142857142857
0 0.60546875 0.8428571428571429 0.0166015625 0.03571428571428571
0 0.6181640625 0.79 0.0087890625 0.017142857142857144
0 0.6533203125 0.8671428571428571 0.0185546875 0.04
0 0.6826171875 0.8885714285714286 0.02734375 0.06
0 0.7001953125 0.84 0.0146484375 0.03428571428571429
0 0.744140625 0.8757142857142857 0.0224609375 0.054285714285714284
0 0.6611328125 0.8271428571428572 0.015625 0.025714285714285714
0 0.71875 0.8042857142857143 0.0087890625 0.017142857142857144
0 0.70703125 0.8214285714285714 0.0107421875 0.02
0 0.658203125 0.7871428571428571 0.0078125 0.015714285714285715
0 0.64453125 0.9171428571428571 0.03515625 0.054285714285714284
0 0.744140625 0.8014285714285714 0.005859375 0.011428571428571429
0 0.5048828125 0.7542857142857143 0.0048828125 0.01
0 0.3271484375 0.7485714285714286 0.0087890625 0.02142857142857143
0 0.39453125 0.7385714285714285 0.005859375 0.01
0 0.3095703125 0.7185714285714285 0.0078125 0.011428571428571429
0 0.8173828125 0.8814285714285715 0.0185546875 0.04
0 0.8203125 0.83 0.015625 0.027142857142857142
0 0.6767578125 0.81 0.0078125 0.014285714285714285
0 0.7314453125 0.98 0.033203125 0.03857142857142857
0 0.939453125 0.9528571428571428 0.0498046875 0.09285714285714286
0 0.87109375 0.9514285714285714 0.03125 0.05857142857142857
0 0.7626953125 0.7814285714285715 0.0068359375 0.011428571428571429
0 0.634765625 0.7457142857142857 0.005859375 0.012857142857142857
0 0.615234375 0.74 0.0048828125 0.01
0 0.6025390625 0.7485714285714286 0.0068359375 0.014285714285714285
0 0.0595703125 0.7085714285714285 0.0078125 0.014285714285714285
0 0.0380859375 0.6942857142857143 0.0078125 0.012857142857142857
0 0.099609375 0.7328571428571429 0.01171875 0.03142857142857143
0 0.65234375 0.9757142857142858 0.0390625 0.04857142857142857
0 0.5224609375 0.24857142857142858 0.0517578125 0.10142857142857142
0 0.92578125 0.6271428571428571 0.005859375 0.014285714285714285
0 0.9755859375 0.6742857142857143 0.0078125 0.015714285714285715
0 0.9970703125 0.6328571428571429 0.005859375 0.014285714285714285
0 0.986328125 0.8342857142857143 0.009765625 0.017142857142857144
0 0.9814453125 0.8385714285714285 0.0078125 0.022857142857142857
0 0.9775390625 0.8671428571428571 0.015625 0.02142857142857143
0 0.9619140625 0.8514285714285714 0.013671875 0.024285714285714285
0 0.8544921875 0.77 0.037109375 0.07571428571428572
0 0.53125 0.87 0.0185546875 0.03142857142857143