0 0.0087890625 0.5327102803738317 0.01171875 0.05046728971962617
0 0.0693359375 0.6560747663551402 0.0244140625 0.08224299065420561
0 0.1044921875 0.6093457943925233 0.02734375 0.09532710280373832
0 0.1630859375 0.5420560747663551 0.033203125 0.08037383177570094
0 0.1201171875 0.5626168224299065 0.013671875 0.048598130841121495
0 0.0517578125 0.5682242990654206 0.0224609375 0.06355140186915888
0 0.0478515625 0.502803738317757 0.0185546875 0.041121495327102804
0 0.1826171875 0.5065420560747663 0.01171875 0.026168224299065422
0 0.2216796875 0.5102803738317757 0.01171875 0.03551401869158879
0 0.263671875 0.5719626168224299 0.021484375 0.05794392523364486
0 0.279296875 0.5401869158878505 0.021484375 0.05046728971962617
0 0.302734375 0.5644859813084112 0.0166015625 0.059813084112149535
0 0.3818359375 0.5757009345794393 0.0166015625 0.048598130841121495
0 0.509765625 0.5644859813084112 0.24609375 0.48785046728971965
0 0.689453125 0.5271028037383177 0.0126953125 0.024299065420560748
0 0.654296875 0.594392523364486 0.0146484375 0.03177570093457944
0 0.0263671875 0.5383177570093458 0.0205078125 0.056074766355140186
0 0.2392578125 0.5196261682242991 0.017578125 0.03551401869158879
0 0.244140625 0.5588785046728972 0.0205078125 0.04299065420560748
0 0.0341796875 0.7962616822429907 0.025390625 0.08785046728971962
0 0.1015625 0.4635514018691589 0.0166015625 0.03177570093457944