0 0.9365234375 0.8504672897196262 0.0400390625 0.10747663551401869
0 0.986328125 0.6588785046728972 0.02734375 0.11214953271028037
0 0.9443359375 0.5747663551401869 0.021484375 0.053738317757009345
0 0.927734375 0.7873831775700935 0.0234375 0.09579439252336448
0 0.82421875 0.8761682242990654 0.0361328125 0.1261682242990654
0 0.873046875 0.6448598130841121 0.0146484375 0.04205607476635514
0 0.9111328125 0.6098130841121495 0.013671875 0.037383177570093455
0 0.8642578125 0.9509345794392523 0.0341796875 0.09813084112149532
0 0.7265625 0.9299065420560748 0.046875 0.102803738317757
0 0.705078125 0.8714953271028038 0.029296875 0.08411214953271028
0 0.7705078125 0.9462616822429907 0.0361328125 0.10046728971962617
0 0.8544921875 0.42990654205607476 0.0146484375 0.04439252336448598
0 0.3984375 0.955607476635514 0.0419921875 0.08177570093457943
0 0.640625 0.5747663551401869 0.0302734375 0.0794392523364486
0 0.5986328125 0.5864485981308412 0.033203125 0.08878504672897196
0 0.7470703125 0.40186915887850466 0.01953125 0.053738317757009345
0 0.4521484375 0.37383177570093457 0.0361328125 0.14018691588785046
0 0.6044921875 0.4462616822429907 0.013671875 0.04205607476635514
0 0.662109375 0.4672897196261682 0.0205078125 0.08177570093457943
0 0.2685546875 0.6378504672897196 0.009765625 0.04205607476635514
0 0.2109375 0.8294392523364486 0.021484375 0.08644859813084112
0 0.0732421875 0.8878504672897196 0.029296875 0.10046728971962617
0 0.0947265625 0.5677570093457944 0.02734375 0.07242990654205607
0 0.12890625 0.5046728971962616 0.0224609375 0.06074766355140187
0 0.1484375 0.5 0.0146484375 0.04906542056074766
0 0.197265625 0.7336448598130841 0.0302734375 0.10046728971962617
0 0.1357421875 0.9509345794392523 0.04296875 0.09813084112149532
0 0.046875 0.7102803738317757 0.01953125 0.0794392523364486
0 0.0087890625 0.5490654205607477 0.017578125 0.06074766355140187
0 0.2314453125 0.6238317757009346 0.03125 0.0911214953271028
0 0.1142578125 0.3644859813084112 0.0166015625 0.0397196261682243
0 0.1279296875 0.4088785046728972 0.013671875 0.04205607476635514
0 0.8916015625 0.3364485981308411 0.013671875 0.04906542056074766
0 0.7607421875 0.308411214953271 0.015625 0.04906542056074766
0 0.80859375 0.23130841121495327 0.0185546875 0.04672897196261682
0 0.005859375 0.43457943925233644 0.0126953125 0.08878504672897196