0 0.326171875 0.3546712802768166 0.0556640625 0.11245674740484429
0 0.4453125 0.3546712802768166 0.0419921875 0.07612456747404844
0 0.7841796875 0.5657439446366782 0.060546875 0.17647058823529413
0 0.18359375 0.2975778546712803 0.0341796875 0.07093425605536333
0 0.01953125 0.3304498269896194 0.0302734375 0.0657439446366782
0 0.255859375 0.25432525951557095 0.0224609375 0.04325259515570934
0 0.076171875 0.18858131487889274 0.021484375 0.05190311418685121
0 0.0556640625 0.24567474048442905 0.0224609375 0.04671280276816609
0 0.50390625 0.24740484429065743 0.015625 0.039792387543252594
0 0.59765625 0.23183391003460208 0.0244140625 0.05363321799307959
0 0.447265625 0.18339100346020762 0.0166015625 0.03460207612456748
0 0.4765625 0.157439446366782 0.0126953125 0.029411764705882353
0 0.408203125 0.21453287197231835 0.0146484375 0.03806228373702422
0 0.349609375 0.19204152249134948 0.01171875 0.025951557093425604
0 0.33984375 0.15916955017301038 0.0087890625 0.020761245674740483
0 0.513671875 0.18858131487889274 0.0126953125 0.025951557093425604
0 0.4951171875 0.22145328719723184 0.0126953125 0.031141868512110725
0 0.5693359375 0.20069204152249134 0.017578125 0.03806228373702422
0 0.73828125 0.22664359861591696 0.017578125 0.039792387543252594
0 0.744140625 0.20242214532871972 0.015625 0.0328719723183391
0 0.6767578125 0.1695501730103806 0.013671875 0.029411764705882353
0 0.6923828125 0.185121107266436 0.0107421875 0.020761245674740483
0 0.6650390625 0.1972318339100346 0.0107421875 0.02768166089965398
0 0.6337890625 0.185121107266436 0.0166015625 0.03460207612456748
0 0.6376953125 0.157439446366782 0.0146484375 0.029411764705882353
0 0.6513671875 0.17128027681660898 0.009765625 0.02422145328719723
0 0.8017578125 0.1695501730103806 0.013671875 0.031141868512110725
0 0.818359375 0.17301038062283736 0.0126953125 0.02768166089965398
0 0.837890625 0.16782006920415224 0.0107421875 0.02422145328719723
0 0.85546875 0.14705882352941177 0.0107421875 0.029411764705882353
0 0.8837890625 0.14878892733564014 0.0087890625 0.01903114186851211
0 0.3740234375 0.24567474048442905 0.0146484375 0.031141868512110725
0 0.353515625 0.2647058823529412 0.0244140625 0.04844290657439446
0 0.3193359375 0.23529411764705882 0.01953125 0.04325259515570934
0 0.2724609375 0.17647058823529413 0.005859375 0.020761245674740483
0 0.279296875 0.1782006920415225 0.0078125 0.01730103806228374
0 0.2919921875 0.17301038062283736 0.0087890625 0.01903114186851211
0 0.6064453125 0.17993079584775087 0.0087890625 0.020761245674740483
0 0.5625 0.14186851211072665 0.0048828125 0.012110726643598616
0 0.1923828125 0.2491349480968858 0.0205078125 0.03806228373702422