0 0.4462890625 0.7621951219512195 0.013671875 0.057926829268292686
0 0.478515625 0.698170731707317 0.015625 0.054878048780487805
0 0.388671875 0.6737804878048781 0.009765625 0.042682926829268296
0 0.4296875 0.5640243902439024 0.0087890625 0.042682926829268296
0 0.37109375 0.7195121951219512 0.0126953125 0.04878048780487805
0 0.3701171875 0.5426829268292683 0.013671875 0.04573170731707317
0 0.3369140625 0.5792682926829268 0.0126953125 0.04573170731707317
0 0.5830078125 0.774390243902439 0.0166015625 0.057926829268292686
0 0.6025390625 0.5975609756097561 0.009765625 0.039634146341463415
0 0.658203125 0.7774390243902439 0.0107421875 0.036585365853658534
0 0.68359375 0.6707317073170732 0.0185546875 0.06707317073170732
0 0.357421875 0.9695121951219512 0.0322265625 0.06097560975609756
0 0.4619140625 0.6036585365853658 0.017578125 0.054878048780487805
0 0.2919921875 0.7560975609756098 0.0185546875 0.06097560975609756
0 0.298828125 0.6128048780487805 0.0146484375 0.051829268292682924
0 0.2744140625 0.6128048780487805 0.0146484375 0.051829268292682924
0 0.2509765625 0.8719512195121951 0.0185546875 0.057926829268292686
0 0.224609375 0.5487804878048781 0.01171875 0.042682926829268296
0 0.3955078125 0.5457317073170732 0.009765625 0.039634146341463415
0 0.2216796875 0.4817073170731707 0.0078125 0.03048780487804878
0 0.244140625 0.4695121951219512 0.0078125 0.03048780487804878
0 0.232421875 0.47865853658536583 0.009765625 0.03353658536585366
0 0.580078125 0.4695121951219512 0.009765625 0.036585365853658534
0 0.5751953125 0.6280487804878049 0.0126953125 0.051829268292682924
0 0.216796875 0.6189024390243902 0.013671875 0.04878048780487805
0 0.345703125 0.8445121951219512 0.0234375 0.07621951219512195
0 0.09375 0.7042682926829268 0.013671875 0.054878048780487805
0 0.048828125 0.625 0.013671875 0.054878048780487805
0 0.0263671875 0.7408536585365854 0.01953125 0.0701219512195122
0 0.021484375 0.5823170731707317 0.013671875 0.04878048780487805
0 0.279296875 0.39939024390243905 0.009765625 0.042682926829268296
0 0.318359375 0.4115853658536585 0.01171875 0.042682926829268296
0 0.1328125 0.6310975609756098 0.013671875 0.06097560975609756
0 0.37109375 0.4146341463414634 0.0107421875 0.042682926829268296
0 0.322265625 0.4695121951219512 0.0107421875 0.042682926829268296
0 0.3203125 0.5182926829268293 0.01171875 0.04573170731707317
0 0.318359375 0.5487804878048781 0.009765625 0.04573170731707317
0 0.4208984375 0.43597560975609756 0.0078125 0.03048780487804878
0 0.8564453125 0.6158536585365854 0.009765625 0.03353658536585366
0 0.8212890625 0.5579268292682927 0.009765625 0.03353658536585366
0 0.8037109375 0.5121951219512195 0.0078125 0.03048780487804878
0 0.720703125 0.4634146341463415 0.0087890625 0.03353658536585366
0 0.8271484375 0.3871951219512195 0.0087890625 0.027439024390243903
0 0.8173828125 0.4024390243902439 0.0078125 0.03048780487804878
0 0.771484375 0.4573170731707317 0.0107421875 0.036585365853658534
0 0.65234375 0.4695121951219512 0.0087890625 0.027439024390243903
0 0.6533203125 0.4268292682926829 0.009765625 0.03353658536585366
0 0.6376953125 0.46646341463414637 0.005859375 0.024390243902439025
0 0.640625 0.4329268292682927 0.0078125 0.03048780487804878
0 0.6279296875 0.4115853658536585 0.005859375 0.021341463414634148
0 0.6103515625 0.43597560975609756 0.005859375 0.024390243902439025
0 0.4267578125 0.7134146341463414 0.01171875 0.054878048780487805
0 0.494140625 0.625 0.0107421875 0.042682926829268296
0 0.474609375 0.45426829268292684 0.0107421875 0.036585365853658534
0 0.44921875 0.4817073170731707 0.0126953125 0.042682926829268296
0 0.5634765625 0.9664634146341463 0.0380859375 0.06707317073170732
0 0.4638671875 0.875 0.015625 0.051829268292682924
0 0.4287109375 0.43902439024390244 0.0087890625 0.039634146341463415
0 0.4013671875 0.4329268292682927 0.0078125 0.042682926829268296
0 0.5263671875 0.4634146341463415 0.0087890625 0.027439024390243903
0 0.53515625 0.49390243902439024 0.009765625 0.036585365853658534
0 0.923828125 0.45426829268292684 0.0078125 0.036585365853658534
0 0.94921875 0.5609756097560976 0.0087890625 0.03048780487804878
0 0.90234375 0.4329268292682927 0.0087890625 0.03353658536585366
0 0.7529296875 0.4634146341463415 0.0087890625 0.03353658536585366
0 0.77734375 0.5579268292682927 0.0078125 0.03048780487804878
0 0.4013671875 0.39634146341463417 0.005859375 0.024390243902439025
0 0.4482421875 0.4115853658536585 0.0078125 0.024390243902439025