0 0.953125 0.50187265917603 0.029296875 0.03620474406991261
0 0.90625 0.5755305867665418 0.0302734375 0.04244694132334582
0 0.828125 0.5642946317103621 0.0322265625 0.04244694132334582
0 0.7783203125 0.5418227215980025 0.0205078125 0.03495630461922597
0 0.908203125 0.5280898876404494 0.0146484375 0.019975031210986267
0 0.990234375 0.5081148564294632 0.0087890625 0.017478152309612985
0 0.8583984375 0.5068664169787765 0.0146484375 0.02122347066167291
0 0.8486328125 0.5368289637952559 0.0166015625 0.018726591760299626
0 0.79296875 0.50187265917603 0.0166015625 0.024968789013732832
0 0.806640625 0.48813982521847693 0.0087890625 0.017478152309612985
0 0.7490234375 0.5118601747815231 0.017578125 0.02746566791510612
0 0.7158203125 0.48064918851435706 0.013671875 0.02247191011235955
0 0.6943359375 0.5006242197253433 0.015625 0.02247191011235955
0 0.67578125 0.4756554307116105 0.013671875 0.019975031210986267
0 0.6689453125 0.5742821473158551 0.025390625 0.04119850187265917
0 0.6630859375 0.529338327091136 0.01953125 0.03495630461922597
0 0.6279296875 0.4993757802746567 0.017578125 0.026217228464419477
0 0.5966796875 0.47440699126092384 0.01171875 0.018726591760299626
0 0.5810546875 0.5530586766541823 0.025390625 0.03870162297128589
0 0.576171875 0.50187265917603 0.0126953125 0.02372034956304619
0 0.486328125 0.5093632958801498 0.015625 0.02247191011235955
0 0.4560546875 0.50187265917603 0.0205078125 0.03495630461922597
0 0.41796875 0.5543071161048689 0.02734375 0.04119850187265917
0 0.404296875 0.5031210986267166 0.013671875 0.02247191011235955
0 0.337890625 0.5393258426966292 0.021484375 0.03745318352059925
0 0.369140625 0.5255930087390761 0.0205078125 0.02746566791510612
0 0.2978515625 0.5068664169787765 0.0224609375 0.03495630461922597
0 0.353515625 0.484394506866417 0.013671875 0.017478152309612985
0 0.3388671875 0.47191011235955055 0.0078125 0.0149812734082397
0 0.37109375 0.49063670411985016 0.0068359375 0.012484394506866416
0 0.3779296875 0.46941323345817726 0.0087890625 0.01373283395755306
0 0.2314453125 0.5405742821473158 0.0234375 0.04119850187265917
0 0.12109375 0.5318352059925093 0.0322265625 0.046192259675405745
0 0.1953125 0.4968789013732834 0.01171875 0.016229712858926344
0 0.2568359375 0.48314606741573035 0.01171875 0.0149812734082397
0 0.1494140625 0.5056179775280899 0.01953125 0.026217228464419477
0 0.0087890625 0.5418227215980025 0.017578125 0.03870162297128589
0 0.0263671875 0.5081148564294632 0.0244140625 0.0299625468164794
0 0.5322265625 0.519350811485643 0.0166015625 0.0299625468164794