0 0.9248046875 0.3712737127371274 0.0166015625 0.05962059620596206
0 0.8583984375 0.43089430894308944 0.0185546875 0.05962059620596206
0 0.861328125 0.32791327913279134 0.015625 0.056910569105691054
0 0.8095703125 0.37669376693766937 0.01953125 0.05962059620596206
0 0.7900390625 0.3604336043360434 0.013671875 0.04607046070460705
0 0.7294921875 0.45799457994579945 0.01953125 0.056910569105691054
0 0.7529296875 0.4065040650406504 0.015625 0.056910569105691054
0 0.689453125 0.4037940379403794 0.017578125 0.06233062330623306
0 0.669921875 0.3116531165311653 0.0107421875 0.04065040650406504
0 0.63671875 0.3875338753387534 0.017578125 0.051490514905149054
0 0.5693359375 0.35501355013550134 0.0166015625 0.056910569105691054
0 0.556640625 0.3712737127371274 0.013671875 0.051490514905149054
0 0.529296875 0.42276422764227645 0.0146484375 0.051490514905149054
0 0.5224609375 0.3224932249322493 0.0166015625 0.056910569105691054
0 0.49609375 0.34959349593495936 0.017578125 0.056910569105691054
0 0.4599609375 0.3712737127371274 0.017578125 0.05420054200542006
0 0.43359375 0.33875338753387535 0.0166015625 0.05420054200542006
0 0.697265625 0.3170731707317073 0.01171875 0.051490514905149054
0 0.3828125 0.3604336043360434 0.01953125 0.05962059620596206
0 0.4013671875 0.34688346883468835 0.0146484375 0.04878048780487805
0 0.369140625 0.3902439024390244 0.013671875 0.04878048780487805
0 0.2939453125 0.3902439024390244 0.0166015625 0.04878048780487805
0 0.3408203125 0.3333333333333333 0.0126953125 0.04607046070460705
0 0.27734375 0.38482384823848237 0.0146484375 0.051490514905149054
0 0.240234375 0.4065040650406504 0.0146484375 0.051490514905149054
0 0.21484375 0.3712737127371274 0.0166015625 0.056910569105691054
0 0.26171875 0.36585365853658536 0.01171875 0.04607046070460705
0 0.166015625 0.34688346883468835 0.015625 0.05420054200542006
0 0.12890625 0.35772357723577236 0.0166015625 0.05420054200542006
0 0.068359375 0.35772357723577236 0.0166015625 0.051490514905149054
0 0.0732421875 0.3116531165311653 0.015625 0.051490514905149054
0 0.0146484375 0.32791327913279134 0.0166015625 0.05420054200542006
0 0.34375 0.39295392953929537 0.017578125 0.05962059620596206
0 0.4794921875 0.3035230352303523 0.013671875 0.04878048780487805
0 0.6572265625 0.3902439024390244 0.013671875 0.051490514905149054
0 0.76171875 0.3821138211382114 0.017578125 0.056910569105691054
0 0.8271484375 0.3712737127371274 0.0166015625 0.05962059620596206
0 0.9931640625 0.3956639566395664 0.013671875 0.051490514905149054
0 0.6435546875 0.3252032520325203 0.0146484375 0.051490514905149054