0 0.9609375 0.36379613356766255 0.03515625 0.08084358523725835
0 0.8486328125 0.3655536028119508 0.046875 0.09666080843585237
0 0.8681640625 0.29876977152899825 0.0146484375 0.028119507908611598
0 0.69921875 0.10193321616871705 0.064453125 0.12302284710017575
0 0.6884765625 0.31282952548330406 0.0625 0.140597539543058
0 0.7490234375 0.34797891036906853 0.0400390625 0.08787346221441125
0 0.63671875 0.5869947275922671 0.115234375 0.2583479789103691
0 0.4453125 0.5588752196836555 0.17578125 0.38488576449912126
0 0.599609375 0.3181019332161687 0.04296875 0.08963093145869948
0 0.421875 0.27768014059753954 0.0361328125 0.07557117750439367
0 0.337890625 0.3602811950790861 0.0546875 0.10720562390158173
0 0.2783203125 0.3022847100175747 0.033203125 0.06854130052724078
0 0.53515625 0.4112478031634446 0.0322265625 0.070298769771529
0 0.009765625 0.281195079086116 0.01953125 0.11247803163444639