0 0.7744140625 0.22423849643551522 0.0361328125 0.027219701879455604
0 0.8720703125 0.2423849643551523 0.0302734375 0.02462734931950745
0 0.5048828125 0.20803629293583928 0.03125 0.023979261179520414
0 0.5302734375 0.34996759559300067 0.0380859375 0.033700583279325985
0 0.623046875 0.3337653920933247 0.044921875 0.027219701879455604
0 0.404296875 0.2935839274141283 0.041015625 0.050550874918988985
0 0.4599609375 0.254698639014906 0.01171875 0.009073233959818535
0 0.564453125 0.26053143227478937 0.0166015625 0.016202203499675955
0 0.6845703125 0.26053143227478937 0.0107421875 0.0064808813998703824
0 0.630859375 0.25858716785482827 0.0126953125 0.008425145819831496
0 0.7509765625 0.2670123136746598 0.0087890625 0.007128969539857421
0 0.708984375 0.2676604018146468 0.009765625 0.007128969539857421
0 0.8251953125 0.2734931950745301 0.0107421875 0.008425145819831496
0 0.77734375 0.27090084251458196 0.0087890625 0.007128969539857421
0 0.4306640625 0.28904731043421905 0.0361328125 0.03629293583927414
0 0.048828125 0.31950745301360983 0.029296875 0.033700583279325985
0 0.11328125 0.39922229423201555 0.0419921875 0.03953337653920933