0 0.0302734375 0.5833333333333334 0.03125 0.0642361111111111
0 0.1025390625 0.6319444444444444 0.0205078125 0.052083333333333336
0 0.16015625 0.5833333333333334 0.025390625 0.041666666666666664
0 0.134765625 0.5972222222222222 0.013671875 0.034722222222222224
0 0.0263671875 0.8350694444444444 0.046875 0.0920138888888889
0 0.0947265625 0.8003472222222222 0.03515625 0.0798611111111111
0 0.189453125 0.8229166666666666 0.0751953125 0.16319444444444445
0 0.220703125 0.6458333333333334 0.033203125 0.06770833333333333
0 0.2705078125 0.5659722222222222 0.01171875 0.03993055555555555
0 0.25 0.5017361111111112 0.0087890625 0.019097222222222224
0 0.2607421875 0.5052083333333334 0.009765625 0.020833333333333332
0 0.2880859375 0.4704861111111111 0.0107421875 0.024305555555555556
0 0.3056640625 0.4722222222222222 0.0166015625 0.03993055555555555
0 0.3330078125 0.4513888888888889 0.0107421875 0.026041666666666668
0 0.33984375 0.4288194444444444 0.0087890625 0.019097222222222224
0 0.3515625 0.4322916666666667 0.009765625 0.020833333333333332
0 0.3720703125 0.4392361111111111 0.0087890625 0.024305555555555556
0 0.3896484375 0.4270833333333333 0.0078125 0.019097222222222224
0 0.4150390625 0.4409722222222222 0.013671875 0.03125
0 0.2890625 0.4479166666666667 0.013671875 0.034722222222222224
0 0.37109375 0.46875 0.0107421875 0.027777777777777776
0 0.4052734375 0.46875 0.01953125 0.04513888888888889
0 0.37890625 0.5572916666666666 0.0361328125 0.07118055555555555
0 0.35546875 0.6822916666666666 0.046875 0.10069444444444445
0 0.408203125 0.5329861111111112 0.02734375 0.07118055555555555
0 0.44140625 0.4392361111111111 0.0146484375 0.029513888888888888
0 0.455078125 0.4079861111111111 0.0048828125 0.017361111111111112
0 0.462890625 0.4045138888888889 0.0087890625 0.026041666666666668
0 0.4931640625 0.3958333333333333 0.009765625 0.017361111111111112
0 0.51171875 0.3819444444444444 0.0087890625 0.017361111111111112
0 0.4658203125 0.4479166666666667 0.01171875 0.03125
0 0.4765625 0.4409722222222222 0.0146484375 0.034722222222222224
0 0.501953125 0.4427083333333333 0.01171875 0.024305555555555556
0 0.5322265625 0.4288194444444444 0.0166015625 0.041666666666666664
0 0.5498046875 0.4184027777777778 0.015625 0.04513888888888889
0 0.5771484375 0.3958333333333333 0.0146484375 0.03298611111111111
0 0.55859375 0.375 0.0068359375 0.017361111111111112
0 0.5361328125 0.3680555555555556 0.0078125 0.019097222222222224
0 0.4716796875 0.375 0.0078125 0.015625
0 0.482421875 0.5208333333333334 0.0146484375 0.03819444444444445
0 0.52734375 0.5243055555555556 0.0263671875 0.05381944444444445
0 0.521484375 0.5746527777777778 0.02734375 0.0642361111111111
0 0.470703125 0.6909722222222222 0.033203125 0.09027777777777778
0 0.515625 0.4097222222222222 0.0087890625 0.026041666666666668
0 0.6123046875 0.4982638888888889 0.0205078125 0.050347222222222224
0 0.798828125 0.7204861111111112 0.0625 0.1371527777777778
0 0.2978515625 0.4288194444444444 0.0078125 0.019097222222222224