0 0.9833984375 0.6189151599443672 0.005859375 0.011126564673157162
0 0.9443359375 0.6133518776077886 0.0068359375 0.009735744089012517
0 0.880859375 0.6105702364394993 0.0068359375 0.012517385257301807
0 0.7734375 0.6036161335187761 0.0068359375 0.009735744089012517
0 0.8349609375 0.6161335187760779 0.0048828125 0.011126564673157162
0 0.9697265625 0.7385257301808067 0.0087890625 0.015299026425591099
0 0.8408203125 0.760778859527121 0.0107421875 0.019471488178025034
0 0.89453125 0.8108484005563282 0.0107421875 0.016689847009735744
0 0.9296875 0.8052851182197497 0.0107421875 0.02086230876216968
0 0.857421875 0.7426981919332406 0.0068359375 0.012517385257301807
0 0.7607421875 0.7385257301808067 0.0068359375 0.009735744089012517
0 0.73046875 0.8164116828929068 0.009765625 0.013908205841446454
0 0.736328125 0.7844228094575799 0.0107421875 0.013908205841446454
0 0.7724609375 0.7552155771905424 0.0068359375 0.012517385257301807
0 0.8203125 0.8219749652294854 0.0087890625 0.015299026425591099
0 0.7451171875 0.7524339360222532 0.0068359375 0.008344923504867872
0 0.732421875 0.7385257301808067 0.005859375 0.011126564673157162
0 0.7158203125 0.7955493741307371 0.0068359375 0.016689847009735744
0 0.54296875 0.3004172461752434 0.0244140625 0.055632823365785816
0 0.5185546875 0.3004172461752434 0.0283203125 0.055632823365785816
0 0.1904296875 0.6383866481223922 0.0146484375 0.04172461752433936
0 0.11328125 0.6147426981919333 0.021484375 0.0458970792767733
0 0.322265625 0.741307371349096 0.005859375 0.012517385257301807
0 0.3583984375 0.7426981919332406 0.005859375 0.011126564673157162
0 0.16796875 0.7899860917941586 0.0087890625 0.016689847009735744
0 0.2568359375 0.7468706536856745 0.0087890625 0.016689847009735744
0 0.0615234375 0.7983310152990264 0.0087890625 0.012517385257301807
0 0.0205078125 0.8094575799721836 0.0078125 0.015299026425591099
0 0.0693359375 0.8386648122392212 0.0068359375 0.015299026425591099
0 0.580078125 0.874826147426982 0.0146484375 0.02086230876216968
0 0.5810546875 0.8984700973574409 0.0126953125 0.02086230876216968
0 0.625 0.8929068150208623 0.013671875 0.02086230876216968
0 0.5078125 0.8956884561891516 0.013671875 0.025034770514603615
0 0.4443359375 0.7983310152990264 0.0078125 0.013908205841446454
0 0.462890625 0.7885952712100139 0.0087890625 0.015299026425591099
0 0.484375 0.7983310152990264 0.0078125 0.012517385257301807
0 0.4853515625 0.780250347705146 0.0078125 0.011126564673157162
0 0.478515625 0.7593880389429764 0.0087890625 0.012517385257301807
0 0.494140625 0.7538247566063978 0.0078125 0.009735744089012517
0 0.51953125 0.7579972183588317 0.0087890625 0.013908205841446454
0 0.53125 0.7593880389429764 0.0078125 0.012517385257301807
0 0.6259765625 0.7329624478442281 0.0078125 0.012517385257301807
0 0.646484375 0.7524339360222532 0.0068359375 0.011126564673157162
0 0.6279296875 0.7510431154381085 0.005859375 0.008344923504867872
0 0.677734375 0.8052851182197497 0.009765625 0.016689847009735744
0 0.9365234375 0.7440890125173852 0.0078125 0.013908205841446454
0 0.896484375 0.7677329624478443 0.0087890625 0.013908205841446454
0 0.7958984375 0.8915159944367177 0.01171875 0.01808066759388039
0 0.8671875 0.9068150208623088 0.0107421875 0.01808066759388039
0 0.8017578125 0.9221140472878998 0.0146484375 0.027816411682892908
0 0.9248046875 0.9123783031988874 0.013671875 0.02364394993045897
0 0.9423828125 0.9054242002781642 0.009765625 0.022253129346314324
0 0.947265625 0.9290681502086231 0.01171875 0.02086230876216968
0 0.9677734375 0.9179415855354659 0.01171875 0.019471488178025034
0 0.986328125 0.9165507649513213 0.0107421875 0.015299026425591099
0 0.189453125 0.7677329624478443 0.0068359375 0.012517385257301807
0 0.2392578125 0.7760778859527121 0.0078125 0.013908205841446454