0 0.1240234375 0.4409722222222222 0.029296875 0.057291666666666664
0 0.150390625 0.4045138888888889 0.015625 0.03993055555555555
0 0.0322265625 0.3472222222222222 0.02734375 0.059027777777777776
0 0.048828125 0.3003472222222222 0.0126953125 0.03125
0 0.037109375 0.19270833333333334 0.0107421875 0.022569444444444444
0 0.0166015625 0.1440972222222222 0.015625 0.03125
0 0.00390625 0.1892361111111111 0.0087890625 0.052083333333333336
0 0.068359375 0.12152777777777778 0.0166015625 0.03125
0 0.02734375 0.10590277777777778 0.0126953125 0.027777777777777776
0 0.044921875 0.008680555555555556 0.0166015625 0.019097222222222224
0 0.0302734375 0.024305555555555556 0.0078125 0.019097222222222224
0 0.109375 0.010416666666666666 0.0146484375 0.022569444444444444
0 0.1259765625 0.034722222222222224 0.009765625 0.03125
0 0.083984375 0.07118055555555555 0.0068359375 0.017361111111111112
0 0.109375 0.043402777777777776 0.0078125 0.012152777777777778
0 0.1025390625 0.050347222222222224 0.005859375 0.010416666666666666
0 0.3212890625 0.4305555555555556 0.0263671875 0.05381944444444445
0 0.3857421875 0.4027777777777778 0.0224609375 0.057291666666666664
0 0.49609375 0.3836805555555556 0.0244140625 0.050347222222222224
0 0.5419921875 0.4340277777777778 0.0302734375 0.05555555555555555
0 0.5625 0.375 0.0234375 0.050347222222222224
0 0.447265625 0.2951388888888889 0.01953125 0.04513888888888889
0 0.51171875 0.24305555555555555 0.017578125 0.04861111111111111
0 0.4306640625 0.18055555555555555 0.017578125 0.036458333333333336
0 0.501953125 0.171875 0.0205078125 0.036458333333333336
0 0.4765625 0.18229166666666666 0.009765625 0.020833333333333332
0 0.3525390625 0.15104166666666666 0.0087890625 0.03125
0 0.3798828125 0.1597222222222222 0.005859375 0.019097222222222224
0 0.6494140625 0.453125 0.02734375 0.05555555555555555
0 0.716796875 0.4010416666666667 0.0263671875 0.06076388888888889
0 0.6982421875 0.3680555555555556 0.025390625 0.05381944444444445
0 0.638671875 0.3541666666666667 0.0263671875 0.050347222222222224
0 0.58984375 0.2604166666666667 0.0224609375 0.05381944444444445
0 0.7109375 0.3038194444444444 0.0234375 0.050347222222222224
0 0.767578125 0.3298611111111111 0.01953125 0.046875
0 0.8076171875 0.3402777777777778 0.021484375 0.050347222222222224
0 0.810546875 0.2708333333333333 0.01953125 0.043402777777777776
0 0.7490234375 0.22569444444444445 0.01953125 0.03993055555555555
0 0.6962890625 0.2222222222222222 0.013671875 0.03819444444444445
0 0.8916015625 0.2916666666666667 0.0234375 0.057291666666666664
0 0.8798828125 0.28125 0.0263671875 0.052083333333333336
0 0.8037109375 0.16493055555555555 0.0244140625 0.052083333333333336
0 0.8447265625 0.19444444444444445 0.0224609375 0.03819444444444445
0 0.9755859375 0.19270833333333334 0.017578125 0.04861111111111111
0 0.9169921875 0.1909722222222222 0.0146484375 0.041666666666666664
0 0.8349609375 0.15104166666666666 0.017578125 0.03125
0 0.966796875 0.15625 0.013671875 0.034722222222222224
0 0.970703125 0.1111111111111111 0.0185546875 0.029513888888888888
0 0.99609375 0.1111111111111111 0.0068359375 0.029513888888888888
0 0.99609375 0.059027777777777776 0.0068359375 0.026041666666666668
0 0.994140625 0.09027777777777778 0.0087890625 0.015625
0 0.9609375 0.04861111111111111 0.017578125 0.041666666666666664
0 0.986328125 0.05381944444444445 0.005859375 0.013888888888888888