0 0.201171875 0.3396778916544656 0.015625 0.02342606149341142
0 0.6337890625 0.07906295754026355 0.0302734375 0.0629575402635432
0 0.671875 0.1581259150805271 0.037109375 0.07174231332357248
0 0.0869140625 0.7203513909224012 0.005859375 0.010248901903367497
0 0.095703125 0.7144948755490483 0.0048828125 0.007320644216691069
0 0.1259765625 0.7159590043923866 0.0048828125 0.010248901903367497
0 0.1337890625 0.7013177159590044 0.0048828125 0.005856515373352855
0 0.1611328125 0.7086383601756955 0.005859375 0.010248901903367497
0 0.11328125 0.7598828696925329 0.0166015625 0.03367496339677892
0 0.080078125 0.7496339677891655 0.0068359375 0.014641288433382138
0 0.1083984375 0.7423133235724744 0.0185546875 0.024890190336749635
0 0.203125 0.7291361639824304 0.0087890625 0.017569546120058566
0 0.2265625 0.7203513909224012 0.009765625 0.021961932650073207
0 0.2529296875 0.6969253294289898 0.0078125 0.01171303074670571
0 0.25 0.7423133235724744 0.021484375 0.03513909224011713
0 0.2744140625 0.7320644216691069 0.01171875 0.02635431918008785
0 0.3046875 0.7423133235724744 0.0087890625 0.021961932650073207
0 0.3115234375 0.7218155197657394 0.0107421875 0.021961932650073207
0 0.3525390625 0.6617862371888726 0.00390625 0.010248901903367497
0 0.3388671875 0.6588579795021962 0.0068359375 0.01903367496339678
0 0.265625 0.7086383601756955 0.005859375 0.016105417276720352
0 0.2587890625 0.6954612005856515 0.00390625 0.013177159590043924
0 0.19140625 0.7613469985358712 0.0087890625 0.021961932650073207
0 0.345703125 0.7481698389458272 0.0185546875 0.036603221083455345
0 0.30859375 0.5710102489019033 0.0029296875 0.008784773060029283
0 0.3857421875 0.739385065885798 0.015625 0.03074670571010249
0 0.4150390625 0.7042459736456809 0.0078125 0.03074670571010249
0 0.447265625 0.7276720351390923 0.0185546875 0.0424597364568082
0 0.388671875 0.6954612005856515 0.005859375 0.013177159590043924
0 0.451171875 0.6866764275256223 0.0087890625 0.014641288433382138
0 0.4697265625 0.6852122986822841 0.0126953125 0.02635431918008785
0 0.5673828125 0.7525622254758418 0.021484375 0.043923865300146414
0 0.5322265625 0.698389458272328 0.0107421875 0.01903367496339678
0 0.51171875 0.6720351390922401 0.00390625 0.010248901903367497
0 0.419921875 0.7774524158125915 0.021484375 0.05417276720351391
0 0.5302734375 0.6691068814055637 0.005859375 0.01171303074670571
0 0.578125 0.7935578330893118 0.025390625 0.05710102489019034
0 0.5859375 0.726207906295754 0.015625 0.03367496339677892
0 0.607421875 0.718887262079063 0.0166015625 0.029282576866764276
0 0.662109375 0.6837481698389458 0.0048828125 0.01171303074670571
0 0.6640625 0.7086383601756955 0.015625 0.02635431918008785
0 0.6328125 0.7144948755490483 0.0166015625 0.027818448023426062
0 0.744140625 0.7540263543191801 0.025390625 0.05856515373352855
0 0.78125 0.6852122986822841 0.009765625 0.027818448023426062
0 0.7880859375 0.6691068814055637 0.00390625 0.013177159590043924
0 0.7041015625 0.6939970717423133 0.0126953125 0.03074670571010249
0 0.8955078125 0.7101024890190337 0.0205078125 0.040995607613469986
0 0.91015625 0.6881405563689604 0.0185546875 0.029282576866764276
0 0.9150390625 0.6676427525622255 0.0166015625 0.029282576866764276
0 0.849609375 0.6676427525622255 0.0068359375 0.013177159590043924
0 0.8173828125 0.6954612005856515 0.0146484375 0.040995607613469986
0 0.8056640625 0.7745241581259151 0.033203125 0.05417276720351391
0 0.8935546875 0.7613469985358712 0.02734375 0.0746705710102489
0 0.8984375 0.6471449487554904 0.0146484375 0.03367496339677892
0 0.638671875 0.7774524158125915 0.0244140625 0.048316251830161056
0 0.65234375 0.6998535871156661 0.015625 0.03074670571010249
0 0.9716796875 0.5563689604685212 0.0166015625 0.05710102489019034
0 0.0400390625 0.7364568081991215 0.005859375 0.01171303074670571
0 0.013671875 0.767203513909224 0.0166015625 0.03367496339677892
0 0.16796875 0.780380673499268 0.0087890625 0.03074670571010249
0 0.2265625 0.849194729136164 0.0263671875 0.05124450951683748
0 0.1357421875 0.6852122986822841 0.00390625 0.008784773060029283
0 0.142578125 0.7979502196193266 0.021484375 0.048316251830161056
0 0.07421875 0.8814055636896047 0.037109375 0.06734992679355783
0 0.0380859375 0.8550512445095169 0.0234375 0.04538799414348463
0 0.1845703125 0.9224011713030746 0.0537109375 0.10395314787701318
0 0.275390625 0.8594436310395315 0.033203125 0.0629575402635432
0 0.29296875 0.8257686676427526 0.013671875 0.05710102489019034
0 0.408203125 0.8550512445095169 0.0390625 0.08052708638360176
0 0.4833984375 0.8199121522693997 0.0224609375 0.06442166910688141
0 0.546875 0.849194729136164 0.04296875 0.10102489019033675
0 0.03515625 0.7086383601756955 0.005859375 0.010248901903367497
0 0.04296875 0.705710102489019 0.0068359375 0.013177159590043924
0 0.482421875 0.21522693997071743 0.0126953125 0.040995607613469986
0 0.5478515625 0.14641288433382138 0.0166015625 0.04538799414348463