0 0.142578125 0.750733137829912 0.017578125 0.03372434017595308
0 0.1845703125 0.8504398826979472 0.025390625 0.0469208211143695
0 0.2353515625 0.7859237536656891 0.0146484375 0.03519061583577713
0 0.267578125 0.7448680351906158 0.017578125 0.036656891495601175
0 0.0263671875 0.8475073313782991 0.0166015625 0.03372434017595308
0 0.046875 0.9134897360703812 0.01953125 0.03812316715542522
0 0.126953125 0.6818181818181818 0.0126953125 0.02785923753665689
0 0.01171875 0.7140762463343109 0.015625 0.03812316715542522
0 0.1103515625 0.43548387096774194 0.0185546875 0.026392961876832845
0 0.1474609375 0.4281524926686217 0.015625 0.02785923753665689
0 0.1884765625 0.4090909090909091 0.017578125 0.02932551319648094
0 0.1884765625 0.4780058651026393 0.0126953125 0.02785923753665689
0 0.2685546875 0.44574780058651026 0.0107421875 0.02785923753665689
0 0.259765625 0.3343108504398827 0.013671875 0.02932551319648094
0 0.1669921875 0.2829912023460411 0.0126953125 0.01906158357771261
0 0.0244140625 0.375366568914956 0.0126953125 0.021994134897360705
0 0.3095703125 0.7375366568914956 0.017578125 0.030791788856304986
0 0.3779296875 0.6774193548387096 0.0185546875 0.03225806451612903
0 0.2783203125 0.6788856304985337 0.013671875 0.026392961876832845
0 0.4541015625 0.8181818181818182 0.0107421875 0.02785923753665689
0 0.525390625 0.6642228739002932 0.0166015625 0.03372434017595308
0 0.5556640625 0.7390029325513197 0.01953125 0.03519061583577713
0 0.6611328125 0.8137829912023461 0.0224609375 0.03519061583577713
0 0.7294921875 0.7052785923753666 0.01953125 0.039589442815249266
0 0.6591796875 0.6700879765395894 0.0166015625 0.03519061583577713
0 0.7578125 0.7360703812316716 0.0146484375 0.03519061583577713
0 0.5693359375 0.9281524926686217 0.0126953125 0.03519061583577713
0 0.974609375 0.7346041055718475 0.0166015625 0.030791788856304986
0 0.931640625 0.7082111436950147 0.0205078125 0.03812316715542522
0 0.8916015625 0.7082111436950147 0.017578125 0.03519061583577713
0 0.828125 0.6906158357771262 0.013671875 0.02785923753665689
0 0.80078125 0.7214076246334311 0.0166015625 0.03372434017595308
0 0.9384765625 0.8123167155425219 0.013671875 0.024926686217008796
0 0.9287109375 0.906158357771261 0.01171875 0.02785923753665689
0 0.787109375 0.8255131964809385 0.01953125 0.04105571847507331
0 0.982421875 0.9105571847507331 0.0234375 0.03372434017595308
0 0.533203125 0.27712609970674484 0.0126953125 0.02785923753665689
0 0.568359375 0.3533724340175953 0.0107421875 0.026392961876832845
0 0.6025390625 0.36363636363636365 0.01171875 0.026392961876832845
0 0.697265625 0.34750733137829914 0.01171875 0.02932551319648094
0 0.6142578125 0.28152492668621704 0.0126953125 0.02346041055718475
0 0.63671875 0.27712609970674484 0.0107421875 0.020527859237536656
0 0.6806640625 0.28005865102639294 0.01171875 0.024926686217008796
0 0.748046875 0.3592375366568915 0.0146484375 0.02346041055718475
0 0.751953125 0.2756598240469208 0.009765625 0.020527859237536656
0 0.4697265625 0.29472140762463345 0.01171875 0.01906158357771261
0 0.3974609375 0.3841642228739003 0.0126953125 0.016129032258064516
0 0.3955078125 0.36656891495601174 0.013671875 0.020527859237536656
0 0.373046875 0.34017595307917886 0.0126953125 0.021994134897360705
0 0.3515625 0.3416422287390029 0.013671875 0.020527859237536656
0 0.3125 0.3563049853372434 0.0126953125 0.020527859237536656
0 0.30859375 0.4310850439882698 0.01171875 0.021994134897360705
0 0.4169921875 0.31085043988269795 0.0126953125 0.021994134897360705
0 0.35546875 0.29765395894428154 0.0126953125 0.02346041055718475
0 0.365234375 0.7521994134897361 0.013671875 0.021994134897360705
0 0.4580078125 0.7375366568914956 0.0146484375 0.030791788856304986
0 0.890625 0.2287390029325513 0.0107421875 0.021994134897360705
0 0.9140625 0.2536656891495601 0.0107421875 0.02346041055718475
0 0.9189453125 0.26832844574780057 0.0107421875 0.021994134897360705
0 0.9697265625 0.30498533724340177 0.013671875 0.01906158357771261
0 0.955078125 0.2756598240469208 0.0087890625 0.01906158357771261
0 0.982421875 0.3782991202346041 0.013671875 0.024926686217008796
0 0.994140625 0.35043988269794724 0.0107421875 0.030791788856304986
0 0.9052734375 0.31085043988269795 0.0107421875 0.021994134897360705
0 0.9072265625 0.3416422287390029 0.0107421875 0.021994134897360705
0 0.87890625 0.34310850439882695 0.01171875 0.024926686217008796
0 0.9033203125 0.3782991202346041 0.01171875 0.02346041055718475
0 0.962890625 0.40762463343108507 0.0185546875 0.017595307917888565
0 0.8359375 0.23607038123167157 0.01171875 0.020527859237536656
0 0.861328125 0.22727272727272727 0.0087890625 0.024926686217008796
0 0.861328125 0.31671554252199413 0.01171875 0.020527859237536656
0 0.7919921875 0.25219941348973607 0.01171875 0.021994134897360705
0 0.8369140625 0.33284457478005863 0.01171875 0.026392961876832845
0 0.8515625 0.38269794721407624 0.01171875 0.021994134897360705
0 0.7978515625 0.3460410557184751 0.0126953125 0.024926686217008796
0 0.8037109375 0.3225806451612903 0.0107421875 0.01906158357771261
0 0.1435546875 0.15249266862170088 0.0107421875 0.01466275659824047
0 0.1142578125 0.14222873900293256 0.009765625 0.01466275659824047
0 0.380859375 0.15835777126099707 0.0107421875 0.01906158357771261
0 0.423828125 0.15102639296187684 0.009765625 0.01906158357771261
0 0.2744140625 0.20674486803519063 0.0078125 0.01466275659824047
0 0.1142578125 0.38563049853372433 0.0126953125 0.026392961876832845
0 0.5 0.1187683284457478 0.009765625 0.016129032258064516
0 0.33984375 0.093841642228739 0.0068359375 0.01466275659824047
0 0.4228515625 0.08211143695014662 0.009765625 0.011730205278592375
0 0.267578125 0.05718475073313783 0.0087890625 0.011730205278592375
0 0.3115234375 0.05718475073313783 0.0087890625 0.013196480938416423
0 0.3876953125 0.07917888563049853 0.0078125 0.011730205278592375
0 0.8017578125 0.10117302052785923 0.0087890625 0.01466275659824047
0 0.8330078125 0.10850439882697947 0.0078125 0.01466275659824047
0 0.888671875 0.08944281524926687 0.0068359375 0.013196480938416423
0 0.58984375 0.6891495601173021 0.015625 0.036656891495601175
0 0.2451171875 0.47214076246334313 0.01171875 0.02785923753665689
0 0.2890625 0.3563049853372434 0.013671875 0.02346041055718475
0 0.5517578125 0.060117302052785926 0.0087890625 0.017595307917888565
0 0.6162109375 0.04252199413489736 0.0107421875 0.016129032258064516
0 0.65234375 0.01906158357771261 0.0078125 0.016129032258064516
0 0.455078125 0.12023460410557185 0.0087890625 0.01466275659824047
0 0.1767578125 0.021994134897360705 0.0078125 0.013196480938416423
0 0.2119140625 0.013196480938416423 0.0068359375 0.011730205278592375
0 0.2412109375 0.013196480938416423 0.0068359375 0.010263929618768328
0 0.1396484375 0.016129032258064516 0.0078125 0.011730205278592375
0 0.9443359375 0.24926686217008798 0.015625 0.020527859237536656
0 0.9853515625 0.10703812316715543 0.0107421875 0.020527859237536656
0 0.96484375 0.11290322580645161 0.01171875 0.017595307917888565
0 0.90234375 0.0967741935483871 0.0087890625 0.01906158357771261
0 0.9130859375 0.7991202346041055 0.0146484375 0.03812316715542522
0 0.876953125 0.6392961876832844 0.009765625 0.011730205278592375
0 0.8828125 0.2668621700879765 0.0068359375 0.017595307917888565
0 0.615234375 0.3489736070381232 0.005859375 0.016129032258064516
0 0.564453125 0.2903225806451613 0.0107421875 0.016129032258064516
0 0.59375 0.2844574780058651 0.0087890625 0.021994134897360705
0 0.7080078125 0.2727272727272727 0.0087890625 0.020527859237536656
0 0.7197265625 0.2668621700879765 0.0068359375 0.01906158357771261
0 0.20703125 0.3841642228739003 0.0107421875 0.016129032258064516
0 0.2236328125 0.4868035190615836 0.009765625 0.030791788856304986
0 0.306640625 0.46480938416422285 0.0126953125 0.026392961876832845
0 0.0048828125 0.20674486803519063 0.009765625 0.026392961876832845
0 0.0068359375 0.3651026392961877 0.013671875 0.02346041055718475
0 0.0625 0.4530791788856305 0.015625 0.02346041055718475
0 0.0439453125 0.47653958944281527 0.015625 0.02785923753665689
0 0.1240234375 0.38563049853372433 0.0068359375 0.026392961876832845
0 0.2099609375 0.4032258064516129 0.005859375 0.016129032258064516
0 0.2216796875 0.4281524926686217 0.009765625 0.026392961876832845
0 0.1845703125 0.5439882697947214 0.0048828125 0.02346041055718475
0 0.2255859375 0.5967741935483871 0.0087890625 0.017595307917888565
0 0.294921875 0.5894428152492669 0.009765625 0.020527859237536656
0 0.1162109375 0.5395894428152492 0.005859375 0.011730205278592375
0 0.9384765625 0.03812316715542522 0.0048828125 0.008797653958944282
0 0.8486328125 0.10410557184750734 0.0078125 0.013196480938416423
0 0.8046875 0.0747800586510264 0.0068359375 0.011730205278592375
0 0.7822265625 0.030791788856304986 0.005859375 0.011730205278592375
0 0.7470703125 0.026392961876832845 0.005859375 0.010263929618768328
0 0.76171875 0.08064516129032258 0.0087890625 0.013196480938416423
0 0.75 0.09530791788856305 0.009765625 0.013196480938416423
0 0.78125 0.13196480938416422 0.0087890625 0.01466275659824047
0 0.7919921875 0.09530791788856305 0.005859375 0.013196480938416423
0 0.7958984375 0.12609970674486803 0.005859375 0.01466275659824047
0 0.8076171875 0.11290322580645161 0.0048828125 0.008797653958944282
0 0.810546875 0.09970674486803519 0.0068359375 0.016129032258064516
0 0.7041015625 0.026392961876832845 0.0068359375 0.011730205278592375
0 0.76171875 0.13929618768328444 0.0078125 0.007331378299120235
0 0.7412109375 0.13636363636363635 0.0068359375 0.007331378299120235
0 0.724609375 0.1378299120234604 0.0078125 0.008797653958944282
0 0.69921875 0.13636363636363635 0.0107421875 0.010263929618768328
0 0.6796875 0.13196480938416422 0.0078125 0.010263929618768328
0 0.669921875 0.06451612903225806 0.0087890625 0.011730205278592375
0 0.5830078125 0.06451612903225806 0.0078125 0.011730205278592375
0 0.587890625 0.016129032258064516 0.005859375 0.010263929618768328
0 0.498046875 0.093841642228739 0.0087890625 0.013196480938416423
0 0.4677734375 0.016129032258064516 0.0048828125 0.007331378299120235
0 0.4638671875 0.06598240469208211 0.0068359375 0.010263929618768328
0 0.4169921875 0.030791788856304986 0.0068359375 0.010263929618768328
0 0.4326171875 0.002932551319648094 0.005859375 0.005865102639296188
0 0.375 0.19648093841642228 0.009765625 0.01466275659824047
0 0.30859375 0.10557184750733138 0.009765625 0.013196480938416423
0 0.9189453125 0.12463343108504399 0.0126953125 0.017595307917888565
0 0.6123046875 0.0967741935483871 0.0087890625 0.011730205278592375
0 0.6337890625 0.09530791788856305 0.009765625 0.01466275659824047
0 0.6572265625 0.15249266862170088 0.009765625 0.016129032258064516
0 0.62890625 0.1348973607038123 0.0087890625 0.01466275659824047
0 0.5830078125 0.1348973607038123 0.0087890625 0.016129032258064516
0 0.564453125 0.10850439882697947 0.009765625 0.017595307917888565
0 0.5556640625 0.12316715542521994 0.0068359375 0.011730205278592375
0 0.619140625 0.15542521994134897 0.0068359375 0.013196480938416423
0 0.642578125 0.10557184750733138 0.0087890625 0.016129032258064516
0 0.6298828125 0.1656891495601173 0.0087890625 0.016129032258064516
0 0.494140625 0.0689149560117302 0.0087890625 0.01466275659824047
0 0.5 0.02785923753665689 0.009765625 0.016129032258064516
0 0.5068359375 0.02932551319648094 0.0078125 0.01466275659824047
0 0.44140625 0.03812316715542522 0.0078125 0.016129032258064516
0 0.259765625 0.14076246334310852 0.0078125 0.016129032258064516
0 0.02734375 0.23900293255131966 0.013671875 0.021994134897360705
0 0.0927734375 0.16422287390029325 0.0078125 0.010263929618768328
0 0.0458984375 0.36656891495601174 0.0107421875 0.020527859237536656
0 0.9541015625 0.44574780058651026 0.013671875 0.021994134897360705
0 0.86328125 0.44868035190615835 0.0126953125 0.026392961876832845
0 0.8671875 0.47947214076246336 0.0146484375 0.021994134897360705
0 0.8291015625 0.3724340175953079 0.01171875 0.021994134897360705
0 0.912109375 0.5454545454545454 0.015625 0.02785923753665689
0 0.83203125 0.5894428152492669 0.0146484375 0.030791788856304986
0 0.931640625 0.3812316715542522 0.013671875 0.021994134897360705
0 0.919921875 0.40175953079178883 0.0126953125 0.02346041055718475
0 0.9375 0.3313782991202346 0.0087890625 0.01906158357771261
0 0.2998046875 0.9134897360703812 0.0146484375 0.03225806451612903
0 0.32421875 0.8255131964809385 0.01171875 0.02932551319648094
0 0.212890625 0.7375366568914956 0.0166015625 0.030791788856304986
0 0.1787109375 0.25219941348973607 0.009765625 0.017595307917888565
0 0.05859375 0.19501466275659823 0.0087890625 0.016129032258064516
0 0.146484375 0.18914956011730205 0.0107421875 0.016129032258064516
0 0.2412109375 0.3973607038123167 0.0107421875 0.020527859237536656
0 0.2060546875 0.41348973607038125 0.009765625 0.016129032258064516
0 0.0615234375 0.3592375366568915 0.0126953125 0.021994134897360705
0 0.0966796875 0.3870967741935484 0.0126953125 0.021994134897360705
0 0.9970703125 0.4560117302052786 0.005859375 0.02346041055718475
0 0.994140625 0.4413489736070381 0.0107421875 0.02785923753665689
0 0.060546875 0.7683284457478006 0.017578125 0.036656891495601175