0 0.802734375 0.34375 0.0166015625 0.03298611111111111
0 0.8212890625 0.3472222222222222 0.013671875 0.034722222222222224
0 0.734375 0.2934027777777778 0.0126953125 0.027777777777777776
0 0.689453125 0.2725694444444444 0.0126953125 0.020833333333333332
0 0.736328125 0.4427083333333333 0.0224609375 0.04861111111111111
0 0.767578125 0.3871527777777778 0.01171875 0.03125
0 0.8798828125 0.765625 0.03515625 0.08159722222222222
0 0.732421875 0.5451388888888888 0.0205078125 0.050347222222222224
0 0.724609375 0.484375 0.0146484375 0.036458333333333336
0 0.865234375 0.625 0.02734375 0.06076388888888889
0 0.603515625 0.6527777777777778 0.0234375 0.07291666666666667
0 0.5546875 0.5555555555555556 0.0205078125 0.07118055555555555
0 0.5830078125 0.5173611111111112 0.017578125 0.04513888888888889
0 0.595703125 0.4409722222222222 0.0234375 0.05555555555555555
0 0.6259765625 0.4427083333333333 0.0224609375 0.041666666666666664
0 0.66015625 0.3819444444444444 0.0166015625 0.036458333333333336
0 0.6201171875 0.375 0.0205078125 0.041666666666666664
0 0.578125 0.3715277777777778 0.0146484375 0.029513888888888888
0 0.6455078125 0.3142361111111111 0.0126953125 0.020833333333333332
0 0.6181640625 0.3038194444444444 0.0107421875 0.027777777777777776
0 0.6474609375 0.2829861111111111 0.0087890625 0.015625
0 0.58203125 0.3246527777777778 0.0126953125 0.029513888888888888
0 0.607421875 0.2795138888888889 0.0087890625 0.022569444444444444
0 0.625 0.1909722222222222 0.0087890625 0.019097222222222224
0 0.5927734375 0.3559027777777778 0.013671875 0.03125
0 0.5302734375 0.2916666666666667 0.009765625 0.024305555555555556
0 0.509765625 0.3072916666666667 0.013671875 0.03298611111111111
0 0.4921875 0.3506944444444444 0.013671875 0.027777777777777776
0 0.4794921875 0.2881944444444444 0.01171875 0.022569444444444444
0 0.4873046875 0.2482638888888889 0.0078125 0.013888888888888888
0 0.5673828125 0.296875 0.0078125 0.022569444444444444
0 0.46484375 0.2864583333333333 0.0107421875 0.024305555555555556
0 0.4501953125 0.2847222222222222 0.0087890625 0.017361111111111112
0 0.5615234375 0.3732638888888889 0.01171875 0.027777777777777776
0 0.400390625 0.4097222222222222 0.01171875 0.03819444444444445
0 0.373046875 0.3715277777777778 0.01953125 0.03819444444444445
0 0.39453125 0.28125 0.0107421875 0.027777777777777776
0 0.3701171875 0.3194444444444444 0.0087890625 0.022569444444444444
0 0.4443359375 0.3541666666666667 0.013671875 0.034722222222222224
0 0.294921875 0.3975694444444444 0.0126953125 0.03125
0 0.279296875 0.453125 0.0185546875 0.041666666666666664
0 0.2578125 0.3923611111111111 0.0205078125 0.046875
0 0.3447265625 0.34375 0.0126953125 0.027777777777777776
0 0.328125 0.3940972222222222 0.0126953125 0.026041666666666668
0 0.0361328125 0.5190972222222222 0.025390625 0.05555555555555555
0 0.1904296875 0.3645833333333333 0.015625 0.027777777777777776
0 0.189453125 0.3368055555555556 0.009765625 0.019097222222222224
0 0.1611328125 0.3472222222222222 0.009765625 0.022569444444444444
0 0.146484375 0.3177083333333333 0.0107421875 0.024305555555555556
0 0.0537109375 0.4409722222222222 0.017578125 0.04861111111111111
0 0.03125 0.3489583333333333 0.0146484375 0.03125
0 0.1533203125 0.4826388888888889 0.0146484375 0.034722222222222224
0 0.0751953125 0.3489583333333333 0.0146484375 0.03125
0 0.025390625 0.2916666666666667 0.01171875 0.026041666666666668
0 0.04296875 0.2621527777777778 0.0087890625 0.020833333333333332
0 0.0400390625 0.3003472222222222 0.0107421875 0.026041666666666668
0 0.1396484375 0.28125 0.0078125 0.020833333333333332
0 0.4345703125 0.21875 0.0078125 0.017361111111111112
0 0.5009765625 0.22395833333333334 0.015625 0.024305555555555556
0 0.4111328125 0.3524305555555556 0.01171875 0.022569444444444444
0 0.40625 0.2621527777777778 0.0126953125 0.024305555555555556
0 0.2255859375 0.4010416666666667 0.0146484375 0.036458333333333336
0 0.771484375 0.4565972222222222 0.0146484375 0.034722222222222224