0 0.6826171875 0.18873239436619718 0.0263671875 0.054929577464788736
0 0.5234375 0.2704225352112676 0.0380859375 0.07887323943661972
0 0.525390625 0.46056338028169014 0.0634765625 0.11549295774647887
0 0.4267578125 0.2943661971830986 0.0517578125 0.09154929577464789
0 0.05078125 0.16901408450704225 0.037109375 0.06338028169014084
0 0.251953125 0.2380281690140845 0.05078125 0.08732394366197183
0 0.21875 0.22816901408450704 0.037109375 0.0676056338028169
0 0.1923828125 0.2112676056338028 0.0234375 0.04788732394366197
0 0.27734375 0.14366197183098592 0.0224609375 0.0323943661971831
0 0.22265625 0.5661971830985916 0.1083984375 0.2605633802816901
0 0.3251953125 0.376056338028169 0.0419921875 0.08873239436619719
0 0.7119140625 0.19859154929577466 0.0439453125 0.07464788732394366
0 0.76953125 0.3295774647887324 0.046875 0.09154929577464789
0 0.91015625 0.2056338028169014 0.06640625 0.1295774647887324
0 0.8408203125 0.12112676056338029 0.015625 0.0323943661971831
0 0.2041015625 0.19154929577464788 0.0302734375 0.054929577464788736
0 0.1748046875 0.1323943661971831 0.0087890625 0.016901408450704224