0 0.7490234375 0.30824891461649784 0.0283203125 0.03762662807525326
0 0.513671875 0.40665701881331406 0.0244140625 0.04486251808972504
0 0.498046875 0.41389290882778584 0.01953125 0.041968162083936326
0 0.4404296875 0.4356005788712012 0.025390625 0.04052098408104197
0 0.421875 0.4645441389290883 0.02734375 0.04630969609261939
0 0.3916015625 0.41678726483357453 0.0224609375 0.03473227206946455
0 0.361328125 0.42547033285094066 0.029296875 0.05209840810419682
0 0.3330078125 0.37771345875542695 0.0439453125 0.07380607814761216
0 0.212890625 0.2821997105643994 0.03125 0.059334298118668596
0 0.10546875 0.21852387843704776 0.03515625 0.06657018813314038
0 0.02734375 0.17510853835021709 0.021484375 0.04775687409551375