0 0.484375 0.21354166666666666 0.0703125 0.10677083333333333
0 0.0205078125 0.3919270833333333 0.041015625 0.055989583333333336
0 0.11328125 0.40625 0.03515625 0.044270833333333336
0 0.126953125 0.3932291666666667 0.0185546875 0.02734375
0 0.2265625 0.4036458333333333 0.044921875 0.044270833333333336
0 0.7177734375 0.42578125 0.0126953125 0.033854166666666664
0 0.7529296875 0.4075520833333333 0.0146484375 0.020833333333333332
0 0.7783203125 0.3997395833333333 0.0224609375 0.032552083333333336
0 0.712890625 0.4153645833333333 0.0107421875 0.01953125
0 0.8642578125 0.3971354166666667 0.021484375 0.032552083333333336
0 0.9658203125 0.3763020833333333 0.0302734375 0.03125