0 0.6396484375 0.2490234375 0.1572265625 0.1884765625
0 0.0703125 0.154296875 0.068359375 0.0888671875
0 0.162109375 0.158203125 0.0224609375 0.03125
0 0.2177734375 0.16796875 0.0205078125 0.0380859375
0 0.2587890625 0.1689453125 0.0244140625 0.0380859375
0 0.4130859375 0.1689453125 0.0166015625 0.029296875
0 0.4658203125 0.1689453125 0.0107421875 0.0205078125
0 0.7841796875 0.134765625 0.0107421875 0.0185546875
0 0.8388671875 0.140625 0.01171875 0.0185546875
0 0.8984375 0.1044921875 0.0146484375 0.0244140625
0 0.9619140625 0.1181640625 0.0185546875 0.0205078125
0 0.740234375 0.1259765625 0.0126953125 0.0205078125