0 0.931640625 0.4215767634854772 0.046875 0.04564315352697095
0 0.9814453125 0.45311203319502075 0.037109375 0.04979253112033195
0 0.83203125 0.4141078838174274 0.0537109375 0.06224066390041494
0 0.68359375 0.34439834024896265 0.1005859375 0.1037344398340249
0 0.482421875 0.445643153526971 0.041015625 0.04232365145228216
0 0.3974609375 0.44481327800829873 0.0283203125 0.03319502074688797
0 0.3896484375 0.46307053941908716 0.029296875 0.044813278008298756
0 0.3046875 0.41244813278008297 0.0390625 0.04066390041493776
0 0.3056640625 0.48132780082987553 0.0419921875 0.04149377593360996
0 0.208984375 0.433195020746888 0.0498046875 0.058091286307053944
0 0.15625 0.4058091286307054 0.037109375 0.07136929460580912
0 0.0419921875 0.445643153526971 0.052734375 0.054771784232365145