0 0.2158203125 0.3533950617283951 0.0185546875 0.033950617283950615
0 0.35546875 0.37037037037037035 0.01953125 0.037037037037037035
0 0.2568359375 0.3055555555555556 0.013671875 0.026234567901234566
0 0.1923828125 0.31635802469135804 0.015625 0.029320987654320986
0 0.134765625 0.3287037037037037 0.01953125 0.038580246913580245
0 0.0947265625 0.3194444444444444 0.0166015625 0.026234567901234566
0 0.3623046875 0.3055555555555556 0.0126953125 0.024691358024691357
0 0.228515625 0.2854938271604938 0.01171875 0.021604938271604937
0 0.427734375 0.36882716049382713 0.0234375 0.046296296296296294
0 0.521484375 0.31635802469135804 0.0185546875 0.032407407407407406
0 0.564453125 0.33024691358024694 0.017578125 0.030864197530864196
0 0.623046875 0.3904320987654321 0.0205078125 0.041666666666666664
0 0.7138671875 0.6234567901234568 0.0576171875 0.10185185185185185
0 0.7783203125 0.3549382716049383 0.0205078125 0.046296296296296294
0 0.6103515625 0.3055555555555556 0.01171875 0.027777777777777776
0 0.5712890625 0.26697530864197533 0.0087890625 0.020061728395061727
0 0.546875 0.26851851851851855 0.0107421875 0.020061728395061727
0 0.8115234375 0.33487654320987653 0.017578125 0.030864197530864196
0 0.755859375 0.31635802469135804 0.0146484375 0.024691358024691357
0 0.7548828125 0.3611111111111111 0.013671875 0.037037037037037035
0 0.7451171875 0.3395061728395062 0.0146484375 0.023148148148148147
0 0.9208984375 0.38425925925925924 0.0224609375 0.035493827160493825
0 0.9619140625 0.3472222222222222 0.01953125 0.032407407407407406
0 0.5986328125 0.8966049382716049 0.01953125 0.14969135802469136
0 0.6357421875 0.33487654320987653 0.0146484375 0.020061728395061727
0 0.6015625 0.27314814814814814 0.0087890625 0.012345679012345678
0 0.681640625 0.3117283950617284 0.0107421875 0.024691358024691357
0 0.5283203125 0.29012345679012347 0.01171875 0.024691358024691357
0 0.1669921875 0.4074074074074074 0.013671875 0.027777777777777776
0 0.1640625 0.28858024691358025 0.009765625 0.021604938271604937
0 0.2177734375 0.25617283950617287 0.0048828125 0.010802469135802469
0 0.2578125 0.29012345679012347 0.01171875 0.018518518518518517
0 0.0576171875 0.3333333333333333 0.0087890625 0.021604938271604937
0 0.1220703125 0.2824074074074074 0.0107421875 0.020061728395061727
0 0.15625 0.25 0.0068359375 0.010802469135802469
0 0.4765625 0.2993827160493827 0.0107421875 0.016975308641975308
0 0.4931640625 0.2762345679012346 0.0107421875 0.018518518518518517
0 0.4580078125 0.2932098765432099 0.0087890625 0.016975308641975308
0 0.462890625 0.27314814814814814 0.0078125 0.016975308641975308
0 0.4296875 0.30246913580246915 0.009765625 0.020061728395061727
0 0.396484375 0.3148148148148148 0.01171875 0.018518518518518517
0 0.4091796875 0.3132716049382716 0.005859375 0.012345679012345678
0 0.3994140625 0.2824074074074074 0.005859375 0.012345679012345678
0 0.380859375 0.30401234567901236 0.0078125 0.015432098765432098
0 0.3115234375 0.2762345679012346 0.0087890625 0.013888888888888888
0 0.30078125 0.2716049382716049 0.0068359375 0.015432098765432098
0 0.2509765625 0.26851851851851855 0.005859375 0.009259259259259259
0 0.4443359375 0.28858024691358025 0.0068359375 0.013888888888888888
0 0.0830078125 0.37962962962962965 0.029296875 0.043209876543209874
0 0.1552734375 0.4675925925925926 0.021484375 0.05246913580246913