0 0.1845703125 0.6942392909896603 0.05078125 0.07976366322008863
0 0.2607421875 0.5997045790251108 0.0341796875 0.060561299852289516
0 0.0576171875 0.5849335302806499 0.0517578125 0.07976366322008863
0 0.1337890625 0.43722304283604135 0.029296875 0.050221565731166914
0 0.0087890625 0.4564254062038405 0.017578125 0.056129985228951254
0 0.017578125 0.43131462333825704 0.0263671875 0.04874446085672083
0 0.345703125 0.40620384047267355 0.0341796875 0.059084194977843424
0 0.2421875 0.42836041358936483 0.0390625 0.0620384047267356
0 0.142578125 0.3722304283604136 0.0302734375 0.04283604135893648
0 0.333984375 0.5258493353028065 0.03515625 0.06351550960118169
0 0.107421875 0.3205317577548006 0.0166015625 0.033973412112259974
0 0.0732421875 0.34268833087149186 0.0224609375 0.033973412112259974
0 0.0244140625 0.32348596750369274 0.0185546875 0.033973412112259974
0 0.046875 0.33382570162481534 0.0146484375 0.028064992614475627
0 0.0048828125 0.30280649926144754 0.0107421875 0.028064992614475627
0 0.046875 0.28064992614475626 0.0146484375 0.026587887740029542
0 0.0625 0.29246676514032494 0.01953125 0.03249630723781388
0 0.0888671875 0.29098966026587886 0.017578125 0.03249630723781388
0 0.142578125 0.2821270310192024 0.0185546875 0.028064992614475627
0 0.162109375 0.2570162481536189 0.01171875 0.022156573116691284
0 0.271484375 0.276218611521418 0.0146484375 0.025110782865583457
0 0.2353515625 0.2466765140324963 0.01171875 0.023633677991137372
0 0.2138671875 0.23929098966026588 0.0087890625 0.01624815361890694
0 0.201171875 0.2378138847858198 0.0087890625 0.014771048744460856
0 0.1904296875 0.22895125553914328 0.005859375 0.0103397341211226
0 0.2060546875 0.2688330871491876 0.0107421875 0.014771048744460856
0 0.1982421875 0.3249630723781389 0.0107421875 0.01772525849335303
0 0.169921875 0.29542097488921715 0.015625 0.023633677991137372
0 0.177734375 0.2688330871491876 0.0107421875 0.019202363367799114
0 0.0830078125 0.2570162481536189 0.0107421875 0.019202363367799114
0 0.0478515625 0.24076809453471196 0.0087890625 0.014771048744460856
0 0.47265625 0.4431314623338257 0.03515625 0.06942392909896603
0 0.509765625 0.4342688330871492 0.0283203125 0.050221565731166914
0 0.5126953125 0.38552437223042835 0.0224609375 0.03545051698670606
0 0.5810546875 0.37961595273264404 0.0263671875 0.04874446085672083
0 0.6982421875 0.43870014771048743 0.02734375 0.06499261447562776
0 0.5703125 0.3412112259970458 0.0205078125 0.03840472673559823
0 0.4619140625 0.3707533234859675 0.0224609375 0.033973412112259974
0 0.5322265625 0.3190546528803545 0.0166015625 0.03249630723781388
0 0.462890625 0.3072378138847858 0.01953125 0.0413589364844904
0 0.580078125 0.29098966026587886 0.015625 0.029542097488921712
0 0.5849609375 0.27031019202363366 0.0146484375 0.022156573116691284
0 0.5615234375 0.2865583456425406 0.0126953125 0.0206794682422452
0 0.533203125 0.2717872968980798 0.015625 0.025110782865583457
0 0.544921875 0.26440177252584934 0.0107421875 0.022156573116691284
0 0.611328125 0.27326440177252587 0.0078125 0.0206794682422452
0 0.3818359375 0.2983751846381093 0.0244140625 0.0413589364844904
0 0.412109375 0.2614475627769572 0.0107421875 0.01772525849335303
0 0.6083984375 0.2363367799113737 0.0078125 0.011816838995568686
0 0.623046875 0.23929098966026588 0.005859375 0.014771048744460856
0 0.5966796875 0.23338257016248154 0.0048828125 0.0103397341211226
0 0.7314453125 0.5110782865583456 0.0302734375 0.0620384047267356
0 0.9638671875 0.42097488921713444 0.0322265625 0.053175775480059084
0 0.810546875 0.41802067946824223 0.025390625 0.04874446085672083
0 0.7373046875 0.345642540620384 0.021484375 0.03692762186115214
0 0.8984375 0.3766617429837518 0.0205078125 0.04283604135893648
0 0.953125 0.33825701624815363 0.0185546875 0.028064992614475627
0 0.9716796875 0.32644017725258495 0.013671875 0.022156573116691284
0 0.7373046875 0.28064992614475626 0.01171875 0.0206794682422452
0 0.75 0.28508124076809455 0.0126953125 0.023633677991137372
0 0.791015625 0.2511078286558346 0.0107421875 0.019202363367799114
0 0.828125 0.25258493353028066 0.009765625 0.01772525849335303
0 0.7763671875 0.3707533234859675 0.0146484375 0.03249630723781388
0 0.6826171875 0.3293943870014771 0.013671875 0.026587887740029542
0 0.685546875 0.25406203840472674 0.0107421875 0.01624815361890694
0 0.9365234375 0.2895125553914328 0.0087890625 0.019202363367799114
0 0.9189453125 0.3087149187592319 0.0146484375 0.023633677991137372
0 0.03125 0.27031019202363366 0.0126953125 0.023633677991137372
0 0.4794921875 0.38847858197932056 0.025390625 0.05465288035450517
0 0.873046875 0.2378138847858198 0.0126953125 0.028064992614475627