0 0.8701171875 0.23046875 0.06640625 0.10026041666666667
0 0.7666015625 0.2955729166666667 0.0751953125 0.11328125
0 0.7587890625 0.16276041666666666 0.056640625 0.09114583333333333
0 0.6044921875 0.24088541666666666 0.0712890625 0.09765625
0 0.4326171875 0.296875 0.0869140625 0.1328125
0 0.5263671875 0.1953125 0.0673828125 0.10026041666666667
0 0.3486328125 0.23307291666666666 0.0693359375 0.109375
0 0.3037109375 0.21223958333333334 0.060546875 0.10286458333333333
0 0.0810546875 0.3125 0.0419921875 0.11328125
0 0.05078125 0.125 0.0595703125 0.10677083333333333
0 0.154296875 0.375 0.0830078125 0.12760416666666666