0 0.982421875 0.6251830161054173 0.0341796875 0.10834553440702782
0 0.9873046875 0.4494875549048316 0.0224609375 0.05124450951683748
0 0.888671875 0.4685212298682284 0.0380859375 0.06734992679355783
0 0.908203125 0.3953147877013177 0.0087890625 0.020497803806734993
0 0.89453125 0.3821376281112738 0.0068359375 0.01171303074670571
0 0.9375 0.40263543191800877 0.0107421875 0.020497803806734993
0 0.8369140625 0.3967789165446559 0.009765625 0.016105417276720352
0 0.8505859375 0.38653001464128844 0.0087890625 0.013177159590043924
0 0.8212890625 0.39092240117130306 0.0087890625 0.01903367496339678
0 0.80859375 0.3938506588579795 0.0146484375 0.024890190336749635
0 0.7958984375 0.41142020497803805 0.013671875 0.03074670571010249
0 0.7666015625 0.4465592972181552 0.0380859375 0.05856515373352855
0 0.7646484375 0.6002928257686676 0.0791015625 0.14055636896046853
0 0.6376953125 0.38653001464128844 0.0390625 0.07320644216691069
0 0.7646484375 0.3850658857979502 0.0224609375 0.036603221083455345
0 0.724609375 0.39824304538799415 0.0126953125 0.020497803806734993
0 0.6962890625 0.40263543191800877 0.015625 0.032210834553440704
0 0.6806640625 0.4260614934114202 0.0205078125 0.03513909224011713
0 0.6767578125 0.3923865300146413 0.01171875 0.020497803806734993
0 0.7861328125 0.37481698389458273 0.0107421875 0.016105417276720352
0 0.7294921875 0.3762811127379209 0.0078125 0.013177159590043924
0 0.5185546875 0.6310395314787701 0.078125 0.15666178623718888
0 0.5107421875 0.4333821376281113 0.0380859375 0.07174231332357248
0 0.552734375 0.40263543191800877 0.021484375 0.040995607613469986
0 0.576171875 0.37481698389458273 0.013671875 0.02342606149341142
0 0.5283203125 0.37920937042459735 0.0126953125 0.021961932650073207
0 0.4892578125 0.4260614934114202 0.017578125 0.03806734992679356
0 0.462890625 0.465592972181552 0.025390625 0.048316251830161056
0 0.09765625 0.5212298682284041 0.0771484375 0.12884333821376281
0 0.263671875 0.5915080527086384 0.0712890625 0.12445095168374817
0 0.26953125 0.4465592972181552 0.0419921875 0.0629575402635432
0 0.2275390625 0.4158125915080527 0.021484375 0.03953147877013177
0 0.1630859375 0.48316251830161056 0.03515625 0.07320644216691069
0 0.056640625 0.4612005856515373 0.0361328125 0.06881405563689605
0 0.158203125 0.38653001464128844 0.0205078125 0.03953147877013177
0 0.09375 0.40263543191800877 0.025390625 0.032210834553440704
0 0.05859375 0.3806734992679356 0.021484375 0.03074670571010249
0 0.2041015625 0.3953147877013177 0.0087890625 0.01903367496339678
0 0.25390625 0.39824304538799415 0.0087890625 0.016105417276720352
0 0.3251953125 0.39970717423133234 0.015625 0.027818448023426062
0 0.3134765625 0.4011713030746706 0.013671875 0.024890190336749635
0 0.267578125 0.38653001464128844 0.0126953125 0.01903367496339678
0 0.009765625 0.4465592972181552 0.0048828125 0.029282576866764276
0 0.01953125 0.39970717423133234 0.0224609375 0.036603221083455345
0 0.033203125 0.34992679355783307 0.0166015625 0.024890190336749635
0 0.1015625 0.3616398243045388 0.0126953125 0.01903367496339678
0 0.0771484375 0.3923865300146413 0.0078125 0.016105417276720352
0 0.0673828125 0.34699853587115664 0.0087890625 0.01171303074670571
0 0.115234375 0.404099560761347 0.015625 0.024890190336749635
0 0.1123046875 0.33382137628111275 0.0068359375 0.007320644216691069
0 0.1220703125 0.34992679355783307 0.0068359375 0.01171303074670571
0 0.078125 0.3484626647144949 0.005859375 0.010248901903367497
0 0.193359375 0.3733528550512445 0.0078125 0.01171303074670571
0 0.38671875 0.4377745241581259 0.0419921875 0.07759882869692533
0 0.416015625 0.4172767203513909 0.01953125 0.03367496339677892
0 0.43359375 0.41874084919472915 0.0126953125 0.029282576866764276
0 0.435546875 0.383601756954612 0.015625 0.027818448023426062
0 0.3525390625 0.46266471449487556 0.0234375 0.04685212298682284
0 0.3486328125 0.42020497803806733 0.0205078125 0.032210834553440704
0 0.2919921875 0.40263543191800877 0.017578125 0.03074670571010249
0 0.34375 0.37920937042459735 0.0078125 0.014641288433382138
0 0.33984375 0.36603221083455345 0.005859375 0.010248901903367497
0 0.37890625 0.3689604685212299 0.005859375 0.01171303074670571
0 0.486328125 0.3938506588579795 0.017578125 0.02342606149341142
0 0.498046875 0.37042459736456806 0.0087890625 0.013177159590043924
0 0.462890625 0.37774524158125916 0.01171875 0.01903367496339678
0 0.4541015625 0.3953147877013177 0.0107421875 0.014641288433382138
0 0.412109375 0.36603221083455345 0.0078125 0.013177159590043924
0 0.42578125 0.36749633967789164 0.0087890625 0.014641288433382138
0 0.396484375 0.3601756954612006 0.0068359375 0.013177159590043924
0 0.455078125 0.36749633967789164 0.0068359375 0.013177159590043924
0 0.4853515625 0.3601756954612006 0.0029296875 0.007320644216691069
0 0.4716796875 0.35431918008784774 0.0068359375 0.008784773060029283
0 0.263671875 0.35431918008784774 0.0078125 0.013177159590043924
0 0.291015625 0.35871156661786235 0.005859375 0.008784773060029283
0 0.2236328125 0.3616398243045388 0.005859375 0.010248901903367497
0 0.2451171875 0.3601756954612006 0.0068359375 0.010248901903367497
0 0.2080078125 0.35871156661786235 0.0078125 0.01171303074670571
0 0.2138671875 0.34553440702781846 0.0068359375 0.010248901903367497
0 0.2294921875 0.3601756954612006 0.005859375 0.01171303074670571
0 0.220703125 0.34553440702781846 0.00390625 0.008784773060029283
0 0.30859375 0.3601756954612006 0.0078125 0.01171303074670571
0 0.306640625 0.37481698389458273 0.0107421875 0.017569546120058566
0 0.3544921875 0.37042459736456806 0.0087890625 0.013177159590043924
0 0.357421875 0.35431918008784774 0.005859375 0.010248901903367497
0 0.38671875 0.3616398243045388 0.0068359375 0.013177159590043924
0 0.4453125 0.35871156661786235 0.0048828125 0.007320644216691069
0 0.4736328125 0.36749633967789164 0.00390625 0.007320644216691069
0 0.513671875 0.3689604685212299 0.0068359375 0.010248901903367497
0 0.5205078125 0.3557833089311859 0.0029296875 0.005856515373352855
0 0.5009765625 0.3557833089311859 0.005859375 0.007320644216691069
0 0.4931640625 0.3528550512445095 0.00390625 0.007320644216691069
0 0.5595703125 0.3645680819912152 0.0087890625 0.014641288433382138
0 0.537109375 0.3557833089311859 0.0068359375 0.010248901903367497
0 0.7001953125 0.37481698389458273 0.0068359375 0.013177159590043924
0 0.0263671875 0.3206442166910688 0.009765625 0.01903367496339678
0 0.7861328125 0.4377745241581259 0.0205078125 0.0527086383601757