0 0.904296875 0.4817708333333333 0.0859375 0.14583333333333334
0 0.763671875 0.6276041666666666 0.0771484375 0.12369791666666667
0 0.6025390625 0.4830729166666667 0.080078125 0.13020833333333334
0 0.4716796875 0.6028645833333334 0.0703125 0.11979166666666667
0 0.3203125 0.63671875 0.0771484375 0.11979166666666667
0 0.142578125 0.5598958333333334 0.087890625 0.13671875
0 0.34375 0.55078125 0.0380859375 0.061197916666666664
0 0.205078125 0.4778645833333333 0.0107421875 0.022135416666666668
0 0.703125 0.53515625 0.0263671875 0.053385416666666664
0 0.810546875 0.53515625 0.037109375 0.06380208333333333
0 0.8115234375 0.44921875 0.0166015625 0.029947916666666668