0 0.318359375 0.865021770682148 0.025390625 0.05079825834542816
0 0.39453125 0.8737300435413643 0.025390625 0.05370101596516691
0 0.1796875 0.8838896952104499 0.0234375 0.04934687953555878
0 0.25 0.8200290275761973 0.01953125 0.03773584905660377
0 0.173828125 0.7997097242380261 0.0185546875 0.03773584905660377
0 0.13671875 0.7590711175616836 0.0107421875 0.02902757619738752
0 0.17578125 0.7460087082728593 0.0048828125 0.015965166908563134
0 0.1845703125 0.7503628447024674 0.0087890625 0.020319303338171262
0 0.064453125 0.8214804063860668 0.017578125 0.040638606676342524
0 0.1240234375 0.8142235123367199 0.0166015625 0.036284470246734396
0 0.080078125 0.7460087082728593 0.0087890625 0.02177068214804064
0 0.11328125 0.7910014513788098 0.017578125 0.03193033381712627
0 0.6357421875 0.9462989840348331 0.0166015625 0.062409288824383166
0 0.451171875 0.8490566037735849 0.0205078125 0.04354136429608128
0 0.6259765625 0.8664731494920174 0.0234375 0.04499274310595065
0 0.51171875 0.8374455732946299 0.025390625 0.040638606676342524
0 0.490234375 0.888243831640058 0.021484375 0.04499274310595065
0 0.55078125 0.8200290275761973 0.0146484375 0.036284470246734396
0 0.603515625 0.8403483309143687 0.0205078125 0.04354136429608128
0 0.32421875 0.7982583454281568 0.0146484375 0.033381712626995644
0 0.9833984375 0.9042089985486212 0.025390625 0.04644412191582003
0 0.935546875 0.8563134978229318 0.0283203125 0.05079825834542816
0 0.79296875 0.8679245283018868 0.0302734375 0.05224963715529753
0 0.7138671875 0.8737300435413643 0.01953125 0.04644412191582003
0 0.876953125 0.772133526850508 0.0126953125 0.026124818577648767
0 0.685546875 0.8447024673439768 0.025390625 0.033381712626995644
0 0.890625 0.8127721335268505 0.021484375 0.04934687953555878
0 0.9951171875 0.8548621190130624 0.0087890625 0.027576197387518143
0 0.638671875 0.7590711175616836 0.0126953125 0.02177068214804064
0 0.60546875 0.6458635703918723 0.0068359375 0.013062409288824383
0 0.5849609375 0.6690856313497823 0.0078125 0.013062409288824383
0 0.572265625 0.8156748911465893 0.0224609375 0.0420899854862119
0 0.4951171875 0.737300435413643 0.0107421875 0.018867924528301886
0 0.3896484375 0.8272859216255443 0.0185546875 0.033381712626995644
0 0.427734375 0.737300435413643 0.013671875 0.023222060957910014
0 0.255859375 0.8664731494920174 0.025390625 0.0420899854862119
0 0.2265625 0.806966618287373 0.021484375 0.03918722786647315
0 0.1484375 0.6415094339622641 0.0107421875 0.020319303338171262
0 0.060546875 0.6328011611030478 0.0078125 0.01741654571843251
0 0.0302734375 0.637155297532656 0.009765625 0.01741654571843251
0 0.10546875 0.625544267053701 0.0068359375 0.015965166908563134
0 0.1708984375 0.6386066763425254 0.0078125 0.013062409288824383
0 0.0927734375 0.6458635703918723 0.0068359375 0.013062409288824383
0 0.0380859375 0.6211901306240929 0.0068359375 0.011611030478955007
0 0.3740234375 0.6531204644412192 0.0087890625 0.015965166908563134
0 0.35546875 0.6632801161103048 0.0087890625 0.015965166908563134
0 0.580078125 0.7402031930333817 0.0078125 0.01741654571843251
0 0.8701171875 0.8229317851959361 0.0224609375 0.0420899854862119
0 0.6376953125 0.6763425253991292 0.0107421875 0.01741654571843251
0 0.533203125 0.648766328011611 0.01171875 0.02467343976777939
0 0.6064453125 0.7576197387518142 0.017578125 0.026124818577648767
0 0.6005859375 0.6734397677793904 0.0087890625 0.020319303338171262
0 0.341796875 0.8214804063860668 0.0205078125 0.033381712626995644
0 0.1484375 0.7329462989840348 0.0078125 0.01741654571843251
0 0.158203125 0.7343976777939042 0.0078125 0.01741654571843251
0 0.7626953125 0.841799709724238 0.0234375 0.03918722786647315
0 0.0380859375 0.7547169811320755 0.009765625 0.027576197387518143