0 0.0234375 0.4713541666666667 0.0087890625 0.015625
0 0.0693359375 0.4817708333333333 0.0087890625 0.013020833333333334
0 0.09375 0.4739583333333333 0.009765625 0.014322916666666666
0 0.208984375 0.4661458333333333 0.009765625 0.015625
0 0.234375 0.4895833333333333 0.013671875 0.022135416666666668
0 0.376953125 0.51171875 0.0087890625 0.013020833333333334
0 0.3916015625 0.50390625 0.005859375 0.010416666666666666
0 0.451171875 0.4674479166666667 0.0078125 0.010416666666666666
0 0.3525390625 0.4622395833333333 0.005859375 0.0078125
0 0.35546875 0.4557291666666667 0.0048828125 0.0078125
0 0.3876953125 0.4739583333333333 0.0068359375 0.0078125
0 0.40625 0.4739583333333333 0.0068359375 0.014322916666666666
0 0.5712890625 0.47265625 0.0087890625 0.01171875
0 0.564453125 0.4622395833333333 0.0068359375 0.009114583333333334
0 0.599609375 0.5455729166666666 0.0126953125 0.018229166666666668
0 0.65625 0.48046875 0.0146484375 0.0234375
0 0.6875 0.5078125 0.0126953125 0.020833333333333332
0 0.708984375 0.4791666666666667 0.0087890625 0.015625
0 0.71875 0.4778645833333333 0.0068359375 0.010416666666666666
0 0.7138671875 0.4622395833333333 0.005859375 0.009114583333333334
0 0.7333984375 0.453125 0.005859375 0.009114583333333334
0 0.7470703125 0.4908854166666667 0.0107421875 0.015625
0 0.7666015625 0.4557291666666667 0.0068359375 0.01171875
0 0.78515625 0.4674479166666667 0.0078125 0.013020833333333334
0 0.69140625 0.4765625 0.01171875 0.016927083333333332
0 0.7412109375 0.4674479166666667 0.0087890625 0.013020833333333334
0 0.7744140625 0.4713541666666667 0.0068359375 0.010416666666666666
0 0.8232421875 0.4622395833333333 0.0068359375 0.009114583333333334
0 0.845703125 0.4622395833333333 0.0068359375 0.009114583333333334
0 0.859375 0.4596354166666667 0.0068359375 0.010416666666666666