0 0.8740234375 0.8142361111111112 0.03125 0.06770833333333333
0 0.9150390625 0.7604166666666666 0.025390625 0.05555555555555555
0 0.9873046875 0.8211805555555556 0.0244140625 0.06076388888888889
0 0.95703125 0.9635416666666666 0.0244140625 0.07291666666666667
0 0.8583984375 0.9548611111111112 0.0400390625 0.0763888888888889
0 0.666015625 0.96875 0.03125 0.0625
0 0.7451171875 0.7847222222222222 0.0234375 0.04861111111111111
0 0.7822265625 0.734375 0.0234375 0.050347222222222224
0 0.8134765625 0.7152777777777778 0.0263671875 0.052083333333333336
0 0.71484375 0.7170138888888888 0.02734375 0.052083333333333336
0 0.720703125 0.6527777777777778 0.0263671875 0.04861111111111111
0 0.7646484375 0.6388888888888888 0.0224609375 0.043402777777777776
0 0.7939453125 0.6493055555555556 0.021484375 0.03819444444444445
0 0.8837890625 0.6701388888888888 0.0263671875 0.04861111111111111
0 0.951171875 0.671875 0.029296875 0.052083333333333336
0 0.9228515625 0.6267361111111112 0.025390625 0.043402777777777776
0 0.8759765625 0.5868055555555556 0.01953125 0.029513888888888888
0 0.8486328125 0.5729166666666666 0.01953125 0.036458333333333336
0 0.7666015625 0.5642361111111112 0.021484375 0.03819444444444445
0 0.73046875 0.5711805555555556 0.0224609375 0.041666666666666664
0 0.662109375 0.6423611111111112 0.021484375 0.05381944444444445
0 0.5849609375 0.7638888888888888 0.0205078125 0.046875
0 0.640625 0.7743055555555556 0.029296875 0.05555555555555555
0 0.8359375 0.6597222222222222 0.0234375 0.036458333333333336
0 0.8232421875 0.5416666666666666 0.0126953125 0.026041666666666668
0 0.849609375 0.5243055555555556 0.0126953125 0.024305555555555556
0 0.7978515625 0.4670138888888889 0.0126953125 0.022569444444444444
0 0.9501953125 0.4652777777777778 0.013671875 0.029513888888888888
0 0.982421875 0.4965277777777778 0.017578125 0.024305555555555556
0 0.9873046875 0.53125 0.017578125 0.024305555555555556
0 0.9541015625 0.5503472222222222 0.015625 0.036458333333333336
0 0.9697265625 0.5954861111111112 0.0166015625 0.029513888888888888
0 0.7099609375 0.5434027777777778 0.017578125 0.036458333333333336
0 0.6865234375 0.6076388888888888 0.01953125 0.03125
0 0.6640625 0.59375 0.0166015625 0.027777777777777776
0 0.6494140625 0.578125 0.0146484375 0.027777777777777776
0 0.6201171875 0.5885416666666666 0.0205078125 0.036458333333333336
0 0.603515625 0.625 0.0166015625 0.03993055555555555
0 0.6328125 0.6666666666666666 0.017578125 0.046875
0 0.6796875 0.8940972222222222 0.03125 0.03993055555555555
0 0.73828125 0.9010416666666666 0.0166015625 0.046875
0 0.734375 0.5347222222222222 0.013671875 0.022569444444444444
0 0.673828125 0.546875 0.015625 0.029513888888888888
0 0.6357421875 0.4878472222222222 0.0126953125 0.024305555555555556
0 0.6015625 0.4722222222222222 0.013671875 0.026041666666666668
0 0.5830078125 0.4704861111111111 0.0126953125 0.029513888888888888
0 0.6328125 0.4635416666666667 0.013671875 0.022569444444444444
0 0.68359375 0.4565972222222222 0.01171875 0.015625
0 0.654296875 0.5190972222222222 0.01171875 0.020833333333333332
0 0.6240234375 0.5520833333333334 0.0205078125 0.024305555555555556
0 0.580078125 0.6753472222222222 0.0224609375 0.04513888888888889
0 0.5859375 0.8836805555555556 0.021484375 0.05381944444444445
0 0.8935546875 0.4791666666666667 0.0146484375 0.03298611111111111
0 0.904296875 0.484375 0.0107421875 0.024305555555555556
0 0.8623046875 0.6302083333333334 0.0146484375 0.03819444444444445
0 0.689453125 0.6649305555555556 0.0244140625 0.04861111111111111
0 0.6689453125 0.7517361111111112 0.017578125 0.04513888888888889
0 0.9423828125 0.5052083333333334 0.009765625 0.024305555555555556
0 0.978515625 0.7708333333333334 0.0205078125 0.03819444444444445
0 0.4501953125 0.7986111111111112 0.0341796875 0.0798611111111111
0 0.421875 0.9479166666666666 0.02734375 0.06076388888888889
0 0.30859375 0.8350694444444444 0.03515625 0.078125
0 0.3095703125 0.78125 0.0263671875 0.0625
0 0.380859375 0.7100694444444444 0.0234375 0.043402777777777776
0 0.3916015625 0.765625 0.0263671875 0.059027777777777776
0 0.412109375 0.8142361111111112 0.02734375 0.059027777777777776
0 0.5400390625 0.9236111111111112 0.03515625 0.07291666666666667
0 0.5302734375 0.7795138888888888 0.0234375 0.050347222222222224
0 0.5439453125 0.6701388888888888 0.02734375 0.04861111111111111
0 0.5107421875 0.640625 0.021484375 0.03298611111111111
0 0.513671875 0.5989583333333334 0.01953125 0.041666666666666664
0 0.4365234375 0.6961805555555556 0.025390625 0.043402777777777776
0 0.44140625 0.7291666666666666 0.0263671875 0.04513888888888889
0 0.466796875 0.6666666666666666 0.0224609375 0.04861111111111111
0 0.423828125 0.65625 0.0185546875 0.036458333333333336
0 0.443359375 0.6458333333333334 0.01953125 0.029513888888888888
0 0.427734375 0.5763888888888888 0.0224609375 0.043402777777777776
0 0.466796875 0.5694444444444444 0.0185546875 0.036458333333333336
0 0.3291015625 0.6354166666666666 0.0244140625 0.03993055555555555
0 0.5400390625 0.59375 0.017578125 0.046875
0 0.5615234375 0.5677083333333334 0.0166015625 0.03125
0 0.3359375 0.7881944444444444 0.0302734375 0.05555555555555555
0 0.287109375 0.6197916666666666 0.0244140625 0.052083333333333336
0 0.4677734375 0.53125 0.017578125 0.034722222222222224
0 0.388671875 0.5190972222222222 0.0205078125 0.03125
0 0.3369140625 0.5486111111111112 0.021484375 0.03819444444444445
0 0.3720703125 0.6128472222222222 0.0185546875 0.050347222222222224
0 0.283203125 0.546875 0.0234375 0.041666666666666664
0 0.32421875 0.5260416666666666 0.0185546875 0.034722222222222224
0 0.3056640625 0.5399305555555556 0.0126953125 0.027777777777777776
0 0.2978515625 0.5086805555555556 0.017578125 0.034722222222222224
0 0.267578125 0.5138888888888888 0.017578125 0.034722222222222224
0 0.2568359375 0.4618055555555556 0.015625 0.034722222222222224
0 0.2841796875 0.4513888888888889 0.0146484375 0.026041666666666668
0 0.3193359375 0.4635416666666667 0.0126953125 0.029513888888888888
0 0.3662109375 0.4618055555555556 0.01171875 0.029513888888888888
0 0.38671875 0.453125 0.0126953125 0.029513888888888888
0 0.4208984375 0.4861111111111111 0.015625 0.027777777777777776
0 0.4521484375 0.4930555555555556 0.01171875 0.029513888888888888
0 0.4638671875 0.4652777777777778 0.0126953125 0.024305555555555556
0 0.3427734375 0.4392361111111111 0.009765625 0.020833333333333332
0 0.6357421875 0.4288194444444444 0.0087890625 0.022569444444444444
0 0.6494140625 0.4270833333333333 0.009765625 0.020833333333333332
0 0.6103515625 0.4427083333333333 0.0126953125 0.024305555555555556
0 0.4765625 0.4427083333333333 0.0126953125 0.020833333333333332
0 0.50390625 0.4479166666666667 0.0087890625 0.024305555555555556
0 0.5166015625 0.4618055555555556 0.0107421875 0.022569444444444444
0 0.5546875 0.4114583333333333 0.0107421875 0.026041666666666668
0 0.60546875 0.4045138888888889 0.0107421875 0.026041666666666668
0 0.283203125 0.4149305555555556 0.0087890625 0.015625
0 0.30859375 0.4444444444444444 0.0087890625 0.019097222222222224
0 0.412109375 0.3993055555555556 0.009765625 0.019097222222222224
0 0.4111328125 0.4496527777777778 0.009765625 0.020833333333333332
0 0.4443359375 0.4305555555555556 0.009765625 0.024305555555555556
0 0.54296875 0.5190972222222222 0.01171875 0.03125
0 0.30078125 0.7222222222222222 0.025390625 0.046875
0 0.3408203125 0.875 0.02734375 0.05381944444444445
0 0.2744140625 0.8940972222222222 0.0224609375 0.059027777777777776
0 0.162109375 0.765625 0.02734375 0.059027777777777776
0 0.15234375 0.8819444444444444 0.02734375 0.06076388888888889
0 0.2275390625 0.8697916666666666 0.0419921875 0.08506944444444445
0 0.04296875 0.8506944444444444 0.02734375 0.06770833333333333
0 0.029296875 0.8506944444444444 0.021484375 0.0642361111111111
0 0.0234375 0.7413194444444444 0.029296875 0.046875
0 0.060546875 0.7309027777777778 0.01953125 0.043402777777777776
0 0.1435546875 0.7013888888888888 0.029296875 0.050347222222222224
0 0.177734375 0.6388888888888888 0.0234375 0.04513888888888889
0 0.1962890625 0.7100694444444444 0.0166015625 0.043402777777777776
0 0.23828125 0.6909722222222222 0.01953125 0.041666666666666664
0 0.2275390625 0.6597222222222222 0.0205078125 0.052083333333333336
0 0.2109375 0.5555555555555556 0.0205078125 0.041666666666666664
0 0.19921875 0.5329861111111112 0.017578125 0.03125
0 0.166015625 0.5520833333333334 0.01953125 0.03819444444444445
0 0.107421875 0.5729166666666666 0.025390625 0.036458333333333336
0 0.0634765625 0.6163194444444444 0.0224609375 0.04861111111111111
0 0.056640625 0.5659722222222222 0.0224609375 0.03819444444444445
0 0.0380859375 0.5173611111111112 0.021484375 0.036458333333333336
0 0.0107421875 0.5902777777777778 0.01953125 0.043402777777777776
0 0.03515625 0.6145833333333334 0.0185546875 0.034722222222222224
0 0.048828125 0.6979166666666666 0.015625 0.03819444444444445
0 0.0830078125 0.6597222222222222 0.0205078125 0.046875
0 0.134765625 0.6354166666666666 0.017578125 0.041666666666666664
0 0.146484375 0.6527777777777778 0.0244140625 0.041666666666666664
0 0.1064453125 0.5104166666666666 0.0205078125 0.036458333333333336
0 0.0908203125 0.4965277777777778 0.015625 0.027777777777777776
0 0.080078125 0.4461805555555556 0.01171875 0.027777777777777776
0 0.0185546875 0.4548611111111111 0.0146484375 0.026041666666666668
0 0.1435546875 0.5347222222222222 0.0166015625 0.027777777777777776
0 0.138671875 0.4913194444444444 0.017578125 0.03125
0 0.0986328125 0.7986111111111112 0.029296875 0.057291666666666664
0 0.080078125 0.8836805555555556 0.037109375 0.06770833333333333
0 0.2001953125 0.4965277777777778 0.015625 0.03125
0 0.2080078125 0.4340277777777778 0.0107421875 0.026041666666666668
0 0.185546875 0.4322916666666667 0.0107421875 0.022569444444444444
0 0.1962890625 0.421875 0.01171875 0.027777777777777776
0 0.0341796875 0.4375 0.0126953125 0.024305555555555556
0 0.2451171875 0.5729166666666666 0.01953125 0.03298611111111111
0 0.2421875 0.6163194444444444 0.0185546875 0.03298611111111111
0 0.2333984375 0.7708333333333334 0.0283203125 0.036458333333333336
0 0.05859375 0.5277777777777778 0.01953125 0.036458333333333336
0 0.005859375 0.4878472222222222 0.01171875 0.034722222222222224
0 0.4853515625 0.53125 0.0185546875 0.03819444444444445
0 0.4970703125 0.7100694444444444 0.029296875 0.057291666666666664
0 0.90234375 0.40625 0.0126953125 0.026041666666666668
0 0.90625 0.3524305555555556 0.0087890625 0.022569444444444444
0 0.92578125 0.3142361111111111 0.005859375 0.015625
0 0.9609375 0.4045138888888889 0.0107421875 0.022569444444444444
0 0.96875 0.4444444444444444 0.0107421875 0.020833333333333332
0 0.953125 0.34375 0.0087890625 0.017361111111111112
0 0.990234375 0.3298611111111111 0.0078125 0.013888888888888888
0 0.9716796875 0.3125 0.0068359375 0.017361111111111112
0 0.99609375 0.3003472222222222 0.005859375 0.017361111111111112
0 0.958984375 0.2847222222222222 0.0048828125 0.010416666666666666
0 0.9306640625 0.2847222222222222 0.0068359375 0.013888888888888888
0 0.896484375 0.3159722222222222 0.0068359375 0.012152777777777778
0 0.76171875 0.3298611111111111 0.0068359375 0.015625
0 0.7509765625 0.359375 0.0068359375 0.013888888888888888
0 0.6904296875 0.4253472222222222 0.009765625 0.022569444444444444
0 0.751953125 0.28125 0.005859375 0.015625
0 0.740234375 0.3315972222222222 0.0078125 0.015625
0 0.78515625 0.2916666666666667 0.005859375 0.012152777777777778
0 0.689453125 0.3020833333333333 0.0068359375 0.013888888888888888
0 0.6982421875 0.5190972222222222 0.01171875 0.027777777777777776
0 0.0888671875 0.2777777777777778 0.009765625 0.017361111111111112
0 0.0341796875 0.3177083333333333 0.009765625 0.020833333333333332
0 0.076171875 0.3611111111111111 0.01171875 0.026041666666666668
0 0.072265625 0.3246527777777778 0.009765625 0.019097222222222224
0 0.080078125 0.4236111111111111 0.013671875 0.024305555555555556
0 0.04296875 0.421875 0.0126953125 0.022569444444444444
0 0.1953125 0.3871527777777778 0.0087890625 0.019097222222222224
0 0.2861328125 0.3697916666666667 0.0078125 0.019097222222222224
0 0.2451171875 0.3871527777777778 0.0087890625 0.017361111111111112
0 0.2158203125 0.3888888888888889 0.009765625 0.019097222222222224
0 0.216796875 0.4149305555555556 0.0087890625 0.020833333333333332
0 0.34765625 0.3663194444444444 0.009765625 0.019097222222222224
0 0.3291015625 0.4097222222222222 0.009765625 0.017361111111111112
0 0.2412109375 0.3506944444444444 0.0078125 0.017361111111111112
0 0.2998046875 0.34375 0.0078125 0.019097222222222224
0 0.3408203125 0.4774305555555556 0.015625 0.029513888888888888
0 0.2744140625 0.4392361111111111 0.0078125 0.019097222222222224
0 0.375 0.4444444444444444 0.0107421875 0.026041666666666668
0 0.4599609375 0.3923611111111111 0.01171875 0.019097222222222224
0 0.4384765625 0.3611111111111111 0.0107421875 0.024305555555555556
0 0.4228515625 0.3611111111111111 0.0078125 0.015625
0 0.5087890625 0.3975694444444444 0.0107421875 0.015625
0 0.5185546875 0.4253472222222222 0.0107421875 0.020833333333333332
0 0.5263671875 0.3993055555555556 0.0087890625 0.020833333333333332
0 0.4853515625 0.4548611111111111 0.0107421875 0.019097222222222224
0 0.64453125 0.375 0.0078125 0.017361111111111112
0 0.6728515625 0.4409722222222222 0.01171875 0.024305555555555556
0 0.6875 0.3246527777777778 0.009765625 0.017361111111111112
0 0.71875 0.3454861111111111 0.0107421875 0.017361111111111112
0 0.7412109375 0.2986111111111111 0.0087890625 0.013888888888888888
0 0.7744140625 0.3333333333333333 0.0087890625 0.015625
0 0.224609375 0.4479166666666667 0.01171875 0.026041666666666668
0 0.17578125 0.8402777777777778 0.0322265625 0.06076388888888889
0 0.24609375 0.4635416666666667 0.0126953125 0.03125