0 0.927734375 0.38596491228070173 0.0634765625 0.097953216374269
0 0.9677734375 0.42251461988304095 0.015625 0.027777777777777776
0 0.9775390625 0.4093567251461988 0.0107421875 0.017543859649122806
0 0.873046875 0.35233918128654973 0.041015625 0.059941520467836254
0 0.8134765625 0.39766081871345027 0.0400390625 0.06578947368421052
0 0.76953125 0.402046783625731 0.0205078125 0.039473684210526314
0 0.7216796875 0.3567251461988304 0.05859375 0.1067251461988304
0 0.6689453125 0.3815789473684211 0.0341796875 0.07163742690058479
0 0.599609375 0.36257309941520466 0.037109375 0.07163742690058479
0 0.5732421875 0.39035087719298245 0.0185546875 0.043859649122807015
0 0.4794921875 0.2631578947368421 0.0654296875 0.11988304093567251
0 0.2705078125 0.3260233918128655 0.05859375 0.10526315789473684
0 0.0849609375 0.35964912280701755 0.0703125 0.11257309941520467
0 0.1591796875 0.34502923976608185 0.013671875 0.03070175438596491
0 0.189453125 0.3654970760233918 0.013671875 0.024853801169590642
0 0.2138671875 0.3654970760233918 0.0126953125 0.024853801169590642
0 0.2333984375 0.37280701754385964 0.009765625 0.019005847953216373
0 0.1376953125 0.3406432748538012 0.01171875 0.029239766081871343
0 0.33203125 0.3757309941520468 0.0087890625 0.01608187134502924