0 0.0263671875 0.42668621700879766 0.0166015625 0.026392961876832845
0 0.09375 0.45161290322580644 0.017578125 0.03372434017595308
0 0.0537109375 0.4897360703812317 0.0224609375 0.03519061583577713
0 0.1611328125 0.4398826979472141 0.021484375 0.045454545454545456
0 0.1005859375 0.41935483870967744 0.0146484375 0.02785923753665689
0 0.154296875 0.4032258064516129 0.01171875 0.02785923753665689
0 0.12890625 0.41642228739002934 0.0126953125 0.016129032258064516
0 0.2216796875 0.4178885630498534 0.01171875 0.02346041055718475
0 0.2021484375 0.42961876832844575 0.0107421875 0.016129032258064516
0 0.36328125 0.501466275659824 0.02734375 0.04985337243401759
0 0.4384765625 0.47653958944281527 0.017578125 0.03225806451612903
0 0.4814453125 0.4530791788856305 0.0205078125 0.03812316715542522
0 0.357421875 0.4208211143695015 0.013671875 0.02932551319648094
0 0.41015625 0.43548387096774194 0.0087890625 0.016129032258064516
0 0.564453125 0.44574780058651026 0.0087890625 0.020527859237536656
0 0.59375 0.4398826979472141 0.0126953125 0.021994134897360705
0 0.65234375 0.46480938416422285 0.013671875 0.026392961876832845
0 0.7080078125 0.45161290322580644 0.013671875 0.02785923753665689
0 0.6669921875 0.45161290322580644 0.0107421875 0.017595307917888565
0 0.6083984375 0.436950146627566 0.0078125 0.01466275659824047
0 0.62890625 0.4413489736070381 0.009765625 0.016129032258064516
0 0.6416015625 0.436950146627566 0.0087890625 0.016129032258064516
0 0.6669921875 0.4281524926686217 0.0068359375 0.01466275659824047
0 0.697265625 0.4472140762463343 0.0078125 0.01906158357771261
0 0.6904296875 0.4413489736070381 0.0068359375 0.017595307917888565
0 0.7255859375 0.44574780058651026 0.0107421875 0.020527859237536656
0 0.75 0.42668621700879766 0.013671875 0.026392961876832845
0 0.7890625 0.4310850439882698 0.0078125 0.016129032258064516
0 0.802734375 0.4340175953079179 0.009765625 0.01906158357771261
0 0.939453125 0.42668621700879766 0.0146484375 0.02346041055718475
0 0.1455078125 0.40762463343108507 0.0126953125 0.021994134897360705
0 0.17578125 0.41642228739002934 0.0107421875 0.026392961876832845
0 0.1884765625 0.436950146627566 0.0078125 0.01906158357771261
0 0.1943359375 0.436950146627566 0.005859375 0.016129032258064516
0 0.21484375 0.4208211143695015 0.0068359375 0.013196480938416423
0 0.30078125 0.44281524926686217 0.00390625 0.007331378299120235
0 0.2880859375 0.48533724340175954 0.0068359375 0.01466275659824047
0 0.296875 0.49853372434017595 0.005859375 0.011730205278592375
0 0.3076171875 0.4633431085043988 0.0048828125 0.011730205278592375
0 0.3037109375 0.4472140762463343 0.0068359375 0.010263929618768328
0 0.4296875 0.44868035190615835 0.0107421875 0.016129032258064516
0 0.443359375 0.39882697947214074 0.017578125 0.01906158357771261
0 0.4755859375 0.4046920821114369 0.0107421875 0.016129032258064516
0 0.6162109375 0.43255131964809385 0.0068359375 0.013196480938416423
0 0.603515625 0.4208211143695015 0.0048828125 0.008797653958944282
0 0.6103515625 0.4208211143695015 0.0048828125 0.008797653958944282
0 0.6279296875 0.42668621700879766 0.0048828125 0.007331378299120235
0 0.65234375 0.43841642228739003 0.00390625 0.007331378299120235
0 0.580078125 0.4222873900293255 0.0087890625 0.017595307917888565
0 0.5556640625 0.42961876832844575 0.0126953125 0.021994134897360705
0 0.9072265625 0.4413489736070381 0.0068359375 0.013196480938416423
0 0.9912109375 0.4310850439882698 0.0107421875 0.024926686217008796
0 0.740234375 0.42961876832844575 0.005859375 0.011730205278592375
0 0.86328125 0.44574780058651026 0.0087890625 0.016129032258064516
0 0.8701171875 0.4398826979472141 0.0068359375 0.013196480938416423
0 0.87890625 0.4340175953079179 0.0068359375 0.013196480938416423
0 0.6181640625 0.40762463343108507 0.005859375 0.011730205278592375
0 0.451171875 0.4310850439882698 0.01171875 0.01906158357771261
0 0.419921875 0.4398826979472141 0.0068359375 0.011730205278592375
0 0.423828125 0.4281524926686217 0.0107421875 0.017595307917888565
0 0.5029296875 0.436950146627566 0.013671875 0.02932551319648094
0 0.5166015625 0.43548387096774194 0.009765625 0.02346041055718475
0 0.5419921875 0.4501466275659824 0.013671875 0.024926686217008796