0 0.6640625 0.828125 0.0498046875 0.1076388888888889
0 0.5234375 0.6701388888888888 0.0419921875 0.09375
0 0.55859375 0.5954861111111112 0.0341796875 0.07465277777777778
0 0.6845703125 0.5520833333333334 0.029296875 0.06770833333333333
0 0.7099609375 0.4670138888888889 0.0234375 0.05555555555555555
0 0.611328125 0.4895833333333333 0.02734375 0.06076388888888889
0 0.5556640625 0.5 0.0244140625 0.052083333333333336
0 0.5283203125 0.5659722222222222 0.025390625 0.04861111111111111
0 0.4833984375 0.5069444444444444 0.0234375 0.059027777777777776
0 0.4423828125 0.4739583333333333 0.02734375 0.0625
0 0.455078125 0.4166666666666667 0.0234375 0.04861111111111111
0 0.556640625 0.3819444444444444 0.02734375 0.057291666666666664
0 0.51953125 0.4201388888888889 0.01953125 0.034722222222222224
0 0.5244140625 0.3871527777777778 0.0166015625 0.034722222222222224
0 0.4814453125 0.3958333333333333 0.0166015625 0.036458333333333336
0 0.49609375 0.3923611111111111 0.0166015625 0.043402777777777776
0 0.8642578125 0.4913194444444444 0.0380859375 0.07118055555555555
0 0.9697265625 0.4739583333333333 0.0341796875 0.08680555555555555
0 0.955078125 0.3680555555555556 0.0234375 0.050347222222222224
0 0.8388671875 0.3854166666666667 0.025390625 0.05555555555555555
0 0.734375 0.3784722222222222 0.025390625 0.05555555555555555
0 0.6591796875 0.4010416666666667 0.0244140625 0.05555555555555555
0 0.59765625 0.3871527777777778 0.0244140625 0.046875
0 0.900390625 0.3732638888888889 0.01953125 0.03819444444444445
0 0.794921875 0.46875 0.0263671875 0.06597222222222222
0 0.283203125 0.6163194444444444 0.037109375 0.08854166666666667
0 0.4052734375 0.6302083333333334 0.033203125 0.07118055555555555
0 0.31640625 0.5503472222222222 0.03515625 0.07465277777777778
0 0.203125 0.5295138888888888 0.041015625 0.0763888888888889
0 0.1025390625 0.5243055555555556 0.037109375 0.0763888888888889
0 0.0771484375 0.8107638888888888 0.02734375 0.10243055555555555
0 0.0771484375 0.7013888888888888 0.0380859375 0.08506944444444445
0 0.0595703125 0.5190972222222222 0.03125 0.06597222222222222
0 0.0234375 0.4479166666666667 0.021484375 0.03993055555555555
0 0.0419921875 0.4392361111111111 0.017578125 0.03819444444444445
0 0.064453125 0.4409722222222222 0.021484375 0.03125
0 0.1181640625 0.4201388888888889 0.0224609375 0.03993055555555555
0 0.15625 0.4270833333333333 0.0244140625 0.052083333333333336
0 0.1376953125 0.484375 0.029296875 0.05555555555555555
0 0.17578125 0.5052083333333334 0.029296875 0.0642361111111111
0 0.2294921875 0.4618055555555556 0.0244140625 0.057291666666666664
0 0.24609375 0.4375 0.01953125 0.04513888888888889
0 0.2958984375 0.4444444444444444 0.025390625 0.05555555555555555
0 0.265625 0.53125 0.0283203125 0.05381944444444445
0 0.37890625 0.4305555555555556 0.0234375 0.052083333333333336
0 0.4140625 0.4236111111111111 0.021484375 0.046875
0 0.3984375 0.515625 0.0263671875 0.078125
0 0.3369140625 0.4114583333333333 0.0166015625 0.04861111111111111
0 0.3544921875 0.4184027777777778 0.0166015625 0.043402777777777776
0 0.28125 0.390625 0.0185546875 0.041666666666666664
0 0.2275390625 0.4027777777777778 0.0185546875 0.026041666666666668
0 0.1787109375 0.3767361111111111 0.01953125 0.03298611111111111
0 0.1357421875 0.3767361111111111 0.0166015625 0.03298611111111111
0 0.08984375 0.3767361111111111 0.0166015625 0.027777777777777776
0 0.064453125 0.3767361111111111 0.021484375 0.03125
0 0.1455078125 0.3385416666666667 0.0166015625 0.03298611111111111
0 0.1181640625 0.3559027777777778 0.0126953125 0.026041666666666668
0 0.025390625 0.3645833333333333 0.0166015625 0.036458333333333336
0 0.048828125 0.3368055555555556 0.0087890625 0.034722222222222224
0 0.1005859375 0.3177083333333333 0.0126953125 0.022569444444444444
0 0.1298828125 0.3368055555555556 0.0107421875 0.026041666666666668
0 0.1650390625 0.3142361111111111 0.0107421875 0.022569444444444444
0 0.0283203125 0.2916666666666667 0.0107421875 0.019097222222222224
0 0.01953125 0.2673611111111111 0.0087890625 0.020833333333333332
0 0.3046875 0.3732638888888889 0.017578125 0.03819444444444445
0 0.2412109375 0.359375 0.01953125 0.041666666666666664
0 0.21875 0.3784722222222222 0.0146484375 0.036458333333333336
0 0.2587890625 0.3715277777777778 0.01171875 0.026041666666666668
0 0.3408203125 0.3229166666666667 0.0107421875 0.022569444444444444
0 0.2880859375 0.3350694444444444 0.015625 0.03993055555555555
0 0.2998046875 0.3333333333333333 0.01171875 0.020833333333333332
0 0.4130859375 0.3211805555555556 0.01171875 0.03125
0 0.4365234375 0.3420138888888889 0.015625 0.036458333333333336
0 0.2412109375 0.3229166666666667 0.0126953125 0.024305555555555556
0 0.234375 0.3072916666666667 0.01171875 0.03298611111111111
0 0.244140625 0.2881944444444444 0.01171875 0.027777777777777776
0 0.2529296875 0.2934027777777778 0.0087890625 0.022569444444444444
0 0.359375 0.3333333333333333 0.013671875 0.029513888888888888
0 0.3798828125 0.3177083333333333 0.0107421875 0.019097222222222224
0 0.4384765625 0.3038194444444444 0.0126953125 0.026041666666666668
0 0.42578125 0.2743055555555556 0.0107421875 0.026041666666666668
0 0.369140625 0.2829861111111111 0.01171875 0.022569444444444444
0 0.326171875 0.2569444444444444 0.0068359375 0.019097222222222224
0 0.2763671875 0.2621527777777778 0.0078125 0.022569444444444444
0 0.283203125 0.2829861111111111 0.0078125 0.017361111111111112
0 0.2578125 0.2673611111111111 0.0087890625 0.020833333333333332
0 0.2353515625 0.2569444444444444 0.0078125 0.017361111111111112
0 0.2197265625 0.2552083333333333 0.0087890625 0.017361111111111112
0 0.111328125 0.2552083333333333 0.0087890625 0.017361111111111112
0 0.0595703125 0.25 0.0087890625 0.017361111111111112
0 0.126953125 0.2569444444444444 0.0048828125 0.017361111111111112
0 0.1416015625 0.24479166666666666 0.005859375 0.013888888888888888
0 0.16796875 0.2829861111111111 0.0078125 0.019097222222222224
0 0.158203125 0.28125 0.0078125 0.017361111111111112
0 0.2666015625 0.24131944444444445 0.005859375 0.015625
0 0.3017578125 0.2534722222222222 0.005859375 0.015625
0 0.30859375 0.25 0.0068359375 0.017361111111111112
0 0.345703125 0.2586805555555556 0.0087890625 0.017361111111111112
0 0.3837890625 0.2638888888888889 0.0087890625 0.022569444444444444
0 0.33203125 0.3072916666666667 0.0078125 0.013888888888888888
0 0.3427734375 0.2361111111111111 0.0068359375 0.015625
0 0.458984375 0.3038194444444444 0.01171875 0.029513888888888888
0 0.4755859375 0.2743055555555556 0.0078125 0.019097222222222224
0 0.435546875 0.2517361111111111 0.0078125 0.020833333333333332
0 0.361328125 0.2552083333333333 0.0068359375 0.017361111111111112
0 0.0751953125 0.2638888888888889 0.0078125 0.017361111111111112
0 0.3779296875 0.3732638888888889 0.015625 0.027777777777777776
0 0.390625 0.3611111111111111 0.0126953125 0.027777777777777776
0 0.1875 0.2934027777777778 0.0078125 0.026041666666666668
0 0.39453125 0.2725694444444444 0.0078125 0.020833333333333332
0 0.4716796875 0.2361111111111111 0.0087890625 0.013888888888888888
0 0.6259765625 0.328125 0.013671875 0.03125
0 0.6787109375 0.3472222222222222 0.017578125 0.03993055555555555
0 0.5693359375 0.3177083333333333 0.0107421875 0.020833333333333332
0 0.53515625 0.3055555555555556 0.0126953125 0.022569444444444444
0 0.501953125 0.3489583333333333 0.017578125 0.036458333333333336
0 0.4873046875 0.2881944444444444 0.013671875 0.03125
0 0.5 0.3038194444444444 0.0107421875 0.024305555555555556
0 0.5888671875 0.2986111111111111 0.01171875 0.024305555555555556
0 0.6220703125 0.2864583333333333 0.0107421875 0.024305555555555556
0 0.6416015625 0.2986111111111111 0.009765625 0.022569444444444444
0 0.5888671875 0.2708333333333333 0.009765625 0.015625
0 0.5517578125 0.2743055555555556 0.01171875 0.027777777777777776
0 0.5224609375 0.2569444444444444 0.01171875 0.024305555555555556
0 0.4873046875 0.2604166666666667 0.0068359375 0.015625
0 0.4873046875 0.2361111111111111 0.0068359375 0.013888888888888888
0 0.55859375 0.2378472222222222 0.0078125 0.013888888888888888
0 0.5908203125 0.2309027777777778 0.0087890625 0.019097222222222224
0 0.6162109375 0.2378472222222222 0.0087890625 0.017361111111111112
0 0.630859375 0.23958333333333334 0.0087890625 0.015625
0 0.673828125 0.2621527777777778 0.0107421875 0.022569444444444444
0 0.6513671875 0.2534722222222222 0.0087890625 0.019097222222222224
0 0.6943359375 0.3020833333333333 0.0126953125 0.027777777777777776
0 0.744140625 0.3472222222222222 0.017578125 0.03993055555555555
0 0.71875 0.296875 0.0107421875 0.022569444444444444
0 0.732421875 0.2829861111111111 0.0087890625 0.017361111111111112
0 0.8662109375 0.3003472222222222 0.015625 0.036458333333333336
0 0.783203125 0.3402777777777778 0.01953125 0.046875
0 0.7607421875 0.3541666666666667 0.015625 0.03125
0 0.8515625 0.3611111111111111 0.013671875 0.03993055555555555
0 0.9228515625 0.3298611111111111 0.0185546875 0.03993055555555555
0 0.9580078125 0.3298611111111111 0.0224609375 0.03298611111111111
0 0.9814453125 0.3003472222222222 0.01953125 0.04513888888888889
0 0.974609375 0.2552083333333333 0.015625 0.027777777777777776
0 0.9443359375 0.23958333333333334 0.0107421875 0.019097222222222224
0 0.9052734375 0.28125 0.0126953125 0.022569444444444444
0 0.8515625 0.28125 0.0126953125 0.024305555555555556
0 0.833984375 0.2881944444444444 0.013671875 0.024305555555555556
0 0.845703125 0.3194444444444444 0.013671875 0.022569444444444444
0 0.806640625 0.2777777777777778 0.0146484375 0.03125
0 0.7578125 0.265625 0.015625 0.03298611111111111
0 0.77734375 0.2916666666666667 0.01171875 0.019097222222222224
0 0.8095703125 0.2378472222222222 0.009765625 0.015625
0 0.87109375 0.25 0.0078125 0.017361111111111112
0 0.919921875 0.2361111111111111 0.0078125 0.017361111111111112
0 0.8740234375 0.19618055555555555 0.0087890625 0.017361111111111112
0 0.8408203125 0.19444444444444445 0.005859375 0.013888888888888888
0 0.744140625 0.2152777777777778 0.005859375 0.015625
0 0.841796875 0.2309027777777778 0.0087890625 0.017361111111111112
0 0.96875 0.22743055555555555 0.0107421875 0.020833333333333332
0 0.994140625 0.23958333333333334 0.0087890625 0.022569444444444444
0 0.8271484375 0.22916666666666666 0.0078125 0.013888888888888888
0 0.7890625 0.22395833333333334 0.0068359375 0.015625
0 0.4140625 0.2204861111111111 0.0078125 0.013888888888888888
0 0.404296875 0.22395833333333334 0.005859375 0.013888888888888888
0 0.53515625 0.2048611111111111 0.005859375 0.012152777777777778
0 0.6533203125 0.2204861111111111 0.0078125 0.017361111111111112
0 0.763671875 0.052083333333333336 0.0126953125 0.06944444444444445
0 0.109375 0.013888888888888888 0.0263671875 0.027777777777777776