0 0.09765625 0.5513626834381551 0.193359375 0.2138364779874214
0 0.4892578125 0.59958071278826 0.0126953125 0.016771488469601678
0 0.517578125 0.590146750524109 0.0107421875 0.013626834381551363
0 0.62890625 0.6016771488469602 0.015625 0.01781970649895178
0 0.669921875 0.6069182389937107 0.0126953125 0.013626834381551363
0 0.689453125 0.6048218029350105 0.009765625 0.016771488469601678
0 0.7744140625 0.6132075471698113 0.013671875 0.016771488469601678
0 0.8828125 0.5964360587002097 0.013671875 0.01781970649895178
0 0.7900390625 0.5587002096436059 0.0126953125 0.012578616352201259
0 0.8349609375 0.6194968553459119 0.01953125 0.019916142557651992
0 0.9072265625 0.5985324947589099 0.0166015625 0.019916142557651992
0 0.92578125 0.5911949685534591 0.0107421875 0.014675052410901468
0 0.935546875 0.6079664570230608 0.015625 0.020964360587002098
0 0.9931640625 0.6079664570230608 0.0126953125 0.020964360587002098
0 0.23046875 0.5817610062893082 0.021484375 0.02410901467505241
0 0.75390625 0.6027253668763103 0.013671875 0.01781970649895178
0 0.7939453125 0.6142557651991615 0.0126953125 0.01781970649895178
0 0.822265625 0.6037735849056604 0.009765625 0.015723270440251572
0 0.9775390625 0.6058700209643606 0.009765625 0.016771488469601678