0 0.103515625 0.702231520223152 0.0244140625 0.02301255230125523
0 0.119140625 0.7817294281729428 0.044921875 0.03626220362622036
0 0.1044921875 0.8347280334728033 0.056640625 0.04602510460251046
0 0.5595703125 0.703626220362622 0.03125 0.026499302649930265
0 0.1650390625 0.7405857740585774 0.021484375 0.02092050209205021
0 0.19140625 0.7280334728033473 0.017578125 0.01813110181311018
0 0.4375 0.6094839609483961 0.130859375 0.099721059972106
0 0.5830078125 0.6757322175732218 0.0107421875 0.01394700139470014
0 0.6220703125 0.6806136680613668 0.0146484375 0.015341701534170154
0 0.60546875 0.7224546722454672 0.0224609375 0.013249651324965132
0 0.615234375 0.6129707112970711 0.015625 0.012552301255230125
0 0.705078125 0.6331938633193863 0.0078125 0.016736401673640166
0 0.6953125 0.7315202231520224 0.1005859375 0.09065550906555091
0 0.947265625 0.700836820083682 0.0146484375 0.01603905160390516
0 0.9736328125 0.698744769874477 0.0126953125 0.00906555090655509
0 0.984375 0.6345885634588564 0.01171875 0.007670850767085077
0 0.9599609375 0.6471408647140865 0.0107421875 0.010460251046025104