0 0.01171875 0.43385490753911804 0.0185546875 0.032716927453769556
0 0.0322265625 0.4722617354196302 0.0205078125 0.029871977240398292
0 0.0966796875 0.4438122332859175 0.017578125 0.029871977240398292
0 0.0439453125 0.6073968705547653 0.0576171875 0.08677098150782361
0 0.1953125 0.5519203413940256 0.04296875 0.07965860597439545
0 0.216796875 0.5220483641536273 0.025390625 0.05547652916073969
0 0.201171875 0.47083926031294454 0.0185546875 0.041251778093883355
0 0.2109375 0.4295874822190612 0.0126953125 0.021337126600284494
0 0.3232421875 0.43812233285917496 0.0185546875 0.029871977240398292
0 0.2958984375 0.5064011379800853 0.0302734375 0.05405405405405406
0 0.34765625 0.5234708392603129 0.033203125 0.06685633001422475
0 0.3916015625 0.47652916073968704 0.0234375 0.049786628733997154
0 0.3623046875 0.40256045519203415 0.0087890625 0.01422475106685633
0 0.4033203125 0.4310099573257468 0.017578125 0.031294452347083924
0 0.42578125 0.4480796586059744 0.0146484375 0.02702702702702703
0 0.4404296875 0.49786628733997157 0.029296875 0.05689900426742532
0 0.46484375 0.4907539118065434 0.0224609375 0.044096728307254626
0 0.4677734375 0.40825035561877665 0.01171875 0.015647226173541962
0 0.5419921875 0.5476529160739687 0.021484375 0.03556187766714083
0 0.576171875 0.5704125177809388 0.037109375 0.07396870554765292
0 0.4541015625 0.6187766714082503 0.0361328125 0.07681365576102418
0 0.4716796875 0.701280227596017 0.0576171875 0.13086770981507823
0 0.59765625 0.4480796586059744 0.015625 0.034139402560455195
0 0.6875 0.4480796586059744 0.021484375 0.03698435277382646
0 0.677734375 0.492176386913229 0.021484375 0.03982930298719772
0 0.708984375 0.4879089615931721 0.0283203125 0.05263157894736842
0 0.697265625 0.4167852062588905 0.0107421875 0.01991465149359886
0 0.7138671875 0.42105263157894735 0.0126953125 0.025604551920341393
0 0.7412109375 0.4366998577524893 0.0146484375 0.034139402560455195
0 0.5673828125 0.4466571834992888 0.0224609375 0.03556187766714083
0 0.6376953125 0.4950213371266003 0.03125 0.06685633001422475
0 0.7900390625 0.5078236130867709 0.0458984375 0.07539118065433854
0 0.8173828125 0.41963015647226176 0.015625 0.02702702702702703
0 0.8564453125 0.5078236130867709 0.033203125 0.06116642958748222
0 0.8359375 0.39260312944523473 0.0107421875 0.01849217638691323
0 0.8994140625 0.39971550497866287 0.01171875 0.01991465149359886
0 0.9169921875 0.4438122332859175 0.029296875 0.04267425320056899
0 0.953125 0.4295874822190612 0.0224609375 0.03840682788051209
0 0.9462890625 0.5490753911806543 0.04296875 0.07112375533428165
0 0.984375 0.5049786628733998 0.0263671875 0.059743954480796585
0 0.708984375 0.39544807965860596 0.0087890625 0.01849217638691323