0 0.337890625 0.7347480106100795 0.03125 0.05172413793103448
0 0.2548828125 0.7957559681697612 0.03125 0.058355437665782495
0 0.3310546875 0.8687002652519894 0.05078125 0.07559681697612732
0 0.154296875 0.8673740053050398 0.0400390625 0.05305039787798409
0 0.1416015625 0.8938992042440318 0.0400390625 0.025198938992042442
0 0.044921875 0.7068965517241379 0.0302734375 0.042440318302387266
0 0.0830078125 0.7798408488063661 0.03515625 0.050397877984084884
0 0.1337890625 0.7175066312997348 0.03125 0.04774535809018567
0 0.21875 0.773209549071618 0.03515625 0.05702917771883289
0 0.2919921875 0.7015915119363395 0.0283203125 0.04509283819628647
0 0.3466796875 0.6909814323607427 0.0263671875 0.04774535809018567
0 0.2548828125 0.6883289124668435 0.0224609375 0.03713527851458886
0 0.0625 0.629973474801061 0.01953125 0.033156498673740056
0 0.0185546875 0.6259946949602122 0.0185546875 0.03713527851458886
0 0.03125 0.5649867374005305 0.0107421875 0.01989389920424403
0 0.0869140625 0.5729442970822282 0.0126953125 0.01989389920424403
0 0.1171875 0.5782493368700266 0.0146484375 0.023872679045092837
0 0.10546875 0.6458885941644562 0.017578125 0.03183023872679045
0 0.4423828125 0.5212201591511937 0.013671875 0.026525198938992044
0 0.486328125 0.5305039787798409 0.0126953125 0.025198938992042442
0 0.4619140625 0.506631299734748 0.01171875 0.023872679045092837
0 0.5146484375 0.6485411140583555 0.0234375 0.04376657824933687
0 0.5703125 0.6419098143236074 0.0205078125 0.033156498673740056
0 0.5546875 0.7480106100795756 0.0341796875 0.042440318302387266
0 0.6083984375 0.7188328912466844 0.029296875 0.038461538461538464
0 0.6064453125 0.8076923076923077 0.0380859375 0.0623342175066313
0 0.6240234375 0.6870026525198939 0.0185546875 0.029177718832891247
0 0.6904296875 0.6286472148541115 0.0205078125 0.03050397877984085
0 0.662109375 0.636604774535809 0.0185546875 0.03050397877984085
0 0.6953125 0.5928381962864722 0.0166015625 0.029177718832891247
0 0.69140625 0.5384615384615384 0.0126953125 0.021220159151193633
0 0.5556640625 0.5981432360742706 0.013671875 0.021220159151193633
0 0.5927734375 0.6180371352785146 0.015625 0.033156498673740056
0 0.595703125 0.5994694960212201 0.0146484375 0.029177718832891247
0 0.533203125 0.5026525198938993 0.0107421875 0.01989389920424403
0 0.4931640625 0.513262599469496 0.0107421875 0.022546419098143235
0 0.4853515625 0.610079575596817 0.017578125 0.027851458885941646
0 0.4716796875 0.7679045092838196 0.029296875 0.05172413793103448
0 0.5087890625 0.6180371352785146 0.0166015625 0.027851458885941646
0 0.5615234375 0.7161803713527851 0.0263671875 0.04111405835543767
0 0.74609375 0.7997347480106101 0.03515625 0.05968169761273209
0 0.7607421875 0.7161803713527851 0.029296875 0.04774535809018567
0 0.8115234375 0.7413793103448276 0.0361328125 0.050397877984084884
0 0.8466796875 0.8183023872679045 0.0419921875 0.07559681697612732
0 0.8857421875 0.8289124668435013 0.0283203125 0.054376657824933686
0 0.8740234375 0.7068965517241379 0.0224609375 0.04774535809018567
0 0.7841796875 0.6604774535809018 0.0224609375 0.04376657824933687
0 0.7314453125 0.623342175066313 0.0224609375 0.022546419098143235
0 0.724609375 0.5809018567639257 0.0126953125 0.03183023872679045
0 0.0849609375 0.6737400530503979 0.0185546875 0.03183023872679045
0 0.1103515625 0.7002652519893899 0.017578125 0.033156498673740056
0 0.2041015625 0.603448275862069 0.015625 0.027851458885941646
0 0.2451171875 0.6220159151193634 0.0185546875 0.03050397877984085
0 0.2294921875 0.6472148541114059 0.0166015625 0.029177718832891247
0 0.03125 0.6644562334217506 0.0205078125 0.034482758620689655
0 0.3349609375 0.5954907161803713 0.0146484375 0.025198938992042442
0 0.1865234375 0.6896551724137931 0.0244140625 0.03580901856763926
0 0.013671875 0.8687002652519894 0.0283203125 0.054376657824933686
0 0.3876953125 0.7506631299734748 0.03125 0.05172413793103448
0 0.380859375 0.649867374005305 0.0166015625 0.03050397877984085
0 0.3037109375 0.6763925729442971 0.0185546875 0.033156498673740056
0 0.251953125 0.6657824933687002 0.0234375 0.03580901856763926
0 0.38671875 0.5941644562334217 0.015625 0.026525198938992044
0 0.3671875 0.5888594164456233 0.013671875 0.026525198938992044
0 0.4775390625 0.8209549071618037 0.0390625 0.07559681697612732
0 0.4326171875 0.6856763925729443 0.0224609375 0.042440318302387266
0 0.484375 0.6777188328912467 0.0244140625 0.04111405835543767
0 0.4287109375 0.6352785145888594 0.0185546875 0.033156498673740056
0 0.4482421875 0.6074270557029178 0.0166015625 0.033156498673740056
0 0.44140625 0.5795755968169761 0.0146484375 0.027851458885941646
0 0.732421875 0.5490716180371353 0.0126953125 0.021220159151193633
0 0.75390625 0.5928381962864722 0.017578125 0.026525198938992044
0 0.8623046875 0.5543766578249337 0.013671875 0.027851458885941646
0 0.8837890625 0.5358090185676393 0.0166015625 0.026525198938992044
0 0.8330078125 0.6724137931034483 0.0224609375 0.04376657824933687
0 0.8154296875 0.6326259946949602 0.01953125 0.03183023872679045
0 0.9130859375 0.6843501326259946 0.0244140625 0.033156498673740056
0 0.53515625 0.8912466843501327 0.048828125 0.026525198938992044
0 0.9599609375 0.7639257294429708 0.0361328125 0.07559681697612732
0 0.943359375 0.656498673740053 0.021484375 0.033156498673740056
0 0.9833984375 0.656498673740053 0.029296875 0.04509283819628647
0 0.9287109375 0.5716180371352785 0.0166015625 0.027851458885941646
0 0.955078125 0.5623342175066313 0.015625 0.027851458885941646
0 0.8857421875 0.610079575596817 0.015625 0.029177718832891247
0 0.1962890625 0.6618037135278515 0.01953125 0.03713527851458886
0 0.15625 0.6419098143236074 0.017578125 0.025198938992042442
0 0.1904296875 0.5862068965517241 0.013671875 0.023872679045092837
0 0.31640625 0.6259946949602122 0.013671875 0.027851458885941646
0 0.443359375 0.6657824933687002 0.0185546875 0.034482758620689655
0 0.416015625 0.5649867374005305 0.015625 0.022546419098143235
0 0.4609375 0.5809018567639257 0.0107421875 0.021220159151193633
0 0.609375 0.5729442970822282 0.013671875 0.023872679045092837
0 0.619140625 0.5636604774535809 0.0107421875 0.01989389920424403
0 0.5693359375 0.5318302387267905 0.0126953125 0.025198938992042442
0 0.5830078125 0.5238726790450928 0.01171875 0.022546419098143235
0 0.859375 0.7400530503978779 0.0224609375 0.05172413793103448
0 0.7509765625 0.6193633952254642 0.0224609375 0.042440318302387266
0 0.77734375 0.5755968169761273 0.01171875 0.01856763925729443
0 0.826171875 0.5437665782493368 0.0126953125 0.021220159151193633
0 0.7890625 0.5424403183023873 0.01171875 0.017241379310344827
0 0.841796875 0.5185676392572944 0.0068359375 0.011936339522546418
0 0.8408203125 0.4920424403183024 0.005859375 0.010610079575596816
0 0.6064453125 0.669761273209549 0.0244140625 0.03713527851458886
0 0.015625 0.583554376657825 0.009765625 0.01989389920424403
0 0.0390625 0.5543766578249337 0.009765625 0.01856763925729443
0 0.1494140625 0.5941644562334217 0.013671875 0.01989389920424403
0 0.3564453125 0.5689655172413793 0.0166015625 0.029177718832891247
0 0.6552734375 0.7559681697612732 0.0234375 0.042440318302387266
0 0.4765625 0.5862068965517241 0.017578125 0.029177718832891247
0 0.6357421875 0.5623342175066313 0.013671875 0.022546419098143235
0 0.65234375 0.5384615384615384 0.009765625 0.017241379310344827
0 0.958984375 0.876657824933687 0.041015625 0.0649867374005305
0 0.0458984375 0.610079575596817 0.0185546875 0.033156498673740056
0 0.103515625 0.6061007957559682 0.015625 0.026525198938992044
0 0.39453125 0.5862068965517241 0.01171875 0.022546419098143235
0 0.3291015625 0.5702917771883289 0.0107421875 0.021220159151193633
0 0.353515625 0.6114058355437666 0.013671875 0.027851458885941646
0 0.3447265625 0.6511936339522546 0.01953125 0.034482758620689655
0 0.2626953125 0.6153846153846154 0.0078125 0.017241379310344827
0 0.5029296875 0.5901856763925729 0.017578125 0.034482758620689655
0 0.8271484375 0.583554376657825 0.0166015625 0.034482758620689655
0 0.908203125 0.6074270557029178 0.021484375 0.03183023872679045
0 0.8310546875 0.6206896551724138 0.0205078125 0.03580901856763926
0 0.9921875 0.5689655172413793 0.013671875 0.022546419098143235
0 0.9130859375 0.5464190981432361 0.013671875 0.027851458885941646
0 0.8984375 0.5437665782493368 0.01171875 0.01989389920424403
0 0.96484375 0.5450928381962865 0.013671875 0.01856763925729443
0 0.7744140625 0.6259946949602122 0.017578125 0.034482758620689655
0 0.1845703125 0.4986737400530504 0.017578125 0.025198938992042442