0 0.8037109375 0.13194444444444445 0.0458984375 0.10069444444444445
0 0.861328125 0.11979166666666667 0.048828125 0.09375
0 0.6689453125 0.3229166666666667 0.0634765625 0.1076388888888889
0 0.642578125 0.109375 0.0380859375 0.0798611111111111
0 0.6826171875 0.07118055555555555 0.033203125 0.09722222222222222
0 0.5068359375 0.11631944444444445 0.0234375 0.07291666666666667
0 0.5810546875 0.16493055555555555 0.0283203125 0.059027777777777776
0 0.4560546875 0.1892361111111111 0.0283203125 0.0625
0 0.3896484375 0.20833333333333334 0.0283203125 0.06076388888888889
0 0.416015625 0.1857638888888889 0.0185546875 0.050347222222222224
0 0.3203125 0.2864583333333333 0.0654296875 0.13020833333333334
0 0.4404296875 0.5104166666666666 0.0537109375 0.12152777777777778
0 0.1669921875 0.2326388888888889 0.091796875 0.1892361111111111
0 0.755859375 0.14583333333333334 0.0283203125 0.07291666666666667