0 0.0693359375 0.56640625 0.021484375 0.04296875
0 0.154296875 0.6223958333333334 0.017578125 0.03125
0 0.267578125 0.5807291666666666 0.0234375 0.0390625
0 0.3388671875 0.5924479166666666 0.0234375 0.037760416666666664
0 0.3623046875 0.5911458333333334 0.0166015625 0.029947916666666668
0 0.4404296875 0.5911458333333334 0.0146484375 0.02734375
0 0.4169921875 0.6276041666666666 0.0224609375 0.033854166666666664
0 0.5341796875 0.6263020833333334 0.01953125 0.03125
0 0.5966796875 0.60546875 0.025390625 0.036458333333333336
0 0.6494140625 0.5768229166666666 0.015625 0.028645833333333332
0 0.6201171875 0.5690104166666666 0.0263671875 0.0546875
0 0.716796875 0.5716145833333334 0.021484375 0.041666666666666664
0 0.8525390625 0.58984375 0.0263671875 0.045572916666666664
0 0.9755859375 0.5677083333333334 0.0234375 0.033854166666666664
0 0.4638671875 0.6171875 0.0224609375 0.040364583333333336