0 0.048828125 0.31545741324921134 0.0166015625 0.056782334384858045
0 0.0869140625 0.39747634069400634 0.013671875 0.0473186119873817
0 0.1484375 0.3249211356466877 0.0107421875 0.0473186119873817
0 0.171875 0.3627760252365931 0.015625 0.05993690851735016
0 0.2265625 0.38801261829652994 0.009765625 0.04416403785488959
0 0.0849609375 0.35646687697160884 0.009765625 0.031545741324921134
0 0.0732421875 0.3943217665615142 0.0078125 0.03785488958990536
0 0.142578125 0.334384858044164 0.005859375 0.025236593059936908
0 0.2529296875 0.35331230283911674 0.0087890625 0.03785488958990536
0 0.2763671875 0.3249211356466877 0.0068359375 0.031545741324921134
0 0.314453125 0.3722397476340694 0.0087890625 0.03785488958990536
0 0.2734375 0.39747634069400634 0.0078125 0.028391167192429023
0 0.4013671875 0.4416403785488959 0.0078125 0.03470031545741325
0 0.4072265625 0.39747634069400634 0.0068359375 0.031545741324921134
0 0.408203125 0.334384858044164 0.0068359375 0.025236593059936908
0 0.4033203125 0.3470031545741325 0.0048828125 0.01892744479495268
0 0.376953125 0.33753943217665616 0.009765625 0.03470031545741325
0 0.400390625 0.3943217665615142 0.005859375 0.022082018927444796
0 0.46875 0.38801261829652994 0.0068359375 0.025236593059936908
0 0.55859375 0.38801261829652994 0.0078125 0.028391167192429023
0 0.5029296875 0.3659305993690852 0.009765625 0.03785488958990536
0 0.458984375 0.39747634069400634 0.0048828125 0.015772870662460567
0 0.4560546875 0.41009463722397477 0.00390625 0.015772870662460567
0 0.4638671875 0.3785488958990536 0.0048828125 0.01892744479495268
0 0.5498046875 0.4037854889589905 0.0087890625 0.022082018927444796
0 0.537109375 0.42902208201892744 0.0078125 0.022082018927444796
0 0.66796875 0.39747634069400634 0.0048828125 0.025236593059936908
0 0.6376953125 0.4416403785488959 0.00390625 0.015772870662460567
0 0.6240234375 0.41324921135646686 0.0048828125 0.015772870662460567
0 0.646484375 0.38485804416403785 0.00390625 0.015772870662460567
0 0.6328125 0.4195583596214511 0.00390625 0.012618296529968454
0 0.58203125 0.40063091482649843 0.0048828125 0.01892744479495268
0 0.6162109375 0.43217665615141954 0.00390625 0.015772870662460567
0 0.658203125 0.4227129337539432 0.00390625 0.012618296529968454
0 0.685546875 0.40063091482649843 0.0048828125 0.022082018927444796
0 0.693359375 0.39747634069400634 0.0048828125 0.022082018927444796
0 0.7001953125 0.4195583596214511 0.0048828125 0.022082018927444796
0 0.7216796875 0.444794952681388 0.0048828125 0.022082018927444796
0 0.712890625 0.4037854889589905 0.0048828125 0.01892744479495268
0 0.708984375 0.41324921135646686 0.00390625 0.015772870662460567
0 0.7646484375 0.43217665615141954 0.00390625 0.012618296529968454
0 0.7783203125 0.45425867507886436 0.00390625 0.015772870662460567
0 0.79296875 0.45425867507886436 0.0029296875 0.01892744479495268
0 0.7685546875 0.4227129337539432 0.0029296875 0.015772870662460567
0 0.8134765625 0.42902208201892744 0.0029296875 0.012618296529968454
0 0.7939453125 0.39747634069400634 0.0029296875 0.015772870662460567
0 0.7646484375 0.3911671924290221 0.0029296875 0.015772870662460567
0 0.779296875 0.4037854889589905 0.001953125 0.012618296529968454
0 0.80859375 0.4069400630914827 0.00390625 0.012618296529968454
0 0.8486328125 0.3943217665615142 0.00390625 0.012618296529968454
0 0.8173828125 0.40063091482649843 0.0029296875 0.012618296529968454
0 0.8115234375 0.3911671924290221 0.0029296875 0.012618296529968454
0 0.7978515625 0.38170347003154576 0.00390625 0.012618296529968454
0 0.8564453125 0.4069400630914827 0.0029296875 0.012618296529968454
0 0.8837890625 0.416403785488959 0.00390625 0.012618296529968454