0 0.8056640625 0.5124816446402349 0.046875 0.08516886930983847
0 0.6708984375 0.4566813509544787 0.095703125 0.15712187958883994
0 0.8564453125 0.5110132158590308 0.029296875 0.04698972099853157
0 0.4814453125 0.5418502202643172 0.04296875 0.06901615271659324
0 0.3720703125 0.8781204111600588 0.0205078125 0.03524229074889868
0 0.3388671875 0.788546255506608 0.0234375 0.041116005873715125
0 0.2705078125 0.7577092511013216 0.0146484375 0.030837004405286344
0 0.2939453125 0.7474302496328928 0.01171875 0.02643171806167401
0 0.228515625 0.7694566813509545 0.0166015625 0.02936857562408223
0 0.18359375 0.737151248164464 0.0107421875 0.020558002936857563
0 0.1689453125 0.7430249632892805 0.01171875 0.020558002936857563
0 0.15625 0.7283406754772394 0.015625 0.023494860499265784
0 0.1533203125 0.6989720998531571 0.013671875 0.022026431718061675
0 0.3662109375 0.7327459618208517 0.0146484375 0.027900146842878122
0 0.337890625 0.7386196769456681 0.013671875 0.022026431718061675
0 0.3115234375 0.7063142437591777 0.0126953125 0.023494860499265784
0 0.2626953125 0.6754772393538914 0.009765625 0.020558002936857563
0 0.4267578125 0.7650513950073421 0.0166015625 0.033773861967694566
0 0.4052734375 0.775330396475771 0.015625 0.024963289280469897
0 0.4296875 0.7298091042584435 0.01171875 0.020558002936857563
0 0.427734375 0.6798825256975036 0.009765625 0.014684287812041116
0 0.4267578125 0.9118942731277533 0.01953125 0.030837004405286344
0 0.3193359375 0.55359765051395 0.0087890625 0.016152716593245228
0 0.3896484375 0.5491923641703378 0.009765625 0.01762114537444934