0 0.1044921875 0.3870967741935484 0.037109375 0.06744868035190615
0 0.125 0.37390029325513197 0.0302734375 0.06451612903225806
0 0.10546875 0.32404692082111436 0.0341796875 0.051319648093841645
0 0.109375 0.21407624633431085 0.0283203125 0.051319648093841645
0 0.203125 0.3020527859237537 0.0302734375 0.05865102639296188
0 0.2431640625 0.17302052785923755 0.021484375 0.045454545454545456
0 0.2998046875 0.20234604105571846 0.0322265625 0.0689149560117302
0 0.267578125 0.4002932551319648 0.0400390625 0.07038123167155426
0 0.189453125 0.48826979472140764 0.0576171875 0.06451612903225806
0 0.140625 0.4736070381231672 0.044921875 0.07917888563049853
0 0.345703125 0.46774193548387094 0.0400390625 0.08211143695014662
0 0.05078125 0.5146627565982405 0.0458984375 0.08064516129032258
0 0.029296875 0.592375366568915 0.03515625 0.08357771260997067
0 0.1318359375 0.6217008797653959 0.03125 0.08064516129032258
0 0.359375 0.5630498533724341 0.0595703125 0.08504398826979472
0 0.4697265625 0.8504398826979472 0.05078125 0.1935483870967742
0 0.4404296875 0.8563049853372434 0.044921875 0.1627565982404692
0 0.841796875 0.9178885630498533 0.0498046875 0.1627565982404692
0 0.4453125 0.6759530791788856 0.0458984375 0.08504398826979472
0 0.8447265625 0.6348973607038123 0.0322265625 0.07624633431085044
0 0.732421875 0.5821114369501467 0.046875 0.08357771260997067
0 0.7392578125 0.5146627565982405 0.044921875 0.09237536656891496
0 0.7255859375 0.49560117302052786 0.044921875 0.08211143695014662
0 0.6484375 0.5645161290322581 0.0458984375 0.09530791788856305
0 0.82421875 0.5601173020527859 0.0439453125 0.06451612903225806
0 0.8212890625 0.49560117302052786 0.044921875 0.08944281524926687
0 0.931640625 0.48826979472140764 0.0400390625 0.07917888563049853
0 0.87109375 0.48533724340175954 0.033203125 0.08211143695014662
0 0.6826171875 0.45161290322580644 0.0380859375 0.0747800586510264
0 0.6484375 0.4413489736070381 0.0380859375 0.08797653958944282
0 0.6103515625 0.4281524926686217 0.041015625 0.08797653958944282
0 0.720703125 0.08797653958944282 0.01171875 0.026392961876832845
0 0.873046875 0.20381231671554254 0.02734375 0.05865102639296188
0 0.8837890625 0.1627565982404692 0.029296875 0.05718475073313783
0 0.9091796875 0.23900293255131966 0.03125 0.051319648093841645
0 0.9833984375 0.2903225806451613 0.03125 0.0747800586510264
0 0.962890625 0.21700879765395895 0.0224609375 0.04838709677419355
0 0.939453125 0.2404692082111437 0.0244140625 0.03812316715542522
0 0.90625 0.3592375366568915 0.0322265625 0.06158357771260997
0 0.806640625 0.3093841642228739 0.0380859375 0.0718475073313783
0 0.732421875 0.36070381231671556 0.0390625 0.06158357771260997
0 0.7490234375 0.24486803519061584 0.025390625 0.05571847507331378
0 0.732421875 0.2829912023460411 0.0322265625 0.06598240469208211
0 0.703125 0.22580645161290322 0.0322265625 0.06158357771260997
0 0.8583984375 0.44574780058651026 0.0439453125 0.07624633431085044
0 0.7490234375 0.45894428152492667 0.0478515625 0.07771260997067449
0 0.4228515625 0.1348973607038123 0.015625 0.04838709677419355
0 0.4521484375 0.22287390029325513 0.03125 0.05865102639296188
0 0.4912109375 0.2932551319648094 0.0361328125 0.05865102639296188
0 0.5234375 0.2624633431085044 0.0302734375 0.05865102639296188
0 0.5732421875 0.23020527859237536 0.02734375 0.054252199413489736
0 0.6201171875 0.250733137829912 0.03125 0.05278592375366569
0 0.4296875 0.5879765395894428 0.0458984375 0.07917888563049853
0 0.443359375 0.5689149560117303 0.0400390625 0.07624633431085044
0 0.5068359375 0.5263929618768328 0.048828125 0.08357771260997067
0 0.48046875 0.43255131964809385 0.0439453125 0.07624633431085044
0 0.4921875 0.3914956011730205 0.0302734375 0.060117302052785926