0 0.9560546875 0.5893155258764607 0.033203125 0.06343906510851419
0 0.876953125 0.5258764607679466 0.0302734375 0.048414023372287146
0 0.912109375 0.48580968280467446 0.0283203125 0.05676126878130217
0 0.94921875 0.4340567612687813 0.0166015625 0.03672787979966611
0 0.798828125 0.8230383973288815 0.0458984375 0.08514190317195326
0 0.8388671875 0.6811352253756261 0.03125 0.06343906510851419
0 0.671875 0.5993322203672788 0.025390625 0.05342237061769616
0 0.833984375 0.38898163606010017 0.017578125 0.04006677796327212
0 0.626953125 0.9048414023372288 0.048828125 0.07679465776293823
0 0.6337890625 0.7228714524207012 0.0439453125 0.07679465776293823
0 0.630859375 0.656093489148581 0.033203125 0.05175292153589316
0 0.5146484375 0.6327212020033389 0.033203125 0.06343906510851419
0 0.5166015625 0.7796327212020033 0.0380859375 0.07679465776293823
0 0.375 0.8614357262103506 0.05078125 0.1001669449081803
0 0.32421875 0.7212020033388982 0.0400390625 0.08681135225375626
0 0.337890625 0.657762938230384 0.0322265625 0.07011686143572621
0 0.37109375 0.6277128547579299 0.03125 0.05676126878130217
0 0.07421875 0.8397328881469115 0.0419921875 0.08681135225375626
0 0.1142578125 0.6878130217028381 0.03125 0.0651085141903172
0 0.1328125 0.5792988313856428 0.03125 0.06844741235392321
0 0.986328125 0.41068447412353926 0.0146484375 0.035058430717863104
0 0.9931640625 0.3823038397328882 0.013671875 0.03171953255425709
0 0.8916015625 0.4073455759599332 0.015625 0.03005008347245409
0 0.884765625 0.46243739565943237 0.0185546875 0.0333889816360601
0 0.8525390625 0.39065108514190316 0.0146484375 0.028380634390651086
0 0.8603515625 0.3739565943238731 0.0126953125 0.02671118530884808
0 0.9189453125 0.3722871452420701 0.0146484375 0.028380634390651086
0 0.9345703125 0.3555926544240401 0.015625 0.028380634390651086
0 0.8740234375 0.35058430717863104 0.0146484375 0.02671118530884808
0 0.90625 0.35058430717863104 0.013671875 0.02671118530884808
0 0.8916015625 0.3722871452420701 0.013671875 0.028380634390651086
0 0.9775390625 0.3055091819699499 0.01171875 0.021702838063439065
0 0.8125 0.4056761268781302 0.015625 0.0333889816360601
0 0.7861328125 0.4023372287145242 0.0146484375 0.02671118530884808
0 0.7548828125 0.4006677796327212 0.0166015625 0.02671118530884808
0 0.716796875 0.41903171953255425 0.0166015625 0.028380634390651086
0 0.7431640625 0.38898163606010017 0.015625 0.03171953255425709
0 0.837890625 0.3555926544240401 0.017578125 0.0333889816360601
0 0.84375 0.3772954924874791 0.0185546875 0.0333889816360601
0 0.8037109375 0.3672787979966611 0.0166015625 0.02671118530884808
0 0.7109375 0.36894824707846413 0.0166015625 0.02671118530884808
0 0.7265625 0.3589315525876461 0.0126953125 0.02337228714524207
0 0.7548828125 0.3656093489148581 0.0185546875 0.03171953255425709
0 0.8056640625 0.35058430717863104 0.0185546875 0.028380634390651086
0 0.783203125 0.35058430717863104 0.015625 0.028380634390651086
0 0.7529296875 0.332220367278798 0.0146484375 0.021702838063439065
0 0.7978515625 0.2854757929883139 0.009765625 0.01669449081803005
0 0.69921875 0.2838063439065108 0.0107421875 0.02337228714524207
0 0.6845703125 0.4023372287145242 0.015625 0.03005008347245409
0 0.6259765625 0.4373956594323873 0.0166015625 0.03005008347245409
0 0.630859375 0.4056761268781302 0.017578125 0.0333889816360601
0 0.6884765625 0.337228714524207 0.013671875 0.025041736227045076
0 0.6015625 0.35058430717863104 0.0146484375 0.02671118530884808
0 0.5947265625 0.3071786310517529 0.0126953125 0.021702838063439065
0 0.6494140625 0.3005008347245409 0.0126953125 0.021702838063439065
0 0.6025390625 0.3806343906510851 0.015625 0.02671118530884808
0 0.6435546875 0.3806343906510851 0.013671875 0.02337228714524207
0 0.642578125 0.34557595993322204 0.013671875 0.025041736227045076
0 0.6650390625 0.27378964941569284 0.009765625 0.018363939899833055
0 0.7275390625 0.27712854757929883 0.0068359375 0.015025041736227046
0 0.56640625 0.38898163606010017 0.015625 0.03005008347245409
0 0.560546875 0.3088480801335559 0.009765625 0.02003338898163606
0 0.5517578125 0.3021702838063439 0.013671875 0.025041736227045076
0 0.62109375 0.27378964941569284 0.0087890625 0.015025041736227046
0 0.5791015625 0.3589315525876461 0.01171875 0.02337228714524207
0 0.552734375 0.3656093489148581 0.0126953125 0.025041736227045076
0 0.556640625 0.35225375626043404 0.013671875 0.028380634390651086
0 0.5244140625 0.42237061769616024 0.0166015625 0.03005008347245409
0 0.484375 0.4023372287145242 0.0107421875 0.018363939899833055
0 0.5078125 0.3823038397328882 0.0146484375 0.035058430717863104
0 0.48828125 0.34223706176961605 0.0126953125 0.02337228714524207
0 0.462890625 0.335559265442404 0.0126953125 0.02337228714524207
0 0.431640625 0.36894824707846413 0.013671875 0.025041736227045076
0 0.416015625 0.3989983305509182 0.0146484375 0.02671118530884808
0 0.5263671875 0.39065108514190316 0.0166015625 0.028380634390651086
0 0.51171875 0.34724540901502504 0.01171875 0.021702838063439065
0 0.5185546875 0.33889816360601 0.0087890625 0.02003338898163606
0 0.447265625 0.335559265442404 0.01171875 0.02337228714524207
0 0.51171875 0.28046744574290483 0.0078125 0.015025041736227046
0 0.4140625 0.3639398998330551 0.0146484375 0.025041736227045076
0 0.3916015625 0.32220367278797996 0.01171875 0.02337228714524207
0 0.4384765625 0.29716193656093487 0.0087890625 0.018363939899833055
0 0.359375 0.3639398998330551 0.0126953125 0.02337228714524207
0 0.2548828125 0.3806343906510851 0.0126953125 0.021702838063439065
0 0.255859375 0.3639398998330551 0.01171875 0.021702838063439065
0 0.2744140625 0.2838063439065108 0.0107421875 0.018363939899833055
0 0.330078125 0.2888146911519199 0.0087890625 0.018363939899833055
0 0.3154296875 0.32053422370617696 0.0087890625 0.01669449081803005
0 0.2470703125 0.333889816360601 0.0107421875 0.02337228714524207
0 0.2373046875 0.34557595993322204 0.0107421875 0.018363939899833055
0 0.2431640625 0.3656093489148581 0.01171875 0.02003338898163606
0 0.3447265625 0.2838063439065108 0.009765625 0.02003338898163606
0 0.15234375 0.5091819699499165 0.0205078125 0.04006677796327212
0 0.140625 0.4607679465776294 0.0224609375 0.041736227045075125
0 0.0234375 0.48080133555926546 0.021484375 0.045075125208681135
0 0.0400390625 0.49248747913188645 0.021484375 0.045075125208681135
0 0.1494140625 0.4340567612687813 0.01953125 0.03171953255425709
0 0.14453125 0.42070116861435725 0.021484375 0.0333889816360601
0 0.1015625 0.44073455759599334 0.01953125 0.0333889816360601
0 0.048828125 0.4707846410684474 0.021484375 0.03171953255425709
0 0.0400390625 0.4323873121869783 0.01953125 0.03005008347245409
0 0.0556640625 0.41068447412353926 0.017578125 0.03171953255425709
0 0.09375 0.39232053422370616 0.0146484375 0.025041736227045076
0 0.0966796875 0.3672787979966611 0.015625 0.02337228714524207
0 0.03515625 0.3789649415692821 0.015625 0.025041736227045076
0 0.01171875 0.4257095158597663 0.0126953125 0.02671118530884808
0 0.197265625 0.4006677796327212 0.0146484375 0.03005008347245409
0 0.1611328125 0.33889816360601 0.0146484375 0.02671118530884808
0 0.1806640625 0.332220367278798 0.013671875 0.025041736227045076
0 0.2109375 0.335559265442404 0.013671875 0.01669449081803005
0 0.0537109375 0.35058430717863104 0.01171875 0.02003338898163606
0 0.0458984375 0.3606010016694491 0.01171875 0.021702838063439065
0 0.01953125 0.330550918196995 0.01171875 0.021702838063439065
0 0.1044921875 0.34891485809682804 0.01171875 0.021702838063439065
0 0.0927734375 0.332220367278798 0.0107421875 0.021702838063439065
0 0.02734375 0.32554257095158595 0.01171875 0.02003338898163606
0 0.015625 0.39232053422370616 0.0166015625 0.02671118530884808
0 0.2353515625 0.41903171953255425 0.017578125 0.038397328881469114
0 0.2861328125 0.39565943238731216 0.015625 0.0333889816360601
0 0.1728515625 0.38397328881469117 0.013671875 0.02337228714524207
0 0.1708984375 0.3639398998330551 0.0126953125 0.02003338898163606
0 0.158203125 0.31719532554257096 0.01171875 0.02337228714524207
0 0.2958984375 0.31552587646076796 0.0107421875 0.021702838063439065
0 0.3251953125 0.34724540901502504 0.013671875 0.025041736227045076
0 0.1435546875 0.3038397328881469 0.0107421875 0.02003338898163606
0 0.1513671875 0.38898163606010017 0.013671875 0.021702838063439065
0 0.2001953125 0.44741235392320533 0.017578125 0.03005008347245409
0 0.1708984375 0.28213689482470783 0.0087890625 0.01669449081803005
0 0.298828125 0.27378964941569284 0.0087890625 0.018363939899833055
0 0.240234375 0.2988313856427379 0.009765625 0.018363939899833055
0 0.4501953125 0.3071786310517529 0.0087890625 0.018363939899833055
0 0.4609375 0.2637729549248748 0.0087890625 0.01669449081803005
0 0.3994140625 0.27378964941569284 0.009765625 0.02003338898163606
0 0.5166015625 0.32554257095158595 0.0107421875 0.021702838063439065
0 0.5009765625 0.34223706176961605 0.009765625 0.02003338898163606
0 0.501953125 0.2587646076794658 0.0087890625 0.01669449081803005
0 0.458984375 0.2988313856427379 0.009765625 0.01669449081803005
0 0.4189453125 0.2687813021702838 0.0087890625 0.015025041736227046
0 0.4267578125 0.32387312186978295 0.0126953125 0.02671118530884808
0 0.4716796875 0.3038397328881469 0.0087890625 0.018363939899833055
0 0.4814453125 0.32387312186978295 0.009765625 0.015025041736227046
0 0.48828125 0.32220367278797996 0.0107421875 0.02003338898163606
0 0.501953125 0.2838063439065108 0.0107421875 0.025041736227045076
0 0.34765625 0.2637729549248748 0.0107421875 0.02003338898163606
0 0.951171875 0.32053422370617696 0.009765625 0.02337228714524207
0 0.9814453125 0.3789649415692821 0.0166015625 0.035058430717863104
0 0.9833984375 0.3572621035058431 0.013671875 0.028380634390651086
0 0.9951171875 0.3105175292153589 0.0087890625 0.021702838063439065
0 0.91796875 0.330550918196995 0.0107421875 0.018363939899833055
0 0.9365234375 0.3021702838063439 0.0107421875 0.018363939899833055
0 0.8115234375 0.27212020033388984 0.0078125 0.018363939899833055
0 0.74609375 0.27378964941569284 0.0087890625 0.01669449081803005
0 0.7978515625 0.31886477462437396 0.009765625 0.025041736227045076
0 0.69921875 0.3088480801335559 0.0087890625 0.01669449081803005
0 0.72265625 0.3005008347245409 0.009765625 0.01669449081803005
0 0.767578125 0.24373956594323873 0.0068359375 0.01335559265442404
0 0.775390625 0.3088480801335559 0.0087890625 0.018363939899833055
0 0.765625 0.2938230383973289 0.0107421875 0.021702838063439065
0 0.44140625 0.28046744574290483 0.009765625 0.02337228714524207
0 0.2978515625 0.34724540901502504 0.0126953125 0.02671118530884808
0 0.857421875 0.32220367278797996 0.01171875 0.02003338898163606
0 0.8896484375 0.25041736227045075 0.0068359375 0.01669449081803005
0 0.857421875 0.2988313856427379 0.0126953125 0.025041736227045076
0 0.9482421875 0.2587646076794658 0.0087890625 0.018363939899833055
0 0.9599609375 0.27212020033388984 0.009765625 0.018363939899833055
0 0.87890625 0.27712854757929883 0.0087890625 0.01669449081803005
0 0.8388671875 0.24373956594323873 0.0078125 0.015025041736227046
0 0.9482421875 0.2337228714524207 0.0048828125 0.01001669449081803
0 0.59765625 0.1669449081803005 0.009765625 0.01669449081803005
0 0.529296875 0.16026711185308848 0.009765625 0.018363939899833055
0 0.4404296875 0.1652754590984975 0.0068359375 0.015025041736227046
0 0.6298828125 0.15859766277128548 0.0078125 0.01335559265442404
0 0.6884765625 0.15859766277128548 0.0087890625 0.01669449081803005
0 0.95703125 0.3973288814691152 0.01953125 0.038397328881469114
0 0.9287109375 0.2687813021702838 0.0078125 0.015025041736227046
0 0.9140625 0.25041736227045075 0.005859375 0.01335559265442404
0 0.9365234375 0.22203672787979967 0.005859375 0.01335559265442404
0 0.2197265625 0.3005008347245409 0.0087890625 0.018363939899833055
0 0.2470703125 0.25041736227045075 0.0087890625 0.018363939899833055
0 0.93359375 0.7395659432387313 0.037109375 0.09515859766277128
0 0.6806640625 0.3772954924874791 0.015625 0.028380634390651086
0 0.6630859375 0.34223706176961605 0.0146484375 0.018363939899833055
0 0.65625 0.3739565943238731 0.013671875 0.028380634390651086
0 0.6357421875 0.27879799666110183 0.01171875 0.021702838063439065
0 0.7177734375 0.328881469115192 0.0126953125 0.02337228714524207
0 0.3525390625 0.32220367278797996 0.01171875 0.021702838063439065
0 0.400390625 0.34056761268781305 0.0126953125 0.025041736227045076
0 0.349609375 0.34056761268781305 0.0107421875 0.018363939899833055
0 0.3232421875 0.3038397328881469 0.009765625 0.018363939899833055
0 0.3056640625 0.3656093489148581 0.0126953125 0.02671118530884808
0 0.05078125 0.32220367278797996 0.0107421875 0.02003338898163606
0 0.06640625 0.32554257095158595 0.0107421875 0.021702838063439065
0 0.1142578125 0.38564273789649417 0.013671875 0.025041736227045076
0 0.0703125 0.4073455759599332 0.015625 0.02337228714524207
0 0.12109375 0.32387312186978295 0.0126953125 0.02337228714524207
0 0.13671875 0.38731218697829717 0.0146484375 0.028380634390651086
0 0.23046875 0.2604340567612688 0.0068359375 0.01335559265442404
0 0.0927734375 0.4674457429048414 0.0205078125 0.035058430717863104
0 0.189453125 0.4691151919866444 0.017578125 0.041736227045075125
0 0.078125 0.35392320534223703 0.0126953125 0.028380634390651086
0 0.283203125 0.31552587646076796 0.0078125 0.02337228714524207
0 0.203125 0.3656093489148581 0.0126953125 0.028380634390651086
0 0.275390625 0.41402337228714525 0.0185546875 0.0333889816360601
0 0.2685546875 0.332220367278798 0.0087890625 0.018363939899833055
0 0.4736328125 0.1669449081803005 0.009765625 0.015025041736227046
0 0.5595703125 0.17028380634390652 0.0078125 0.01335559265442404
0 0.7353515625 0.15025041736227046 0.0068359375 0.01669449081803005
0 0.458984375 0.38564273789649417 0.01953125 0.0333889816360601
0 0.7353515625 0.31886477462437396 0.01171875 0.021702838063439065
0 0.6552734375 0.41068447412353926 0.0146484375 0.021702838063439065
0 0.5712890625 0.3038397328881469 0.0087890625 0.018363939899833055
0 0.5458984375 0.2654424040066778 0.0078125 0.01669449081803005
0 0.3349609375 0.39232053422370616 0.015625 0.025041736227045076
0 0.1318359375 0.3555926544240401 0.01171875 0.02337228714524207
0 0.3857421875 0.4073455759599332 0.0185546875 0.035058430717863104
0 0.0078125 0.5459098497495827 0.0166015625 0.05676126878130217