0 0.1103515625 0.10479041916167664 0.005859375 0.014970059880239521
0 0.14453125 0.10029940119760479 0.005859375 0.010479041916167664
0 0.1591796875 0.10479041916167664 0.0068359375 0.01347305389221557
0 0.123046875 0.1092814371257485 0.0068359375 0.011976047904191617
0 0.0751953125 0.09880239520958084 0.0068359375 0.01347305389221557
0 0.177734375 0.09880239520958084 0.005859375 0.008982035928143712
0 0.19921875 0.11526946107784432 0.005859375 0.011976047904191617
0 0.23046875 0.10329341317365269 0.0068359375 0.014970059880239521
0 0.2119140625 0.09880239520958084 0.0048828125 0.010479041916167664
0 0.240234375 0.10179640718562874 0.005859375 0.01347305389221557
0 0.2802734375 0.10029940119760479 0.005859375 0.011976047904191617
0 0.2548828125 0.10029940119760479 0.0068359375 0.011976047904191617
0 0.2919921875 0.09281437125748503 0.005859375 0.011976047904191617
0 0.314453125 0.08832335329341318 0.005859375 0.010479041916167664
0 0.3349609375 0.09131736526946108 0.0068359375 0.008982035928143712
0 0.349609375 0.09131736526946108 0.0048828125 0.008982035928143712
0 0.3740234375 0.08982035928143713 0.005859375 0.010479041916167664
0 0.3935546875 0.08682634730538923 0.0048828125 0.008982035928143712
0 0.4091796875 0.08682634730538923 0.005859375 0.010479041916167664
0 0.4609375 0.09131736526946108 0.005859375 0.008982035928143712
0 0.4912109375 0.08532934131736528 0.0068359375 0.014970059880239521
0 0.5185546875 0.09131736526946108 0.005859375 0.008982035928143712
0 0.53125 0.08233532934131736 0.0068359375 0.011976047904191617
0 0.5517578125 0.09281437125748503 0.005859375 0.011976047904191617
0 0.5791015625 0.08682634730538923 0.005859375 0.010479041916167664
0 0.5966796875 0.0688622754491018 0.009765625 0.017964071856287425
0 0.6484375 0.08532934131736528 0.0087890625 0.020958083832335328
0 0.6630859375 0.09281437125748503 0.005859375 0.011976047904191617
0 0.67578125 0.09281437125748503 0.0048828125 0.008982035928143712
0 0.701171875 0.08682634730538923 0.01171875 0.02245508982035928
0 0.712890625 0.08532934131736528 0.01171875 0.020958083832335328
0 0.7412109375 0.061377245508982034 0.01171875 0.02245508982035928
0 0.7783203125 0.09131736526946108 0.005859375 0.01347305389221557
0 0.7958984375 0.09730538922155689 0.0087890625 0.01347305389221557
0 0.80859375 0.08233532934131736 0.0078125 0.016467065868263474
0 0.8232421875 0.09131736526946108 0.009765625 0.019461077844311378
0 0.82421875 0.025449101796407185 0.0087890625 0.014970059880239521
0 0.8427734375 0.09431137724550898 0.0126953125 0.017964071856287425
0 0.869140625 0.0748502994011976 0.015625 0.02245508982035928
0 0.8896484375 0.09431137724550898 0.01171875 0.020958083832335328
0 0.927734375 0.08383233532934131 0.01171875 0.020958083832335328
0 0.9619140625 0.07634730538922156 0.0126953125 0.025449101796407185