0 0.0673828125 0.323943661971831 0.0322265625 0.056338028169014086
0 0.1279296875 0.35492957746478876 0.0302734375 0.056338028169014086
0 0.181640625 0.33661971830985915 0.0283203125 0.05070422535211268
0 0.234375 0.35070422535211265 0.025390625 0.04929577464788732
0 0.2666015625 0.3211267605633803 0.0263671875 0.061971830985915494
0 0.3134765625 0.3352112676056338 0.025390625 0.04929577464788732
0 0.3515625 0.3408450704225352 0.0244140625 0.04647887323943662
0 0.37890625 0.3323943661971831 0.0244140625 0.04788732394366197
0 0.4130859375 0.33098591549295775 0.029296875 0.0647887323943662
0 0.7900390625 0.38591549295774646 0.025390625 0.04366197183098591
0 0.8037109375 0.34225352112676055 0.0234375 0.04647887323943662
0 0.4345703125 0.34788732394366195 0.0234375 0.04647887323943662
0 0.8349609375 0.3352112676056338 0.033203125 0.059154929577464786
0 0.9111328125 0.37464788732394366 0.029296875 0.05070422535211268
0 0.857421875 0.35774647887323946 0.021484375 0.036619718309859155
0 0.45703125 0.3084507042253521 0.0224609375 0.04788732394366197
0 0.486328125 0.33380281690140845 0.02734375 0.054929577464788736
0 0.5048828125 0.33661971830985915 0.0185546875 0.04084507042253521
0 0.544921875 0.31971830985915495 0.025390625 0.04788732394366197
0 0.5732421875 0.33098591549295775 0.0244140625 0.04225352112676056
0 0.5859375 0.3647887323943662 0.025390625 0.05070422535211268
0 0.6162109375 0.34225352112676055 0.025390625 0.05070422535211268
0 0.638671875 0.35352112676056335 0.0205078125 0.035211267605633804
0 0.6708984375 0.35352112676056335 0.02734375 0.05070422535211268
0 0.703125 0.352112676056338 0.02734375 0.04788732394366197
0 0.7255859375 0.3408450704225352 0.0185546875 0.036619718309859155
0 0.720703125 0.37464788732394366 0.017578125 0.04225352112676056
0 0.744140625 0.38591549295774646 0.025390625 0.05070422535211268
0 0.767578125 0.35352112676056335 0.025390625 0.04647887323943662