0 0.9521484375 0.737410071942446 0.0224609375 0.048561151079136694
0 0.9892578125 0.6546762589928058 0.0185546875 0.052158273381294966
0 0.9755859375 0.5935251798561151 0.0224609375 0.052158273381294966
0 0.9609375 0.5305755395683454 0.01953125 0.044964028776978415
0 0.99609375 0.4658273381294964 0.0068359375 0.048561151079136694
0 0.9404296875 0.4766187050359712 0.01953125 0.046762589928057555
0 0.869140625 0.7517985611510791 0.0224609375 0.0539568345323741
0 0.900390625 0.6618705035971223 0.0224609375 0.0539568345323741
0 0.9013671875 0.6079136690647482 0.0234375 0.046762589928057555
0 0.87890625 0.5233812949640287 0.0234375 0.0539568345323741
0 0.8662109375 0.5017985611510791 0.0205078125 0.044964028776978415
0 0.884765625 0.4244604316546763 0.021484375 0.050359712230215826
0 0.8427734375 0.6726618705035972 0.0234375 0.046762589928057555
0 0.7919921875 0.7230215827338129 0.0244140625 0.046762589928057555
0 0.771484375 0.6600719424460432 0.0244140625 0.05575539568345324
0 0.8212890625 0.6079136690647482 0.025390625 0.044964028776978415
0 0.7978515625 0.5287769784172662 0.0205078125 0.052158273381294966
0 0.802734375 0.4910071942446043 0.0185546875 0.04136690647482014
0 0.7900390625 0.4370503597122302 0.0224609375 0.050359712230215826
0 0.7705078125 0.3902877697841727 0.0224609375 0.046762589928057555
0 0.7275390625 0.6888489208633094 0.025390625 0.052158273381294966
0 0.7509765625 0.5863309352517986 0.021484375 0.050359712230215826
0 0.6953125 0.6312949640287769 0.025390625 0.05755395683453238
0 0.72265625 0.5629496402877698 0.021484375 0.04136690647482014
0 0.7421875 0.5215827338129496 0.01953125 0.050359712230215826
0 0.73046875 0.46402877697841727 0.01953125 0.04136690647482014
0 0.673828125 0.552158273381295 0.0224609375 0.0539568345323741
0 0.6337890625 0.7194244604316546 0.0244140625 0.050359712230215826
0 0.6162109375 0.6079136690647482 0.0244140625 0.05755395683453238
0 0.64453125 0.539568345323741 0.021484375 0.044964028776978415
0 0.6728515625 0.4982014388489209 0.0234375 0.044964028776978415
0 0.6552734375 0.38848920863309355 0.0205078125 0.05755395683453238
0 0.634765625 0.3902877697841727 0.0224609375 0.046762589928057555
0 0.9794921875 0.33093525179856115 0.0205078125 0.048561151079136694
0 0.9072265625 0.35431654676258995 0.01953125 0.048561151079136694
0 0.8876953125 0.3579136690647482 0.01953125 0.04316546762589928
0 0.8173828125 0.3489208633093525 0.0224609375 0.03776978417266187
0 0.7080078125 0.3597122302158273 0.0205078125 0.048561151079136694
0 0.7509765625 0.3435251798561151 0.01953125 0.04316546762589928
0 0.59765625 0.5575539568345323 0.0234375 0.0539568345323741
0 0.6015625 0.48201438848920863 0.021484375 0.02877697841726619
0 0.5498046875 0.7679856115107914 0.0205078125 0.048561151079136694
0 0.51171875 0.7859712230215827 0.0361328125 0.08992805755395683
0 0.529296875 0.6294964028776978 0.0234375 0.05575539568345324
0 0.544921875 0.6294964028776978 0.013671875 0.044964028776978415
0 0.56640625 0.539568345323741 0.021484375 0.050359712230215826
0 0.5341796875 0.5053956834532374 0.021484375 0.048561151079136694
0 0.5791015625 0.4136690647482014 0.021484375 0.046762589928057555
0 0.5673828125 0.38489208633093525 0.0205078125 0.039568345323741004
0 0.5234375 0.4010791366906475 0.021484375 0.046762589928057555
0 0.4658203125 0.7661870503597122 0.021484375 0.048561151079136694
0 0.396484375 0.75 0.021484375 0.052158273381294966
0 0.447265625 0.6438848920863309 0.025390625 0.05935251798561151
0 0.453125 0.5665467625899281 0.0234375 0.052158273381294966
0 0.4814453125 0.4910071942446043 0.0244140625 0.052158273381294966
0 0.458984375 0.4748201438848921 0.0205078125 0.0539568345323741
0 0.447265625 0.420863309352518 0.0205078125 0.048561151079136694
0 0.3837890625 0.6654676258992805 0.01953125 0.050359712230215826
0 0.39453125 0.5305755395683454 0.0185546875 0.052158273381294966
0 0.361328125 0.5539568345323741 0.0224609375 0.06115107913669065
0 0.3955078125 0.4712230215827338 0.021484375 0.050359712230215826
0 0.3828125 0.3830935251798561 0.0205078125 0.052158273381294966
0 0.3427734375 0.3723021582733813 0.0205078125 0.04316546762589928
0 0.310546875 0.7284172661870504 0.0234375 0.048561151079136694
0 0.318359375 0.6672661870503597 0.0234375 0.0539568345323741
0 0.3154296875 0.5341726618705036 0.0234375 0.048561151079136694
0 0.265625 0.5593525179856115 0.0224609375 0.048561151079136694
0 0.3193359375 0.48201438848920863 0.021484375 0.04316546762589928
0 0.31640625 0.4118705035971223 0.021484375 0.048561151079136694
0 0.234375 0.7068345323741008 0.0263671875 0.06115107913669065
0 0.2490234375 0.6924460431654677 0.01953125 0.046762589928057555
0 0.234375 0.5539568345323741 0.0224609375 0.05755395683453238
0 0.24609375 0.4802158273381295 0.0234375 0.052158273381294966
0 0.25390625 0.4460431654676259 0.021484375 0.039568345323741004
0 0.2568359375 0.3723021582733813 0.021484375 0.044964028776978415
0 0.19140625 0.37949640287769787 0.0244140625 0.046762589928057555
0 0.17578125 0.4064748201438849 0.021484375 0.04136690647482014
0 0.173828125 0.4550359712230216 0.0244140625 0.052158273381294966
0 0.1630859375 0.5539568345323741 0.0205078125 0.044964028776978415
0 0.1806640625 0.6169064748201439 0.021484375 0.046762589928057555
0 0.1689453125 0.6798561151079137 0.0224609375 0.050359712230215826
0 0.1591796875 0.762589928057554 0.0234375 0.05575539568345324
0 0.076171875 0.6996402877697842 0.0224609375 0.05935251798561151
0 0.0888671875 0.670863309352518 0.0234375 0.05935251798561151
0 0.1103515625 0.5683453237410072 0.0234375 0.0539568345323741
0 0.1044921875 0.5305755395683454 0.0224609375 0.046762589928057555
0 0.111328125 0.41906474820143885 0.021484375 0.050359712230215826
0 0.1220703125 0.37410071942446044 0.0205078125 0.04136690647482014
0 0.0087890625 0.64568345323741 0.015625 0.052158273381294966
0 0.01953125 0.5377697841726619 0.0234375 0.0539568345323741
0 0.0302734375 0.46402877697841727 0.0234375 0.0539568345323741
0 0.037109375 0.4244604316546763 0.01953125 0.03776978417266187
0 0.0478515625 0.3579136690647482 0.0224609375 0.039568345323741004