0 0.1318359375 0.4147627416520211 0.015625 0.040421792618629174
0 0.1669921875 0.4077328646748682 0.0185546875 0.04569420035149385
0 0.2587890625 0.4077328646748682 0.0185546875 0.05272407732864675
0 0.28515625 0.4165202108963093 0.0166015625 0.04745166959578207
0 0.810546875 0.39718804920913886 0.0322265625 0.06502636203866433
0 0.7333984375 0.36731107205623903 0.0302734375 0.061511423550087874
0 0.666015625 0.39718804920913886 0.0283203125 0.0492091388400703
0 0.63671875 0.3655536028119508 0.02734375 0.05975395430579965
0 0.5615234375 0.40597539543058 0.0283203125 0.061511423550087874
0 0.568359375 0.3374340949033392 0.0263671875 0.056239015817223195
0 0.50390625 0.4007029876977153 0.0322265625 0.0632688927943761
0 0.46875 0.3427065026362039 0.02734375 0.05975395430579965
0 0.4091796875 0.37258347978910367 0.0263671875 0.054481546572934976
0 0.3408203125 0.37785588752196836 0.0283203125 0.061511423550087874