0 0.9609375 0.07153284671532846 0.025390625 0.06715328467153285
0 0.2099609375 0.3021897810218978 0.044921875 0.07445255474452554
0 0.6328125 0.21605839416058395 0.041015625 0.10218978102189781
0 0.6435546875 0.05547445255474453 0.009765625 0.035036496350364967
0 0.48828125 0.0948905109489051 0.0205078125 0.040875912408759124
0 0.568359375 0.10802919708029197 0.0107421875 0.027737226277372264
0 0.701171875 0.14744525547445256 0.0283203125 0.05401459854014599
0 0.818359375 0.07591240875912408 0.01953125 0.049635036496350364
0 0.7509765625 0.024817518248175182 0.01171875 0.027737226277372264
0 0.90625 0.021897810218978103 0.015625 0.042335766423357665
0 0.68359375 0.024817518248175182 0.0107421875 0.024817518248175182
0 0.3759765625 0.24233576642335766 0.0400390625 0.07153284671532846
0 0.4423828125 0.3007299270072993 0.1220703125 0.22043795620437956
0 0.1748046875 0.3927007299270073 0.0390625 0.10510948905109489
0 0.0595703125 0.26423357664233577 0.0244140625 0.043795620437956206
0 0.1767578125 0.19854014598540146 0.0205078125 0.049635036496350364
0 0.25 0.20145985401459854 0.0224609375 0.05547445255474453
0 0.7783203125 0.0364963503649635 0.017578125 0.03941605839416058