0 0.5732421875 0.3784135240572172 0.0322265625 0.0611183355006502
0 0.1240234375 0.21326397919375814 0.01953125 0.033810143042912875
0 0.0263671875 0.21456436931079323 0.0087890625 0.02080624187256177
0 0.0537109375 0.18855656697009102 0.015625 0.02340702210663199
0 0.0546875 0.3094928478543563 0.0185546875 0.033810143042912875
0 0.0966796875 0.3094928478543563 0.0205078125 0.031209362808842653
0 0.150390625 0.3107932379713914 0.0244140625 0.0377113133940182
0 0.154296875 0.3732119635890767 0.0263671875 0.031209362808842653
0 0.2373046875 0.36540962288686607 0.021484375 0.035110533159947985
0 0.1455078125 0.20156046814044212 0.0166015625 0.02860858257477243
0 0.2119140625 0.21196358907672302 0.0126953125 0.02860858257477243
0 0.271484375 0.2067620286085826 0.0234375 0.035110533159947985
0 0.318359375 0.21326397919375814 0.0146484375 0.02990897269180754
0 0.33984375 0.2223667100130039 0.0185546875 0.02860858257477243
0 0.2470703125 0.21326397919375814 0.005859375 0.011703511053315995
0 0.2236328125 0.24967490247074123 0.0087890625 0.010403120936280884
0 0.0341796875 0.3328998699609883 0.0263671875 0.04031209362808843
0 0.3583984375 0.2067620286085826 0.015625 0.0247074122236671
0 0.3896484375 0.21586475942782835 0.0166015625 0.02860858257477243
0 0.482421875 0.17945383615084526 0.0322265625 0.05981794538361508
0 0.5869140625 0.20156046814044212 0.0224609375 0.031209362808842653
0 0.603515625 0.2444733420026008 0.0234375 0.036410923276983094
0 0.6376953125 0.25487646293888166 0.0224609375 0.0247074122236671
0 0.6533203125 0.19505851755526657 0.0107421875 0.031209362808842653
0 0.69140625 0.2093628088426528 0.0107421875 0.031209362808842653
0 0.4384765625 0.21456436931079323 0.0068359375 0.01950585175552666
0 0.755859375 0.27828348504551365 0.0146484375 0.022106631989596878
0 0.828125 0.258777633289987 0.0361328125 0.05851755526657997
0 0.9228515625 0.20806241872561768 0.033203125 0.05981794538361508