0 0.77734375 0.8192219679633868 0.0068359375 0.013729977116704805
0 0.7412109375 0.8146453089244852 0.005859375 0.020594965675057208
0 0.7421875 0.7597254004576659 0.00390625 0.018306636155606407
0 0.6953125 0.540045766590389 0.0341796875 0.16704805491990846
0 0.6474609375 0.5652173913043478 0.03515625 0.08695652173913043
0 0.5419921875 0.47368421052631576 0.03125 0.06407322654462243
0 0.4365234375 0.5354691075514875 0.03125 0.09382151029748284
0 0.1962890625 0.6910755148741419 0.0087890625 0.02745995423340961
0 0.298828125 0.6910755148741419 0.0087890625 0.020594965675057208
0 0.3603515625 0.7345537757437071 0.0107421875 0.032036613272311214
0 0.23046875 0.7208237986270023 0.005859375 0.020594965675057208
0 0.2724609375 0.6910755148741419 0.0048828125 0.016018306636155607
0 0.2626953125 0.7025171624713958 0.00390625 0.020594965675057208
0 0.056640625 0.7345537757437071 0.0126953125 0.029748283752860413
0 0.08203125 0.7391304347826086 0.0107421875 0.038901601830663615
0 0.125 0.6727688787185355 0.005859375 0.011441647597254004
0 0.0361328125 0.6887871853546911 0.0048828125 0.013729977116704805
0 0.0771484375 0.6773455377574371 0.0029296875 0.013729977116704805