0 0.1171875 0.5455882352941176 0.0302734375 0.07794117647058824
0 0.2041015625 0.4411764705882353 0.01953125 0.051470588235294115
0 0.3125 0.3058823529411765 0.0234375 0.09705882352941177
0 0.32421875 0.4117647058823529 0.01171875 0.03823529411764706
0 0.3623046875 0.5 0.0361328125 0.06323529411764706
0 0.5673828125 0.48676470588235293 0.0439453125 0.08529411764705883
0 0.50390625 0.36911764705882355 0.0224609375 0.04411764705882353
0 0.5517578125 0.3926470588235294 0.0166015625 0.030882352941176472
0 0.740234375 0.5955882352941176 0.0576171875 0.08970588235294118
0 0.9716796875 0.4308823529411765 0.033203125 0.057352941176470586
0 0.9482421875 0.3779411764705882 0.0185546875 0.033823529411764704
0 0.9345703125 0.3338235294117647 0.0146484375 0.027941176470588237
0 0.8134765625 0.3602941176470588 0.0146484375 0.033823529411764704
0 0.7412109375 0.3338235294117647 0.0205078125 0.039705882352941174