0 0.048828125 0.8995633187772926 0.09375 0.07423580786026202
0 0.0302734375 0.653566229985444 0.0615234375 0.08005822416302766
0 0.0224609375 0.45269286754002913 0.044921875 0.06259097525473072
0 0.248046875 0.9082969432314411 0.08203125 0.06404657933042213
0 0.1904296875 0.6710334788937409 0.064453125 0.07714701601164484
0 0.140625 0.45269286754002913 0.05859375 0.08005822416302766
0 0.109375 0.28966521106259097 0.05859375 0.050946142649199416
0 0.201171875 0.16302765647743814 0.046875 0.056768558951965066
0 0.2470703125 0.29985443959243085 0.0517578125 0.06550218340611354
0 0.3740234375 0.3158660844250364 0.0517578125 0.06695778748180495
0 0.31640625 0.1848617176128093 0.0458984375 0.07714701601164484
0 0.50390625 0.05822416302765648 0.041015625 0.07423580786026202
0 0.39453125 0.06841339155749636 0.044921875 0.07860262008733625
0 0.2763671875 0.06404657933042213 0.041015625 0.06695778748180495
0 0.615234375 0.06841339155749636 0.0400390625 0.0611353711790393
0 0.7255859375 0.06404657933042213 0.03515625 0.05967976710334789
0 0.8134765625 0.16302765647743814 0.048828125 0.06259097525473072
0 0.6875 0.16885007278020378 0.0458984375 0.048034934497816595
0 0.5693359375 0.16739446870451238 0.044921875 0.05967976710334789
0 0.646484375 0.29112081513828236 0.0556640625 0.06841339155749636
0 0.943359375 0.15429403202328967 0.0498046875 0.049490538573508006
0 0.9228515625 0.28966521106259097 0.0537109375 0.06259097525473072
0 0.7880859375 0.31149927219796214 0.0556640625 0.06550218340611354
0 0.5185546875 0.29694323144104806 0.0458984375 0.05967976710334789
0 0.4501953125 0.1703056768558952 0.0458984375 0.07569141193595343
0 0.8935546875 0.4395924308588064 0.0517578125 0.06841339155749636
0 0.8662109375 0.6550218340611353 0.06640625 0.06695778748180495
0 0.70703125 0.6462882096069869 0.0625 0.06404657933042213
0 0.7470703125 0.4556040756914119 0.05859375 0.06695778748180495
0 0.59765625 0.4483260553129549 0.05859375 0.0611353711790393
0 0.5322265625 0.6564774381368268 0.0654296875 0.07132459970887918
0 0.44921875 0.4512372634643377 0.0537109375 0.056768558951965066
0 0.30078125 0.4672489082969432 0.0595703125 0.07714701601164484
0 0.36328125 0.6652110625909753 0.068359375 0.07569141193595343
0 0.818359375 0.9112081513828238 0.0712890625 0.055312954876273655
0 0.6337890625 0.9374090247452693 0.0654296875 0.05967976710334789
0 0.44921875 0.9112081513828238 0.0810546875 0.06695778748180495