0 0.0517578125 0.18509615384615385 0.044921875 0.08173076923076923
0 0.2734375 0.2091346153846154 0.0380859375 0.06971153846153846
0 0.240234375 0.2439903846153846 0.021484375 0.04807692307692308
0 0.314453125 0.22235576923076922 0.0185546875 0.04927884615384615
0 0.33984375 0.21995192307692307 0.0283203125 0.04807692307692308
0 0.3740234375 0.2439903846153846 0.0283203125 0.04927884615384615
0 0.4365234375 0.19591346153846154 0.0390625 0.06850961538461539
0 0.484375 0.21634615384615385 0.0322265625 0.054086538461538464
0 0.46484375 0.17668269230769232 0.021484375 0.06370192307692307
0 0.5537109375 0.20432692307692307 0.044921875 0.08052884615384616
0 0.5947265625 0.16466346153846154 0.03515625 0.06490384615384616
0 0.7666015625 0.0889423076923077 0.0556640625 0.11057692307692307
0 0.9033203125 0.17427884615384615 0.0380859375 0.06370192307692307