0 0.4912109375 0.06076388888888889 0.0283203125 0.08333333333333333
0 0.568359375 0.04861111111111111 0.01953125 0.057291666666666664
0 0.6328125 0.10243055555555555 0.0244140625 0.07465277777777778
0 0.595703125 0.21875 0.0302734375 0.0763888888888889
0 0.70703125 0.203125 0.0244140625 0.0625
0 0.73828125 0.11284722222222222 0.0244140625 0.08333333333333333
0 0.76171875 0.029513888888888888 0.0224609375 0.043402777777777776
0 0.810546875 0.2152777777777778 0.02734375 0.0798611111111111
0 0.8681640625 0.13194444444444445 0.025390625 0.08333333333333333
0 0.9482421875 0.14930555555555555 0.0234375 0.06770833333333333
0 0.9345703125 0.2534722222222222 0.03125 0.050347222222222224
0 0.18359375 0.171875 0.111328125 0.13194444444444445
0 0.23046875 0.036458333333333336 0.0400390625 0.07118055555555555
0 0.0888671875 0.07118055555555555 0.0263671875 0.057291666666666664
0 0.0517578125 0.1545138888888889 0.0302734375 0.07465277777777778
0 0.498046875 0.21354166666666666 0.0234375 0.059027777777777776