0 0.107421875 0.4143484626647145 0.0224609375 0.048316251830161056
0 0.130859375 0.39970717423133234 0.01171875 0.027818448023426062
0 0.1513671875 0.4289897510980966 0.0146484375 0.024890190336749635
0 0.205078125 0.4055636896046852 0.015625 0.021961932650073207
0 0.20703125 0.4465592972181552 0.013671875 0.032210834553440704
0 0.1904296875 0.4743777452415813 0.015625 0.03367496339677892
0 0.2578125 0.4480234260614934 0.015625 0.032210834553440704
0 0.2802734375 0.4377745241581259 0.0146484375 0.024890190336749635
0 0.30078125 0.4538799414348463 0.0166015625 0.02635431918008785
0 0.3369140625 0.43045387994143486 0.0166015625 0.032210834553440704
0 0.3681640625 0.4289897510980966 0.021484375 0.04685212298682284
0 0.42578125 0.4333821376281113 0.015625 0.03367496339677892
0 0.482421875 0.4787701317715959 0.0205078125 0.029282576866764276
0 0.5576171875 0.4363103953147877 0.0166015625 0.029282576866764276
0 0.5322265625 0.4480234260614934 0.0185546875 0.02635431918008785
0 0.509765625 0.42020497803806733 0.0126953125 0.027818448023426062
0 0.6044921875 0.4480234260614934 0.0244140625 0.027818448023426062
0 0.240234375 0.4216691068814056 0.0126953125 0.029282576866764276
0 0.166015625 0.4158125915080527 0.01171875 0.017569546120058566
0 0.7109375 0.48755490483162517 0.0302734375 0.06881405563689605
0 0.7607421875 0.43045387994143486 0.0166015625 0.03367496339677892
0 0.806640625 0.5051244509516838 0.029296875 0.05710102489019034
0 0.9130859375 0.42752562225475843 0.0283203125 0.06588579795021962
0 0.0087890625 0.4216691068814056 0.013671875 0.02635431918008785
0 0.05859375 0.42752562225475843 0.01171875 0.024890190336749635