0 0.0703125 0.541015625 0.0244140625 0.021484375
0 0.1474609375 0.55078125 0.01953125 0.021484375
0 0.1923828125 0.576171875 0.052734375 0.0556640625
0 0.2373046875 0.408203125 0.037109375 0.0419921875
0 0.3017578125 0.515625 0.013671875 0.0205078125
0 0.4150390625 0.4248046875 0.0341796875 0.046875
0 0.3193359375 0.6806640625 0.0439453125 0.0576171875
0 0.3740234375 0.62890625 0.041015625 0.0576171875
0 0.4375 0.650390625 0.0439453125 0.046875
0 0.576171875 0.6572265625 0.046875 0.05859375
0 0.498046875 0.5419921875 0.0419921875 0.0517578125
0 0.5478515625 0.5068359375 0.0458984375 0.0419921875
0 0.609375 0.4951171875 0.0380859375 0.04296875
0 0.6943359375 0.4609375 0.044921875 0.0478515625
0 0.7724609375 0.65625 0.0439453125 0.046875
0 0.7734375 0.5888671875 0.0439453125 0.0546875
0 0.96875 0.5751953125 0.0126953125 0.015625
0 0.939453125 0.56640625 0.01171875 0.01953125
0 0.005859375 0.5400390625 0.0126953125 0.0205078125