0 0.044921875 0.21223958333333334 0.0234375 0.040364583333333336
0 0.0302734375 0.3072916666666667 0.02734375 0.046875
0 0.1474609375 0.1015625 0.0224609375 0.0390625
0 0.21875 0.09895833333333333 0.021484375 0.022135416666666668
0 0.193359375 0.13541666666666666 0.0166015625 0.03515625
0 0.2783203125 0.12369791666666667 0.0185546875 0.036458333333333336
0 0.359375 0.109375 0.01953125 0.033854166666666664
0 0.4248046875 0.10286458333333333 0.0234375 0.029947916666666668
0 0.388671875 0.09505208333333333 0.017578125 0.032552083333333336
0 0.4501953125 0.08723958333333333 0.015625 0.020833333333333332
0 0.4697265625 0.0625 0.0166015625 0.036458333333333336
0 0.529296875 0.08463541666666667 0.0166015625 0.03515625
0 0.57421875 0.10026041666666667 0.0185546875 0.028645833333333332
0 0.669921875 0.07942708333333333 0.0166015625 0.02734375
0 0.837890625 0.11067708333333333 0.021484375 0.036458333333333336
0 0.9306640625 0.3372395833333333 0.025390625 0.046875
0 0.724609375 0.3502604166666667 0.0263671875 0.03515625
0 0.748046875 0.3450520833333333 0.01953125 0.055989583333333336
0 0.671875 0.3411458333333333 0.0322265625 0.0546875
0 0.5556640625 0.3684895833333333 0.02734375 0.048177083333333336
0 0.56640625 0.3424479166666667 0.02734375 0.055989583333333336
0 0.4697265625 0.3528645833333333 0.02734375 0.052083333333333336
0 0.412109375 0.33984375 0.0283203125 0.05078125
0 0.3740234375 0.3645833333333333 0.02734375 0.055989583333333336
0 0.3564453125 0.3411458333333333 0.025390625 0.046875
0 0.3046875 0.3372395833333333 0.0302734375 0.052083333333333336
0 0.232421875 0.3372395833333333 0.0244140625 0.052083333333333336
0 0.19140625 0.3333333333333333 0.029296875 0.057291666666666664
0 0.1357421875 0.3059895833333333 0.03125 0.053385416666666664
0 0.7490234375 0.08333333333333333 0.0224609375 0.04296875
0 0.8974609375 0.11197916666666667 0.021484375 0.036458333333333336
0 0.4638671875 0.1015625 0.013671875 0.024739583333333332
0 0.0126953125 0.10026041666666667 0.01953125 0.032552083333333336