0 0.1279296875 0.22643818849449204 0.046875 0.08812729498164015
0 0.23046875 0.2962056303549572 0.05078125 0.0795593635250918
0 0.2880859375 0.23745410036719705 0.0458984375 0.08200734394124846
0 0.3857421875 0.21664626682986537 0.044921875 0.07099143206854346
0 0.3896484375 0.3574051407588739 0.041015625 0.06976744186046512
0 0.5087890625 0.20195838433292534 0.044921875 0.06976744186046512
0 0.541015625 0.34394124847001223 0.04296875 0.07588739290085679
0 0.603515625 0.18482252141982863 0.044921875 0.07343941248470012
0 0.69921875 0.18482252141982863 0.04296875 0.06731946144430845
0 0.7236328125 0.36107711138310894 0.041015625 0.07588739290085679
0 0.82421875 0.19583843329253367 0.0439453125 0.07711138310893513