0 0.2490234375 0.27845884413309985 0.0322265625 0.07530647985989491
0 0.6455078125 0.5166374781085814 0.0361328125 0.07705779334500876
0 0.8115234375 0.4273204903677758 0.03125 0.0840630472854641
0 0.92578125 0.138353765323993 0.0185546875 0.040280210157618214
0 0.4619140625 0.11033274956217162 0.0205078125 0.047285464098073555
0 0.529296875 0.06129597197898424 0.017578125 0.040280210157618214
0 0.40234375 0.06129597197898424 0.021484375 0.04553415061295972
0 0.3466796875 0.05779334500875657 0.0224609375 0.04203152364273205
0 0.19921875 0.15586690017513136 0.021484375 0.04553415061295972
0 0.078125 0.021015761821366025 0.015625 0.03677758318739054
0 0.4365234375 0.028021015761821366 0.0166015625 0.03677758318739054
0 0.330078125 0.028021015761821366 0.015625 0.03502626970227671