0 0.10546875 0.08333333333333333 0.0263671875 0.045572916666666664
0 0.2421875 0.22135416666666666 0.0078125 0.013020833333333334
0 0.3076171875 0.07552083333333333 0.0302734375 0.036458333333333336
0 0.775390625 0.4309895833333333 0.02734375 0.052083333333333336
0 0.3671875 0.5104166666666666 0.0341796875 0.053385416666666664
0 0.1953125 0.5625 0.03125 0.048177083333333336
0 0.056640625 0.921875 0.015625 0.03125
0 0.2880859375 0.7213541666666666 0.0185546875 0.026041666666666668
0 0.3017578125 0.72265625 0.01171875 0.024739583333333332
0 0.361328125 0.85546875 0.009765625 0.014322916666666666
0 0.3857421875 0.8606770833333334 0.0068359375 0.010416666666666666
0 0.3330078125 0.8528645833333334 0.0078125 0.01171875
0 0.30859375 0.8515625 0.0087890625 0.014322916666666666
0 0.2861328125 0.8489583333333334 0.0078125 0.010416666666666666
0 0.2568359375 0.8489583333333334 0.0087890625 0.015625
0 0.234375 0.84765625 0.0078125 0.014322916666666666
0 0.2177734375 0.8528645833333334 0.0078125 0.013020833333333334
0 0.19921875 0.8528645833333334 0.0087890625 0.013020833333333334
0 0.1796875 0.8567708333333334 0.0078125 0.010416666666666666
0 0.1904296875 0.90234375 0.005859375 0.01171875
0 0.212890625 0.90234375 0.0068359375 0.01171875
0 0.2431640625 0.90234375 0.0078125 0.013020833333333334
0 0.30078125 0.8880208333333334 0.0087890625 0.014322916666666666
0 0.3271484375 0.890625 0.0078125 0.014322916666666666
0 0.3515625 0.89453125 0.0078125 0.013020833333333334
0 0.373046875 0.8971354166666666 0.0078125 0.01171875
0 0.3974609375 0.8984375 0.005859375 0.010416666666666666
0 0.2685546875 0.8958333333333334 0.0078125 0.014322916666666666
0 0.5693359375 0.9322916666666666 0.0244140625 0.041666666666666664
0 0.69921875 0.91796875 0.01953125 0.041666666666666664
0 0.9091796875 0.8645833333333334 0.0126953125 0.026041666666666668
0 0.0615234375 0.609375 0.0234375 0.033854166666666664