0 0.1923828125 0.19765739385065886 0.029296875 0.040995607613469986
0 0.28125 0.18887262079062958 0.025390625 0.0424597364568082
0 0.37109375 0.19472913616398244 0.0244140625 0.043923865300146414
0 0.453125 0.1903367496339678 0.0263671875 0.048316251830161056
0 0.5400390625 0.1903367496339678 0.0224609375 0.03953147877013177
0 0.6279296875 0.19912152269399708 0.0263671875 0.043923865300146414
0 0.123046875 0.30307467057101023 0.0263671875 0.04685212298682284
0 0.2197265625 0.2840409956076135 0.025390625 0.040995607613469986
0 0.30859375 0.28550512445095166 0.0244140625 0.04685212298682284
0 0.400390625 0.27379209370424595 0.0244140625 0.04685212298682284
0 0.4990234375 0.28257686676427524 0.02734375 0.043923865300146414
0 0.59765625 0.27232796486090777 0.0244140625 0.03953147877013177
0 0.1552734375 0.45241581259150804 0.029296875 0.04685212298682284
0 0.2744140625 0.4582723279648609 0.02734375 0.048316251830161056
0 0.3828125 0.4494875549048316 0.029296875 0.04538799414348463
0 0.4970703125 0.4480234260614934 0.0263671875 0.04978038067349927
0 0.6103515625 0.44363103953147875 0.025390625 0.04978038067349927
0 0.0986328125 0.5856515373352855 0.033203125 0.04978038067349927
0 0.2294921875 0.6032210834553441 0.0302734375 0.048316251830161056
0 0.3642578125 0.595900439238653 0.0283203125 0.04978038067349927
0 0.5 0.6017569546120058 0.0283203125 0.04685212298682284
0 0.625 0.5973645680819912 0.02734375 0.0527086383601757
0 0.703125 0.19472913616398244 0.0263671875 0.0424597364568082
0 0.7890625 0.1903367496339678 0.0234375 0.03953147877013177
0 0.90234375 0.28111273792093705 0.0263671875 0.043923865300146414
0 0.791015625 0.28111273792093705 0.0263671875 0.0424597364568082
0 0.7041015625 0.28111273792093705 0.0283203125 0.043923865300146414
0 0.732421875 0.4465592972181552 0.02734375 0.04538799414348463
0 0.8525390625 0.4407027818448023 0.0283203125 0.04978038067349927
0 0.7626953125 0.5797950219619327 0.0302734375 0.04978038067349927
0 0.888671875 0.5812591508052709 0.0302734375 0.048316251830161056