0 0.052734375 0.3279648609077599 0.0205078125 0.040995607613469986
0 0.123046875 0.3191800878477306 0.0166015625 0.03513909224011713
0 0.1845703125 0.2957540263543192 0.0185546875 0.03953147877013177
0 0.265625 0.2796486090775988 0.015625 0.03806734992679356
0 0.291015625 0.2108345534407028 0.015625 0.03806734992679356
0 0.376953125 0.20644216691068815 0.0166015625 0.03367496339677892
0 0.458984375 0.19619326500732065 0.0166015625 0.03074670571010249
0 0.353515625 0.28111273792093705 0.01953125 0.03513909224011713
0 0.451171875 0.2781844802342606 0.0166015625 0.03367496339677892
0 0.048828125 0.37920937042459735 0.0166015625 0.036603221083455345
0 0.12890625 0.3733528550512445 0.0185546875 0.036603221083455345
0 0.224609375 0.35871156661786235 0.01953125 0.040995607613469986
0 0.314453125 0.3367496339677892 0.0185546875 0.0424597364568082
0 0.4013671875 0.3601756954612006 0.0166015625 0.040995607613469986
0 0.4921875 0.3557833089311859 0.01953125 0.03953147877013177
0 0.0634765625 0.49633967789165445 0.0185546875 0.03953147877013177
0 0.1611328125 0.4992679355783309 0.0205078125 0.040995607613469986
0 0.244140625 0.5021961932650073 0.01953125 0.0424597364568082
0 0.326171875 0.5007320644216691 0.0205078125 0.03953147877013177
0 0.4052734375 0.5036603221083455 0.021484375 0.043923865300146414
0 0.4833984375 0.5065885797950219 0.0224609375 0.0424597364568082
0 0.548828125 0.19619326500732065 0.01953125 0.03806734992679356
0 0.5400390625 0.2767203513909224 0.021484375 0.03953147877013177
0 0.6279296875 0.20937042459736457 0.0185546875 0.036603221083455345
0 0.6259765625 0.27232796486090777 0.0205078125 0.04538799414348463
0 0.5791015625 0.363103953147877 0.0185546875 0.043923865300146414
0 0.5673828125 0.5021961932650073 0.021484375 0.048316251830161056
0 0.64453125 0.4978038067349927 0.021484375 0.04685212298682284
0 0.6708984375 0.34992679355783307 0.0185546875 0.03953147877013177
0 0.703125 0.20937042459736457 0.01953125 0.03806734992679356
0 0.712890625 0.2869692532942899 0.015625 0.03953147877013177
0 0.7607421875 0.34992679355783307 0.021484375 0.0424597364568082
0 0.779296875 0.2767203513909224 0.01953125 0.040995607613469986
0 0.84765625 0.28550512445095166 0.01953125 0.036603221083455345
0 0.84765625 0.34992679355783307 0.0185546875 0.0424597364568082
0 0.9140625 0.2957540263543192 0.0185546875 0.043923865300146414
0 0.94140625 0.34699853587115664 0.017578125 0.03806734992679356
0 0.908203125 0.4890190336749634 0.017578125 0.040995607613469986
0 0.8017578125 0.5007320644216691 0.0205078125 0.04685212298682284
0 0.720703125 0.49487554904831627 0.021484375 0.04685212298682284