0 0.091796875 0.28989751098096633 0.0244140625 0.040995607613469986
0 0.16796875 0.2781844802342606 0.021484375 0.03806734992679356
0 0.248046875 0.28257686676427524 0.0205078125 0.032210834553440704
0 0.3232421875 0.2752562225475842 0.0185546875 0.03953147877013177
0 0.404296875 0.27379209370424595 0.01953125 0.03513909224011713
0 0.478515625 0.2664714494875549 0.0234375 0.03513909224011713
0 0.548828125 0.28257686676427524 0.0185546875 0.036603221083455345
0 0.125 0.41142020497803805 0.021484375 0.036603221083455345
0 0.2060546875 0.4084919472913616 0.021484375 0.03806734992679356
0 0.28515625 0.40263543191800877 0.0205078125 0.03806734992679356
0 0.3486328125 0.4055636896046852 0.0205078125 0.03513909224011713
0 0.421875 0.4011713030746706 0.021484375 0.036603221083455345
0 0.4873046875 0.39970717423133234 0.0234375 0.040995607613469986
0 0.0908203125 0.5461200585651538 0.02734375 0.036603221083455345
0 0.2177734375 0.5373352855051244 0.02734375 0.043923865300146414
0 0.3330078125 0.5300146412884333 0.0263671875 0.03513909224011713
0 0.4326171875 0.5344070278184481 0.0224609375 0.036603221083455345
0 0.5537109375 0.5329428989751098 0.0244140625 0.048316251830161056
0 0.55859375 0.4055636896046852 0.0205078125 0.03953147877013177
0 0.625 0.28257686676427524 0.01953125 0.0424597364568082
0 0.62890625 0.40702781844802344 0.021484375 0.036603221083455345
0 0.673828125 0.5402635431918009 0.0244140625 0.040995607613469986
0 0.685546875 0.2986822840409956 0.01953125 0.03953147877013177
0 0.6962890625 0.4011713030746706 0.0205078125 0.03806734992679356
0 0.7529296875 0.2913616398243045 0.01953125 0.036603221083455345
0 0.763671875 0.4055636896046852 0.0205078125 0.040995607613469986
0 0.783203125 0.5300146412884333 0.02734375 0.0424597364568082
0 0.8388671875 0.3103953147877013 0.0205078125 0.03513909224011713
0 0.83203125 0.4055636896046852 0.021484375 0.03513909224011713
0 0.9228515625 0.31478770131771594 0.0263671875 0.03953147877013177
0 0.896484375 0.5314787701317716 0.0234375 0.03953147877013177