0 0.2080078125 0.1744868035190616 0.0341796875 0.06598240469208211
0 0.357421875 0.18035190615835778 0.0205078125 0.04252199413489736
0 0.517578125 0.1627565982404692 0.060546875 0.13343108504398826
0 0.677734375 0.04398826979472141 0.0634765625 0.08797653958944282
0 0.9658203125 0.20381231671554254 0.033203125 0.06304985337243402
0 0.9716796875 0.10117302052785923 0.0322265625 0.06451612903225806
0 0.91796875 0.1187683284457478 0.0302734375 0.06451612903225806
0 0.07421875 0.03225806451612903 0.02734375 0.04398826979472141
0 0.15625 0.03225806451612903 0.0283203125 0.05278592375366569
0 0.224609375 0.02785923753665689 0.02734375 0.05718475073313783
0 0.841796875 0.10997067448680352 0.0302734375 0.0469208211143695