0 0.3330078125 0.22786458333333334 0.0322265625 0.06640625
0 0.1962890625 0.34375 0.037109375 0.059895833333333336
0 0.33203125 0.33984375 0.0390625 0.06770833333333333
0 0.46484375 0.3450520833333333 0.0380859375 0.057291666666666664
0 0.5107421875 0.24739583333333334 0.03515625 0.06901041666666667
0 0.654296875 0.24609375 0.03515625 0.06510416666666667
0 0.5810546875 0.3255208333333333 0.0322265625 0.06640625
0 0.69140625 0.3489583333333333 0.0380859375 0.06770833333333333
0 0.83984375 0.3307291666666667 0.0390625 0.0703125
0 0.818359375 0.4661458333333333 0.0400390625 0.078125
0 0.6884765625 0.47265625 0.0380859375 0.05859375
0 0.580078125 0.4596354166666667 0.0390625 0.06640625
0 0.4482421875 0.4518229166666667 0.041015625 0.06510416666666667
0 0.3291015625 0.44140625 0.037109375 0.07291666666666667
0 0.1923828125 0.46484375 0.041015625 0.0703125