0 0.423828125 0.35085714285714287 0.0595703125 0.11314285714285714
0 0.666015625 0.18514285714285714 0.0556640625 0.10285714285714286
0 0.0908203125 0.09257142857142857 0.01953125 0.037714285714285714
0 0.203125 0.104 0.0185546875 0.036571428571428574
0 0.10546875 0.2834285714285714 0.025390625 0.04342857142857143
0 0.2109375 0.2857142857142857 0.0205078125 0.04
0 0.29296875 0.2925714285714286 0.0185546875 0.04
0 0.3125 0.2834285714285714 0.0166015625 0.04
0 0.4970703125 0.27885714285714286 0.015625 0.026285714285714287
0 0.3388671875 0.11085714285714286 0.0185546875 0.03428571428571429
0 0.0654296875 0.10514285714285715 0.021484375 0.037714285714285714
0 0.0234375 0.27085714285714285 0.025390625 0.05142857142857143
0 0.22265625 0.2742857142857143 0.017578125 0.03428571428571429
0 0.328125 0.288 0.013671875 0.036571428571428574
0 0.6171875 0.26971428571428574 0.0166015625 0.027428571428571427
0 0.5185546875 0.26971428571428574 0.0166015625 0.02857142857142857
0 0.5458984375 0.2674285714285714 0.0166015625 0.025142857142857144
0 0.111328125 0.08457142857142858 0.0185546875 0.04
0 0.166015625 0.096 0.0244140625 0.036571428571428574
0 0.0703125 0.27885714285714286 0.01953125 0.038857142857142854
0 0.2890625 0.12457142857142857 0.0166015625 0.02857142857142857
0 0.396484375 0.12228571428571429 0.0205078125 0.04
0 0.4521484375 0.2754285714285714 0.0166015625 0.030857142857142857
0 0.4716796875 0.2571428571428571 0.017578125 0.02857142857142857
0 0.470703125 0.168 0.015625 0.030857142857142857
0 0.826171875 0.26857142857142857 0.013671875 0.025142857142857144
0 0.7734375 0.2 0.0146484375 0.021714285714285714
0 0.908203125 0.20457142857142857 0.013671875 0.021714285714285714
0 0.8662109375 0.18514285714285714 0.0146484375 0.019428571428571427
0 0.8173828125 0.32571428571428573 0.0146484375 0.021714285714285714
0 0.64453125 0.26857142857142857 0.0126953125 0.018285714285714287
0 0.6328125 0.2777142857142857 0.01171875 0.02057142857142857
0 0.12109375 0.2845714285714286 0.0166015625 0.032