0 0.7841796875 0.13855898653998416 0.0732421875 0.07838479809976247
0 0.93359375 0.35391923990498814 0.0302734375 0.0332541567695962
0 0.904296875 0.3555027711797308 0.0224609375 0.027711797307996833
0 0.9326171875 0.3167062549485352 0.0185546875 0.02454473475851148
0 0.9091796875 0.3254156769596199 0.017578125 0.01979414093428345
0 0.65234375 0.37292161520190026 0.0166015625 0.02058590657165479
0 0.568359375 0.3436262866191607 0.0107421875 0.013460015835312747
0 0.595703125 0.37054631828978624 0.0146484375 0.01583531274742676
0 0.5302734375 0.3721298495645289 0.0146484375 0.01741884402216944
0 0.6572265625 0.34837688044338877 0.01171875 0.012668250197941409
0 0.8828125 0.33650039588281866 0.017578125 0.021377672209026127
0 0.6201171875 0.3436262866191607 0.0146484375 0.015043547110055424
0 0.197265625 0.38717339667458434 0.0126953125 0.012668250197941409
0 0.638671875 0.36342042755344417 0.0146484375 0.021377672209026127
0 0.9521484375 0.30324623911322246 0.0146484375 0.01979414093428345
0 0.5751953125 0.3768804433887569 0.0146484375 0.019002375296912115
0 0.546875 0.3737133808392716 0.013671875 0.01583531274742676
0 0.5244140625 0.3452098178939034 0.01171875 0.011876484560570071
0 0.607421875 0.3412509897070467 0.0126953125 0.014251781472684086
0 0.5859375 0.3515439429928741 0.0146484375 0.012668250197941409
0 0.6474609375 0.32779097387173395 0.013671875 0.015043547110055424
0 0.5771484375 0.3309580364212193 0.01171875 0.013460015835312747
0 0.908203125 0.30245447347585114 0.01171875 0.013460015835312747
0 0.921875 0.30245447347585114 0.01171875 0.013460015835312747
0 0.9140625 0.28978622327790976 0.0126953125 0.012668250197941409
0 0.8759765625 0.28186856690419637 0.0107421875 0.012668250197941409
0 0.95703125 0.28820269200316706 0.013671875 0.013460015835312747
0 0.9404296875 0.29691211401425177 0.013671875 0.015043547110055424
0 0.89453125 0.31987331749802056 0.0126953125 0.014251781472684086
0 0.0458984375 0.31116389548693585 0.0078125 0.009501187648456057
0 0.1259765625 0.3555027711797308 0.0078125 0.00791765637371338
0 0.3046875 0.2589073634204275 0.08984375 0.09659540775930324
0 0.2490234375 0.38638163103721296 0.009765625 0.011084718923198733
0 0.2314453125 0.384006334125099 0.0087890625 0.009501187648456057
0 0.25 0.3657957244655582 0.0087890625 0.009501187648456057
0 0.640625 0.3428345209817894 0.0126953125 0.011084718923198733
0 0.6728515625 0.3269992082343626 0.01171875 0.011876484560570071
0 0.494140625 0.3515439429928741 0.01171875 0.011084718923198733
0 0.4951171875 0.33729216152019004 0.009765625 0.011084718923198733
0 0.513671875 0.3262074425969913 0.0107421875 0.011084718923198733
0 0.5390625 0.3452098178939034 0.0087890625 0.009501187648456057
0 0.6064453125 0.32779097387173395 0.01171875 0.011876484560570071
0 0.5087890625 0.37292161520190026 0.0146484375 0.0166270783847981
0 0.5634765625 0.33650039588281866 0.01171875 0.015043547110055424
0 0.85546875 0.3056215360253365 0.0126953125 0.01583531274742676
0 0.98828125 0.30403800475059384 0.0126953125 0.01979414093428345
0 0.8994140625 0.2494061757719715 0.0126953125 0.011876484560570071
0 0.8701171875 0.27078384798099764 0.009765625 0.009501187648456057
0 0.873046875 0.25494853523357086 0.0078125 0.010292953285827395
0 0.9794921875 0.26920031670625494 0.0107421875 0.011084718923198733
0 0.935546875 0.23594615993665874 0.009765625 0.009501187648456057
0 0.8876953125 0.23040380047505937 0.0078125 0.007125890736342043
0 0.875 0.23436262866191607 0.0087890625 0.00870942201108472
0 0.9052734375 0.21694378463974665 0.009765625 0.010292953285827395
0 0.9814453125 0.23990498812351543 0.009765625 0.011084718923198733
0 0.9921875 0.23832145684877276 0.0078125 0.009501187648456057
0 0.962890625 0.22406967537608868 0.0107421875 0.00870942201108472
0 0.94921875 0.2581155977830562 0.01171875 0.011876484560570071
0 0.9423828125 0.222486144101346 0.0087890625 0.009501187648456057
0 0.95703125 0.20665083135391923 0.009765625 0.010292953285827395
0 0.9345703125 0.21456848772763262 0.0107421875 0.009501187648456057
0 0.9306640625 0.19873317498020585 0.0087890625 0.009501187648456057
0 0.9072265625 0.19714964370546317 0.0078125 0.00870942201108472
0 0.6123046875 0.3159144893111639 0.009765625 0.00870942201108472
0 0.6279296875 0.3143309580364212 0.0087890625 0.00791765637371338
0 0.6611328125 0.26286619160728425 0.0078125 0.00870942201108472
0 0.7119140625 0.3095803642121932 0.0087890625 0.010292953285827395
0 0.7041015625 0.2913697545526524 0.0087890625 0.007125890736342043
0 0.55078125 0.3246239113222486 0.0087890625 0.00870942201108472
0 0.6396484375 0.3174980205859066 0.0087890625 0.010292953285827395
0 0.658203125 0.31116389548693585 0.0087890625 0.00870942201108472
0 0.646484375 0.3103721298495645 0.0078125 0.007125890736342043
0 0.6005859375 0.31353919239904987 0.0078125 0.00791765637371338
0 0.59375 0.3262074425969913 0.0087890625 0.00870942201108472
0 0.552734375 0.342042755344418 0.009765625 0.010292953285827395
0 0.8955078125 0.3008709422011085 0.015625 0.012668250197941409
0 0.1689453125 0.34679334916864607 0.01171875 0.011084718923198733