0 0.8056640625 0.5139500734214391 0.015625 0.033773861967694566
0 0.7470703125 0.5080763582966226 0.0166015625 0.033773861967694566
0 0.6787109375 0.5022026431718062 0.0146484375 0.030837004405286344
0 0.611328125 0.4948604992657856 0.01171875 0.02936857562408223
0 0.5498046875 0.5080763582966226 0.0146484375 0.02936857562408223
0 0.494140625 0.49926578560939794 0.013671875 0.027900146842878122
0 0.4365234375 0.5051395007342144 0.015625 0.030837004405286344
0 0.3681640625 0.4845814977973568 0.015625 0.032305433186490456
0 0.3017578125 0.49045521292217326 0.013671875 0.02936857562408223
0 0.3125 0.4889867841409692 0.0009765625 0.0
0 0.236328125 0.4919236417033774 0.0146484375 0.02643171806167401
0 0.1416015625 0.41409691629955947 0.017578125 0.033773861967694566
0 0.1064453125 0.4787077826725404 0.0224609375 0.041116005873715125
0 0.173828125 0.4831130690161527 0.015625 0.032305433186490456
0 0.201171875 0.42584434654919234 0.0146484375 0.030837004405286344
0 0.248046875 0.4199706314243759 0.0146484375 0.02936857562408223
0 0.30078125 0.42584434654919234 0.0166015625 0.032305433186490456
0 0.3408203125 0.42143906020558003 0.0126953125 0.032305433186490456
0 0.3876953125 0.4185022026431718 0.0126953125 0.032305433186490456
0 0.4423828125 0.4111600587371512 0.015625 0.03524229074889868
0 0.494140625 0.4008810572687225 0.015625 0.032305433186490456
0 0.544921875 0.42143906020558003 0.013671875 0.032305433186490456
0 0.5908203125 0.4199706314243759 0.013671875 0.02936857562408223
0 0.6435546875 0.43171806167400884 0.0146484375 0.030837004405286344
0 0.697265625 0.4331864904552129 0.0146484375 0.033773861967694566
0 0.7509765625 0.44933920704845814 0.015625 0.02936857562408223
0 0.80859375 0.4522760646108664 0.017578125 0.030837004405286344
0 0.8662109375 0.434654919236417 0.017578125 0.03671071953010279
0 0.9228515625 0.5227606461086637 0.0166015625 0.03671071953010279
0 0.8603515625 0.5198237885462555 0.0166015625 0.033773861967694566