0 0.484375 0.5971563981042654 0.0205078125 0.04265402843601896
0 0.025390625 0.5892575039494471 0.0166015625 0.030015797788309637
0 0.0888671875 0.6050552922590837 0.013671875 0.026856240126382307
0 0.1044921875 0.608214849921011 0.013671875 0.030015797788309637
0 0.1142578125 0.6303317535545023 0.017578125 0.036334913112164295
0 0.0517578125 0.6303317535545023 0.013671875 0.02527646129541864
0 0.1630859375 0.6161137440758294 0.017578125 0.03475513428120063
0 0.201171875 0.6382306477093207 0.015625 0.0315955766192733
0 0.208984375 0.6287519747235387 0.0126953125 0.02843601895734597
0 0.2509765625 0.6003159557661928 0.015625 0.02843601895734597
0 0.2568359375 0.6208530805687204 0.0078125 0.023696682464454975
0 0.2900390625 0.6161137440758294 0.013671875 0.02843601895734597
0 0.3017578125 0.6192733017377567 0.013671875 0.02843601895734597
0 0.3203125 0.669826224328594 0.0126953125 0.030015797788309637
0 0.3291015625 0.6777251184834123 0.0078125 0.02527646129541864
0 0.6650390625 0.7187993680884676 0.0087890625 0.018957345971563982
0 0.6552734375 0.7156398104265402 0.005859375 0.01263823064770932
0 0.6923828125 0.7203791469194313 0.0087890625 0.023696682464454975
0 0.5634765625 0.2559241706161137 0.0205078125 0.04739336492890995
0 0.705078125 0.7203791469194313 0.01171875 0.023696682464454975
0 0.7255859375 0.7124802527646129 0.009765625 0.018957345971563982
0 0.7548828125 0.7093206951026856 0.01171875 0.02527646129541864
0 0.7841796875 0.7772511848341233 0.0107421875 0.023696682464454975
0 0.7802734375 0.707740916271722 0.0107421875 0.02527646129541864
0 0.8076171875 0.7124802527646129 0.0107421875 0.026856240126382307
0 0.8447265625 0.69826224328594 0.0107421875 0.02527646129541864
0 0.900390625 0.7030015797788309 0.0107421875 0.020537124802527645
0 0.9482421875 0.7014218009478673 0.0107421875 0.022116903633491312
0 0.923828125 0.8104265402843602 0.0078125 0.018957345971563982
0 0.63671875 0.707740916271722 0.0107421875 0.014218009478672985
0 0.6484375 0.7061611374407583 0.0048828125 0.01263823064770932
0 0.017578125 0.5434439178515008 0.0068359375 0.014218009478672985
0 0.044921875 0.5576619273301737 0.005859375 0.01263823064770932
0 0.0498046875 0.5576619273301737 0.005859375 0.01579778830963665
0 0.0703125 0.5924170616113744 0.0087890625 0.01579778830963665
0 0.0908203125 0.5466034755134281 0.0068359375 0.017377567140600316
0 0.11328125 0.5576619273301737 0.0068359375 0.01579778830963665
0 0.12109375 0.5987361769352291 0.0078125 0.017377567140600316
0 0.134765625 0.631911532385466 0.0078125 0.01579778830963665
0 0.1298828125 0.5797788309636651 0.005859375 0.014218009478672985
0 0.1220703125 0.5560821484992101 0.005859375 0.011058451816745656
0 0.1328125 0.5687203791469194 0.0068359375 0.01263823064770932
0 0.169921875 0.5434439178515008 0.0068359375 0.01263823064770932
0 0.1865234375 0.6018957345971564 0.0078125 0.020537124802527645
0 0.22265625 0.5434439178515008 0.005859375 0.01263823064770932
0 0.228515625 0.5687203791469194 0.0068359375 0.014218009478672985
0 0.2314453125 0.5513428120063191 0.005859375 0.011058451816745656
0 0.267578125 0.593996840442338 0.0068359375 0.01579778830963665
0 0.251953125 0.5592417061611374 0.005859375 0.014218009478672985
0 0.2890625 0.584518167456556 0.005859375 0.01263823064770932
0 0.2978515625 0.5639810426540285 0.0068359375 0.01263823064770932
0 0.32421875 0.5576619273301737 0.005859375 0.01263823064770932
0 0.32421875 0.6050552922590837 0.005859375 0.01263823064770932
0 0.3125 0.6240126382306477 0.0078125 0.020537124802527645
0 0.3330078125 0.6113744075829384 0.005859375 0.01263823064770932
0 0.3388671875 0.631911532385466 0.0078125 0.017377567140600316
0 0.3486328125 0.6303317535545023 0.005859375 0.014218009478672985
0 0.341796875 0.6066350710900474 0.0048828125 0.014218009478672985
0 0.3603515625 0.6066350710900474 0.0048828125 0.01263823064770932
0 0.3779296875 0.6066350710900474 0.0078125 0.017377567140600316
0 0.3623046875 0.5624012638230648 0.005859375 0.01263823064770932
0 0.34375 0.5592417061611374 0.005859375 0.01263823064770932
0 0.3779296875 0.5766192733017378 0.005859375 0.01579778830963665
0 0.4013671875 0.6066350710900474 0.0087890625 0.014218009478672985
0 0.423828125 0.5766192733017378 0.0078125 0.017377567140600316
0 0.4453125 0.6129541864139021 0.0048828125 0.00631911532385466
0 0.455078125 0.6003159557661928 0.0048828125 0.009478672985781991
0 0.46484375 0.5955766192733017 0.0048828125 0.009478672985781991
0 0.5009765625 0.6192733017377567 0.0048828125 0.009478672985781991
0 0.505859375 0.6161137440758294 0.0048828125 0.009478672985781991
0 0.5126953125 0.6161137440758294 0.005859375 0.014218009478672985
0 0.580078125 0.6492890995260664 0.005859375 0.011058451816745656
0 0.5234375 0.6129541864139021 0.005859375 0.01263823064770932
0 0.55078125 0.6255924170616114 0.005859375 0.01263823064770932
0 0.578125 0.6303317535545023 0.0048828125 0.011058451816745656
0 0.6064453125 0.65086887835703 0.005859375 0.01263823064770932
0 0.6220703125 0.6793048973143759 0.0078125 0.018957345971563982
0 0.634765625 0.6856240126382307 0.005859375 0.014218009478672985
0 0.6357421875 0.6303317535545023 0.0048828125 0.011058451816745656
0 0.640625 0.6161137440758294 0.005859375 0.01263823064770932
0 0.607421875 0.6303317535545023 0.0068359375 0.01263823064770932
0 0.58203125 0.617693522906793 0.0068359375 0.014218009478672985
0 0.6328125 0.6682464454976303 0.0068359375 0.01579778830963665
0 0.6787109375 0.6872037914691943 0.009765625 0.017377567140600316
0 0.6806640625 0.7093206951026856 0.0078125 0.014218009478672985
0 0.708984375 0.6951026856240127 0.0068359375 0.014218009478672985
0 0.732421875 0.6793048973143759 0.005859375 0.014218009478672985
0 0.751953125 0.6761453396524486 0.0048828125 0.011058451816745656
0 0.763671875 0.6729857819905213 0.005859375 0.011058451816745656
0 0.77734375 0.669826224328594 0.0048828125 0.009478672985781991
0 0.740234375 0.6571879936808847 0.005859375 0.011058451816745656
0 0.74609375 0.6524486571879937 0.005859375 0.01263823064770932
0 0.7314453125 0.6524486571879937 0.005859375 0.01263823064770932
0 0.6669921875 0.6714060031595577 0.005859375 0.011058451816745656
0 0.8291015625 0.6966824644549763 0.0078125 0.01263823064770932
0 0.8173828125 0.707740916271722 0.005859375 0.009478672985781991
0 0.7841796875 0.688783570300158 0.0068359375 0.011058451816745656
0 0.8837890625 0.7598736176935229 0.0068359375 0.01579778830963665
0 0.869140625 0.7440758293838863 0.005859375 0.01263823064770932
0 0.8759765625 0.7519747235387045 0.005859375 0.011058451816745656
0 0.8818359375 0.7045813586097947 0.0048828125 0.011058451816745656
0 0.92578125 0.7109004739336493 0.0068359375 0.01263823064770932
0 0.876953125 0.7109004739336493 0.0068359375 0.01263823064770932
0 0.9873046875 0.7251184834123223 0.009765625 0.020537124802527645
0 0.7041015625 0.6477093206951027 0.00390625 0.007898894154818325
0 0.7197265625 0.6445497630331753 0.00390625 0.009478672985781991
0 0.671875 0.660347551342812 0.00390625 0.007898894154818325
0 0.6748046875 0.6129541864139021 0.0048828125 0.009478672985781991
0 0.6884765625 0.6050552922590837 0.0048828125 0.009478672985781991