0 0.0625 0.5755208333333334 0.005859375 0.010416666666666666
0 0.041015625 0.5455729166666666 0.0068359375 0.013020833333333334
0 0.12890625 0.5963541666666666 0.0068359375 0.013020833333333334
0 0.1923828125 0.5651041666666666 0.0048828125 0.010416666666666666
0 0.1845703125 0.546875 0.00390625 0.0078125
0 0.251953125 0.6354166666666666 0.0068359375 0.014322916666666666
0 0.1943359375 0.6302083333333334 0.0068359375 0.01171875
0 0.30078125 0.6354166666666666 0.0068359375 0.01171875
0 0.26953125 0.5872395833333334 0.0048828125 0.009114583333333334
0 0.3369140625 0.82421875 0.0537109375 0.08333333333333333
0 0.1650390625 0.6940104166666666 0.0263671875 0.0390625
0 0.2509765625 0.6692708333333334 0.0087890625 0.018229166666666668
0 0.3876953125 0.65625 0.009765625 0.016927083333333332
0 0.57421875 0.8046875 0.03125 0.05859375
0 0.685546875 0.9088541666666666 0.0478515625 0.11588541666666667
0 0.818359375 0.6341145833333334 0.0087890625 0.014322916666666666
0 0.8046875 0.6471354166666666 0.0078125 0.014322916666666666
0 0.9091796875 0.625 0.009765625 0.014322916666666666
0 0.9892578125 0.6197916666666666 0.0078125 0.013020833333333334
0 0.9658203125 0.74609375 0.01171875 0.020833333333333332
0 0.923828125 0.7747395833333334 0.009765625 0.016927083333333332
0 0.75 0.75 0.0087890625 0.01953125
0 0.77734375 0.65234375 0.0107421875 0.01171875
0 0.470703125 0.6432291666666666 0.009765625 0.015625
0 0.41015625 0.640625 0.005859375 0.014322916666666666
0 0.9208984375 0.5520833333333334 0.0048828125 0.009114583333333334
0 0.9384765625 0.5598958333333334 0.0048828125 0.0078125
0 0.9619140625 0.5533854166666666 0.0048828125 0.009114583333333334
0 0.9775390625 0.5572916666666666 0.0048828125 0.0078125
0 0.9794921875 0.5364583333333334 0.00390625 0.0078125
0 0.9404296875 0.5299479166666666 0.00390625 0.0078125
0 0.908203125 0.5481770833333334 0.00390625 0.006510416666666667
0 0.5146484375 0.5143229166666666 0.0048828125 0.006510416666666667
0 0.498046875 0.5065104166666666 0.0048828125 0.0078125
0 0.4423828125 0.5065104166666666 0.0048828125 0.0078125
0 0.4169921875 0.5091145833333334 0.00390625 0.006510416666666667
0 0.5888671875 0.4973958333333333 0.0048828125 0.0078125