0 0.873046875 0.17687074829931973 0.0283203125 0.024489795918367346
0 0.8515625 0.16802721088435374 0.0185546875 0.02040816326530612
0 0.705078125 0.17346938775510204 0.0283203125 0.02312925170068027
0 0.67578125 0.17346938775510204 0.009765625 0.00816326530612245
0 0.9404296875 0.17346938775510204 0.0068359375 0.005442176870748299
0 0.9765625 0.16666666666666666 0.009765625 0.00816326530612245
0 0.7109375 0.2761904761904762 0.029296875 0.027891156462585033
0 0.302734375 0.22993197278911565 0.0400390625 0.0326530612244898
0 0.2431640625 0.1870748299319728 0.01953125 0.017006802721088437
0 0.208984375 0.18775510204081633 0.0185546875 0.015646258503401362
0 0.181640625 0.20272108843537415 0.0166015625 0.015646258503401362
0 0.1416015625 0.19795918367346937 0.01953125 0.014965986394557823
0 0.0751953125 0.18299319727891156 0.0185546875 0.014285714285714285
0 0.0478515625 0.19523809523809524 0.0166015625 0.01292517006802721
0 0.0302734375 0.20952380952380953 0.015625 0.014285714285714285
0 0.0244140625 0.19115646258503402 0.013671875 0.012244897959183673
0 0.1259765625 0.20816326530612245 0.0126953125 0.010884353741496598
0 0.283203125 0.19387755102040816 0.015625 0.0163265306122449
0 0.3037109375 0.19115646258503402 0.01953125 0.014965986394557823
0 0.33984375 0.1727891156462585 0.01953125 0.017006802721088437
0 0.2666015625 0.1816326530612245 0.0146484375 0.01292517006802721