0 0.6845703125 0.265625 0.0537109375 0.09895833333333333
0 0.4326171875 0.18880208333333334 0.0517578125 0.1015625
0 0.236328125 0.296875 0.0380859375 0.06901041666666667
0 0.0927734375 0.5833333333333334 0.01953125 0.032552083333333336
0 0.0615234375 0.5911458333333334 0.0205078125 0.029947916666666668
0 0.04296875 0.5703125 0.0166015625 0.029947916666666668
0 0.0078125 0.5846354166666666 0.0166015625 0.032552083333333336
0 0.005859375 0.5625 0.01171875 0.02734375
0 0.0634765625 0.5690104166666666 0.0166015625 0.032552083333333336
0 0.1357421875 0.5755208333333334 0.01953125 0.033854166666666664
0 0.1611328125 0.5794270833333334 0.01953125 0.03125
0 0.3017578125 0.55859375 0.025390625 0.032552083333333336
0 0.9306640625 0.5182291666666666 0.0341796875 0.057291666666666664
0 0.888671875 0.5091145833333334 0.0322265625 0.049479166666666664
0 0.8349609375 0.51171875 0.0302734375 0.052083333333333336
0 0.953125 0.484375 0.0224609375 0.040364583333333336
0 0.98828125 0.4973958333333333 0.0224609375 0.048177083333333336
0 0.96484375 0.3919270833333333 0.0205078125 0.03515625
0 0.947265625 0.421875 0.015625 0.029947916666666668
0 0.8896484375 0.4075520833333333 0.017578125 0.02734375
0 0.87109375 0.4440104166666667 0.015625 0.03125
0 0.8271484375 0.4596354166666667 0.015625 0.033854166666666664
0 0.853515625 0.3841145833333333 0.013671875 0.0234375
0 0.865234375 0.4075520833333333 0.017578125 0.029947916666666668
0 0.8388671875 0.3841145833333333 0.015625 0.026041666666666668
0 0.814453125 0.3854166666666667 0.017578125 0.029947916666666668
0 0.8310546875 0.3671875 0.0166015625 0.028645833333333332
0 0.865234375 0.35546875 0.017578125 0.03125
0 0.845703125 0.3333333333333333 0.013671875 0.0234375
0 0.8212890625 0.3294270833333333 0.0146484375 0.026041666666666668
0 0.818359375 0.3645833333333333 0.0146484375 0.026041666666666668
0 0.8095703125 0.3450520833333333 0.013671875 0.024739583333333332
0 0.9833984375 0.3580729166666667 0.0185546875 0.029947916666666668
0 0.5869140625 0.55859375 0.01953125 0.033854166666666664
0 0.5751953125 0.54296875 0.0205078125 0.03515625
0 0.5703125 0.4830729166666667 0.0146484375 0.02734375
0 0.5625 0.5260416666666666 0.017578125 0.033854166666666664
0 0.548828125 0.5182291666666666 0.015625 0.029947916666666668
0 0.515625 0.5455729166666666 0.017578125 0.032552083333333336
0 0.5205078125 0.5013020833333334 0.0146484375 0.0234375
0 0.53515625 0.46484375 0.0126953125 0.024739583333333332
0 0.552734375 0.4778645833333333 0.0146484375 0.024739583333333332
0 0.521484375 0.4505208333333333 0.01171875 0.016927083333333332
0 0.5126953125 0.4348958333333333 0.0107421875 0.022135416666666668
0 0.484375 0.4505208333333333 0.0146484375 0.026041666666666668
0 0.5107421875 0.4973958333333333 0.0107421875 0.026041666666666668
0 0.599609375 0.4166666666666667 0.0126953125 0.0234375
0 0.583984375 0.4166666666666667 0.01171875 0.020833333333333332
0 0.787109375 0.3580729166666667 0.0146484375 0.024739583333333332
0 0.7861328125 0.3359375 0.0126953125 0.01953125
0 0.8095703125 0.3046875 0.013671875 0.020833333333333332
0 0.83203125 0.3059895833333333 0.013671875 0.0234375
0 0.86328125 0.2955729166666667 0.0107421875 0.020833333333333332
0 0.8642578125 0.2669270833333333 0.0126953125 0.024739583333333332
0 0.8642578125 0.24479166666666666 0.0107421875 0.022135416666666668
0 0.8525390625 0.24869791666666666 0.0146484375 0.024739583333333332
0 0.849609375 0.2799479166666667 0.0107421875 0.018229166666666668
0 0.830078125 0.28515625 0.0107421875 0.020833333333333332
0 0.818359375 0.26953125 0.013671875 0.022135416666666668
0 0.82421875 0.23697916666666666 0.01171875 0.020833333333333332
0 0.8408203125 0.23046875 0.0107421875 0.016927083333333332
0 0.853515625 0.21223958333333334 0.0087890625 0.01953125
0 0.7939453125 0.28125 0.013671875 0.024739583333333332
0 0.765625 0.3216145833333333 0.01171875 0.01953125
0 0.7646484375 0.29296875 0.0126953125 0.022135416666666668
0 0.7685546875 0.2708333333333333 0.0126953125 0.020833333333333332
0 0.783203125 0.24479166666666666 0.0087890625 0.018229166666666668
0 0.7783203125 0.21875 0.01171875 0.0234375
0 0.7978515625 0.1953125 0.009765625 0.01953125
0 0.822265625 0.19791666666666666 0.0087890625 0.016927083333333332
0 0.755859375 0.24739583333333334 0.01171875 0.01953125
0 0.740234375 0.2825520833333333 0.0107421875 0.018229166666666668
0 0.7255859375 0.2786458333333333 0.009765625 0.020833333333333332
0 0.7431640625 0.23697916666666666 0.009765625 0.016927083333333332
0 0.7626953125 0.20572916666666666 0.0107421875 0.01953125
0 0.7734375 0.18359375 0.009765625 0.01953125
0 0.7275390625 0.21744791666666666 0.009765625 0.018229166666666668
0 0.8154296875 0.16927083333333334 0.009765625 0.016927083333333332
0 0.8466796875 0.16796875 0.009765625 0.018229166666666668
0 0.9619140625 0.2747395833333333 0.0126953125 0.022135416666666668
0 0.990234375 0.2981770833333333 0.01953125 0.024739583333333332
0 0.9931640625 0.17447916666666666 0.01171875 0.024739583333333332
0 0.962890625 0.23828125 0.013671875 0.026041666666666668
0 0.9609375 0.1953125 0.01171875 0.0234375
0 0.9453125 0.20182291666666666 0.0107421875 0.01953125
0 0.9169921875 0.20442708333333334 0.01171875 0.020833333333333332
0 0.9169921875 0.17838541666666666 0.0107421875 0.01953125
0 0.93359375 0.16796875 0.0107421875 0.020833333333333332
0 0.947265625 0.17057291666666666 0.01171875 0.020833333333333332
0 0.9765625 0.15755208333333334 0.0107421875 0.018229166666666668
0 0.982421875 0.13932291666666666 0.01171875 0.01953125
0 0.95703125 0.12239583333333333 0.01171875 0.016927083333333332
0 0.951171875 0.14583333333333334 0.0107421875 0.016927083333333332
0 0.876953125 0.13802083333333334 0.0087890625 0.01953125
0 0.9208984375 0.12890625 0.009765625 0.018229166666666668
0 0.90234375 0.19140625 0.0146484375 0.032552083333333336
0 0.9677734375 0.10026041666666667 0.0126953125 0.015625
0 0.990234375 0.12109375 0.01171875 0.01953125
0 0.9951171875 0.14453125 0.009765625 0.01953125
0 0.9208984375 0.4244791666666667 0.021484375 0.03515625
0 0.0419921875 0.3645833333333333 0.0107421875 0.01953125
0 0.0771484375 0.3541666666666667 0.01171875 0.01953125
0 0.091796875 0.3815104166666667 0.009765625 0.018229166666666668
0 0.125 0.37109375 0.01171875 0.01953125
0 0.1513671875 0.3971354166666667 0.0107421875 0.020833333333333332
0 0.158203125 0.3450520833333333 0.01171875 0.022135416666666668
0 0.123046875 0.3541666666666667 0.01171875 0.01953125
0 0.1455078125 0.328125 0.0107421875 0.018229166666666668
0 0.150390625 0.3059895833333333 0.009765625 0.018229166666666668
0 0.1953125 0.3294270833333333 0.0107421875 0.018229166666666668
0 0.0654296875 0.3255208333333333 0.01171875 0.018229166666666668
0 0.0234375 0.3229166666666667 0.0107421875 0.01953125
0 0.0263671875 0.3059895833333333 0.0107421875 0.018229166666666668
0 0.0732421875 0.3046875 0.009765625 0.01953125
0 0.1044921875 0.2916666666666667 0.0087890625 0.015625
0 0.1240234375 0.3033854166666667 0.0087890625 0.018229166666666668
0 0.1474609375 0.2747395833333333 0.009765625 0.01953125
0 0.1865234375 0.2799479166666667 0.009765625 0.018229166666666668
0 0.2001953125 0.3046875 0.009765625 0.018229166666666668
0 0.177734375 0.234375 0.0126953125 0.018229166666666668
0 0.1240234375 0.23046875 0.01171875 0.018229166666666668
0 0.10546875 0.2552083333333333 0.0087890625 0.018229166666666668
0 0.0732421875 0.2903645833333333 0.0107421875 0.01953125
0 0.0244140625 0.2760416666666667 0.0107421875 0.018229166666666668
0 0.0546875 0.2786458333333333 0.009765625 0.018229166666666668
0 0.0498046875 0.234375 0.0107421875 0.016927083333333332
0 0.1025390625 0.23046875 0.009765625 0.016927083333333332
0 0.08203125 0.20963541666666666 0.0107421875 0.016927083333333332
0 0.015625 0.23177083333333334 0.0126953125 0.018229166666666668
0 0.0185546875 0.2604166666666667 0.009765625 0.016927083333333332
0 0.1591796875 0.2109375 0.009765625 0.018229166666666668
0 0.189453125 0.22005208333333334 0.0087890625 0.015625
0 0.21484375 0.2421875 0.0087890625 0.018229166666666668
0 0.228515625 0.23828125 0.0087890625 0.018229166666666668
0 0.2314453125 0.2109375 0.009765625 0.016927083333333332
0 0.1201171875 0.20833333333333334 0.0107421875 0.016927083333333332
0 0.130859375 0.18619791666666666 0.0126953125 0.018229166666666668
0 0.1630859375 0.19661458333333334 0.009765625 0.015625
0 0.1982421875 0.19010416666666666 0.0107421875 0.015625
0 0.04296875 0.21484375 0.0087890625 0.016927083333333332
0 0.0888671875 0.19010416666666666 0.009765625 0.015625
0 0.0029296875 0.21744791666666666 0.0068359375 0.01953125
0 0.1044921875 0.3346354166666667 0.01171875 0.020833333333333332
0 0.28515625 0.18880208333333334 0.009765625 0.018229166666666668
0 0.265625 0.20442708333333334 0.009765625 0.020833333333333332
0 0.1181640625 0.1640625 0.009765625 0.018229166666666668
0 0.1572265625 0.17057291666666666 0.0107421875 0.018229166666666668
0 0.185546875 0.17578125 0.0078125 0.016927083333333332
0 0.2216796875 0.1484375 0.0087890625 0.015625
0 0.24609375 0.15364583333333334 0.0087890625 0.018229166666666668
0 0.2861328125 0.14583333333333334 0.0107421875 0.01953125
0 0.3203125 0.16666666666666666 0.009765625 0.015625
0 0.310546875 0.15104166666666666 0.0078125 0.014322916666666666
0 0.310546875 0.1328125 0.009765625 0.015625
0 0.3466796875 0.125 0.009765625 0.018229166666666668
0 0.3662109375 0.109375 0.009765625 0.014322916666666666
0 0.296875 0.11067708333333333 0.0107421875 0.016927083333333332
0 0.26953125 0.13020833333333334 0.0107421875 0.01953125
0 0.232421875 0.11328125 0.0087890625 0.018229166666666668
0 0.2119140625 0.12890625 0.009765625 0.015625
0 0.1826171875 0.13932291666666666 0.0107421875 0.01953125
0 0.1357421875 0.13411458333333334 0.0107421875 0.022135416666666668
0 0.109375 0.14973958333333334 0.0107421875 0.016927083333333332
0 0.10546875 0.13020833333333334 0.0087890625 0.015625
0 0.072265625 0.16796875 0.009765625 0.016927083333333332
0 0.0361328125 0.17317708333333334 0.0107421875 0.01953125
0 0.0078125 0.16666666666666666 0.009765625 0.016927083333333332
0 0.0341796875 0.14973958333333334 0.0087890625 0.015625
0 0.0185546875 0.08854166666666667 0.0087890625 0.016927083333333332
0 0.0517578125 0.09765625 0.009765625 0.018229166666666668
0 0.126953125 0.11067708333333333 0.0087890625 0.016927083333333332
0 0.1591796875 0.10807291666666667 0.0087890625 0.015625
0 0.1513671875 0.09375 0.0087890625 0.013020833333333334
0 0.1845703125 0.09375 0.0087890625 0.015625
0 0.22265625 0.08984375 0.0107421875 0.018229166666666668
0 0.2587890625 0.09765625 0.0078125 0.014322916666666666
0 0.263671875 0.07291666666666667 0.0087890625 0.015625
0 0.2822265625 0.10416666666666667 0.0078125 0.014322916666666666
0 0.306640625 0.08984375 0.0078125 0.015625
0 0.32421875 0.10546875 0.0078125 0.016927083333333332
0 0.296875 0.07291666666666667 0.0087890625 0.014322916666666666
0 0.3515625 0.08723958333333333 0.009765625 0.018229166666666668
0 0.37109375 0.07421875 0.0087890625 0.014322916666666666
0 0.3291015625 0.06901041666666667 0.0087890625 0.015625
0 0.359375 0.0546875 0.0078125 0.014322916666666666
0 0.3408203125 0.036458333333333336 0.0087890625 0.014322916666666666
0 0.3115234375 0.036458333333333336 0.0087890625 0.016927083333333332
0 0.1884765625 0.07291666666666667 0.0087890625 0.016927083333333332
0 0.1650390625 0.07421875 0.009765625 0.016927083333333332
0 0.125 0.0703125 0.009765625 0.016927083333333332
0 0.08984375 0.07291666666666667 0.0107421875 0.018229166666666668
0 0.0908203125 0.11458333333333333 0.009765625 0.014322916666666666
0 0.0703125 0.11328125 0.0087890625 0.014322916666666666
0 0.05078125 0.13932291666666666 0.009765625 0.014322916666666666
0 0.01953125 0.11197916666666667 0.0087890625 0.013020833333333334
0 0.0478515625 0.053385416666666664 0.0078125 0.014322916666666666
0 0.0283203125 0.05078125 0.0087890625 0.013020833333333334
0 0.076171875 0.026041666666666668 0.0087890625 0.013020833333333334
0 0.1005859375 0.04296875 0.0078125 0.016927083333333332
0 0.1064453125 0.0234375 0.009765625 0.014322916666666666
0 0.1494140625 0.037760416666666664 0.0087890625 0.014322916666666666
0 0.1572265625 0.055989583333333336 0.0087890625 0.013020833333333334
0 0.177734375 0.03125 0.0087890625 0.015625
0 0.138671875 0.022135416666666668 0.009765625 0.014322916666666666
0 0.197265625 0.022135416666666668 0.0087890625 0.015625
0 0.208984375 0.04296875 0.009765625 0.018229166666666668
0 0.2392578125 0.029947916666666668 0.0087890625 0.014322916666666666
0 0.2666015625 0.032552083333333336 0.0078125 0.014322916666666666
0 0.2919921875 0.029947916666666668 0.0087890625 0.01171875
0 0.2880859375 0.059895833333333336 0.0078125 0.010416666666666666
0 0.3349609375 0.016927083333333332 0.0078125 0.018229166666666668
0 0.359375 0.024739583333333332 0.0087890625 0.016927083333333332
0 0.23828125 0.014322916666666666 0.0078125 0.013020833333333334
0 0.1650390625 0.005208333333333333 0.009765625 0.01171875
0 0.0439453125 0.018229166666666668 0.0087890625 0.015625
0 0.0771484375 0.049479166666666664 0.0087890625 0.014322916666666666
0 0.1240234375 0.05078125 0.0087890625 0.014322916666666666
0 0.0087890625 0.032552083333333336 0.013671875 0.02734375
0 0.3193359375 0.1171875 0.01171875 0.024739583333333332
0 0.5458984375 0.3294270833333333 0.01171875 0.022135416666666668
0 0.603515625 0.3046875 0.0107421875 0.018229166666666668
0 0.65234375 0.265625 0.0087890625 0.018229166666666668
0 0.634765625 0.2916666666666667 0.0078125 0.016927083333333332
0 0.5927734375 0.3997395833333333 0.013671875 0.0234375
0 0.5126953125 0.23828125 0.009765625 0.018229166666666668
0 0.5107421875 0.21354166666666666 0.009765625 0.018229166666666668
0 0.4794921875 0.22135416666666666 0.0078125 0.013020833333333334
0 0.48828125 0.24348958333333334 0.0087890625 0.018229166666666668
0 0.5625 0.21484375 0.0107421875 0.018229166666666668
0 0.59375 0.19010416666666666 0.0107421875 0.018229166666666668
0 0.6162109375 0.16927083333333334 0.0078125 0.016927083333333332
0 0.64453125 0.15755208333333334 0.009765625 0.016927083333333332
0 0.6611328125 0.13932291666666666 0.0107421875 0.015625
0 0.578125 0.16666666666666666 0.0087890625 0.018229166666666668
0 0.548828125 0.16796875 0.009765625 0.014322916666666666
0 0.509765625 0.171875 0.009765625 0.018229166666666668
0 0.5205078125 0.19270833333333334 0.0087890625 0.014322916666666666
0 0.498046875 0.19791666666666666 0.009765625 0.016927083333333332
0 0.4775390625 0.15104166666666666 0.0078125 0.013020833333333334
0 0.466796875 0.12630208333333334 0.0087890625 0.016927083333333332
0 0.494140625 0.12369791666666667 0.009765625 0.018229166666666668
0 0.5732421875 0.12630208333333334 0.009765625 0.018229166666666668
0 0.5869140625 0.12890625 0.0087890625 0.016927083333333332
0 0.599609375 0.11328125 0.0068359375 0.015625
0 0.640625 0.11848958333333333 0.009765625 0.016927083333333332
0 0.6650390625 0.11848958333333333 0.009765625 0.015625
0 0.693359375 0.13151041666666666 0.0107421875 0.018229166666666668
0 0.71875 0.12239583333333333 0.0078125 0.014322916666666666
0 0.7392578125 0.11848958333333333 0.009765625 0.018229166666666668
0 0.7412109375 0.09765625 0.0078125 0.014322916666666666
0 0.771484375 0.0859375 0.0107421875 0.01953125
0 0.7041015625 0.10026041666666667 0.0107421875 0.018229166666666668
0 0.662109375 0.09765625 0.0107421875 0.016927083333333332
0 0.626953125 0.10807291666666667 0.0087890625 0.015625
0 0.6298828125 0.06380208333333333 0.0087890625 0.01953125
0 0.6494140625 0.0546875 0.0107421875 0.018229166666666668
0 0.6083984375 0.053385416666666664 0.0087890625 0.014322916666666666
0 0.5537109375 0.059895833333333336 0.0078125 0.016927083333333332
0 0.7255859375 0.057291666666666664 0.01171875 0.01953125
0 0.7529296875 0.06770833333333333 0.0087890625 0.018229166666666668
0 0.7861328125 0.06770833333333333 0.0078125 0.016927083333333332
0 0.5625 0.041666666666666664 0.0078125 0.014322916666666666
0 0.51953125 0.041666666666666664 0.005859375 0.010416666666666666
0 0.5068359375 0.03125 0.0087890625 0.016927083333333332
0 0.4306640625 0.032552083333333336 0.0107421875 0.01953125
0 0.3974609375 0.06380208333333333 0.009765625 0.016927083333333332
0 0.3818359375 0.08854166666666667 0.009765625 0.018229166666666668
0 0.400390625 0.03125 0.009765625 0.015625
0 0.65234375 0.033854166666666664 0.0078125 0.015625
0 0.6767578125 0.02734375 0.0087890625 0.015625
0 0.6923828125 0.036458333333333336 0.0087890625 0.018229166666666668
0 0.712890625 0.033854166666666664 0.0078125 0.015625
0 0.7724609375 0.03515625 0.0107421875 0.016927083333333332
0 0.8056640625 0.028645833333333332 0.0078125 0.013020833333333334
0 0.8203125 0.045572916666666664 0.0107421875 0.016927083333333332
0 0.814453125 0.07161458333333333 0.009765625 0.018229166666666668
0 0.8544921875 0.049479166666666664 0.0107421875 0.01953125
0 0.62109375 0.04296875 0.0068359375 0.014322916666666666
0 0.638671875 0.045572916666666664 0.009765625 0.015625
0 0.83984375 0.013020833333333334 0.009765625 0.01171875
0 0.6962890625 0.013020833333333334 0.0087890625 0.013020833333333334
0 0.7294921875 0.010416666666666666 0.0087890625 0.009114583333333334
0 0.751953125 0.01171875 0.0087890625 0.015625
0 0.6640625 0.052083333333333336 0.0078125 0.014322916666666666
0 0.6015625 0.0625 0.0078125 0.013020833333333334
0 0.7978515625 0.015625 0.0068359375 0.013020833333333334
0 0.865234375 0.0078125 0.0087890625 0.015625
0 0.8935546875 0.026041666666666668 0.01171875 0.01953125
0 0.9130859375 0.005208333333333333 0.0107421875 0.01171875
0 0.10546875 0.5625 0.013671875 0.0234375
0 0.0048828125 0.19401041666666666 0.0078125 0.015625
0 0.0625 0.14192708333333334 0.0078125 0.014322916666666666
0 0.1689453125 0.13151041666666666 0.0078125 0.014322916666666666
0 0.1962890625 0.16666666666666666 0.0078125 0.01171875
0 0.244140625 0.19010416666666666 0.009765625 0.018229166666666668
0 0.3876953125 0.016927083333333332 0.0087890625 0.014322916666666666
0 0.423828125 0.013020833333333334 0.009765625 0.014322916666666666
0 0.4482421875 0.01171875 0.0087890625 0.015625
0 0.404296875 0.006510416666666667 0.0087890625 0.013020833333333334
0 0.3759765625 0.006510416666666667 0.0078125 0.013020833333333334
0 0.41015625 0.048177083333333336 0.0087890625 0.015625
0 0.9697265625 0.3294270833333333 0.021484375 0.02734375
0 0.7978515625 0.4010416666666667 0.013671875 0.024739583333333332