0 0.0390625 0.3216145833333333 0.01171875 0.018229166666666668
0 0.0732421875 0.33203125 0.01171875 0.01953125
0 0.09375 0.3151041666666667 0.013671875 0.018229166666666668
0 0.1201171875 0.3046875 0.0107421875 0.016927083333333332
0 0.1416015625 0.296875 0.009765625 0.016927083333333332
0 0.166015625 0.28515625 0.0107421875 0.01953125
0 0.111328125 0.2513020833333333 0.01171875 0.016927083333333332
0 0.1181640625 0.23307291666666666 0.0078125 0.015625
0 0.1396484375 0.22526041666666666 0.0107421875 0.016927083333333332
0 0.0673828125 0.2513020833333333 0.01171875 0.015625
0 0.037109375 0.27734375 0.0107421875 0.015625
0 0.0107421875 0.2838541666666667 0.009765625 0.015625
0 0.1474609375 0.359375 0.0107421875 0.016927083333333332
0 0.169921875 0.3580729166666667 0.009765625 0.015625
0 0.1123046875 0.41796875 0.0107421875 0.015625
0 0.0234375 0.4609375 0.0107421875 0.015625
0 0.21484375 0.3854166666666667 0.009765625 0.018229166666666668
0 0.2353515625 0.3684895833333333 0.0107421875 0.018229166666666668
0 0.279296875 0.359375 0.01171875 0.016927083333333332
0 0.2978515625 0.3580729166666667 0.0107421875 0.018229166666666668
0 0.30859375 0.31640625 0.0107421875 0.015625
0 0.33203125 0.2877604166666667 0.009765625 0.018229166666666668
0 0.294921875 0.23697916666666666 0.009765625 0.014322916666666666
0 0.31640625 0.23177083333333334 0.0107421875 0.015625
0 0.271484375 0.265625 0.009765625 0.015625
0 0.2353515625 0.3229166666666667 0.0107421875 0.015625
0 0.26171875 0.32421875 0.0107421875 0.016927083333333332
0 0.1826171875 0.22265625 0.0087890625 0.015625
0 0.205078125 0.21223958333333334 0.009765625 0.013020833333333334
0 0.2275390625 0.20703125 0.0107421875 0.016927083333333332
0 0.1962890625 0.2682291666666667 0.0126953125 0.01953125
0 0.3349609375 0.3528645833333333 0.009765625 0.014322916666666666
0 0.2724609375 0.4283854166666667 0.01171875 0.015625
0 0.25 0.4348958333333333 0.0107421875 0.015625
0 0.189453125 0.4544270833333333 0.0107421875 0.01953125
0 0.1630859375 0.45703125 0.013671875 0.01953125
0 0.3193359375 0.4192708333333333 0.0107421875 0.018229166666666668
0 0.28125 0.4244791666666667 0.009765625 0.018229166666666668
0 0.4384765625 0.3177083333333333 0.009765625 0.015625
0 0.408203125 0.328125 0.0107421875 0.01953125
0 0.4609375 0.3658854166666667 0.01171875 0.01953125
0 0.6669921875 0.4036458333333333 0.0107421875 0.016927083333333332
0 0.5576171875 0.3359375 0.0107421875 0.016927083333333332
0 0.576171875 0.3216145833333333 0.01171875 0.016927083333333332
0 0.6064453125 0.3190104166666667 0.0107421875 0.016927083333333332
0 0.63671875 0.22395833333333334 0.01171875 0.016927083333333332
0 0.54296875 0.26953125 0.009765625 0.018229166666666668
0 0.5654296875 0.2604166666666667 0.0107421875 0.013020833333333334
0 0.513671875 0.2786458333333333 0.009765625 0.014322916666666666
0 0.5009765625 0.2799479166666667 0.0107421875 0.016927083333333332
0 0.4765625 0.24739583333333334 0.0126953125 0.016927083333333332
0 0.4521484375 0.24739583333333334 0.009765625 0.015625
0 0.4970703125 0.22265625 0.009765625 0.018229166666666668
0 0.525390625 0.21614583333333334 0.01171875 0.016927083333333332
0 0.5029296875 0.17838541666666666 0.01171875 0.018229166666666668
0 0.4814453125 0.18880208333333334 0.01171875 0.015625
0 0.408203125 0.20572916666666666 0.0087890625 0.015625
0 0.3388671875 0.17447916666666666 0.0087890625 0.014322916666666666
0 0.3466796875 0.16666666666666666 0.0087890625 0.014322916666666666
0 0.41015625 0.13932291666666666 0.009765625 0.015625
0 0.3017578125 0.17578125 0.0107421875 0.015625
0 0.9443359375 0.15104166666666666 0.01171875 0.01953125
0 0.9912109375 0.16015625 0.009765625 0.018229166666666668
0 0.96875 0.10807291666666667 0.01171875 0.018229166666666668
0 0.947265625 0.10807291666666667 0.0087890625 0.014322916666666666
0 0.892578125 0.20052083333333334 0.0107421875 0.01953125
0 0.9404296875 0.19921875 0.009765625 0.015625
0 0.96484375 0.20833333333333334 0.0107421875 0.016927083333333332
0 0.9814453125 0.21484375 0.0107421875 0.018229166666666668
0 0.9638671875 0.25 0.0107421875 0.018229166666666668
0 0.939453125 0.2513020833333333 0.009765625 0.015625
0 0.908203125 0.24609375 0.009765625 0.015625
0 0.9130859375 0.3489583333333333 0.01171875 0.018229166666666668
0 0.8388671875 0.3489583333333333 0.0107421875 0.015625
0 0.9638671875 0.4127604166666667 0.0107421875 0.018229166666666668
0 0.98828125 0.3684895833333333 0.01171875 0.020833333333333332
0 0.95703125 0.3671875 0.01171875 0.01953125
0 0.9599609375 0.4609375 0.0107421875 0.018229166666666668
0 0.9228515625 0.453125 0.0107421875 0.01953125
0 0.931640625 0.4114583333333333 0.0107421875 0.016927083333333332
0 0.90234375 0.4388020833333333 0.0107421875 0.018229166666666668
0 0.88671875 0.41015625 0.0078125 0.014322916666666666
0 0.8583984375 0.4270833333333333 0.0107421875 0.018229166666666668
0 0.86328125 0.3932291666666667 0.01171875 0.016927083333333332
0 0.833984375 0.3841145833333333 0.0107421875 0.016927083333333332
0 0.822265625 0.43359375 0.0107421875 0.016927083333333332
0 0.7919921875 0.4127604166666667 0.0107421875 0.016927083333333332
0 0.8056640625 0.3697916666666667 0.0107421875 0.018229166666666668
0 0.759765625 0.41015625 0.01171875 0.01953125
0 0.89453125 0.3763020833333333 0.009765625 0.014322916666666666
0 0.7744140625 0.6497395833333334 0.01171875 0.018229166666666668
0 0.876953125 0.7786458333333334 0.009765625 0.022135416666666668
0 0.6064453125 0.6809895833333334 0.01171875 0.01953125
0 0.619140625 0.62109375 0.0126953125 0.020833333333333332
0 0.5556640625 0.6848958333333334 0.013671875 0.022135416666666668
0 0.7314453125 0.7890625 0.009765625 0.018229166666666668
0 0.8232421875 0.7786458333333334 0.009765625 0.016927083333333332
0 0.2861328125 0.5755208333333334 0.013671875 0.022135416666666668
0 0.2666015625 0.5807291666666666 0.01171875 0.01171875
0 0.0654296875 0.6653645833333334 0.0107421875 0.018229166666666668
0 0.7490234375 0.21614583333333334 0.009765625 0.015625