0 0.015625 0.283203125 0.015625 0.03515625
0 0.076171875 0.25 0.017578125 0.03515625
0 0.3076171875 0.146484375 0.01171875 0.0234375
0 0.462890625 0.134765625 0.013671875 0.041015625
0 0.1669921875 0.1171875 0.0205078125 0.05078125
0 0.123046875 0.146484375 0.0107421875 0.021484375
0 0.0888671875 0.166015625 0.0087890625 0.0234375
0 0.7998046875 0.10546875 0.0126953125 0.03125
0 0.5751953125 0.201171875 0.015625 0.044921875
0 0.8115234375 0.5625 0.0234375 0.02734375
0 0.6435546875 0.056640625 0.01953125 0.044921875
0 0.318359375 0.603515625 0.0205078125 0.029296875
0 0.0546875 0.92578125 0.0302734375 0.0703125
0 0.5322265625 0.91015625 0.0302734375 0.08203125
0 0.955078125 0.095703125 0.0166015625 0.04296875
0 0.328125 0.08984375 0.01171875 0.03125
0 0.1513671875 0.3125 0.021484375 0.046875
0 0.11328125 0.341796875 0.01953125 0.03125
0 0.6171875 0.107421875 0.0146484375 0.029296875
0 0.58203125 0.123046875 0.0126953125 0.02734375
0 0.603515625 0.2890625 0.021484375 0.03515625
0 0.8203125 0.044921875 0.0126953125 0.02734375