0 0.05078125 0.8271446862996159 0.013671875 0.02176696542893726
0 0.025390625 0.7912932138284251 0.0068359375 0.015364916773367477
0 0.0537109375 0.7464788732394366 0.0068359375 0.014084507042253521
0 0.23828125 0.8425096030729834 0.0107421875 0.02176696542893726
0 0.2822265625 0.8399487836107554 0.0087890625 0.019206145966709345
0 0.3046875 0.8514724711907811 0.0078125 0.012804097311139564
0 0.2919921875 0.8207426376440461 0.009765625 0.015364916773367477
0 0.3056640625 0.7797695262483995 0.0068359375 0.011523687580025609
0 0.1669921875 0.7669654289372599 0.0078125 0.011523687580025609
0 0.2734375 0.2855313700384123 0.01953125 0.03713188220230474
0 0.294921875 0.3111395646606914 0.04296875 0.02560819462227913
0 0.3486328125 0.6914212548015365 0.0166015625 0.026888604353393086
0 0.4345703125 0.5953905249679897 0.01953125 0.040973111395646605
0 0.4697265625 0.5979513444302177 0.021484375 0.03969270166453265
0 0.4658203125 0.8501920614596671 0.009765625 0.016645326504481434
0 0.4697265625 0.8783610755441741 0.0087890625 0.016645326504481434
0 0.4970703125 0.8565941101152369 0.0087890625 0.014084507042253521
0 0.5087890625 0.8309859154929577 0.0068359375 0.014084507042253521
0 0.5556640625 0.8578745198463509 0.0087890625 0.015364916773367477
0 0.654296875 0.8668373879641486 0.0087890625 0.015364916773367477
0 0.6787109375 0.8642765685019206 0.0078125 0.019206145966709345
0 0.669921875 0.8565941101152369 0.0107421875 0.01792573623559539
0 0.693359375 0.8706786171574904 0.0068359375 0.011523687580025609
0 0.3740234375 0.8501920614596671 0.009765625 0.01792573623559539
0 0.5849609375 0.5172855313700384 0.0234375 0.03841229193341869
0 0.6513671875 0.5480153649167734 0.025390625 0.03969270166453265
0 0.73828125 0.4686299615877081 0.0302734375 0.05121638924455826
0 0.712890625 0.8655569782330346 0.009765625 0.014084507042253521
0 0.72265625 0.8604353393085787 0.0078125 0.012804097311139564
0 0.8212890625 0.8783610755441741 0.0078125 0.011523687580025609
0 0.8515625 0.8258642765685019 0.0078125 0.015364916773367477
0 0.9091796875 0.8540332906530089 0.009765625 0.015364916773367477
0 0.912109375 0.8258642765685019 0.0068359375 0.014084507042253521
0 0.923828125 0.8886043533930857 0.0078125 0.010243277848911651
0 0.01953125 0.7311139564660691 0.0078125 0.012804097311139564
0 0.0107421875 0.8297055057618438 0.0126953125 0.020486555697823303
0 0.0703125 0.7490396927016645 0.0078125 0.01792573623559539
0 0.064453125 0.6798975672215108 0.005859375 0.008962868117797696
0 0.0791015625 0.676056338028169 0.005859375 0.011523687580025609
0 0.1005859375 0.646606914212548 0.0068359375 0.012804097311139564
0 0.1201171875 0.6504481434058899 0.005859375 0.008962868117797696
0 0.109375 0.6363636363636364 0.0048828125 0.008962868117797696
0 0.1025390625 0.6299615877080665 0.0048828125 0.010243277848911651
0 0.087890625 0.6338028169014085 0.005859375 0.010243277848911651
0 0.087890625 0.6235595390524968 0.005859375 0.008962868117797696
0 0.07421875 0.6120358514724712 0.005859375 0.008962868117797696
0 0.0693359375 0.6325224071702945 0.005859375 0.010243277848911651
0 0.0517578125 0.6402048655569782 0.0048828125 0.008962868117797696
0 0.021484375 0.6338028169014085 0.0068359375 0.012804097311139564
0 0.017578125 0.614596670934699 0.005859375 0.008962868117797696
0 0.0126953125 0.6235595390524968 0.005859375 0.010243277848911651
0 0.0400390625 0.6235595390524968 0.0068359375 0.012804097311139564
0 0.05078125 0.6286811779769527 0.005859375 0.008962868117797696
0 0.044921875 0.6606914212548015 0.005859375 0.0076824583866837385
0 0.0625 0.6517285531370038 0.0048828125 0.010243277848911651
0 0.11328125 0.6811779769526248 0.0048828125 0.008962868117797696
0 0.119140625 0.6632522407170295 0.005859375 0.010243277848911651
0 0.0576171875 0.6197183098591549 0.005859375 0.008962868117797696
0 0.068359375 0.6209987195902689 0.005859375 0.008962868117797696
0 0.16796875 0.8309859154929577 0.009765625 0.019206145966709345
0 0.16015625 0.734955185659411 0.005859375 0.012804097311139564
0 0.1630859375 0.7451984635083226 0.0068359375 0.014084507042253521
0 0.099609375 0.649167733674776 0.0068359375 0.012804097311139564
0 0.033203125 0.6133162612035852 0.005859375 0.010243277848911651
0 0.04296875 0.6043533930857875 0.005859375 0.008962868117797696
0 0.0234375 0.6056338028169014 0.005859375 0.0076824583866837385
0 0.15234375 0.6414852752880922 0.005859375 0.010243277848911651
0 0.150390625 0.6530089628681178 0.005859375 0.011523687580025609
0 0.13671875 0.6414852752880922 0.0068359375 0.012804097311139564
0 0.1259765625 0.645326504481434 0.005859375 0.010243277848911651
0 0.1337890625 0.6081946222791293 0.005859375 0.008962868117797696
0 0.1806640625 0.6978233034571063 0.005859375 0.008962868117797696
0 0.169921875 0.6875800256081946 0.005859375 0.008962868117797696
0 0.17578125 0.6837387964148528 0.005859375 0.008962868117797696
0 0.1640625 0.6965428937259923 0.0068359375 0.0076824583866837385
0 0.1171875 0.7195902688860435 0.005859375 0.011523687580025609
0 0.1884765625 0.6798975672215108 0.0068359375 0.011523687580025609
0 0.189453125 0.6952624839948783 0.005859375 0.010243277848911651
0 0.193359375 0.7119078104993598 0.005859375 0.010243277848911651
0 0.1943359375 0.7247119078104993 0.0068359375 0.008962868117797696
0 0.197265625 0.7003841229193342 0.0048828125 0.008962868117797696
0 0.205078125 0.6914212548015365 0.0068359375 0.010243277848911651
0 0.1982421875 0.6862996158770807 0.0068359375 0.008962868117797696
0 0.1923828125 0.6017925736235595 0.005859375 0.008962868117797696
0 0.2734375 0.5966709346991037 0.0224609375 0.03713188220230474
0 0.021484375 0.5608194622279129 0.0048828125 0.008962868117797696
0 0.025390625 0.5441741357234315 0.0048828125 0.0076824583866837385
0 0.0126953125 0.5326504481434059 0.0048828125 0.0076824583866837385
0 0.0166015625 0.5531370038412292 0.005859375 0.011523687580025609
0 0.01953125 0.5774647887323944 0.005859375 0.008962868117797696
0 0.046875 0.586427656850192 0.0048828125 0.008962868117797696
0 0.0263671875 0.5851472471190781 0.0068359375 0.011523687580025609
0 0.0791015625 0.5531370038412292 0.0029296875 0.0076824583866837385
0 0.0986328125 0.5454545454545454 0.0048828125 0.0076824583866837385
0 0.142578125 0.5633802816901409 0.0087890625 0.012804097311139564
0 0.126953125 0.5556978233034571 0.0068359375 0.010243277848911651
0 0.0732421875 0.5403329065300896 0.005859375 0.008962868117797696
0 0.087890625 0.5300896286811779 0.0068359375 0.011523687580025609
0 0.1689453125 0.5749039692701664 0.0087890625 0.015364916773367477
0 0.1806640625 0.5659411011523687 0.0068359375 0.011523687580025609
0 0.1962890625 0.5672215108834827 0.0078125 0.012804097311139564
0 0.1982421875 0.5787451984635084 0.0078125 0.012804097311139564
0 0.17578125 0.5902688860435339 0.0078125 0.011523687580025609
0 0.2939453125 0.736235595390525 0.0068359375 0.011523687580025609
0 0.2939453125 0.7516005121638925 0.0068359375 0.011523687580025609
0 0.2978515625 0.7720870678617158 0.0068359375 0.014084507042253521
0 0.314453125 0.764404609475032 0.0087890625 0.014084507042253521
0 0.306640625 0.8028169014084507 0.0087890625 0.014084507042253521
0 0.287109375 0.8053777208706786 0.0068359375 0.011523687580025609
0 0.3671875 0.7925736235595391 0.0087890625 0.014084507042253521
0 0.3271484375 0.704225352112676 0.005859375 0.008962868117797696
0 0.322265625 0.706786171574904 0.0048828125 0.012804097311139564
0 0.3447265625 0.6722151088348272 0.005859375 0.008962868117797696
0 0.3291015625 0.6517285531370038 0.0048828125 0.010243277848911651
0 0.3125 0.678617157490397 0.0068359375 0.011523687580025609
0 0.3212890625 0.6888604353393086 0.0068359375 0.010243277848911651
0 0.3349609375 0.708066581306018 0.005859375 0.008962868117797696
0 0.3837890625 0.674775928297055 0.0078125 0.010243277848911651
0 0.3759765625 0.674775928297055 0.0068359375 0.008962868117797696
0 0.3466796875 0.6632522407170295 0.0048828125 0.0076824583866837385
0 0.3798828125 0.7157490396927016 0.005859375 0.008962868117797696
0 0.494140625 0.8066581306017926 0.0068359375 0.011523687580025609
0 0.498046875 0.8207426376440461 0.005859375 0.010243277848911651
0 0.4912109375 0.8463508322663252 0.0078125 0.015364916773367477
0 0.505859375 0.8066581306017926 0.0068359375 0.011523687580025609
0 0.5361328125 0.7925736235595391 0.0068359375 0.011523687580025609
0 0.5478515625 0.795134443021767 0.005859375 0.010243277848911651
0 0.5478515625 0.8079385403329066 0.005859375 0.011523687580025609
0 0.548828125 0.8309859154929577 0.005859375 0.008962868117797696
0 0.541015625 0.8233034571062741 0.005859375 0.010243277848911651
0 0.5380859375 0.8412291933418694 0.0068359375 0.010243277848911651
0 0.552734375 0.8489116517285531 0.0068359375 0.014084507042253521
0 0.55859375 0.8207426376440461 0.005859375 0.010243277848911651
0 0.5849609375 0.8591549295774648 0.0078125 0.014084507042253521
0 0.5341796875 0.6645326504481434 0.005859375 0.010243277848911651
0 0.525390625 0.6798975672215108 0.0048828125 0.010243277848911651
0 0.513671875 0.6709346991037132 0.0068359375 0.015364916773367477
0 0.5185546875 0.6875800256081946 0.0078125 0.012804097311139564
0 0.611328125 0.7208706786171575 0.005859375 0.008962868117797696
0 0.6123046875 0.70550576184379 0.0068359375 0.010243277848911651
0 0.5986328125 0.704225352112676 0.00390625 0.0076824583866837385
0 0.60546875 0.6414852752880922 0.0048828125 0.0076824583866837385
0 0.6005859375 0.7183098591549296 0.005859375 0.010243277848911651
0 0.6015625 0.7323943661971831 0.005859375 0.010243277848911651
0 0.7158203125 0.6798975672215108 0.0078125 0.011523687580025609
0 0.7080078125 0.6824583866837388 0.005859375 0.010243277848911651
0 0.681640625 0.7580025608194623 0.0048828125 0.008962868117797696
0 0.70703125 0.7413572343149808 0.0048828125 0.0076824583866837385
0 0.708984375 0.764404609475032 0.005859375 0.008962868117797696
0 0.69140625 0.7477592829705506 0.005859375 0.0076824583866837385
0 0.6982421875 0.7669654289372599 0.0048828125 0.010243277848911651
0 0.7041015625 0.7746478873239436 0.0048828125 0.0076824583866837385
0 0.6943359375 0.7784891165172856 0.0078125 0.008962868117797696
0 0.6875 0.7746478873239436 0.0048828125 0.006402048655569782
0 0.681640625 0.8092189500640204 0.0048828125 0.011523687580025609
0 0.6826171875 0.795134443021767 0.005859375 0.008962868117797696
0 0.6962890625 0.793854033290653 0.0048828125 0.008962868117797696
0 0.7021484375 0.8028169014084507 0.0048828125 0.008962868117797696
0 0.7236328125 0.8092189500640204 0.0078125 0.015364916773367477
0 0.7119140625 0.7964148527528809 0.0068359375 0.014084507042253521
0 0.7099609375 0.8207426376440461 0.005859375 0.010243277848911651
0 0.720703125 0.8373879641485276 0.0068359375 0.011523687580025609
0 0.70703125 0.8309859154929577 0.005859375 0.010243277848911651
0 0.712890625 0.8425096030729834 0.0068359375 0.010243277848911651
0 0.673828125 0.8233034571062741 0.0068359375 0.010243277848911651
0 0.6845703125 0.8322663252240717 0.005859375 0.008962868117797696
0 0.6904296875 0.8553137003841229 0.0068359375 0.010243277848911651
0 0.705078125 0.8604353393085787 0.005859375 0.0076824583866837385
0 0.7421875 0.8668373879641486 0.0087890625 0.0076824583866837385
0 0.6982421875 0.8271446862996159 0.0068359375 0.011523687580025609
0 0.6611328125 0.8463508322663252 0.0068359375 0.011523687580025609
0 0.7685546875 0.8271446862996159 0.005859375 0.0076824583866837385
0 0.7705078125 0.8399487836107554 0.0068359375 0.008962868117797696
0 0.77734375 0.8284250960307298 0.005859375 0.011523687580025609
0 0.7900390625 0.8309859154929577 0.005859375 0.010243277848911651
0 0.8017578125 0.8501920614596671 0.0068359375 0.010243277848911651
0 0.796875 0.8629961587708067 0.005859375 0.010243277848911651
0 0.7861328125 0.8732394366197183 0.0068359375 0.010243277848911651
0 0.7783203125 0.8617157490396927 0.0068359375 0.0076824583866837385
0 0.8076171875 0.8745198463508322 0.0068359375 0.012804097311139564
0 0.833984375 0.7810499359795134 0.00390625 0.008962868117797696
0 0.8662109375 0.8169014084507042 0.0078125 0.019206145966709345
0 0.8642578125 0.8271446862996159 0.005859375 0.010243277848911651
0 0.8408203125 0.8245838668373879 0.005859375 0.010243277848911651
0 0.8359375 0.8335467349551856 0.005859375 0.010243277848911651
0 0.869140625 0.8565941101152369 0.005859375 0.011523687580025609
0 0.869140625 0.8373879641485276 0.0048828125 0.008962868117797696
0 0.8720703125 0.882202304737516 0.0078125 0.012804097311139564
0 0.830078125 0.7580025608194623 0.0048828125 0.0076824583866837385
0 0.83984375 0.7387964148527529 0.0048828125 0.006402048655569782
0 0.8369140625 0.7490396927016645 0.0048828125 0.008962868117797696
0 0.884765625 0.8117797695262484 0.005859375 0.0076824583866837385
0 0.88671875 0.7874519846350833 0.00390625 0.006402048655569782
0 0.875 0.7631241997439181 0.00390625 0.006402048655569782
0 0.8583984375 0.7554417413572343 0.0048828125 0.006402048655569782
0 0.873046875 0.7451984635083226 0.00390625 0.006402048655569782
0 0.8857421875 0.7451984635083226 0.00390625 0.005121638924455826
0 0.8876953125 0.706786171574904 0.0048828125 0.008962868117797696
0 0.8984375 0.7746478873239436 0.00390625 0.006402048655569782
0 0.953125 0.7823303457106274 0.0048828125 0.008962868117797696
0 0.9423828125 0.7720870678617158 0.00390625 0.006402048655569782
0 0.908203125 0.7503201024327785 0.00390625 0.006402048655569782
0 0.9228515625 0.7784891165172856 0.00390625 0.006402048655569782
0 0.9326171875 0.7887323943661971 0.00390625 0.006402048655569782
0 0.927734375 0.7695262483994878 0.0048828125 0.0076824583866837385
0 0.8564453125 0.7336747759282971 0.0048828125 0.008962868117797696
0 0.8515625 0.7195902688860435 0.00390625 0.0076824583866837385
0 0.845703125 0.7106274007682458 0.00390625 0.006402048655569782
0 0.841796875 0.7208706786171575 0.005859375 0.008962868117797696
0 0.822265625 0.7336747759282971 0.0048828125 0.0076824583866837385
0 0.8818359375 0.8578745198463509 0.0068359375 0.010243277848911651
0 0.953125 0.8706786171574904 0.0068359375 0.011523687580025609
0 0.9423828125 0.8258642765685019 0.0078125 0.014084507042253521
0 0.88671875 0.8271446862996159 0.0078125 0.011523687580025609
0 0.88671875 0.7784891165172856 0.005859375 0.008962868117797696
0 0.8525390625 0.7874519846350833 0.0068359375 0.010243277848911651
0 0.00390625 0.6248399487836107 0.0068359375 0.014084507042253521
0 0.015625 0.677336747759283 0.0078125 0.011523687580025609
0 0.009765625 0.6888604353393086 0.0078125 0.011523687580025609
0 0.0048828125 0.7144686299615877 0.0087890625 0.012804097311139564
0 0.0244140625 0.7144686299615877 0.0068359375 0.012804097311139564
0 0.013671875 0.7016645326504481 0.005859375 0.012804097311139564
0 0.0302734375 0.7093469910371318 0.0068359375 0.011523687580025609
0 0.033203125 0.6914212548015365 0.0078125 0.011523687580025609
0 0.0380859375 0.676056338028169 0.0068359375 0.011523687580025609
0 0.0517578125 0.70550576184379 0.0068359375 0.008962868117797696
0 0.0576171875 0.6952624839948783 0.0068359375 0.010243277848911651
0 0.0771484375 0.6875800256081946 0.0068359375 0.008962868117797696
0 0.072265625 0.6965428937259923 0.0068359375 0.008962868117797696
0 0.0458984375 0.7272727272727273 0.0068359375 0.011523687580025609
0 0.0712890625 0.7183098591549296 0.009765625 0.012804097311139564
0 0.07421875 0.7093469910371318 0.005859375 0.008962868117797696
0 0.095703125 0.6978233034571063 0.0068359375 0.010243277848911651
0 0.099609375 0.6875800256081946 0.0068359375 0.011523687580025609
0 0.0966796875 0.7285531370038413 0.0087890625 0.011523687580025609
0 0.099609375 0.7528809218950064 0.0078125 0.011523687580025609
0 0.119140625 0.7400768245838668 0.0078125 0.011523687580025609
0 0.09765625 0.764404609475032 0.0078125 0.010243277848911651
0 0.083984375 0.7797695262483995 0.0087890625 0.011523687580025609
0 0.03125 0.737516005121639 0.0087890625 0.011523687580025609
0 0.1767578125 0.7195902688860435 0.0087890625 0.012804097311139564
0 0.1787109375 0.736235595390525 0.0078125 0.012804097311139564
0 0.1767578125 0.7503201024327785 0.0078125 0.010243277848911651
0 0.169921875 0.7567221510883483 0.0087890625 0.014084507042253521
0 0.1708984375 0.8079385403329066 0.0078125 0.015364916773367477
0 0.1650390625 0.795134443021767 0.0078125 0.015364916773367477
0 0.1904296875 0.7451984635083226 0.01171875 0.020486555697823303
0 0.404296875 0.8450704225352113 0.0126953125 0.016645326504481434
0 0.8916015625 0.7682458386683739 0.0048828125 0.006402048655569782
0 0.8974609375 0.7490396927016645 0.0068359375 0.008962868117797696
0 0.921875 0.7887323943661971 0.0048828125 0.006402048655569782
0 0.83984375 0.7592829705505761 0.0048828125 0.005121638924455826
0 0.02734375 0.5749039692701664 0.005859375 0.010243277848911651
0 0.9599609375 0.8501920614596671 0.0068359375 0.0076824583866837385
0 0.98046875 0.8335467349551856 0.0068359375 0.010243277848911651
0 0.9951171875 0.8412291933418694 0.0078125 0.011523687580025609
0 0.986328125 0.8066581306017926 0.005859375 0.0076824583866837385
0 0.9697265625 0.8015364916773368 0.0048828125 0.0076824583866837385
0 0.9599609375 0.7925736235595391 0.005859375 0.0076824583866837385
0 0.853515625 0.8040973111395646 0.005859375 0.0076824583866837385
0 0.8212890625 0.7618437900128041 0.0048828125 0.006402048655569782
0 0.82421875 0.7003841229193342 0.0048828125 0.0076824583866837385
0 0.8203125 0.6927016645326505 0.005859375 0.010243277848911651
0 0.8173828125 0.6670934699103713 0.00390625 0.006402048655569782
0 0.833984375 0.7016645326504481 0.00390625 0.008962868117797696
0 0.869140625 0.6965428937259923 0.0048828125 0.006402048655569782
0 0.87890625 0.734955185659411 0.0048828125 0.0076824583866837385
0 0.8408203125 0.734955185659411 0.00390625 0.0076824583866837385
0 0.845703125 0.7298335467349552 0.0048828125 0.006402048655569782
0 0.8515625 0.7580025608194623 0.005859375 0.0076824583866837385
0 0.9033203125 0.734955185659411 0.00390625 0.0076824583866837385
0 0.919921875 0.7528809218950064 0.0048828125 0.006402048655569782
0 0.935546875 0.7618437900128041 0.0048828125 0.0076824583866837385
0 0.9326171875 0.7413572343149808 0.0048828125 0.006402048655569782
0 0.89453125 0.7413572343149808 0.005859375 0.0076824583866837385
0 0.95703125 0.7426376440460948 0.005859375 0.0076824583866837385
0 0.9462890625 0.736235595390525 0.005859375 0.006402048655569782
0 0.970703125 0.7426376440460948 0.0068359375 0.0076824583866837385
0 0.9970703125 0.7451984635083226 0.005859375 0.0076824583866837385
0 0.9833984375 0.7439180537772087 0.005859375 0.0076824583866837385
0 0.990234375 0.7528809218950064 0.0048828125 0.006402048655569782
0 0.974609375 0.764404609475032 0.005859375 0.0076824583866837385
0 0.9853515625 0.7797695262483995 0.005859375 0.008962868117797696
0 0.9345703125 0.7784891165172856 0.005859375 0.0076824583866837385
0 0.908203125 0.764404609475032 0.005859375 0.006402048655569782
0 0.916015625 0.7720870678617158 0.0048828125 0.006402048655569782
0 0.9951171875 0.7272727272727273 0.0078125 0.008962868117797696
0 0.9072265625 0.6619718309859155 0.00390625 0.006402048655569782
0 0.8740234375 0.6594110115236875 0.0029296875 0.0038412291933418692
0 0.97265625 0.6798975672215108 0.0029296875 0.005121638924455826
0 0.982421875 0.6862996158770807 0.00390625 0.005121638924455826
0 0.970703125 0.6978233034571063 0.0048828125 0.006402048655569782
0 0.1572265625 0.5749039692701664 0.0078125 0.008962868117797696
0 0.0615234375 0.5224071702944942 0.0048828125 0.010243277848911651
0 0.111328125 0.5416133162612036 0.00390625 0.0076824583866837385
0 0.15625 0.5620998719590269 0.005859375 0.008962868117797696
0 0.083984375 0.6427656850192062 0.0068359375 0.011523687580025609