0 0.90234375 0.3059895833333333 0.044921875 0.038411458333333336
0 0.3486328125 0.2845052083333333 0.0791015625 0.07356770833333333
0 0.1123046875 0.2779947916666667 0.0615234375 0.055989583333333336
0 0.7978515625 0.412109375 0.0166015625 0.015625
0 0.8134765625 0.4192708333333333 0.0146484375 0.016276041666666668
0 0.806640625 0.4459635416666667 0.0224609375 0.020833333333333332
0 0.8291015625 0.4453125 0.0166015625 0.014973958333333334
0 0.8603515625 0.4459635416666667 0.021484375 0.016927083333333332
0 0.74609375 0.4466145833333333 0.0185546875 0.016276041666666668
0 0.6748046875 0.4407552083333333 0.013671875 0.013671875
0 0.6328125 0.4596354166666667 0.01953125 0.016927083333333332
0 0.5859375 0.4505208333333333 0.0205078125 0.016927083333333332
0 0.6103515625 0.4544270833333333 0.0185546875 0.016927083333333332
0 0.642578125 0.4283854166666667 0.013671875 0.011067708333333334
0 0.6953125 0.41796875 0.0107421875 0.012369791666666666
0 0.7578125 0.4134114583333333 0.013671875 0.013671875
0 0.70703125 0.4388020833333333 0.009765625 0.008463541666666666
0 0.732421875 0.4524739583333333 0.013671875 0.013020833333333334
0 0.5869140625 0.4251302083333333 0.0107421875 0.011067708333333334
0 0.595703125 0.4140625 0.01171875 0.008463541666666666
0 0.638671875 0.4108072916666667 0.009765625 0.010416666666666666
0 0.63671875 0.3984375 0.0126953125 0.010416666666666666
0 0.75390625 0.3997395833333333 0.0107421875 0.010416666666666666
0 0.7236328125 0.4134114583333333 0.0146484375 0.009765625
0 0.7041015625 0.3997395833333333 0.0107421875 0.009114583333333334
0 0.7021484375 0.384765625 0.0107421875 0.009765625
0 0.7392578125 0.3736979166666667 0.0087890625 0.0078125
0 0.7607421875 0.3841145833333333 0.0087890625 0.009114583333333334
0 0.8125 0.373046875 0.01171875 0.009114583333333334
0 0.7802734375 0.3639322916666667 0.0107421875 0.008463541666666666
0 0.861328125 0.400390625 0.01953125 0.014322916666666666
0 0.830078125 0.3600260416666667 0.01171875 0.009765625
0 0.578125 0.3899739583333333 0.0107421875 0.009765625
0 0.6455078125 0.3776041666666667 0.0107421875 0.010416666666666666
0 0.5966796875 0.3697916666666667 0.009765625 0.009114583333333334
0 0.6259765625 0.3717447916666667 0.0068359375 0.007161458333333333
0 0.5712890625 0.37109375 0.0107421875 0.009765625
0 0.5390625 0.3736979166666667 0.0078125 0.0078125
0 0.552734375 0.4036458333333333 0.0107421875 0.009114583333333334
0 0.6044921875 0.390625 0.0078125 0.009114583333333334
0 0.6142578125 0.3795572916666667 0.0087890625 0.009765625
0 0.6943359375 0.3561197916666667 0.01171875 0.010416666666666666
0 0.734375 0.3515625 0.0107421875 0.009114583333333334
0 0.67578125 0.3463541666666667 0.0107421875 0.010416666666666666
0 0.623046875 0.3411458333333333 0.0087890625 0.0078125
0 0.5830078125 0.3313802083333333 0.0087890625 0.008463541666666666
0 0.5244140625 0.3346354166666667 0.009765625 0.009114583333333334
0 0.5107421875 0.3229166666666667 0.0078125 0.008463541666666666
0 0.658203125 0.3196614583333333 0.009765625 0.009765625
0 0.7265625 0.3450520833333333 0.0087890625 0.009114583333333334
0 0.5634765625 0.3580729166666667 0.0107421875 0.010416666666666666
0 0.5771484375 0.3209635416666667 0.0087890625 0.009114583333333334
0 0.6337890625 0.3203125 0.009765625 0.009114583333333334
0 0.5478515625 0.3092447916666667 0.0078125 0.007161458333333333
0 0.5576171875 0.2962239583333333 0.0068359375 0.005208333333333333
0 0.8017578125 0.3274739583333333 0.0107421875 0.009765625
0 0.7724609375 0.328125 0.0107421875 0.009114583333333334
0 0.8017578125 0.36328125 0.0087890625 0.009114583333333334
0 0.833984375 0.31640625 0.0087890625 0.009114583333333334
0 0.7314453125 0.32421875 0.0107421875 0.009114583333333334
0 0.6962890625 0.3255208333333333 0.0068359375 0.005859375
0 0.646484375 0.3372395833333333 0.0107421875 0.008463541666666666
0 0.703125 0.2890625 0.009765625 0.008463541666666666
0 0.6767578125 0.3053385416666667 0.0087890625 0.007161458333333333
0 0.65625 0.283203125 0.009765625 0.007161458333333333
0 0.61328125 0.3274739583333333 0.0087890625 0.007161458333333333
0 0.7236328125 0.2701822916666667 0.009765625 0.010416666666666666
0 0.783203125 0.24934895833333334 0.0087890625 0.005859375
0 0.6201171875 0.24609375 0.0078125 0.006510416666666667
0 0.759765625 0.2858072916666667 0.0068359375 0.006510416666666667
0 0.8017578125 0.3046875 0.0087890625 0.008463541666666666
0 0.775390625 0.3014322916666667 0.009765625 0.0078125
0 0.7470703125 0.3033854166666667 0.0078125 0.0078125
0 0.6328125 0.26171875 0.0068359375 0.0078125
0 0.6015625 0.2610677083333333 0.009765625 0.008463541666666666
0 0.8466796875 0.2701822916666667 0.009765625 0.007161458333333333
0 0.82421875 0.2740885416666667 0.009765625 0.008463541666666666
0 0.7978515625 0.2708333333333333 0.009765625 0.007161458333333333
0 0.84765625 0.2506510416666667 0.0078125 0.006510416666666667
0 0.978515625 0.3020833333333333 0.009765625 0.0078125
0 0.9833984375 0.3203125 0.0078125 0.008463541666666666
0 0.912109375 0.2623697916666667 0.0087890625 0.0078125
0 0.9140625 0.24088541666666666 0.0078125 0.007161458333333333
0 0.96484375 0.2565104166666667 0.0068359375 0.005859375
0 0.9287109375 0.2545572916666667 0.0078125 0.005859375
0 0.9912109375 0.255859375 0.0078125 0.006510416666666667
0 0.1865234375 0.4459635416666667 0.01171875 0.011067708333333334
0 0.1865234375 0.47265625 0.0146484375 0.012369791666666666
0 0.169921875 0.4733072916666667 0.0126953125 0.009765625
0 0.27734375 0.4654947916666667 0.013671875 0.013671875
0 0.3125 0.47265625 0.0185546875 0.014973958333333334
0 0.3076171875 0.4615885416666667 0.017578125 0.014973958333333334
0 0.2119140625 0.4733072916666667 0.0126953125 0.010416666666666666
0 0.1962890625 0.3489583333333333 0.0087890625 0.008463541666666666
0 0.2001953125 0.3294270833333333 0.0087890625 0.009114583333333334
0 0.2236328125 0.33203125 0.0087890625 0.008463541666666666
0 0.2236328125 0.3177083333333333 0.0087890625 0.008463541666666666
0 0.265625 0.3274739583333333 0.009765625 0.009114583333333334
0 0.2666015625 0.3072916666666667 0.009765625 0.0078125
0 0.2822265625 0.3092447916666667 0.005859375 0.005208333333333333
0 0.21484375 0.30078125 0.0087890625 0.005859375
0 0.1923828125 0.3033854166666667 0.0087890625 0.0078125
0 0.1611328125 0.30078125 0.0087890625 0.006510416666666667
0 0.2421875 0.2877604166666667 0.0078125 0.006510416666666667
0 0.185546875 0.2864583333333333 0.0078125 0.007161458333333333
0 0.2822265625 0.2708333333333333 0.009765625 0.008463541666666666
0 0.25 0.2727864583333333 0.009765625 0.007161458333333333
0 0.2958984375 0.3059895833333333 0.0078125 0.007161458333333333
0 0.4697265625 0.267578125 0.0087890625 0.006510416666666667
0 0.5048828125 0.2669270833333333 0.009765625 0.007161458333333333
0 0.490234375 0.2532552083333333 0.0078125 0.005859375
0 0.4873046875 0.23046875 0.0068359375 0.006510416666666667
0 0.4404296875 0.22786458333333334 0.005859375 0.005859375
0 0.0556640625 0.22591145833333334 0.0078125 0.005859375
0 0.08984375 0.2265625 0.0078125 0.006510416666666667
0 0.1123046875 0.23567708333333334 0.0087890625 0.007161458333333333
0 0.2255859375 0.2610677083333333 0.0078125 0.0078125
0 0.2783203125 0.234375 0.0087890625 0.0078125
0 0.3076171875 0.23502604166666666 0.0078125 0.007161458333333333
0 0.330078125 0.232421875 0.0078125 0.007161458333333333
0 0.7919921875 0.3821614583333333 0.015625 0.013671875
0 0.603515625 0.2864583333333333 0.0087890625 0.0078125