0 0.6025390625 0.4329427083333333 0.009765625 0.009114583333333334
0 0.58984375 0.4837239583333333 0.0126953125 0.011067708333333334
0 0.53125 0.458984375 0.0126953125 0.008463541666666666
0 0.62890625 0.4986979166666667 0.01171875 0.010416666666666666
0 0.6689453125 0.4765625 0.0263671875 0.026041666666666668
0 0.76171875 0.4231770833333333 0.04296875 0.03515625
0 0.8642578125 0.4446614583333333 0.0146484375 0.009114583333333334
0 0.9189453125 0.49609375 0.017578125 0.013020833333333334
0 0.96875 0.423828125 0.015625 0.010416666666666666
0 0.927734375 0.4309895833333333 0.013671875 0.010416666666666666
0 0.8125 0.4212239583333333 0.0107421875 0.010416666666666666
0 0.8369140625 0.3951822916666667 0.0107421875 0.008463541666666666
0 0.865234375 0.3899739583333333 0.0107421875 0.009114583333333334
0 0.736328125 0.38671875 0.0107421875 0.008463541666666666
0 0.689453125 0.3873697916666667 0.009765625 0.008463541666666666
0 0.6689453125 0.4361979166666667 0.0107421875 0.009114583333333334
0 0.63671875 0.439453125 0.0087890625 0.008463541666666666
0 0.880859375 0.4309895833333333 0.0107421875 0.012369791666666666
0 0.9892578125 0.51171875 0.0146484375 0.013020833333333334
0 0.1103515625 0.4407552083333333 0.0263671875 0.022786458333333332
0 0.3388671875 0.4524739583333333 0.0166015625 0.015625
0 0.171875 0.4791666666666667 0.0380859375 0.033854166666666664
0 0.060546875 0.451171875 0.0087890625 0.007161458333333333
0 0.1748046875 0.4342447916666667 0.0087890625 0.005859375
0 0.1474609375 0.4270833333333333 0.0068359375 0.005208333333333333
0 0.400390625 0.3470052083333333 0.0478515625 0.041015625
0 0.5078125 0.4049479166666667 0.0087890625 0.006510416666666667
0 0.138671875 0.44140625 0.0107421875 0.0078125
0 0.3095703125 0.4739583333333333 0.013671875 0.01171875
0 0.451171875 0.4609375 0.0146484375 0.009765625
0 0.849609375 0.4407552083333333 0.0146484375 0.010416666666666666
0 0.7353515625 0.412109375 0.013671875 0.013020833333333334