0 0.1982421875 0.7507635919364691 0.0234375 0.01832620647525962
0 0.2197265625 0.7440439828955406 0.01953125 0.018937080024434942
0 0.2783203125 0.7477092241905925 0.0234375 0.01710445937690898
0 0.3369140625 0.74282223579719 0.0205078125 0.016493585827733658
0 0.3486328125 0.7000610873549176 0.015625 0.013439218081857055
0 0.251953125 0.6902871105681124 0.01953125 0.015271838729383017
0 0.345703125 0.6725717776420281 0.0205078125 0.014660965180207697
0 0.294921875 0.6511912034208919 0.017578125 0.012828344532681736
0 0.0546875 0.660965180207697 0.015625 0.012828344532681736
0 0.01953125 0.678069639584606 0.017578125 0.022602321319486866
0 0.4443359375 0.6463042150274894 0.0302734375 0.021380574221136223
0 0.685546875 0.7434331093463653 0.01953125 0.015271838729383017
0 0.7041015625 0.6927306047648136 0.017578125 0.015271838729383017
0 0.6357421875 0.660965180207697 0.0166015625 0.012828344532681736
0 0.669921875 0.660965180207697 0.013671875 0.012828344532681736
0 0.3388671875 0.6182040317654246 0.015625 0.009773976786805132
0 0.306640625 0.6163714111178986 0.0126953125 0.010384850335980453
0 0.41796875 0.6145387904703726 0.015625 0.011606597434331093
0 0.4580078125 0.6218692730604765 0.0126953125 0.009773976786805132
0 0.0205078125 0.44410507025045814 0.009765625 0.00794135613927917
0 0.0498046875 0.44777031154551006 0.009765625 0.007330482590103849
0 0.1044921875 0.4508246792913867 0.009765625 0.007330482590103849
0 0.080078125 0.45021380574221137 0.009765625 0.007330482590103849
0 0.087890625 0.43494196701282833 0.009765625 0.007330482590103849
0 0.173828125 0.4520464263897373 0.01171875 0.00916310323762981
0 0.2041015625 0.46059865607819184 0.009765625 0.007330482590103849
0 0.23828125 0.4575442883323152 0.0126953125 0.009773976786805132
0 0.2275390625 0.4337202199144777 0.009765625 0.006719609040928528
0 0.166015625 0.43005497861942577 0.0087890625 0.006719609040928528
0 0.29296875 0.4654856444715944 0.0087890625 0.006719609040928528
0 0.298828125 0.48259010384850337 0.0107421875 0.00794135613927917
0 0.330078125 0.4832009773976787 0.009765625 0.007330482590103849
0 0.271484375 0.4923640806353085 0.009765625 0.00855222968845449
0 0.2685546875 0.4807574832009774 0.0126953125 0.007330482590103849
0 0.2490234375 0.47953573610262673 0.009765625 0.007330482590103849
0 0.2421875 0.4960293219303604 0.0107421875 0.00794135613927917
0 0.1884765625 0.47648136835675015 0.009765625 0.00855222968845449
0 0.1376953125 0.4746487477092242 0.0126953125 0.00916310323762981
0 0.1484375 0.5009163103237629 0.0107421875 0.00794135613927917
0 0.111328125 0.4777031154551008 0.0107421875 0.009773976786805132
0 0.10546875 0.4923640806353085 0.0107421875 0.00794135613927917
0 0.09375 0.5015271838729383 0.0126953125 0.00794135613927917
0 0.0234375 0.49969456322541234 0.0107421875 0.00855222968845449
0 0.005859375 0.46792913866829566 0.0107421875 0.00794135613927917
0 0.0322265625 0.468540012217471 0.0107421875 0.00855222968845449
0 0.18359375 0.5021380574221136 0.0126953125 0.00855222968845449
0 0.279296875 0.5064141722663409 0.0126953125 0.00916310323762981
0 0.3828125 0.5222968845448992 0.01171875 0.010384850335980453
0 0.3330078125 0.5369578497251069 0.009765625 0.00794135613927917
0 0.361328125 0.550397067806964 0.0126953125 0.009773976786805132
0 0.3671875 0.5620036652412951 0.0146484375 0.010384850335980453
0 0.3583984375 0.5235186316432499 0.0078125 0.00794135613927917
0 0.03515625 0.36713500305436775 0.0087890625 0.007330482590103849
0 0.4150390625 0.5797189981673794 0.0126953125 0.009773976786805132
0 0.4296875 0.594379963347587 0.0126953125 0.010384850335980453
0 0.4609375 0.6041539401343922 0.01171875 0.00855222968845449
0 0.4921875 0.6010995723885155 0.0146484375 0.010384850335980453
0 0.466796875 0.5901038485033598 0.0126953125 0.00916310323762981
0 0.486328125 0.5846059865607819 0.01171875 0.00916310323762981
0 0.4775390625 0.5668906536346976 0.009765625 0.00794135613927917
0 0.48046875 0.5400122174709835 0.0107421875 0.00794135613927917
0 0.4169921875 0.535125229077581 0.013671875 0.009773976786805132
0 0.3193359375 0.5613927916921198 0.0126953125 0.010384850335980453
0 0.3193359375 0.5797189981673794 0.0126953125 0.009773976786805132
0 0.2841796875 0.5803298717165547 0.0126953125 0.010384850335980453
0 0.3427734375 0.598045204642639 0.015625 0.010995723885155772
0 0.26171875 0.6120952962736713 0.01171875 0.012217470983506415
0 0.380859375 0.5992669517409897 0.0166015625 0.010995723885155772
0 0.6552734375 0.6243127672571778 0.0126953125 0.009773976786805132
0 0.6923828125 0.6218692730604765 0.0126953125 0.00916310323762981
0 0.6201171875 0.6230910201588271 0.0107421875 0.007330482590103849
0 0.8837890625 0.6866218692730605 0.01953125 0.014050091631032376
0 0.9345703125 0.6957849725106903 0.015625 0.012217470983506415
0 0.984375 0.7147220525351252 0.0185546875 0.014050091631032376
0 0.935546875 0.7293830177153329 0.01953125 0.012828344532681736
0 0.8798828125 0.7336591325595602 0.013671875 0.010995723885155772
0 0.9619140625 0.6792913866829566 0.0146484375 0.010384850335980453
0 0.984375 0.6963958460598656 0.013671875 0.012217470983506415
0 0.9091796875 0.6640195479535737 0.0126953125 0.00916310323762981
0 0.8984375 0.6261453879047038 0.0107421875 0.00794135613927917
0 0.7265625 0.6261453879047038 0.0126953125 0.009773976786805132
0 0.6826171875 0.6065974343310935 0.009765625 0.00855222968845449
0 0.7431640625 0.5894929749541845 0.0576171875 0.032987171655467315
0 0.953125 0.6243127672571778 0.01171875 0.010384850335980453
0 0.974609375 0.6298106291997556 0.0107421875 0.00855222968845449
0 0.8427734375 0.6078191814294441 0.0126953125 0.009773976786805132
0 0.921875 0.6212583995113011 0.013671875 0.010384850335980453
0 0.935546875 0.5937690897984117 0.0107421875 0.00794135613927917
0 0.8974609375 0.5913255956017105 0.0107421875 0.00794135613927917
0 0.8671875 0.5931582162492364 0.01171875 0.00794135613927917
0 0.8310546875 0.5784972510690287 0.0107421875 0.00855222968845449
0 0.802734375 0.5760537568723274 0.0126953125 0.00916310323762981
0 0.31640625 0.41233964569334147 0.0087890625 0.006108735491753207
0 0.298828125 0.40867440439828956 0.0078125 0.005497861942577886
0 0.3447265625 0.41417226634086746 0.0087890625 0.004886988393402566
0 0.431640625 0.43005497861942577 0.009765625 0.007330482590103849
0 0.45703125 0.41356139279169213 0.0087890625 0.007330482590103849
0 0.4521484375 0.39767868051313376 0.0087890625 0.004886988393402566
0 0.474609375 0.3989004276114844 0.0068359375 0.006108735491753207
0 0.4990234375 0.39767868051313376 0.0068359375 0.005497861942577886
0 0.4453125 0.38546120952962737 0.0078125 0.004886988393402566
0 0.4140625 0.468540012217471 0.009765625 0.007330482590103849
0 0.4169921875 0.4575442883323152 0.009765625 0.007330482590103849
0 0.3896484375 0.4581551618814905 0.0087890625 0.006108735491753207
0 0.4580078125 0.47281612706169823 0.009765625 0.007330482590103849
0 0.453125 0.46426389737324375 0.0078125 0.004886988393402566
0 0.484375 0.4740378741600489 0.0087890625 0.007330482590103849
0 0.501953125 0.4740378741600489 0.009765625 0.007330482590103849
0 0.4931640625 0.46426389737324375 0.0087890625 0.007330482590103849
0 0.5244140625 0.468540012217471 0.0126953125 0.00916310323762981
0 0.595703125 0.44410507025045814 0.0068359375 0.005497861942577886
0 0.6201171875 0.44593769089798413 0.0078125 0.004886988393402566
0 0.5908203125 0.4331093463653024 0.005859375 0.0030543677458766036
0 0.5146484375 0.49297495418448384 0.0107421875 0.00916310323762981
0 0.66796875 0.49969456322541234 0.0087890625 0.006719609040928528
0 0.63671875 0.5204642638973732 0.009765625 0.00794135613927917
0 0.65625 0.5198533903481979 0.0087890625 0.006719609040928528
0 0.6748046875 0.49297495418448384 0.009765625 0.006719609040928528
0 0.6396484375 0.46182040317654244 0.0087890625 0.007330482590103849
0 0.701171875 0.5070250458155162 0.0078125 0.007330482590103849
0 0.705078125 0.49297495418448384 0.0087890625 0.006108735491753207
0 0.7109375 0.48503359804520463 0.0087890625 0.006719609040928528
0 0.681640625 0.5247403787416005 0.009765625 0.00855222968845449
0 0.7060546875 0.5290164935858277 0.0107421875 0.00794135613927917
0 0.7119140625 0.5149664019547954 0.0107421875 0.007330482590103849
0 0.775390625 0.5076359193646915 0.0078125 0.004886988393402566
0 0.7666015625 0.48747709224190594 0.0087890625 0.006719609040928528
0 0.7353515625 0.5167990226023214 0.0068359375 0.005497861942577886
0 0.8271484375 0.5100794135613927 0.009765625 0.006719609040928528
0 0.8466796875 0.5100794135613927 0.009765625 0.006108735491753207
0 0.8251953125 0.527794746487477 0.0087890625 0.006108735491753207
0 0.8642578125 0.5681124007330483 0.01171875 0.00855222968845449
0 0.82421875 0.5675015271838729 0.01171875 0.00794135613927917
0 0.8212890625 0.5534514355528406 0.0107421875 0.006719609040928528
0 0.8359375 0.5436774587660355 0.0087890625 0.006719609040928528
0 0.86328125 0.5430665852168601 0.0107421875 0.00794135613927917
0 0.8583984375 0.531459987782529 0.009765625 0.005497861942577886
0 0.8759765625 0.5308491142333537 0.0078125 0.006719609040928528
0 0.904296875 0.533292608430055 0.0087890625 0.006719609040928528
0 0.91796875 0.5479535736102626 0.0107421875 0.006719609040928528
0 0.9091796875 0.5571166768478925 0.009765625 0.006719609040928528
0 0.923828125 0.5675015271838729 0.009765625 0.00794135613927917
0 0.892578125 0.5736102626756261 0.0078125 0.005497861942577886
0 0.9453125 0.58094074526573 0.0087890625 0.007330482590103849
0 0.9697265625 0.5956017104459377 0.0087890625 0.007330482590103849
0 0.7705078125 0.5528405620036653 0.01171875 0.00855222968845449
0 0.740234375 0.5491753207086133 0.01171875 0.00794135613927917
0 0.7607421875 0.5675015271838729 0.009765625 0.006719609040928528
0 0.744140625 0.5100794135613927 0.0078125 0.006719609040928528
0 0.822265625 0.48259010384850337 0.0078125 0.006108735491753207
0 0.8603515625 0.4917532070861332 0.0078125 0.006108735491753207
0 0.8701171875 0.4868662186927306 0.005859375 0.004886988393402566
0 0.916015625 0.48503359804520463 0.0068359375 0.006719609040928528
0 0.78515625 0.4722052535125229 0.0107421875 0.006719609040928528
0 0.9462890625 0.5491753207086133 0.0078125 0.00794135613927917
0 0.9755859375 0.550397067806964 0.009765625 0.007330482590103849
0 0.9296875 0.5326817348808797 0.009765625 0.006719609040928528
0 0.9931640625 0.6805131337813073 0.0126953125 0.011606597434331093
0 0.9970703125 0.6970067196090409 0.005859375 0.014050091631032376
0 0.8095703125 0.46976175931582165 0.009765625 0.006719609040928528
0 0.826171875 0.46059865607819184 0.009765625 0.007330482590103849
0 0.7744140625 0.4508246792913867 0.0078125 0.006108735491753207
0 0.80078125 0.4434941967012828 0.0078125 0.006108735491753207
0 0.802734375 0.46243127672571777 0.0078125 0.005497861942577886
0 0.7333984375 0.44654856444715946 0.009765625 0.006719609040928528
0 0.7509765625 0.44105070250458156 0.0087890625 0.005497861942577886
0 0.904296875 0.4660965180207697 0.0078125 0.006108735491753207
0 0.884765625 0.4575442883323152 0.0087890625 0.006108735491753207
0 0.9326171875 0.45876603543066585 0.0068359375 0.006108735491753207
0 0.9892578125 0.48259010384850337 0.0068359375 0.004886988393402566
0 0.861328125 0.4740378741600489 0.0068359375 0.004886988393402566
0 0.8349609375 0.47831398900427613 0.0068359375 0.004886988393402566
0 0.896484375 0.43860720830788025 0.0078125 0.006108735491753207
0 0.943359375 0.4581551618814905 0.005859375 0.004276114844227245
0 0.9716796875 0.45876603543066585 0.0078125 0.006108735491753207
0 0.8603515625 0.46426389737324375 0.009765625 0.007330482590103849
0 0.4833984375 0.41905925473427 0.009765625 0.007330482590103849
0 0.357421875 0.4007330482590104 0.0087890625 0.006108735491753207
0 0.33203125 0.3946243127672572 0.009765625 0.006719609040928528
0 0.7060546875 0.4422724496029322 0.009765625 0.00794135613927917
0 0.6103515625 0.49114233353695785 0.048828125 0.032987171655467315
0 0.48046875 0.43188759926695175 0.0087890625 0.006108735491753207
0 0.5693359375 0.4862553451435553 0.009765625 0.00794135613927917
0 0.2001953125 0.5229077580940745 0.0634765625 0.03420891875381796
0 0.0751953125 0.6059865607819181 0.0166015625 0.010995723885155772
0 0.02734375 0.6096518020769701 0.015625 0.011606597434331093
0 0.0380859375 0.5894929749541845 0.01171875 0.009773976786805132
0 0.00390625 0.5681124007330483 0.0078125 0.009773976786805132
0 0.8837890625 0.5583384239462431 0.01171875 0.00855222968845449
0 0.8056640625 0.529627367135003 0.0107421875 0.00794135613927917
0 0.8486328125 0.5565058032987171 0.0107421875 0.007330482590103849
0 0.775390625 0.4251679902260232 0.0078125 0.006108735491753207
0 0.806640625 0.4251679902260232 0.0078125 0.006108735491753207
0 0.75 0.4239462431276726 0.0078125 0.005497861942577886
0 0.728515625 0.4324984728161271 0.0087890625 0.006108735491753207
0 0.8671875 0.43005497861942577 0.0078125 0.006719609040928528
0 0.83984375 0.43005497861942577 0.0078125 0.006719609040928528
0 0.3720703125 0.5784972510690287 0.0166015625 0.011606597434331093
0 0.0029296875 0.6560781918142944 0.0068359375 0.013439218081857055