0 0.0517578125 0.3821376281112738 0.005859375 0.008784773060029283
0 0.033203125 0.383601756954612 0.0048828125 0.008784773060029283
0 0.013671875 0.3806734992679356 0.0048828125 0.008784773060029283
0 0.041015625 0.40263543191800877 0.00390625 0.010248901903367497
0 0.0576171875 0.4158125915080527 0.005859375 0.01171303074670571
0 0.0615234375 0.39824304538799415 0.0068359375 0.016105417276720352
0 0.103515625 0.43191800878477304 0.00390625 0.008784773060029283
0 0.1015625 0.45095168374816985 0.005859375 0.010248901903367497
0 0.087890625 0.45534407027818447 0.005859375 0.01171303074670571
0 0.0771484375 0.4494875549048316 0.005859375 0.010248901903367497
0 0.0693359375 0.4494875549048316 0.0048828125 0.008784773060029283
0 0.0625 0.465592972181552 0.005859375 0.01171303074670571
0 0.05078125 0.4538799414348463 0.0048828125 0.008784773060029283
0 0.04296875 0.4465592972181552 0.0048828125 0.005856515373352855
0 0.041015625 0.4612005856515373 0.005859375 0.01171303074670571
0 0.021484375 0.4172767203513909 0.00390625 0.010248901903367497
0 0.00390625 0.4216691068814056 0.00390625 0.010248901903367497
0 0.001953125 0.44363103953147875 0.00390625 0.008784773060029283
0 0.115234375 0.4538799414348463 0.005859375 0.01171303074670571
0 0.1240234375 0.4333821376281113 0.0048828125 0.01171303074670571
0 0.126953125 0.4465592972181552 0.0048828125 0.008784773060029283
0 0.1357421875 0.465592972181552 0.00390625 0.01171303074670571
0 0.1123046875 0.4816983894582723 0.005859375 0.01171303074670571
0 0.0205078125 0.47584187408491946 0.0068359375 0.01171303074670571
0 0.0166015625 0.44216691068814057 0.0048828125 0.010248901903367497
0 0.021484375 0.493411420204978 0.0078125 0.013177159590043924
0 0.0390625 0.4816983894582723 0.0068359375 0.016105417276720352
0 0.0107421875 0.5051244509516838 0.0048828125 0.013177159590043924
0 0.1171875 0.5036603221083455 0.005859375 0.014641288433382138
0 0.1064453125 0.47291361639824303 0.0048828125 0.008784773060029283
0 0.126953125 0.5300146412884333 0.005859375 0.010248901903367497
0 0.119140625 0.5402635431918009 0.0068359375 0.01171303074670571
0 0.091796875 0.5256222547584187 0.0068359375 0.014641288433382138
0 0.0556640625 0.5080527086383602 0.0068359375 0.01171303074670571
0 0.0712890625 0.5197657393850659 0.0087890625 0.017569546120058566
0 0.0419921875 0.5153733528550513 0.005859375 0.01171303074670571
0 0.02734375 0.5183016105417276 0.0068359375 0.01171303074670571
0 0.005859375 0.5402635431918009 0.0087890625 0.017569546120058566
0 0.03515625 0.5314787701317716 0.0068359375 0.01171303074670571
0 0.0380859375 0.5461200585651538 0.009765625 0.01171303074670571
0 0.056640625 0.5505124450951684 0.0078125 0.020497803806734993
0 0.0869140625 0.5636896046852123 0.0078125 0.013177159590043924
0 0.08984375 0.5475841874084919 0.0068359375 0.013177159590043924
0 0.0673828125 0.5768667642752562 0.0068359375 0.014641288433382138
0 0.0556640625 0.5900439238653001 0.01171875 0.021961932650073207
0 0.087890625 0.5915080527086384 0.009765625 0.016105417276720352
0 0.119140625 0.5797950219619327 0.0087890625 0.017569546120058566
0 0.01953125 0.5900439238653001 0.0068359375 0.013177159590043924
0 0.09765625 0.5944363103953147 0.0087890625 0.01171303074670571
0 0.06640625 0.48316251830161056 0.0078125 0.01171303074670571
0 0.068359375 0.5080527086383602 0.0087890625 0.01171303074670571
0 0.03125 0.6310395314787701 0.0078125 0.024890190336749635
0 0.0615234375 0.6310395314787701 0.013671875 0.02342606149341142
0 0.0947265625 0.623718887262079 0.01171875 0.027818448023426062
0 0.1181640625 0.6090775988286969 0.005859375 0.014641288433382138
0 0.1328125 0.6076134699853587 0.009765625 0.01903367496339678
0 0.1259765625 0.6442166910688141 0.0107421875 0.020497803806734993
0 0.1474609375 0.6339677891654466 0.0107421875 0.021961932650073207
0 0.1630859375 0.6281112737920937 0.0107421875 0.020497803806734993
0 0.1787109375 0.6720351390922401 0.0107421875 0.02342606149341142
0 0.166015625 0.5783308931185944 0.0087890625 0.01903367496339678
0 0.154296875 0.5929721815519766 0.009765625 0.014641288433382138
0 0.142578125 0.5695461200585652 0.0078125 0.016105417276720352
0 0.1708984375 0.5344070278184481 0.009765625 0.016105417276720352
0 0.16796875 0.5080527086383602 0.0078125 0.014641288433382138
0 0.1376953125 0.5168374816983895 0.0078125 0.014641288433382138
0 0.185546875 0.4787701317715959 0.0078125 0.01171303074670571
0 0.166015625 0.47291361639824303 0.005859375 0.010248901903367497
0 0.1474609375 0.4816983894582723 0.0068359375 0.01171303074670571
0 0.181640625 0.45095168374816985 0.0048828125 0.008784773060029283
0 0.1748046875 0.45095168374816985 0.0048828125 0.01171303074670571
0 0.154296875 0.4538799414348463 0.005859375 0.01171303074670571
0 0.150390625 0.445095168374817 0.0048828125 0.010248901903367497
0 0.064453125 0.5446559297218155 0.0107421875 0.01903367496339678
0 0.0087890625 0.6032210834553441 0.0126953125 0.021961932650073207
0 0.01171875 0.657393850658858 0.01171875 0.021961932650073207
0 0.1396484375 0.4333821376281113 0.005859375 0.010248901903367497
0 0.146484375 0.42752562225475843 0.00390625 0.008784773060029283
0 0.1923828125 0.5153733528550513 0.0068359375 0.013177159590043924
0 0.1845703125 0.5344070278184481 0.0087890625 0.010248901903367497
0 0.1904296875 0.5768667642752562 0.009765625 0.016105417276720352
0 0.15234375 0.40702781844802344 0.005859375 0.008784773060029283
0 0.201171875 0.4084919472913616 0.00390625 0.007320644216691069
0 0.1953125 0.4216691068814056 0.0029296875 0.007320644216691069
0 0.212890625 0.43191800878477304 0.0029296875 0.008784773060029283
0 0.2255859375 0.4407027818448023 0.00390625 0.008784773060029283
0 0.234375 0.43191800878477304 0.0029296875 0.008784773060029283
0 0.236328125 0.4084919472913616 0.0048828125 0.010248901903367497
0 0.26953125 0.4407027818448023 0.00390625 0.008784773060029283
0 0.2763671875 0.4538799414348463 0.00390625 0.010248901903367497
0 0.259765625 0.4612005856515373 0.00390625 0.008784773060029283
0 0.2451171875 0.4538799414348463 0.00390625 0.007320644216691069
0 0.26171875 0.4787701317715959 0.005859375 0.008784773060029283
0 0.2412109375 0.4773060029282577 0.005859375 0.010248901903367497
0 0.2177734375 0.47291361639824303 0.0048828125 0.007320644216691069
0 0.201171875 0.46412884333821375 0.0048828125 0.008784773060029283
0 0.2080078125 0.4787701317715959 0.0048828125 0.01171303074670571
0 0.2646484375 0.5124450951683748 0.0078125 0.013177159590043924
0 0.2490234375 0.5153733528550513 0.005859375 0.014641288433382138
0 0.2138671875 0.527086383601757 0.0068359375 0.01171303074670571
0 0.2109375 0.5431918008784773 0.009765625 0.016105417276720352
0 0.240234375 0.5636896046852123 0.0078125 0.014641288433382138
0 0.271484375 0.5797950219619327 0.0107421875 0.01903367496339678
0 0.25390625 0.595900439238653 0.0087890625 0.01903367496339678
0 0.2412109375 0.5446559297218155 0.0068359375 0.014641288433382138
0 0.193359375 0.5636896046852123 0.0107421875 0.017569546120058566
0 0.21484375 0.6222547584187409 0.009765625 0.020497803806734993
0 0.2197265625 0.6398243045387995 0.01171875 0.02342606149341142
0 0.236328125 0.6354319180087847 0.0068359375 0.016105417276720352
0 0.2578125 0.6193265007320644 0.0107421875 0.021961932650073207
0 0.287109375 0.6383601756954612 0.009765625 0.021961932650073207
0 0.3046875 0.6383601756954612 0.0087890625 0.020497803806734993
0 0.3125 0.6222547584187409 0.01171875 0.01903367496339678
0 0.3154296875 0.582723279648609 0.0078125 0.017569546120058566
0 0.3876953125 0.424597364568082 0.0029296875 0.010248901903367497
0 0.3779296875 0.42752562225475843 0.0048828125 0.010248901903367497
0 0.365234375 0.4289897510980966 0.0048828125 0.010248901903367497
0 0.40234375 0.4465592972181552 0.0048828125 0.008784773060029283
0 0.349609375 0.45534407027818447 0.00390625 0.008784773060029283
0 0.326171875 0.42752562225475843 0.0048828125 0.010248901903367497
0 0.3115234375 0.41874084919472915 0.0048828125 0.010248901903367497
0 0.3056640625 0.44363103953147875 0.0048828125 0.008784773060029283
0 0.29296875 0.4568081991215227 0.0048828125 0.010248901903367497
0 0.3017578125 0.47291361639824303 0.00390625 0.010248901903367497
0 0.28515625 0.4816983894582723 0.0048828125 0.014641288433382138
0 0.27734375 0.5168374816983895 0.005859375 0.010248901903367497
0 0.296875 0.5168374816983895 0.0048828125 0.010248901903367497
0 0.3125 0.48316251830161056 0.0048828125 0.01171303074670571
0 0.3466796875 0.4377745241581259 0.00390625 0.008784773060029283
0 0.3359375 0.4333821376281113 0.0048828125 0.008784773060029283
0 0.298828125 0.424597364568082 0.0048828125 0.008784773060029283
0 0.326171875 0.5358711566617862 0.0068359375 0.016105417276720352
0 0.35546875 0.5373352855051244 0.0068359375 0.016105417276720352
0 0.37109375 0.5036603221083455 0.0048828125 0.01171303074670571
0 0.3798828125 0.5007320644216691 0.005859375 0.014641288433382138
0 0.40625 0.47291361639824303 0.0048828125 0.010248901903367497
0 0.3994140625 0.47291361639824303 0.0048828125 0.010248901903367497
0 0.41796875 0.4890190336749634 0.005859375 0.013177159590043924
0 0.4267578125 0.48462664714494874 0.005859375 0.01171303074670571
0 0.404296875 0.513909224011713 0.0048828125 0.008784773060029283
0 0.412109375 0.5387994143484627 0.0068359375 0.01171303074670571
0 0.3955078125 0.5475841874084919 0.005859375 0.010248901903367497
0 0.40234375 0.5636896046852123 0.005859375 0.01171303074670571
0 0.3876953125 0.5578330893118595 0.0068359375 0.016105417276720352
0 0.3662109375 0.5592972181551976 0.0068359375 0.016105417276720352
0 0.396484375 0.575402635431918 0.0078125 0.016105417276720352
0 0.4296875 0.5710102489019033 0.0068359375 0.01171303074670571
0 0.4248046875 0.5285505124450952 0.0048828125 0.020497803806734993
0 0.421875 0.5856515373352855 0.0078125 0.016105417276720352
0 0.41796875 0.6017569546120058 0.005859375 0.01903367496339678
0 0.4189453125 0.623718887262079 0.0087890625 0.017569546120058566
0 0.388671875 0.6178623718887262 0.0126953125 0.024890190336749635
0 0.357421875 0.5885797950219619 0.0068359375 0.013177159590043924
0 0.34375 0.6061493411420205 0.0078125 0.017569546120058566
0 0.3466796875 0.6427525622254758 0.01171875 0.020497803806734993
0 0.36328125 0.6442166910688141 0.01171875 0.02342606149341142
0 0.375 0.6325036603221084 0.0087890625 0.016105417276720352
0 0.4150390625 0.6456808199121523 0.0078125 0.01903367496339678
0 0.423828125 0.6632503660322109 0.0068359375 0.014641288433382138
0 0.5283203125 0.4143484626647145 0.0048828125 0.010248901903367497
0 0.5185546875 0.4143484626647145 0.0048828125 0.008784773060029283
0 0.50390625 0.4084919472913616 0.00390625 0.008784773060029283
0 0.53125 0.42752562225475843 0.0048828125 0.010248901903367497
0 0.515625 0.42752562225475843 0.0048828125 0.008784773060029283
0 0.4970703125 0.42313323572474376 0.0029296875 0.007320644216691069
0 0.4853515625 0.4333821376281113 0.00390625 0.007320644216691069
0 0.4765625 0.42752562225475843 0.00390625 0.01171303074670571
0 0.4638671875 0.4289897510980966 0.00390625 0.008784773060029283
0 0.4375 0.4407027818448023 0.0048828125 0.007320644216691069
0 0.4482421875 0.4538799414348463 0.00390625 0.008784773060029283
0 0.466796875 0.445095168374817 0.0029296875 0.008784773060029283
0 0.4599609375 0.44216691068814057 0.00390625 0.008784773060029283
0 0.4794921875 0.45095168374816985 0.0048828125 0.008784773060029283
0 0.5185546875 0.4480234260614934 0.0048828125 0.01171303074670571
0 0.509765625 0.4538799414348463 0.0048828125 0.010248901903367497
0 0.4970703125 0.46412884333821375 0.005859375 0.01171303074670571
0 0.509765625 0.4685212298682284 0.0048828125 0.007320644216691069
0 0.5263671875 0.4670571010248902 0.0048828125 0.01171303074670571
0 0.517578125 0.4904831625183016 0.00390625 0.007320644216691069
0 0.501953125 0.4992679355783309 0.005859375 0.008784773060029283
0 0.482421875 0.4743777452415813 0.0048828125 0.010248901903367497
0 0.453125 0.48755490483162517 0.0048828125 0.008784773060029283
0 0.44140625 0.4743777452415813 0.0048828125 0.007320644216691069
0 0.4423828125 0.5007320644216691 0.0068359375 0.01171303074670571
0 0.4755859375 0.5065885797950219 0.005859375 0.01171303074670571
0 0.5185546875 0.513909224011713 0.005859375 0.014641288433382138
0 0.515625 0.5300146412884333 0.0048828125 0.013177159590043924
0 0.50390625 0.5505124450951684 0.005859375 0.014641288433382138
0 0.4716796875 0.5431918008784773 0.0078125 0.016105417276720352
0 0.4501953125 0.5739385065885798 0.0087890625 0.016105417276720352
0 0.4931640625 0.5797950219619327 0.0068359375 0.013177159590043924
0 0.4853515625 0.5812591508052709 0.005859375 0.013177159590043924
0 0.466796875 0.5695461200585652 0.005859375 0.01171303074670571
0 0.5185546875 0.5666178623718887 0.005859375 0.014641288433382138
0 0.5283203125 0.5695461200585652 0.0087890625 0.013177159590043924
0 0.5234375 0.5871156661786238 0.0078125 0.014641288433382138
0 0.4580078125 0.6149341142020498 0.0068359375 0.01171303074670571
0 0.5029296875 0.6530014641288433 0.0087890625 0.01903367496339678
0 0.484375 0.6412884333821376 0.0107421875 0.020497803806734993
0 0.470703125 0.6486090775988287 0.009765625 0.020497803806734993
0 0.4541015625 0.6383601756954612 0.0087890625 0.017569546120058566
0 0.4423828125 0.6530014641288433 0.0107421875 0.014641288433382138
0 0.4521484375 0.6559297218155198 0.0107421875 0.016105417276720352
0 0.482421875 0.5461200585651538 0.0078125 0.016105417276720352
0 0.443359375 0.5285505124450952 0.0078125 0.016105417276720352
0 0.5771484375 0.27232796486090777 0.0341796875 0.05710102489019034
0 0.66796875 0.39824304538799415 0.00390625 0.008784773060029283
0 0.6611328125 0.4158125915080527 0.005859375 0.010248901903367497
0 0.642578125 0.42752562225475843 0.0048828125 0.010248901903367497
0 0.6875 0.5300146412884333 0.0068359375 0.010248901903367497
0 0.666015625 0.527086383601757 0.0048828125 0.014641288433382138
0 0.6455078125 0.5519765739385066 0.0078125 0.014641288433382138
0 0.6650390625 0.5505124450951684 0.0087890625 0.013177159590043924
0 0.6826171875 0.554904831625183 0.005859375 0.010248901903367497
0 0.6669921875 0.5739385065885798 0.0068359375 0.016105417276720352
0 0.6865234375 0.5783308931185944 0.0078125 0.014641288433382138
0 0.7021484375 0.5768667642752562 0.0078125 0.017569546120058566
0 0.681640625 0.6149341142020498 0.009765625 0.01903367496339678
0 0.697265625 0.6207906295754027 0.0087890625 0.016105417276720352
0 0.6982421875 0.6530014641288433 0.0126953125 0.02635431918008785
0 0.814453125 0.4011713030746706 0.00390625 0.010248901903367497
0 0.8017578125 0.41874084919472915 0.00390625 0.008784773060029283
0 0.763671875 0.44363103953147875 0.0048828125 0.008784773060029283
0 0.787109375 0.4568081991215227 0.0048828125 0.008784773060029283
0 0.8056640625 0.45241581259150804 0.0048828125 0.010248901903367497
0 0.8134765625 0.4773060029282577 0.00390625 0.01171303074670571
0 0.79296875 0.4743777452415813 0.005859375 0.010248901903367497
0 0.7666015625 0.4743777452415813 0.0048828125 0.008784773060029283
0 0.763671875 0.4582723279648609 0.0048828125 0.010248901903367497
0 0.775390625 0.4992679355783309 0.0048828125 0.013177159590043924
0 0.7939453125 0.5036603221083455 0.0048828125 0.008784773060029283
0 0.80078125 0.5095168374816984 0.0048828125 0.013177159590043924
0 0.818359375 0.5021961932650073 0.0048828125 0.010248901903367497
0 0.80859375 0.5183016105417276 0.0068359375 0.013177159590043924
0 0.7822265625 0.5300146412884333 0.0068359375 0.014641288433382138
0 0.791015625 0.5563689604685212 0.005859375 0.014641288433382138
0 0.8056640625 0.554904831625183 0.0048828125 0.013177159590043924
0 0.794921875 0.5856515373352855 0.0078125 0.017569546120058566
0 0.7646484375 0.6017569546120058 0.0068359375 0.016105417276720352
0 0.7490234375 0.6442166910688141 0.0107421875 0.021961932650073207
0 0.787109375 0.6207906295754027 0.0068359375 0.01903367496339678
0 0.814453125 0.6149341142020498 0.0068359375 0.014641288433382138
0 0.787109375 0.6383601756954612 0.0068359375 0.016105417276720352
0 0.8134765625 0.6456808199121523 0.0146484375 0.02635431918008785
0 0.818359375 0.6046852122986823 0.0068359375 0.016105417276720352
0 0.9775390625 0.42313323572474376 0.0048828125 0.008784773060029283
0 0.962890625 0.42313323572474376 0.00390625 0.008784773060029283
0 0.951171875 0.44363103953147875 0.0048828125 0.008784773060029283
0 0.9375 0.404099560761347 0.00390625 0.007320644216691069
0 0.912109375 0.42752562225475843 0.00390625 0.008784773060029283
0 0.88671875 0.4143484626647145 0.00390625 0.007320644216691069
0 0.8994140625 0.40263543191800877 0.0029296875 0.007320644216691069
0 0.83203125 0.3923865300146413 0.005859375 0.010248901903367497
0 0.865234375 0.40995607613469986 0.0048828125 0.007320644216691069
0 0.853515625 0.4216691068814056 0.00390625 0.007320644216691069
0 0.8662109375 0.42313323572474376 0.0048828125 0.007320644216691069
0 0.8330078125 0.4377745241581259 0.00390625 0.007320644216691069
0 0.845703125 0.445095168374817 0.0048828125 0.010248901903367497
0 0.837890625 0.4773060029282577 0.0048828125 0.013177159590043924
0 0.865234375 0.4377745241581259 0.0048828125 0.010248901903367497
0 0.826171875 0.4480234260614934 0.0048828125 0.008784773060029283
0 0.82421875 0.4377745241581259 0.00390625 0.008784773060029283
0 0.873046875 0.4363103953147877 0.00390625 0.007320644216691069
0 0.9169921875 0.4494875549048316 0.0048828125 0.008784773060029283
0 0.9267578125 0.4582723279648609 0.00390625 0.008784773060029283
0 0.94140625 0.4670571010248902 0.0048828125 0.010248901903367497
0 0.9482421875 0.46412884333821375 0.0048828125 0.010248901903367497
0 0.9697265625 0.46266471449487556 0.0048828125 0.008784773060029283
0 0.982421875 0.47144948755490484 0.005859375 0.013177159590043924
0 0.974609375 0.4773060029282577 0.00390625 0.010248901903367497
0 0.953125 0.48462664714494874 0.0048828125 0.01171303074670571
0 0.888671875 0.4568081991215227 0.005859375 0.010248901903367497
0 0.8955078125 0.4787701317715959 0.00390625 0.008784773060029283
0 0.916015625 0.4743777452415813 0.0048828125 0.01171303074670571
0 0.904296875 0.486090775988287 0.0048828125 0.010248901903367497
0 0.8271484375 0.4743777452415813 0.0068359375 0.013177159590043924
0 0.85546875 0.4802342606149341 0.0048828125 0.013177159590043924
0 0.8642578125 0.5021961932650073 0.00390625 0.010248901903367497
0 0.8388671875 0.5300146412884333 0.005859375 0.01171303074670571
0 0.833984375 0.5124450951683748 0.0048828125 0.010248901903367497
0 0.8818359375 0.513909224011713 0.0048828125 0.010248901903367497
0 0.8662109375 0.5314787701317716 0.005859375 0.013177159590043924
0 0.828125 0.5505124450951684 0.0068359375 0.017569546120058566
0 0.841796875 0.5607613469985359 0.0068359375 0.014641288433382138
0 0.8603515625 0.554904831625183 0.0068359375 0.013177159590043924
0 0.8671875 0.5636896046852123 0.0068359375 0.014641288433382138
0 0.8935546875 0.5534407027818448 0.0068359375 0.017569546120058566
0 0.8857421875 0.5285505124450952 0.0078125 0.013177159590043924
0 0.90625 0.5036603221083455 0.0048828125 0.01171303074670571
0 0.9169921875 0.5226939970717424 0.005859375 0.013177159590043924
0 0.9423828125 0.5314787701317716 0.0068359375 0.017569546120058566
0 0.9228515625 0.5636896046852123 0.0068359375 0.016105417276720352
0 0.9501953125 0.5461200585651538 0.005859375 0.016105417276720352
0 0.966796875 0.5314787701317716 0.005859375 0.01171303074670571
0 0.9755859375 0.5475841874084919 0.01171875 0.016105417276720352
0 0.9228515625 0.49194729136163984 0.005859375 0.01171303074670571
0 0.9248046875 0.48316251830161056 0.005859375 0.014641288433382138
0 0.8583984375 0.5944363103953147 0.0068359375 0.016105417276720352
0 0.8583984375 0.6281112737920937 0.0078125 0.014641288433382138
0 0.91796875 0.623718887262079 0.0087890625 0.016105417276720352
0 0.94140625 0.6017569546120058 0.0068359375 0.014641288433382138
0 0.9755859375 0.5797950219619327 0.0087890625 0.013177159590043924
0 0.96875 0.5929721815519766 0.005859375 0.013177159590043924
0 0.9931640625 0.6149341142020498 0.009765625 0.013177159590043924
0 0.970703125 0.6295754026354319 0.0107421875 0.01903367496339678
0 0.953125 0.6427525622254758 0.0068359375 0.013177159590043924
0 0.9375 0.6427525622254758 0.0078125 0.01903367496339678
0 0.89453125 0.6632503660322109 0.009765625 0.017569546120058566
0 0.88671875 0.6339677891654466 0.005859375 0.016105417276720352
0 0.869140625 0.6559297218155198 0.0087890625 0.017569546120058566
0 0.8271484375 0.6427525622254758 0.0078125 0.01903367496339678
0 0.7861328125 0.677891654465593 0.0107421875 0.020497803806734993
0 0.470703125 0.47291361639824303 0.0068359375 0.01171303074670571
0 0.6650390625 0.424597364568082 0.0048828125 0.010248901903367497
0 0.681640625 0.41874084919472915 0.0048828125 0.010248901903367497
0 0.701171875 0.3806734992679356 0.00390625 0.010248901903367497
0 0.681640625 0.40702781844802344 0.0048828125 0.013177159590043924
0 0.658203125 0.3689604685212299 0.0068359375 0.013177159590043924
0 0.63671875 0.5153733528550513 0.0078125 0.014641288433382138
0 0.640625 0.5329428989751098 0.0107421875 0.013177159590043924
0 0.21484375 0.4568081991215227 0.0048828125 0.007320644216691069
0 0.203125 0.45241581259150804 0.005859375 0.013177159590043924
0 0.1826171875 0.40263543191800877 0.00390625 0.008784773060029283
0 0.1982421875 0.44216691068814057 0.005859375 0.013177159590043924
0 0.3271484375 0.4699853587115666 0.005859375 0.01171303074670571
0 0.4052734375 0.5065885797950219 0.0048828125 0.01171303074670571
0 0.3134765625 0.5622254758418741 0.0068359375 0.010248901903367497
0 0.4150390625 0.465592972181552 0.005859375 0.010248901903367497
0 0.3681640625 0.5168374816983895 0.0048828125 0.01171303074670571
0 0.3359375 0.5387994143484627 0.0048828125 0.010248901903367497
0 0.1650390625 0.4128843338213763 0.0048828125 0.010248901903367497
0 0.162109375 0.43045387994143486 0.0029296875 0.007320644216691069
0 0.169921875 0.43045387994143486 0.00390625 0.008784773060029283
0 0.1796875 0.4289897510980966 0.005859375 0.010248901903367497
0 0.291015625 0.39092240117130306 0.0029296875 0.008784773060029283
0 0.2099609375 0.3923865300146413 0.00390625 0.008784773060029283
0 0.318359375 0.4538799414348463 0.005859375 0.01171303074670571
0 0.33203125 0.39970717423133234 0.00390625 0.008784773060029283
0 0.0966796875 0.4773060029282577 0.005859375 0.010248901903367497