0 0.0576171875 0.1326530612244898 0.033203125 0.07725947521865889
0 0.1455078125 0.2230320699708455 0.029296875 0.05830903790087463
0 0.2333984375 0.1282798833819242 0.0322265625 0.06705539358600583
0 0.30859375 0.04518950437317784 0.0234375 0.061224489795918366
0 0.3779296875 0.06559766763848396 0.025390625 0.048104956268221574
0 0.4541015625 0.08017492711370262 0.029296875 0.05393586005830904
0 0.427734375 0.18950437317784258 0.029296875 0.05102040816326531
0 0.2470703125 0.358600583090379 0.0517578125 0.09183673469387756
0 0.5869140625 0.3323615160349854 0.052734375 0.11224489795918367
0 0.6728515625 0.1836734693877551 0.0322265625 0.06268221574344024
0 0.6796875 0.08746355685131195 0.0322265625 0.06705539358600583
0 0.7900390625 0.19970845481049562 0.0283203125 0.06559766763848396
0 0.919921875 0.037900874635568516 0.029296875 0.048104956268221574
0 0.7978515625 0.018950437317784258 0.0302734375 0.03935860058309038