0 0.4833984375 0.5551075268817204 0.0205078125 0.036290322580645164
0 0.42578125 0.5389784946236559 0.0205078125 0.036290322580645164
0 0.11328125 0.5268817204301075 0.0234375 0.036290322580645164
0 0.1435546875 0.7258064516129032 0.009765625 0.012096774193548387
0 0.0576171875 0.678763440860215 0.009765625 0.016129032258064516
0 0.0380859375 0.7244623655913979 0.009765625 0.013440860215053764
0 0.6474609375 0.7446236559139785 0.005859375 0.009408602150537635
0 0.6171875 0.717741935483871 0.0068359375 0.010752688172043012
0 0.5888671875 0.6706989247311828 0.009765625 0.016129032258064516
0 0.5595703125 0.7419354838709677 0.0068359375 0.012096774193548387
0 0.5439453125 0.7405913978494624 0.0068359375 0.010752688172043012
0 0.5771484375 0.7405913978494624 0.005859375 0.009408602150537635
0 0.931640625 0.7002688172043011 0.005859375 0.010752688172043012
0 0.7646484375 0.40860215053763443 0.017578125 0.03763440860215054
0 0.3955078125 0.7298387096774194 0.0078125 0.009408602150537635
0 0.36328125 0.6975806451612904 0.005859375 0.010752688172043012
0 0.5263671875 0.7419354838709677 0.0068359375 0.013440860215053764
0 0.6669921875 0.7459677419354839 0.005859375 0.008064516129032258
0 0.712890625 0.7459677419354839 0.0048828125 0.006720430107526882
0 0.7265625 0.7459677419354839 0.005859375 0.008064516129032258
0 0.9521484375 0.7056451612903226 0.005859375 0.009408602150537635