0 0.0458984375 0.05153203342618384 0.0302734375 0.054317548746518104
0 0.1103515625 0.03899721448467967 0.0205078125 0.034818941504178275
0 0.1923828125 0.055710306406685235 0.0185546875 0.033426183844011144
0 0.251953125 0.05013927576601671 0.01953125 0.04178272980501393
0 0.2685546875 0.18662952646239556 0.0234375 0.05153203342618384
0 0.169921875 0.18245125348189414 0.0224609375 0.05153203342618384
0 0.1826171875 0.15459610027855153 0.0185546875 0.03064066852367688
0 0.1015625 0.11977715877437325 0.021484375 0.036211699164345405
0 0.056640625 0.201949860724234 0.0234375 0.04874651810584958
0 0.1015625 0.25069637883008355 0.0224609375 0.04456824512534819
0 0.1884765625 0.2562674094707521 0.0302734375 0.052924791086350974
0 0.255859375 0.2841225626740947 0.0244140625 0.04874651810584958
0 0.2265625 0.3607242339832869 0.029296875 0.05988857938718663
0 0.0947265625 0.40668523676880225 0.03125 0.06406685236768803
0 0.185546875 0.38997214484679665 0.0341796875 0.06824512534818941
0 0.302734375 0.44707520891364905 0.0224609375 0.05153203342618384
0 0.2734375 0.40947075208913647 0.0244140625 0.055710306406685235
0 0.318359375 0.3579387186629526 0.02734375 0.04874651810584958
0 0.099609375 0.37047353760445684 0.03125 0.04317548746518106
0 0.345703125 0.04178272980501393 0.021484375 0.03064066852367688
0 0.3564453125 0.07242339832869081 0.01953125 0.0403899721448468
0 0.3994140625 0.055710306406685235 0.0166015625 0.025069637883008356
0 0.421875 0.07938718662952646 0.017578125 0.037604456824512536
0 0.42578125 0.12116991643454039 0.01953125 0.04596100278551532
0 0.376953125 0.1532033426183844 0.0234375 0.04456824512534819
0 0.35546875 0.19080779944289694 0.0244140625 0.05013927576601671
0 0.3125 0.13788300835654596 0.021484375 0.04596100278551532
0 0.2763671875 0.149025069637883 0.0224609375 0.04456824512534819
0 0.34375 0.2785515320334262 0.02734375 0.04596100278551532
0 0.404296875 0.2785515320334262 0.0224609375 0.05988857938718663
0 0.3984375 0.3983286908077994 0.0302734375 0.055710306406685235
0 0.4443359375 0.03899721448467967 0.025390625 0.02924791086350975
0 0.5263671875 0.052924791086350974 0.0205078125 0.04178272980501393
0 0.50390625 0.14066852367688024 0.048828125 0.10306406685236769
0 0.552734375 0.14345403899721448 0.0234375 0.054317548746518104
0 0.6083984375 0.07242339832869081 0.025390625 0.04735376044568245
0 0.61328125 0.034818941504178275 0.0205078125 0.025069637883008356
0 0.6201171875 0.14623955431754876 0.0244140625 0.0584958217270195
0 0.6435546875 0.19637883008356546 0.0302734375 0.054317548746518104
0 0.5478515625 0.22423398328690808 0.0390625 0.07938718662952646
0 0.6220703125 0.30362116991643456 0.02734375 0.04874651810584958
0 0.6923828125 0.04317548746518106 0.01953125 0.037604456824512536
0 0.7099609375 0.07103064066852367 0.0224609375 0.04874651810584958
0 0.73046875 0.09192200557103064 0.0224609375 0.04735376044568245
0 0.7578125 0.026462395543175487 0.0166015625 0.027855153203342618
0 0.7763671875 0.04874651810584958 0.0166015625 0.03899721448467967
0 0.7861328125 0.10167130919220056 0.0224609375 0.04456824512534819
0 0.845703125 0.0988857938718663 0.0263671875 0.052924791086350974
0 0.7041015625 0.25348189415041783 0.025390625 0.05013927576601671
0 0.75390625 0.2214484679665738 0.01953125 0.05013927576601671
0 0.8359375 0.2116991643454039 0.021484375 0.04874651810584958
0 0.8291015625 0.27298050139275765 0.0205078125 0.05013927576601671
0 0.87890625 0.04735376044568245 0.01953125 0.037604456824512536
0 0.9111328125 0.03203342618384401 0.0205078125 0.023676880222841225
0 0.9287109375 0.11142061281337047 0.02734375 0.0584958217270195
0 0.970703125 0.19080779944289694 0.029296875 0.057103064066852366
0 0.869140625 0.26323119777158777 0.0234375 0.052924791086350974
0 0.888671875 0.32729805013927576 0.0283203125 0.05013927576601671
0 0.9189453125 0.37047353760445684 0.0302734375 0.06406685236768803
0 0.9287109375 0.41086350974930363 0.0361328125 0.06963788300835655
0 0.830078125 0.3342618384401114 0.0244140625 0.04178272980501393
0 0.8125 0.37604456824512533 0.0283203125 0.054317548746518104
0 0.7529296875 0.31754874651810583 0.0283203125 0.06128133704735376
0 0.759765625 0.42479108635097496 0.033203125 0.06128133704735376
0 0.8515625 0.4456824512534819 0.03125 0.06128133704735376
0 0.6845703125 0.3635097493036212 0.025390625 0.05153203342618384
0 0.6708984375 0.3969359331476323 0.03125 0.052924791086350974
0 0.0107421875 0.35376044568245124 0.017578125 0.057103064066852366
0 0.013671875 0.2924791086350975 0.017578125 0.033426183844011144
0 0.0283203125 0.03064066852367688 0.0244140625 0.03203342618384401