0 0.6083984375 0.49615384615384617 0.111328125 0.125
0 0.5908203125 0.26826923076923076 0.0263671875 0.03173076923076923
0 0.7314453125 0.28846153846153844 0.025390625 0.025
0 0.8857421875 0.33942307692307694 0.01953125 0.02403846153846154
0 0.7626953125 0.35192307692307695 0.01953125 0.02403846153846154
0 0.8681640625 0.47115384615384615 0.033203125 0.04326923076923077
0 0.923828125 0.38846153846153847 0.021484375 0.025961538461538463
0 0.9423828125 0.2173076923076923 0.0234375 0.028846153846153848
0 0.97265625 0.48846153846153845 0.0234375 0.025
0 0.1298828125 0.6317307692307692 0.03125 0.04326923076923077
0 0.0244140625 0.5923076923076923 0.02734375 0.03653846153846154
0 0.0673828125 0.5298076923076923 0.03515625 0.03365384615384615
0 0.7724609375 0.4740384615384615 0.0302734375 0.032692307692307694
0 0.6123046875 0.3730769230769231 0.0244140625 0.03076923076923077
0 0.259765625 0.49903846153846154 0.080078125 0.10384615384615385
0 0.8583984375 0.8076923076923077 0.0302734375 0.038461538461538464
0 0.8154296875 0.8788461538461538 0.03515625 0.041346153846153845
0 0.109375 0.9519230769230769 0.03515625 0.046153846153846156
0 0.0302734375 0.3019230769230769 0.021484375 0.02980769230769231
0 0.5732421875 0.24134615384615385 0.025390625 0.03173076923076923
0 0.2109375 0.3278846153846154 0.03515625 0.041346153846153845
0 0.1181640625 0.3971153846153846 0.0341796875 0.041346153846153845
0 0.5205078125 0.7375 0.0439453125 0.051923076923076926
0 0.0068359375 0.37115384615384617 0.0146484375 0.04519230769230769