0 0.6943359375 0.1484375 0.052734375 0.08984375
0 0.947265625 0.61328125 0.0205078125 0.028645833333333332
0 0.919921875 0.66015625 0.0234375 0.036458333333333336
0 0.822265625 0.62109375 0.0263671875 0.0390625
0 0.853515625 0.4934895833333333 0.01953125 0.03125
0 0.9130859375 0.50390625 0.0166015625 0.032552083333333336
0 0.994140625 0.4921875 0.0107421875 0.032552083333333336
0 0.55859375 0.3567708333333333 0.01953125 0.032552083333333336
0 0.4912109375 0.3502604166666667 0.01953125 0.029947916666666668
0 0.419921875 0.3059895833333333 0.0185546875 0.02734375
0 0.5263671875 0.4661458333333333 0.017578125 0.029947916666666668
0 0.587890625 0.53125 0.021484375 0.036458333333333336
0 0.541015625 0.546875 0.021484375 0.0390625
0 0.4873046875 0.5338541666666666 0.0224609375 0.04296875
0 0.4384765625 0.5338541666666666 0.0224609375 0.0390625
0 0.4072265625 0.5260416666666666 0.0244140625 0.04296875
0 0.4697265625 0.4674479166666667 0.015625 0.026041666666666668
0 0.36328125 0.5130208333333334 0.025390625 0.040364583333333336
0 0.25 0.5325520833333334 0.0185546875 0.033854166666666664
0 0.3115234375 0.51953125 0.0224609375 0.0390625
0 0.2607421875 0.4908854166666667 0.0234375 0.041666666666666664
0 0.2880859375 0.4817708333333333 0.0224609375 0.0390625
0 0.3251953125 0.4348958333333333 0.0205078125 0.041666666666666664
0 0.2685546875 0.43359375 0.0205078125 0.033854166666666664
0 0.2412109375 0.421875 0.0205078125 0.033854166666666664
0 0.1962890625 0.4166666666666667 0.01953125 0.02734375
0 0.1640625 0.43359375 0.0263671875 0.041666666666666664
0 0.1533203125 0.3658854166666667 0.01953125 0.03125
0 0.240234375 0.4908854166666667 0.0185546875 0.03125
0 0.19921875 0.4895833333333333 0.021484375 0.03515625
0 0.2373046875 0.3815104166666667 0.0205078125 0.028645833333333332
0 0.1416015625 0.24869791666666666 0.01953125 0.032552083333333336
0 0.1640625 0.08072916666666667 0.017578125 0.028645833333333332
0 0.2255859375 0.08723958333333333 0.0166015625 0.02734375
0 0.03515625 0.049479166666666664 0.015625 0.024739583333333332
0 0.109375 0.024739583333333332 0.0146484375 0.022135416666666668
0 0.166015625 0.02734375 0.01171875 0.022135416666666668
0 0.451171875 0.05078125 0.013671875 0.028645833333333332
0 0.3984375 0.048177083333333336 0.0146484375 0.020833333333333332
0 0.3486328125 0.041666666666666664 0.013671875 0.02734375
0 0.458984375 0.12239583333333333 0.0126953125 0.024739583333333332
0 0.533203125 0.13020833333333334 0.013671875 0.02734375
0 0.55078125 0.07552083333333333 0.013671875 0.028645833333333332
0 0.4951171875 0.08723958333333333 0.0146484375 0.020833333333333332
0 0.6044921875 0.07942708333333333 0.013671875 0.0234375
0 0.6357421875 0.02734375 0.013671875 0.024739583333333332
0 0.6728515625 0.028645833333333332 0.01171875 0.0234375
0 0.658203125 0.08203125 0.0126953125 0.024739583333333332
0 0.6220703125 0.14192708333333334 0.0166015625 0.02734375
0 0.5810546875 0.12890625 0.013671875 0.0234375
0 0.9677734375 0.14453125 0.0146484375 0.0234375
0 0.9365234375 0.16927083333333334 0.0126953125 0.024739583333333332
0 0.994140625 0.16927083333333334 0.0107421875 0.02734375
0 0.9140625 0.1015625 0.0146484375 0.0234375
0 0.8779296875 0.059895833333333336 0.0107421875 0.018229166666666668
0 0.9326171875 0.06901041666666667 0.015625 0.02734375
0 0.1103515625 0.16536458333333334 0.03515625 0.07942708333333333
0 0.404296875 0.4635416666666667 0.0185546875 0.036458333333333336
0 0.400390625 0.08463541666666667 0.017578125 0.033854166666666664
0 0.591796875 0.02734375 0.0126953125 0.02734375
0 0.5439453125 0.013020833333333334 0.015625 0.026041666666666668
0 0.615234375 0.5768229166666666 0.021484375 0.0390625