0 0.560546875 0.1578590785907859 0.06640625 0.07317073170731707
0 0.4091796875 0.3265582655826558 0.0859375 0.07655826558265583
0 0.7734375 0.42140921409214094 0.05078125 0.03997289972899729
0 0.109375 0.37262872628726285 0.0068359375 0.006097560975609756
0 0.095703125 0.37262872628726285 0.005859375 0.007452574525745257
0 0.009765625 0.3705962059620596 0.005859375 0.006097560975609756
0 0.015625 0.39092140921409213 0.0068359375 0.006097560975609756
0 0.0283203125 0.39092140921409213 0.0068359375 0.006097560975609756
0 0.05078125 0.3970189701897019 0.005859375 0.005420054200542005
0 0.06640625 0.3997289972899729 0.005859375 0.006775067750677507
0 0.01171875 0.40582655826558267 0.0078125 0.006775067750677507
0 0.0126953125 0.4180216802168022 0.0068359375 0.0047425474254742545
0 0.03125 0.42276422764227645 0.0068359375 0.006775067750677507
0 0.0263671875 0.4105691056910569 0.0068359375 0.007452574525745257
0 0.0234375 0.40040650406504064 0.005859375 0.006775067750677507
0 0.033203125 0.4024390243902439 0.00390625 0.005420054200542005
0 0.0498046875 0.40582655826558267 0.0068359375 0.007452574525745257
0 0.0419921875 0.41260162601626016 0.005859375 0.0047425474254742545
0 0.052734375 0.4166666666666667 0.005859375 0.006097560975609756
0 0.05078125 0.4254742547425474 0.0078125 0.006775067750677507
0 0.0712890625 0.40989159891598914 0.0068359375 0.006775067750677507
0 0.095703125 0.4092140921409214 0.0048828125 0.006097560975609756
0 0.087890625 0.4173441734417344 0.00390625 0.006775067750677507
0 0.08203125 0.4247967479674797 0.005859375 0.0047425474254742545
0 0.0791015625 0.4180216802168022 0.0048828125 0.006775067750677507
0 0.1123046875 0.4051490514905149 0.005859375 0.006775067750677507
0 0.1376953125 0.39634146341463417 0.0048828125 0.0047425474254742545
0 0.162109375 0.4092140921409214 0.005859375 0.006097560975609756
0 0.1318359375 0.4173441734417344 0.005859375 0.005420054200542005
0 0.109375 0.41192411924119243 0.005859375 0.0047425474254742545
0 0.078125 0.40853658536585363 0.0048828125 0.0047425474254742545
0 0.1484375 0.4281842818428184 0.005859375 0.005420054200542005
0 0.138671875 0.4275067750677507 0.005859375 0.0047425474254742545
0 0.1279296875 0.4254742547425474 0.005859375 0.005420054200542005
0 0.125 0.4356368563685637 0.005859375 0.005420054200542005
0 0.134765625 0.4383468834688347 0.005859375 0.005420054200542005
0 0.1494140625 0.4410569105691057 0.005859375 0.005420054200542005
0 0.16015625 0.44579945799457993 0.0068359375 0.005420054200542005
0 0.1123046875 0.43224932249322495 0.005859375 0.006097560975609756
0 0.0888671875 0.43157181571815717 0.005859375 0.006097560975609756
0 0.103515625 0.43970189701897017 0.0068359375 0.006775067750677507
0 0.0712890625 0.43360433604336046 0.005859375 0.006775067750677507
0 0.072265625 0.44308943089430897 0.0068359375 0.007452574525745257
0 0.0810546875 0.37669376693766937 0.005859375 0.005420054200542005
0 0.0869140625 0.44308943089430897 0.0068359375 0.007452574525745257
0 0.0517578125 0.4349593495934959 0.0068359375 0.006775067750677507
0 0.06640625 0.43970189701897017 0.005859375 0.006097560975609756
0 0.078125 0.45121951219512196 0.0068359375 0.006775067750677507
0 0.1015625 0.4478319783197832 0.0048828125 0.006775067750677507
0 0.12109375 0.4505420054200542 0.0048828125 0.006097560975609756
0 0.0947265625 0.453929539295393 0.0068359375 0.006775067750677507
0 0.111328125 0.46680216802168023 0.0068359375 0.006775067750677507
0 0.12109375 0.4695121951219512 0.005859375 0.006775067750677507
0 0.06640625 0.4634146341463415 0.0068359375 0.006775067750677507
0 0.0185546875 0.45528455284552843 0.0078125 0.008807588075880758
0 0.0068359375 0.46612466124661245 0.0087890625 0.008807588075880758
0 0.029296875 0.470189701897019 0.009765625 0.008807588075880758
0 0.056640625 0.47764227642276424 0.0087890625 0.008130081300813009
0 0.0771484375 0.4830623306233062 0.0087890625 0.008130081300813009
0 0.0947265625 0.483739837398374 0.0078125 0.008130081300813009
0 0.1005859375 0.497289972899729 0.0078125 0.007452574525745257
0 0.1201171875 0.502710027100271 0.005859375 0.007452574525745257
0 0.0751953125 0.49661246612466126 0.005859375 0.006775067750677507
0 0.09375 0.5088075880758808 0.009765625 0.009485094850948509
0 0.1015625 0.5101626016260162 0.0068359375 0.008130081300813009
0 0.06640625 0.4986449864498645 0.009765625 0.009485094850948509
0 0.052734375 0.4993224932249323 0.009765625 0.008130081300813009
0 0.0439453125 0.4830623306233062 0.0068359375 0.006097560975609756
0 0.033203125 0.48509485094850946 0.0078125 0.009485094850948509
0 0.0087890625 0.481029810298103 0.0087890625 0.006097560975609756
0 0.0048828125 0.4898373983739837 0.0068359375 0.01016260162601626
0 0.029296875 0.497289972899729 0.0107421875 0.008807588075880758
0 0.0263671875 0.5060975609756098 0.0107421875 0.009485094850948509
0 0.0400390625 0.510840108401084 0.009765625 0.009485094850948509
0 0.064453125 0.5149051490514905 0.0107421875 0.008130081300813009
0 0.044921875 0.4911924119241192 0.0087890625 0.006775067750677507
0 0.0849609375 0.5210027100271003 0.009765625 0.009485094850948509
0 0.1005859375 0.5230352303523035 0.009765625 0.008807588075880758
0 0.130859375 0.5230352303523035 0.009765625 0.008807588075880758
0 0.1416015625 0.5142276422764228 0.0078125 0.008130081300813009
0 0.0888671875 0.5399728997289973 0.009765625 0.006775067750677507
0 0.08984375 0.5460704607046071 0.009765625 0.007452574525745257
0 0.0869140625 0.5528455284552846 0.0078125 0.008130081300813009
0 0.076171875 0.5562330623306233 0.01171875 0.009485094850948509
0 0.0625 0.5365853658536586 0.0107421875 0.01016260162601626
0 0.0576171875 0.5487804878048781 0.01171875 0.007452574525745257
0 0.0546875 0.5623306233062331 0.0126953125 0.012872628726287264
0 0.0712890625 0.5711382113821138 0.0126953125 0.01084010840108401
0 0.0517578125 0.5840108401084011 0.0126953125 0.012872628726287264
0 0.037109375 0.537940379403794 0.009765625 0.007452574525745257
0 0.10546875 0.5392953929539296 0.0087890625 0.008130081300813009
0 0.03515625 0.5453929539295393 0.0087890625 0.007452574525745257
0 0.02734375 0.5467479674796748 0.0068359375 0.007452574525745257
0 0.0126953125 0.540650406504065 0.01171875 0.01084010840108401
0 0.025390625 0.5460704607046071 0.0078125 0.006097560975609756
0 0.0087890625 0.5528455284552846 0.0107421875 0.01016260162601626
0 0.0302734375 0.5582655826558266 0.01171875 0.012195121951219513
0 0.0166015625 0.5528455284552846 0.0078125 0.008807588075880758
0 0.01953125 0.5752032520325203 0.013671875 0.01084010840108401
0 0.015625 0.5867208672086721 0.0146484375 0.011517615176151762
0 0.029296875 0.5840108401084011 0.0126953125 0.012195121951219513
0 0.0419921875 0.6029810298102981 0.0126953125 0.012195121951219513
0 0.0986328125 0.6050135501355014 0.013671875 0.012872628726287264
0 0.03125 0.6165311653116531 0.0146484375 0.014227642276422764
0 0.03125 0.6429539295392954 0.0166015625 0.015582655826558265
0 0.0615234375 0.6151761517615176 0.015625 0.013550135501355014
0 0.1904296875 0.41124661246612465 0.005859375 0.005420054200542005
0 0.2060546875 0.4146341463414634 0.00390625 0.005420054200542005
0 0.21875 0.4173441734417344 0.005859375 0.006097560975609756
0 0.228515625 0.4234417344173442 0.005859375 0.008130081300813009
0 0.2001953125 0.45121951219512196 0.005859375 0.005420054200542005
0 0.271484375 0.44986449864498645 0.005859375 0.0047425474254742545
0 0.2783203125 0.4410569105691057 0.00390625 0.0047425474254742545
0 0.2568359375 0.4437669376693767 0.0068359375 0.005420054200542005
0 0.251953125 0.44850948509485095 0.005859375 0.006097560975609756
0 0.2421875 0.4518970189701897 0.005859375 0.005420054200542005
0 0.2080078125 0.4600271002710027 0.0048828125 0.006097560975609756
0 0.21484375 0.4640921409214092 0.0048828125 0.005420054200542005
0 0.1787109375 0.44986449864498645 0.0078125 0.008130081300813009
0 0.15625 0.4573170731707317 0.0068359375 0.005420054200542005
0 0.169921875 0.462059620596206 0.0048828125 0.0047425474254742545
0 0.1572265625 0.46680216802168023 0.0087890625 0.008130081300813009
0 0.240234375 0.47560975609756095 0.005859375 0.006775067750677507
0 0.2236328125 0.4722222222222222 0.0068359375 0.006097560975609756
0 0.166015625 0.46747967479674796 0.0048828125 0.006097560975609756
0 0.13671875 0.4546070460704607 0.0048828125 0.0047425474254742545
0 0.1318359375 0.4600271002710027 0.005859375 0.006097560975609756
0 0.15625 0.4749322493224932 0.0068359375 0.007452574525745257
0 0.1767578125 0.4796747967479675 0.0078125 0.006775067750677507
0 0.203125 0.47560975609756095 0.005859375 0.006097560975609756
0 0.2109375 0.494579945799458 0.0068359375 0.007452574525745257
0 0.228515625 0.489159891598916 0.005859375 0.006775067750677507
0 0.1630859375 0.48644986449864497 0.0068359375 0.008130081300813009
0 0.1337890625 0.4830623306233062 0.0068359375 0.006775067750677507
0 0.1376953125 0.4932249322493225 0.0068359375 0.006775067750677507
0 0.232421875 0.5182926829268293 0.0068359375 0.006097560975609756
0 0.224609375 0.5128726287262872 0.005859375 0.006775067750677507
0 0.216796875 0.508130081300813 0.0078125 0.006775067750677507
0 0.21484375 0.5155826558265583 0.0078125 0.008130081300813009
0 0.2236328125 0.5291327913279132 0.0078125 0.008130081300813009
0 0.2041015625 0.5264227642276422 0.0068359375 0.008130081300813009
0 0.19921875 0.5345528455284553 0.0087890625 0.006097560975609756
0 0.1806640625 0.5101626016260162 0.037109375 0.03726287262872629
0 0.1494140625 0.5277777777777778 0.01171875 0.009485094850948509
0 0.3125 0.47289972899729 0.0048828125 0.0047425474254742545
0 0.2998046875 0.47289972899729 0.0048828125 0.005420054200542005
0 0.314453125 0.4803523035230352 0.005859375 0.0047425474254742545
0 0.3046875 0.4796747967479675 0.005859375 0.005420054200542005
0 0.30078125 0.483739837398374 0.0068359375 0.006775067750677507
0 0.287109375 0.481029810298103 0.0068359375 0.006097560975609756
0 0.275390625 0.483739837398374 0.0068359375 0.007452574525745257
0 0.3046875 0.4932249322493225 0.0068359375 0.006097560975609756
0 0.2890625 0.49254742547425473 0.0068359375 0.006775067750677507
0 0.2958984375 0.5020325203252033 0.0068359375 0.006775067750677507
0 0.31640625 0.4986449864498645 0.0087890625 0.006775067750677507
0 0.310546875 0.5074525745257452 0.0078125 0.006775067750677507
0 0.244140625 0.49661246612466126 0.0068359375 0.006097560975609756
0 0.224609375 0.5006775067750677 0.0068359375 0.006775067750677507
0 0.2509765625 0.513550135501355 0.0068359375 0.008130081300813009
0 0.2607421875 0.516260162601626 0.005859375 0.007452574525745257
0 0.271484375 0.5250677506775068 0.0087890625 0.008130081300813009
0 0.2919921875 0.5311653116531165 0.0087890625 0.008130081300813009
0 0.2724609375 0.5359078590785907 0.0078125 0.008807588075880758
0 0.2490234375 0.532520325203252 0.009765625 0.008130081300813009
0 0.3134765625 0.48644986449864497 0.005859375 0.005420054200542005
0 0.3291015625 0.5142276422764228 0.0068359375 0.007452574525745257
0 0.2841796875 0.5399728997289973 0.0107421875 0.009485094850948509
0 0.2880859375 0.5494579945799458 0.0068359375 0.008807588075880758
0 0.2490234375 0.5657181571815718 0.0107421875 0.008807588075880758
0 0.236328125 0.5853658536585366 0.009765625 0.01084010840108401
0 0.24609375 0.5873983739837398 0.0087890625 0.01084010840108401
0 0.255859375 0.5867208672086721 0.0078125 0.007452574525745257
0 0.2568359375 0.5955284552845529 0.0078125 0.007452574525745257
0 0.2421875 0.5792682926829268 0.0068359375 0.007452574525745257
0 0.236328125 0.6097560975609756 0.0107421875 0.01016260162601626
0 0.2099609375 0.6341463414634146 0.009765625 0.012195121951219513
0 0.23046875 0.6375338753387534 0.009765625 0.011517615176151762
0 0.2470703125 0.6355013550135501 0.01171875 0.01016260162601626
0 0.2314453125 0.6592140921409214 0.0146484375 0.012872628726287264
0 0.1845703125 0.6544715447154471 0.01171875 0.011517615176151762
0 0.3310546875 0.491869918699187 0.005859375 0.006775067750677507
0 0.2509765625 0.4932249322493225 0.005859375 0.006775067750677507
0 0.5849609375 0.556910569105691 0.00390625 0.006097560975609756
0 0.5751953125 0.5670731707317073 0.00390625 0.005420054200542005
0 0.6083984375 0.5724932249322493 0.0048828125 0.0047425474254742545
0 0.5908203125 0.5663956639566395 0.005859375 0.006097560975609756
0 0.623046875 0.5650406504065041 0.00390625 0.0040650406504065045
0 0.6259765625 0.5718157181571816 0.0048828125 0.0040650406504065045
0 0.62109375 0.5799457994579946 0.005859375 0.006097560975609756
0 0.6318359375 0.5826558265582655 0.00390625 0.0047425474254742545
0 0.6259765625 0.5494579945799458 0.0048828125 0.0047425474254742545
0 0.6328125 0.556910569105691 0.0068359375 0.006097560975609756
0 0.6533203125 0.5670731707317073 0.0048828125 0.0047425474254742545
0 0.5712890625 0.5860433604336044 0.005859375 0.006775067750677507
0 0.6083984375 0.5819783197831978 0.0048828125 0.005420054200542005
0 0.5625 0.5968834688346883 0.005859375 0.007452574525745257
0 0.5595703125 0.6056910569105691 0.005859375 0.006097560975609756
0 0.5478515625 0.6111111111111112 0.0068359375 0.007452574525745257
0 0.4736328125 0.6246612466124661 0.0078125 0.007452574525745257
0 0.5693359375 0.6212737127371274 0.0068359375 0.006775067750677507
0 0.564453125 0.6266937669376694 0.005859375 0.007452574525745257
0 0.5556640625 0.6287262872628726 0.0068359375 0.007452574525745257
0 0.5498046875 0.6185636856368564 0.005859375 0.006097560975609756
0 0.6259765625 0.6070460704607046 0.005859375 0.006775067750677507
0 0.6171875 0.6050135501355014 0.0068359375 0.005420054200542005
0 0.60546875 0.6029810298102981 0.0048828125 0.005420054200542005
0 0.587890625 0.5934959349593496 0.0048828125 0.005420054200542005
0 0.619140625 0.6205962059620597 0.0048828125 0.0047425474254742545
0 0.634765625 0.6266937669376694 0.005859375 0.005420054200542005
0 0.61328125 0.6280487804878049 0.005859375 0.006775067750677507
0 0.6259765625 0.6314363143631436 0.005859375 0.006097560975609756
0 0.6318359375 0.6334688346883469 0.0048828125 0.0047425474254742545
0 0.48046875 0.6388888888888888 0.0107421875 0.009485094850948509
0 0.5732421875 0.6009485094850948 0.0068359375 0.006097560975609756
0 0.5712890625 0.6592140921409214 0.0087890625 0.01084010840108401
0 0.572265625 0.6842818428184282 0.0107421875 0.011517615176151762
0 0.55859375 0.6869918699186992 0.0107421875 0.008130081300813009
0 0.5517578125 0.6788617886178862 0.0107421875 0.01084010840108401
0 0.6357421875 0.6409214092140921 0.005859375 0.007452574525745257
0 0.6240234375 0.6382113821138211 0.0087890625 0.006775067750677507
0 0.591796875 0.6415989159891599 0.0078125 0.008807588075880758
0 0.5810546875 0.6409214092140921 0.0087890625 0.007452574525745257
0 0.568359375 0.6402439024390244 0.0068359375 0.006775067750677507
0 0.6103515625 0.6551490514905149 0.0048828125 0.006775067750677507
0 0.599609375 0.6558265582655827 0.005859375 0.006775067750677507
0 0.6142578125 0.6863143631436315 0.0087890625 0.007452574525745257
0 0.619140625 0.6558265582655827 0.005859375 0.007452574525745257
0 0.6455078125 0.573170731707317 0.00390625 0.005420054200542005
0 0.8486328125 0.6294037940379403 0.0048828125 0.005420054200542005
0 0.849609375 0.6178861788617886 0.00390625 0.0047425474254742545
0 0.8095703125 0.6144986449864499 0.0048828125 0.0047425474254742545
0 0.8212890625 0.6063685636856369 0.0029296875 0.0047425474254742545
0 0.8408203125 0.6056910569105691 0.0048828125 0.0047425474254742545
0 0.806640625 0.6050135501355014 0.00390625 0.005420054200542005
0 0.9873046875 0.6321138211382114 0.00390625 0.005420054200542005
0 0.96875 0.6307588075880759 0.00390625 0.0047425474254742545
0 0.978515625 0.6226287262872628 0.0048828125 0.0047425474254742545
0 0.984375 0.6131436314363143 0.0048828125 0.006097560975609756
0 0.958984375 0.6131436314363143 0.0029296875 0.0033875338753387536
0 0.9453125 0.6138211382113821 0.0048828125 0.0033875338753387536
0 0.9267578125 0.6151761517615176 0.00390625 0.0027100271002710027
0 0.8681640625 0.6165311653116531 0.0087890625 0.008130081300813009
0 0.908203125 0.6090785907859079 0.0048828125 0.0040650406504065045
0 0.708984375 0.6754742547425474 0.0078125 0.008130081300813009
0 0.69921875 0.69579945799458 0.0087890625 0.008807588075880758
0 0.7099609375 0.6978319783197832 0.0068359375 0.008130081300813009
0 0.802734375 0.698509485094851 0.0068359375 0.006097560975609756
0 0.8046875 0.6802168021680217 0.0068359375 0.006775067750677507
0 0.814453125 0.6808943089430894 0.0068359375 0.006097560975609756
0 0.822265625 0.6775067750677507 0.005859375 0.005420054200542005
0 0.83203125 0.6747967479674797 0.0068359375 0.005420054200542005
0 0.8330078125 0.6673441734417345 0.0048828125 0.0047425474254742545
0 0.8271484375 0.6700542005420054 0.00390625 0.0033875338753387536
0 0.80078125 0.6734417344173442 0.0048828125 0.0040650406504065045
0 0.8125 0.6666666666666666 0.0048828125 0.006097560975609756
0 0.8095703125 0.657859078590786 0.0048828125 0.0047425474254742545
0 0.8037109375 0.6605691056910569 0.00390625 0.0040650406504065045
0 0.7978515625 0.6666666666666666 0.005859375 0.0047425474254742545
0 0.806640625 0.6693766937669376 0.0029296875 0.0047425474254742545
0 0.83984375 0.6680216802168022 0.0048828125 0.005420054200542005
0 0.8466796875 0.6727642276422764 0.0048828125 0.0047425474254742545
0 0.8359375 0.6829268292682927 0.0068359375 0.006097560975609756
0 0.84375 0.6836043360433605 0.0048828125 0.006775067750677507
0 0.8515625 0.6890243902439024 0.0048828125 0.0047425474254742545
0 0.8583984375 0.6849593495934959 0.0048828125 0.0047425474254742545
0 0.845703125 0.6788617886178862 0.0048828125 0.0047425474254742545
0 0.8671875 0.6802168021680217 0.00390625 0.0047425474254742545
0 0.8642578125 0.7025745257452575 0.0087890625 0.008130081300813009
0 0.8779296875 0.6869918699186992 0.0068359375 0.006775067750677507
0 0.9443359375 0.7025745257452575 0.0068359375 0.008130081300813009
0 0.9453125 0.7215447154471545 0.0068359375 0.007452574525745257
0 0.95703125 0.7228997289972899 0.0068359375 0.007452574525745257
0 0.9150390625 0.7073170731707317 0.0068359375 0.006775067750677507
0 0.9931640625 0.6883468834688347 0.0048828125 0.006775067750677507
0 0.9853515625 0.693089430894309 0.0068359375 0.006097560975609756
0 0.9970703125 0.7073170731707317 0.0048828125 0.007452574525745257
0 0.9697265625 0.7066395663956639 0.0087890625 0.008130081300813009
0 0.9658203125 0.690379403794038 0.0078125 0.006097560975609756
0 0.9150390625 0.6869918699186992 0.0048828125 0.008130081300813009
0 0.986328125 0.7249322493224932 0.005859375 0.008130081300813009
0 0.99609375 0.7249322493224932 0.005859375 0.006775067750677507
0 0.908203125 0.7228997289972899 0.0068359375 0.006775067750677507
0 0.9189453125 0.7242547425474255 0.0087890625 0.008807588075880758
0 0.9697265625 0.7289972899728997 0.0068359375 0.008130081300813009
0 0.9033203125 0.6863143631436315 0.0068359375 0.006775067750677507
0 0.888671875 0.6802168021680217 0.00390625 0.005420054200542005
0 0.8623046875 0.6842818428184282 0.00390625 0.005420054200542005
0 0.1943359375 0.4613821138211382 0.0087890625 0.008130081300813009
0 0.189453125 0.4823848238482385 0.005859375 0.0047425474254742545
0 0.2099609375 0.48509485094850946 0.005859375 0.0047425474254742545
0 0.1982421875 0.483739837398374 0.0087890625 0.008807588075880758