0 0.1015625 0.43171806167400884 0.02734375 0.05726872246696035
0 0.19140625 0.527165932452276 0.0419921875 0.0763582966226138
0 0.2392578125 0.5212922173274597 0.0234375 0.02643171806167401
0 0.24609375 0.5315712187958884 0.0380859375 0.048458149779735685
0 0.275390625 0.5741556534508077 0.02734375 0.05873715124816446
0 0.357421875 0.49045521292217326 0.02734375 0.06461086637298091
0 0.337890625 0.41262848751835535 0.021484375 0.04552129221732746
0 0.486328125 0.4977973568281938 0.029296875 0.06461086637298091
0 0.197265625 0.33480176211453744 0.015625 0.024963289280469897
0 0.4228515625 0.32599118942731276 0.01171875 0.023494860499265784
0 0.5966796875 0.302496328928047 0.0107421875 0.02643171806167401
0 0.8408203125 0.6211453744493393 0.0322265625 0.07929515418502203
0 0.966796875 0.5462555066079295 0.0341796875 0.07342143906020558
0 0.640625 0.4331864904552129 0.0166015625 0.049926578560939794
0 0.7294921875 0.5301027900146843 0.033203125 0.041116005873715125
0 0.6494140625 0.3274596182085169 0.009765625 0.020558002936857563
0 0.7939453125 0.3509544787077827 0.013671875 0.027900146842878122
0 0.779296875 0.31277533039647576 0.0087890625 0.020558002936857563
0 0.837890625 0.35829662261380324 0.013671875 0.02643171806167401
0 0.8994140625 0.3700440528634361 0.015625 0.02936857562408223
0 0.943359375 0.35389133627019087 0.017578125 0.027900146842878122
0 0.9658203125 0.34948604992657856 0.015625 0.02936857562408223
0 0.96875 0.38472834067547723 0.0185546875 0.032305433186490456
0 0.8154296875 0.30983847283406757 0.013671875 0.023494860499265784
0 0.3154296875 0.7327459618208517 0.04296875 0.09104258443465492
0 0.5 0.7665198237885462 0.0546875 0.10425844346549193
0 0.443359375 0.3186490455212922 0.009765625 0.020558002936857563
0 0.6826171875 0.37591776798825255 0.0166015625 0.01908957415565345
0 0.109375 0.6784140969162996 0.0419921875 0.08516886930983847
0 0.1513671875 0.3671071953010279 0.0126953125 0.01762114537444934
0 0.3662109375 0.33186490455212925 0.009765625 0.01908957415565345
0 0.3896484375 0.3274596182085169 0.0126953125 0.01908957415565345
0 0.470703125 0.3039647577092511 0.01171875 0.020558002936857563
0 0.4560546875 0.3406754772393539 0.0107421875 0.023494860499265784
0 0.4853515625 0.3274596182085169 0.0107421875 0.01908957415565345
0 0.4921875 0.3069016152716593 0.009765625 0.013215859030837005
0 0.5087890625 0.3054331864904552 0.0126953125 0.020558002936857563
0 0.51171875 0.34508076358296624 0.0146484375 0.023494860499265784
0 0.494140625 0.3744493392070485 0.0126953125 0.01908957415565345
0 0.53125 0.31277533039647576 0.009765625 0.01908957415565345
0 0.5556640625 0.355359765051395 0.0107421875 0.01908957415565345
0 0.5400390625 0.33480176211453744 0.009765625 0.020558002936857563
0 0.5693359375 0.32158590308370044 0.0087890625 0.013215859030837005
0 0.5625 0.35389133627019087 0.0107421875 0.022026431718061675
0 0.5849609375 0.3333333333333333 0.009765625 0.01762114537444934
0 0.6005859375 0.3568281938325991 0.013671875 0.022026431718061675
0 0.6240234375 0.3509544787077827 0.0146484375 0.02643171806167401
0 0.6357421875 0.35829662261380324 0.0126953125 0.022026431718061675
0 0.6171875 0.3303964757709251 0.01171875 0.024963289280469897
0 0.6279296875 0.31718061674008813 0.0107421875 0.01908957415565345
0 0.6591796875 0.2936857562408223 0.009765625 0.01908957415565345
0 0.6826171875 0.3274596182085169 0.0107421875 0.023494860499265784
0 0.6728515625 0.355359765051395 0.0126953125 0.032305433186490456
0 0.669921875 0.3274596182085169 0.0126953125 0.022026431718061675
0 0.5556640625 0.24963289280469897 0.0068359375 0.011747430249632892
0 0.5732421875 0.24963289280469897 0.005859375 0.010279001468428781
0 0.515625 0.2745961820851689 0.0078125 0.013215859030837005
0 0.7099609375 0.315712187958884 0.0087890625 0.01908957415565345
0 0.7216796875 0.31130690161527164 0.009765625 0.01762114537444934
0 0.748046875 0.3186490455212922 0.0126953125 0.02643171806167401
0 0.7626953125 0.3392070484581498 0.0146484375 0.022026431718061675
0 0.78125 0.3568281938325991 0.015625 0.027900146842878122
0 0.8173828125 0.35389133627019087 0.0146484375 0.02643171806167401
0 0.87109375 0.3524229074889868 0.013671875 0.022026431718061675
0 0.900390625 0.3186490455212922 0.013671875 0.023494860499265784
0 0.9130859375 0.3303964757709251 0.017578125 0.02936857562408223
0 0.796875 0.2555066079295154 0.005859375 0.00881057268722467
0 0.91015625 0.25844346549192365 0.005859375 0.00881057268722467
0 0.9189453125 0.27606461086637296 0.009765625 0.01762114537444934
0 0.0078125 0.5124816446402349 0.015625 0.05433186490455213