0 0.689453125 0.1221183800623053 0.0224609375 0.024299065420560748
0 0.7685546875 0.12149532710280374 0.025390625 0.020560747663551402
0 0.306640625 0.04423676012461059 0.03515625 0.026168224299065422
0 0.5576171875 0.03364485981308411 0.0322265625 0.026168224299065422
0 0.3779296875 0.11401869158878504 0.048828125 0.07414330218068536
0 0.2939453125 0.1881619937694704 0.0771484375 0.09034267912772585
0 0.21484375 0.1277258566978193 0.0244140625 0.020560747663551402
0 0.1015625 0.13582554517133957 0.0224609375 0.022429906542056073
0 0.103515625 0.18317757009345795 0.0302734375 0.029283489096573207
0 0.1142578125 0.3133956386292835 0.0654296875 0.05482866043613707
0 0.6806640625 0.17943925233644858 0.0732421875 0.07663551401869159
0 0.876953125 0.2672897196261682 0.029296875 0.024922118380062305
0 0.90234375 0.3202492211838006 0.033203125 0.026168224299065422
0 0.8525390625 0.37694704049844235 0.033203125 0.029906542056074768
0 0.912109375 0.42866043613707167 0.03515625 0.01806853582554517
0 0.787109375 0.21121495327102804 0.03125 0.03177570093457944
0 0.6748046875 0.07165109034267912 0.0302734375 0.027414330218068536
0 0.779296875 0.07476635514018691 0.033203125 0.024922118380062305
0 0.89453125 0.07227414330218068 0.02734375 0.020560747663551402
0 0.0107421875 0.18006230529595016 0.01953125 0.024922118380062305
0 0.0146484375 0.07663551401869159 0.0244140625 0.019937694704049845
0 0.12109375 0.023052959501557634 0.029296875 0.023052959501557634
0 0.9580078125 0.36822429906542054 0.0341796875 0.02866043613707165
0 0.9853515625 0.335202492211838 0.029296875 0.029906542056074768
0 0.9443359375 0.31277258566978194 0.0322265625 0.028037383177570093
0 0.9677734375 0.28473520249221185 0.03515625 0.03115264797507788
0 0.9091796875 0.17320872274143304 0.0361328125 0.028037383177570093
0 0.9169921875 0.6504672897196262 0.04296875 0.037383177570093455
0 0.9521484375 0.5813084112149532 0.048828125 0.047975077881619935
0 0.90234375 0.5856697819314641 0.0400390625 0.032398753894081
0 0.9755859375 0.4965732087227414 0.048828125 0.041121495327102804
0 0.0087890625 0.1252336448598131 0.0185546875 0.01806853582554517
0 0.1083984375 0.2641744548286604 0.0361328125 0.028037383177570093
0 0.435546875 0.038629283489096576 0.037109375 0.02679127725856698
0 0.6845703125 0.02367601246105919 0.0302734375 0.02118380062305296
0 0.23046875 0.03613707165109034 0.025390625 0.021806853582554516