0 0.22265625 0.6067708333333334 0.017578125 0.032552083333333336
0 0.2705078125 0.6080729166666666 0.0185546875 0.029947916666666668
0 0.337890625 0.6080729166666666 0.017578125 0.02734375
0 0.333984375 0.5807291666666666 0.0185546875 0.029947916666666668
0 0.3603515625 0.5755208333333334 0.013671875 0.026041666666666668
0 0.3857421875 0.59375 0.015625 0.0234375
0 0.40234375 0.6106770833333334 0.015625 0.024739583333333332
0 0.4052734375 0.6419270833333334 0.0224609375 0.03515625
0 0.4150390625 0.5638020833333334 0.017578125 0.024739583333333332
0 0.3974609375 0.5286458333333334 0.0146484375 0.026041666666666668
0 0.365234375 0.51171875 0.015625 0.024739583333333332
0 0.3115234375 0.5325520833333334 0.015625 0.024739583333333332
0 0.2724609375 0.578125 0.0146484375 0.028645833333333332
0 0.2802734375 0.5598958333333334 0.013671875 0.026041666666666668
0 0.2490234375 0.5182291666666666 0.0146484375 0.02734375
0 0.3076171875 0.48828125 0.017578125 0.028645833333333332
0 0.30078125 0.4440104166666667 0.015625 0.024739583333333332
0 0.2421875 0.4518229166666667 0.0166015625 0.024739583333333332
0 0.12890625 0.5611979166666666 0.0244140625 0.04296875
0 0.056640625 0.5598958333333334 0.0244140625 0.044270833333333336
0 0.0390625 0.6028645833333334 0.0283203125 0.049479166666666664
0 0.0390625 0.5221354166666666 0.0234375 0.040364583333333336
0 0.044921875 0.49609375 0.0224609375 0.0390625
0 0.138671875 0.5182291666666666 0.025390625 0.041666666666666664
0 0.1455078125 0.48828125 0.0205078125 0.036458333333333336
0 0.099609375 0.4192708333333333 0.0234375 0.044270833333333336
0 0.013671875 0.3684895833333333 0.0244140625 0.044270833333333336
0 0.2138671875 0.56640625 0.0166015625 0.026041666666666668
0 0.2099609375 0.4947916666666667 0.0107421875 0.018229166666666668
0 0.1943359375 0.4518229166666667 0.013671875 0.0234375
0 0.25 0.4153645833333333 0.015625 0.026041666666666668
0 0.2587890625 0.3815104166666667 0.01171875 0.020833333333333332
0 0.3056640625 0.4114583333333333 0.0146484375 0.01953125
0 0.2998046875 0.3802083333333333 0.0107421875 0.018229166666666668
0 0.353515625 0.3828125 0.0146484375 0.022135416666666668
0 0.4033203125 0.4075520833333333 0.0166015625 0.026041666666666668
0 0.421875 0.43359375 0.017578125 0.0234375
0 0.365234375 0.4518229166666667 0.013671875 0.024739583333333332
0 0.4189453125 0.4856770833333333 0.0166015625 0.02734375
0 0.3720703125 0.42578125 0.01171875 0.022135416666666668
0 0.4423828125 0.5794270833333334 0.0185546875 0.033854166666666664
0 0.2373046875 0.3541666666666667 0.0146484375 0.01953125
0 0.0869140625 0.3203125 0.0244140625 0.041666666666666664
0 0.09765625 0.2604166666666667 0.0224609375 0.0390625
0 0.1591796875 0.3736979166666667 0.0234375 0.03515625
0 0.1826171875 0.3098958333333333 0.0185546875 0.037760416666666664
0 0.1904296875 0.2565104166666667 0.0166015625 0.02734375
0 0.248046875 0.3111979166666667 0.0126953125 0.01953125
0 0.2802734375 0.33203125 0.017578125 0.02734375
0 0.2958984375 0.3020833333333333 0.0166015625 0.024739583333333332
0 0.3447265625 0.3111979166666667 0.013671875 0.0234375
0 0.3916015625 0.29296875 0.0146484375 0.024739583333333332
0 0.390625 0.2643229166666667 0.013671875 0.0234375
0 0.3486328125 0.2682291666666667 0.0126953125 0.018229166666666668
0 0.2861328125 0.2578125 0.0146484375 0.022135416666666668
0 0.2626953125 0.2786458333333333 0.01171875 0.01953125
0 0.251953125 0.24088541666666666 0.013671875 0.018229166666666668
0 0.306640625 0.23697916666666666 0.013671875 0.0234375
0 0.34765625 0.21484375 0.013671875 0.0234375
0 0.38671875 0.22916666666666666 0.013671875 0.022135416666666668
0 0.41015625 0.22265625 0.0126953125 0.01953125
0 0.4384765625 0.1953125 0.0107421875 0.015625
0 0.482421875 0.22395833333333334 0.0126953125 0.020833333333333332
0 0.380859375 0.19270833333333334 0.013671875 0.020833333333333332
0 0.3544921875 0.15755208333333334 0.013671875 0.01953125
0 0.37890625 0.14453125 0.01171875 0.01953125
0 0.4326171875 0.16276041666666666 0.0087890625 0.01953125
0 0.4482421875 0.16666666666666666 0.009765625 0.016927083333333332
0 0.2841796875 0.21354166666666666 0.013671875 0.0234375
0 0.3955078125 0.34375 0.015625 0.026041666666666668
0 0.3173828125 0.09895833333333333 0.0087890625 0.01953125
0 0.2734375 0.18489583333333334 0.01171875 0.018229166666666668
0 0.25 0.21875 0.0126953125 0.018229166666666668
0 0.3134765625 0.1640625 0.0126953125 0.020833333333333332
0 0.44140625 0.08723958333333333 0.009765625 0.01953125
0 0.4072265625 0.08854166666666667 0.0107421875 0.01953125
0 0.3671875 0.09114583333333333 0.013671875 0.024739583333333332
0 0.3759765625 0.055989583333333336 0.01171875 0.016927083333333332
0 0.3154296875 0.06770833333333333 0.009765625 0.01953125
0 0.43359375 0.029947916666666668 0.0087890625 0.016927083333333332
0 0.44921875 0.0390625 0.009765625 0.01953125
0 0.49609375 0.041666666666666664 0.0107421875 0.018229166666666668
0 0.4833984375 0.11848958333333333 0.0107421875 0.015625
0 0.4267578125 0.07421875 0.009765625 0.01953125
0 0.5751953125 0.2669270833333333 0.013671875 0.0234375
0 0.572265625 0.20442708333333334 0.0126953125 0.024739583333333332
0 0.525390625 0.21223958333333334 0.01171875 0.01953125
0 0.61328125 0.17317708333333334 0.009765625 0.015625
0 0.6181640625 0.19921875 0.01171875 0.020833333333333332
0 0.6259765625 0.16796875 0.0087890625 0.015625
0 0.6611328125 0.17838541666666666 0.0107421875 0.020833333333333332
0 0.654296875 0.1484375 0.0087890625 0.018229166666666668
0 0.6337890625 0.2721354166666667 0.01171875 0.020833333333333332
0 0.5869140625 0.3111979166666667 0.0146484375 0.022135416666666668
0 0.5673828125 0.3528645833333333 0.01171875 0.018229166666666668
0 0.83203125 0.5703125 0.0263671875 0.045572916666666664
0 0.927734375 0.5768229166666666 0.021484375 0.044270833333333336
0 0.951171875 0.54296875 0.025390625 0.044270833333333336
0 0.623046875 0.6080729166666666 0.017578125 0.03125
0 0.662109375 0.6328125 0.0126953125 0.024739583333333332
0 0.71484375 0.61328125 0.015625 0.02734375
0 0.599609375 0.5703125 0.013671875 0.028645833333333332
0 0.6591796875 0.5859375 0.013671875 0.022135416666666668
0 0.69921875 0.5794270833333334 0.0126953125 0.020833333333333332
0 0.72265625 0.55859375 0.0146484375 0.024739583333333332
0 0.6591796875 0.5325520833333334 0.013671875 0.01953125
0 0.748046875 0.5911458333333334 0.0126953125 0.018229166666666668
0 0.771484375 0.56640625 0.01171875 0.020833333333333332
0 0.7607421875 0.48828125 0.01171875 0.022135416666666668
0 0.7958984375 0.5 0.013671875 0.020833333333333332
0 0.705078125 0.5013020833333334 0.013671875 0.022135416666666668
0 0.6630859375 0.4973958333333333 0.013671875 0.0234375
0 0.666015625 0.44921875 0.013671875 0.026041666666666668
0 0.6220703125 0.453125 0.013671875 0.024739583333333332
0 0.7294921875 0.4661458333333333 0.01171875 0.01953125
0 0.734375 0.4127604166666667 0.01171875 0.01953125
0 0.7763671875 0.4049479166666667 0.013671875 0.020833333333333332
0 0.75390625 0.3619791666666667 0.013671875 0.020833333333333332
0 0.923828125 0.4908854166666667 0.0185546875 0.03515625
0 0.9072265625 0.4609375 0.0234375 0.033854166666666664
0 0.8857421875 0.53125 0.021484375 0.03515625
0 0.73828125 0.328125 0.0146484375 0.0234375
0 0.712890625 0.33984375 0.013671875 0.020833333333333332
0 0.814453125 0.3203125 0.0107421875 0.020833333333333332
0 0.7978515625 0.3020833333333333 0.01171875 0.01953125
0 0.736328125 0.2708333333333333 0.01171875 0.01953125
0 0.7333984375 0.24348958333333334 0.009765625 0.01953125
0 0.76171875 0.23697916666666666 0.01171875 0.014322916666666666
0 0.681640625 0.2109375 0.0126953125 0.018229166666666668
0 0.703125 0.17317708333333334 0.013671875 0.016927083333333332
0 0.69140625 0.15755208333333334 0.0126953125 0.016927083333333332
0 0.96484375 0.3932291666666667 0.025390625 0.0390625
0 0.474609375 0.19140625 0.0126953125 0.0234375