0 0.130859375 0.2445095168374817 0.033203125 0.07174231332357248
0 0.2529296875 0.2518301610541728 0.037109375 0.07320644216691069
0 0.3642578125 0.2767203513909224 0.0361328125 0.07027818448023426
0 0.46484375 0.26500732064421667 0.03515625 0.07027818448023426
0 0.521484375 0.2342606149341142 0.0322265625 0.06881405563689605
0 0.6279296875 0.232796486090776 0.0322265625 0.07174231332357248
0 0.736328125 0.2445095168374817 0.0341796875 0.07027818448023426
0 0.8505859375 0.26061493411420206 0.0361328125 0.06734992679355783
0 0.18359375 0.4494875549048316 0.0380859375 0.08638360175695461
0 0.33984375 0.4538799414348463 0.0419921875 0.08638360175695461
0 0.5048828125 0.4699853587115666 0.0419921875 0.08638360175695461
0 0.6552734375 0.44216691068814057 0.0390625 0.08345534407027819
0 0.83203125 0.45973645680819913 0.0400390625 0.09077598828696926