0 0.9326171875 0.1726984126984127 0.0869140625 0.08952380952380952
0 0.5302734375 0.11428571428571428 0.13671875 0.11682539682539683
0 0.09375 0.0946031746031746 0.08984375 0.08126984126984127
0 0.1865234375 0.18793650793650793 0.0380859375 0.031746031746031744
0 0.76953125 0.2361904761904762 0.0546875 0.0419047619047619
0 0.7041015625 0.2673015873015873 0.01953125 0.015873015873015872
0 0.6708984375 0.28888888888888886 0.0244140625 0.02095238095238095
0 0.1962890625 0.10666666666666667 0.0234375 0.020317460317460317
0 0.26953125 0.12698412698412698 0.0146484375 0.013333333333333334
0 0.3076171875 0.14476190476190476 0.013671875 0.010158730158730159
0 0.4013671875 0.15174603174603174 0.013671875 0.010793650793650795
0 0.3603515625 0.13523809523809524 0.0126953125 0.013333333333333334
0 0.37890625 0.12761904761904763 0.01171875 0.010793650793650795
0 0.3056640625 0.12126984126984126 0.013671875 0.010158730158730159
0 0.26953125 0.10476190476190476 0.013671875 0.012063492063492064
0 0.302734375 0.09523809523809523 0.009765625 0.008888888888888889
0 0.1435546875 0.14857142857142858 0.021484375 0.014603174603174604
0 0.22265625 0.07873015873015873 0.0146484375 0.010793650793650795
0 0.712890625 0.45904761904761904 0.072265625 0.05714285714285714
0 0.9697265625 0.2088888888888889 0.037109375 0.03365079365079365
0 0.6767578125 0.21015873015873016 0.013671875 0.013968253968253968