0 0.3994140625 0.27794117647058825 0.083984375 0.15588235294117647
0 0.173828125 0.26323529411764707 0.08203125 0.15588235294117647
0 0.6591796875 0.07352941176470588 0.0810546875 0.1426470588235294
0 0.9521484375 0.08235294117647059 0.05078125 0.10441176470588236
0 0.498046875 0.14852941176470588 0.015625 0.03235294117647059
0 0.3466796875 0.12941176470588237 0.01171875 0.026470588235294117
0 0.2783203125 0.15441176470588236 0.0146484375 0.026470588235294117
0 0.2265625 0.17058823529411765 0.013671875 0.026470588235294117
0 0.3251953125 0.16470588235294117 0.0107421875 0.022058823529411766
0 0.2958984375 0.04411764705882353 0.017578125 0.029411764705882353
0 0.384765625 0.039705882352941174 0.0146484375 0.03235294117647059
0 0.029296875 0.061764705882352944 0.009765625 0.020588235294117647
0 0.099609375 0.18088235294117647 0.017578125 0.033823529411764704
0 0.4462890625 0.10588235294117647 0.0126953125 0.023529411764705882
0 0.412109375 0.11470588235294117 0.015625 0.025
0 0.3017578125 0.16323529411764706 0.013671875 0.025
0 0.0078125 0.19558823529411765 0.0107421875 0.027941176470588237