0 0.0087890625 0.1875 0.0087890625 0.022569444444444444
0 0.197265625 0.03298611111111111 0.0107421875 0.027777777777777776
0 0.2353515625 0.026041666666666668 0.0126953125 0.019097222222222224
0 0.18359375 0.0763888888888889 0.009765625 0.024305555555555556
0 0.1494140625 0.078125 0.0107421875 0.022569444444444444
0 0.2080078125 0.10243055555555555 0.0107421875 0.022569444444444444
0 0.205078125 0.1388888888888889 0.0107421875 0.024305555555555556
0 0.1640625 0.1440972222222222 0.0126953125 0.027777777777777776
0 0.16015625 0.21875 0.0107421875 0.029513888888888888
0 0.1708984375 0.1892361111111111 0.0126953125 0.029513888888888888
0 0.20703125 0.19444444444444445 0.0078125 0.027777777777777776
0 0.201171875 0.2170138888888889 0.0087890625 0.026041666666666668
0 0.18359375 0.234375 0.009765625 0.036458333333333336
0 0.22265625 0.3333333333333333 0.0126953125 0.03125
0 0.208984375 0.2829861111111111 0.01171875 0.041666666666666664
0 0.1748046875 0.2638888888888889 0.01171875 0.029513888888888888
0 0.1787109375 0.4027777777777778 0.0126953125 0.029513888888888888
0 0.244140625 0.0625 0.013671875 0.03298611111111111
0 0.2841796875 0.06597222222222222 0.0107421875 0.027777777777777776
0 0.287109375 0.03298611111111111 0.0078125 0.020833333333333332
0 0.32421875 0.034722222222222224 0.0078125 0.022569444444444444
0 0.3291015625 0.078125 0.01171875 0.027777777777777776
0 0.3466796875 0.03819444444444445 0.009765625 0.022569444444444444
0 0.3623046875 0.07465277777777778 0.01171875 0.027777777777777776
0 0.3798828125 0.11805555555555555 0.009765625 0.027777777777777776
0 0.4189453125 0.10069444444444445 0.0107421875 0.027777777777777776
0 0.3818359375 0.1875 0.0107421875 0.026041666666666668
0 0.34765625 0.18229166666666666 0.0126953125 0.03298611111111111
0 0.3271484375 0.14930555555555555 0.01171875 0.027777777777777776
0 0.2890625 0.140625 0.01171875 0.029513888888888888
0 0.2548828125 0.1388888888888889 0.015625 0.022569444444444444
0 0.2470703125 0.109375 0.01171875 0.026041666666666668
0 0.2509765625 0.18055555555555555 0.009765625 0.027777777777777776
0 0.296875 0.1857638888888889 0.0146484375 0.026041666666666668
0 0.2626953125 0.2152777777777778 0.0107421875 0.027777777777777776
0 0.314453125 0.2690972222222222 0.01171875 0.029513888888888888
0 0.353515625 0.2725694444444444 0.01171875 0.027777777777777776
0 0.369140625 0.2986111111111111 0.0126953125 0.03125
0 0.3896484375 0.2760416666666667 0.021484375 0.050347222222222224
0 0.3681640625 0.3472222222222222 0.0126953125 0.027777777777777776
0 0.3115234375 0.3420138888888889 0.0126953125 0.03298611111111111
0 0.25 0.2604166666666667 0.009765625 0.03298611111111111
0 0.4267578125 0.16666666666666666 0.0185546875 0.07291666666666667
0 0.3779296875 0.0625 0.009765625 0.024305555555555556
0 0.3681640625 0.05381944444444445 0.0107421875 0.019097222222222224
0 0.4677734375 0.10590277777777778 0.0087890625 0.022569444444444444
0 0.4755859375 0.14756944444444445 0.009765625 0.026041666666666668
0 0.4912109375 0.19270833333333334 0.0126953125 0.024305555555555556
0 0.5009765625 0.08333333333333333 0.01171875 0.026041666666666668
0 0.5390625 0.1996527777777778 0.021484375 0.078125
0 0.6103515625 0.04513888888888889 0.0126953125 0.024305555555555556
0 0.58203125 0.2152777777777778 0.013671875 0.03125
0 0.6201171875 0.3402777777777778 0.01171875 0.03125
0 0.66796875 0.020833333333333332 0.0087890625 0.017361111111111112
0 0.642578125 0.04513888888888889 0.0107421875 0.024305555555555556
0 0.67578125 0.1111111111111111 0.009765625 0.027777777777777776
0 0.71875 0.11979166666666667 0.009765625 0.029513888888888888
0 0.6845703125 0.15104166666666666 0.0107421875 0.026041666666666668
0 0.7451171875 0.18229166666666666 0.013671875 0.026041666666666668
0 0.6376953125 0.1527777777777778 0.01171875 0.029513888888888888
0 0.6279296875 0.22743055555555555 0.013671875 0.034722222222222224
0 0.66015625 0.22395833333333334 0.0107421875 0.026041666666666668
0 0.6376953125 0.2777777777777778 0.0126953125 0.026041666666666668
0 0.65234375 0.296875 0.0146484375 0.029513888888888888
0 0.666015625 0.3454861111111111 0.015625 0.034722222222222224
0 0.7001953125 0.3107638888888889 0.0126953125 0.036458333333333336
0 0.6796875 0.3177083333333333 0.0087890625 0.017361111111111112
0 0.7158203125 0.3368055555555556 0.0107421875 0.029513888888888888
0 0.7275390625 0.2708333333333333 0.0146484375 0.03298611111111111
0 0.7919921875 0.2586805555555556 0.0146484375 0.03125
0 0.763671875 0.3454861111111111 0.013671875 0.03125
0 0.673828125 0.3993055555555556 0.0146484375 0.029513888888888888
0 0.8154296875 0.3506944444444444 0.01171875 0.027777777777777776
0 0.7265625 0.4114583333333333 0.0146484375 0.034722222222222224
0 0.7724609375 0.4114583333333333 0.0146484375 0.03298611111111111
0 0.8203125 0.4131944444444444 0.0185546875 0.03819444444444445
0 0.8935546875 0.40625 0.0146484375 0.036458333333333336
0 0.8818359375 0.052083333333333336 0.01171875 0.026041666666666668
0 0.9755859375 0.050347222222222224 0.0087890625 0.024305555555555556
0 0.97265625 0.11805555555555555 0.0087890625 0.027777777777777776
0 0.875 0.13020833333333334 0.0107421875 0.020833333333333332
0 0.9150390625 0.2170138888888889 0.0087890625 0.020833333333333332
0 0.927734375 0.2534722222222222 0.015625 0.020833333333333332
0 0.96484375 0.19618055555555555 0.0087890625 0.027777777777777776
0 0.986328125 0.17708333333333334 0.0107421875 0.024305555555555556
0 0.990234375 0.2065972222222222 0.0087890625 0.022569444444444444
0 0.978515625 0.2204861111111111 0.009765625 0.027777777777777776
0 0.9736328125 0.3107638888888889 0.013671875 0.03819444444444445
0 0.9853515625 0.3715277777777778 0.0126953125 0.027777777777777776
0 0.986328125 0.4097222222222222 0.01953125 0.03298611111111111
0 0.8369140625 0.4166666666666667 0.0146484375 0.03125
0 0.7919921875 0.484375 0.0087890625 0.029513888888888888
0 0.8291015625 0.0763888888888889 0.01171875 0.022569444444444444