0 0.3154296875 0.2738719832109129 0.068359375 0.11227701993704092
0 0.74609375 0.45015739769150054 0.068359375 0.08814270724029381
0 0.5380859375 0.5299055613850997 0.0224609375 0.033578174186778595
0 0.080078125 0.6516264428121721 0.017578125 0.02938090241343127
0 0.0859375 0.7261280167890871 0.0205078125 0.02728226652675761
0 0.1875 0.5519412381951732 0.0224609375 0.03147953830010493
0 0.1005859375 0.55299055613851 0.0234375 0.026232948583420776
0 0.0908203125 0.459601259181532 0.01953125 0.022035676810073453
0 0.091796875 0.5183630640083945 0.015625 0.024134312696747113
0 0.4609375 0.5550891920251836 0.02734375 0.03462749213011543
0 0.4638671875 0.7366211962224554 0.0244140625 0.030430220356768102
0 0.92578125 0.47848898216159497 0.0205078125 0.03252885624344176
0 0.9306640625 0.6390346274921301 0.0224609375 0.03147953830010493
0 0.9794921875 0.4333683105981112 0.0205078125 0.02728226652675761
0 0.853515625 0.4700944386149003 0.0263671875 0.03147953830010493
0 0.03515625 0.7523609653725079 0.015625 0.033578174186778595
0 0.060546875 0.8027282266526757 0.02734375 0.03672612801678909
0 0.083984375 0.8342077649527807 0.0244140625 0.03882476390346275
0 0.1142578125 0.7618048268625394 0.0263671875 0.033578174186778595
0 0.1337890625 0.7397691500524659 0.021484375 0.024134312696747113
0 0.1923828125 0.7597061909758657 0.0244140625 0.026232948583420776
0 0.1123046875 0.7985309548793285 0.0224609375 0.03147953830010493
0 0.13671875 0.8121720881427072 0.0244140625 0.02938090241343127
0 0.19140625 0.8614900314795383 0.0302734375 0.03987408184679958
0 0.150390625 0.9045120671563484 0.0283203125 0.03252885624344176
0 0.1630859375 0.9317943336831059 0.0263671875 0.03147953830010493
0 0.107421875 0.9370409233997902 0.033203125 0.03252885624344176
0 0.05078125 0.9244491080797481 0.0244140625 0.03252885624344176
0 0.0771484375 0.8919202518363064 0.0244140625 0.03882476390346275
0 0.0537109375 0.9664218258132214 0.03125 0.04302203567681007
0 0.3212890625 0.9422875131164743 0.025390625 0.03147953830010493
0 0.3623046875 0.9863588667366212 0.03125 0.02728226652675761
0 0.4462890625 0.9790136411332634 0.03125 0.040923399790136414
0 0.5537109375 0.9328436516264428 0.0341796875 0.04302203567681007
0 0.3876953125 0.7387198321091291 0.0234375 0.02833158447009444
0 0.4072265625 0.7586568730325288 0.0234375 0.02938090241343127
0 0.40234375 0.7817418677859391 0.0283203125 0.03147953830010493
0 0.4375 0.8300104931794333 0.0302734375 0.040923399790136414
0 0.5400390625 0.7838405036726128 0.025390625 0.02938090241343127
0 0.5634765625 0.8237145855194123 0.03515625 0.060860440713536204
0 0.5498046875 0.863588667366212 0.0322265625 0.03987408184679958
0 0.4462890625 0.46799580272822666 0.01953125 0.023084994753410283
0 0.5595703125 0.45435466946484787 0.01953125 0.02833158447009444
0 0.607421875 0.4931794333683106 0.0205078125 0.030430220356768102
0 0.6259765625 0.5445960125918153 0.021484375 0.03147953830010493
0 0.5634765625 0.5330535152151101 0.0166015625 0.02098635886673662
0 0.708984375 0.04407135362014691 0.01953125 0.022035676810073453
0 0.7529296875 0.04302203567681007 0.0166015625 0.01993704092339979
0 0.7724609375 0.06820566631689402 0.01953125 0.023084994753410283
0 0.759765625 0.10178384050367262 0.021484375 0.025183630640083946
0 0.8173828125 0.048268625393494226 0.0205078125 0.026232948583420776
0 0.853515625 0.06715634837355719 0.01953125 0.026232948583420776
0 0.87109375 0.0944386149003148 0.0205078125 0.03147953830010493
0 0.91015625 0.04407135362014691 0.017578125 0.030430220356768102
0 0.9130859375 0.09968520461699895 0.021484375 0.026232948583420776
0 0.9833984375 0.055613850996852045 0.021484375 0.033578174186778595
0 0.978515625 0.13431269674711438 0.0205078125 0.02833158447009444
0 0.9072265625 0.14480587618048268 0.01953125 0.02833158447009444
0 0.9228515625 0.1584470094438615 0.0205078125 0.02833158447009444
0 0.91796875 0.20671563483735572 0.0205078125 0.030430220356768102
0 0.97265625 0.20776495278069254 0.01953125 0.02833158447009444
0 0.98046875 0.2528856243441763 0.0224609375 0.030430220356768102
0 0.92578125 0.2633788037775446 0.017578125 0.025183630640083946
0 0.927734375 0.2969569779643232 0.0205078125 0.035676810073452254
0 0.8125 0.11332633788037776 0.0185546875 0.02833158447009444
0 0.7880859375 0.18153200419727178 0.0205078125 0.025183630640083946
0 0.8212890625 0.1930745015739769 0.021484375 0.025183630640083946
0 0.8642578125 0.2193074501573977 0.0205078125 0.023084994753410283
0 0.8056640625 0.22455403987408185 0.0205078125 0.025183630640083946
0 0.7509765625 0.23084994753410285 0.0185546875 0.024134312696747113
0 0.7451171875 0.25603357817418676 0.017578125 0.025183630640083946
0 0.783203125 0.30640083945435465 0.0185546875 0.024134312696747113
0 0.80859375 0.2602308499475341 0.017578125 0.025183630640083946
0 0.853515625 0.2528856243441763 0.01953125 0.026232948583420776
0 0.8603515625 0.291710388247639 0.0224609375 0.026232948583420776
0 0.8759765625 0.3315844700944386 0.0263671875 0.035676810073452254
0 0.7841796875 0.3955928646379853 0.0185546875 0.024134312696747113
0 0.7939453125 0.4302203567681007 0.0185546875 0.030430220356768102
0 0.806640625 0.36096537250786986 0.017578125 0.01993704092339979
0 0.8525390625 0.3756558237145855 0.0234375 0.026232948583420776
0 0.9326171875 0.3378803777544596 0.021484375 0.023084994753410283
0 0.9833984375 0.37670514165792235 0.0244140625 0.035676810073452254
0 0.93359375 0.3955928646379853 0.0234375 0.030430220356768102
0 0.87109375 0.5162644281217209 0.0244140625 0.035676810073452254
0 0.79296875 0.534102833158447 0.0234375 0.02728226652675761
0 0.58203125 0.7366211962224554 0.0322265625 0.03987408184679958
0 0.609375 0.7775445960125918 0.0302734375 0.030430220356768102
0 0.6181640625 0.9412381951731374 0.0361328125 0.03987408184679958
0 0.6376953125 0.9842602308499475 0.033203125 0.03147953830010493
0 0.7705078125 0.8352570828961176 0.03125 0.04931794333683106
0 0.806640625 0.7995802728226653 0.029296875 0.03987408184679958
0 0.8349609375 0.7292759706190975 0.0302734375 0.03147953830010493
0 0.8564453125 0.7785939139559287 0.0283203125 0.040923399790136414
0 0.8759765625 0.757607555089192 0.0224609375 0.026232948583420776
0 0.88671875 0.8048268625393494 0.029296875 0.03777544596012592
0 0.853515625 0.8614900314795383 0.0302734375 0.03252885624344176
0 0.9111328125 0.8405036726128017 0.0283203125 0.035676810073452254
0 0.9716796875 0.9024134312696747 0.029296875 0.04302203567681007
0 0.95703125 0.8793284365162645 0.0244140625 0.035676810073452254
0 0.9658203125 0.8478488982161595 0.0234375 0.02938090241343127
0 0.9931640625 0.8520461699895068 0.013671875 0.03252885624344176
0 0.96484375 0.7964323189926548 0.0283203125 0.03462749213011543
0 0.982421875 0.7649527806925498 0.0263671875 0.03672612801678909
0 0.509765625 0.8405036726128017 0.025390625 0.03777544596012592
0 0.0380859375 0.5089192025183631 0.025390625 0.03147953830010493
0 0.0517578125 0.472193074501574 0.0205078125 0.02938090241343127
0 0.0087890625 0.4795383001049318 0.017578125 0.022035676810073453
0 0.0390625 0.37145855194123817 0.0166015625 0.022035676810073453
0 0.08203125 0.36096537250786986 0.017578125 0.023084994753410283
0 0.173828125 0.38929695697796435 0.0185546875 0.026232948583420776
0 0.1640625 0.4690451206715635 0.01953125 0.03252885624344176
0 0.1943359375 0.49527806925498424 0.0224609375 0.02938090241343127
0 0.1533203125 0.5498426023084995 0.025390625 0.03252885624344176
0 0.2109375 0.45120671563483733 0.0244140625 0.03147953830010493
0 0.36328125 0.32633788037775446 0.0234375 0.02833158447009444
0 0.4169921875 0.3273871983210913 0.0185546875 0.025183630640083946
0 0.4609375 0.3284365162644281 0.017578125 0.02728226652675761
0 0.470703125 0.36621196222455404 0.0185546875 0.02728226652675761
0 0.431640625 0.2759706190975866 0.0185546875 0.026232948583420776
0 0.046875 0.2759706190975866 0.021484375 0.03147953830010493
0 0.01953125 0.291710388247639 0.0166015625 0.01993704092339979
0 0.36328125 0.3011542497376705 0.0166015625 0.023084994753410283
0 0.51953125 0.35991605456453307 0.0185546875 0.02833158447009444
0 0.435546875 0.5141657922350472 0.0234375 0.03252885624344176
0 0.4970703125 0.4879328436516264 0.021484375 0.035676810073452254
0 0.0283203125 0.1825813221406086 0.01171875 0.016789087093389297
0 0.0361328125 0.2161594963273872 0.013671875 0.01993704092339979
0 0.0595703125 0.229800629590766 0.0166015625 0.022035676810073453
0 0.072265625 0.20566631689401887 0.015625 0.02098635886673662
0 0.0986328125 0.21196222455403987 0.0185546875 0.024134312696747113
0 0.0615234375 0.1783840503672613 0.0126953125 0.015739769150052464
0 0.1015625 0.1689401888772298 0.0146484375 0.01888772298006296
0 0.13671875 0.20146904512067157 0.015625 0.022035676810073453
0 0.1005859375 0.12172088142707241 0.0146484375 0.01993704092339979
0 0.060546875 0.11227701993704092 0.015625 0.02098635886673662
0 0.1865234375 0.16998950682056663 0.015625 0.025183630640083946
0 0.0361328125 0.12381951731374606 0.013671875 0.015739769150052464
0 0.064453125 0.07450157397691501 0.0126953125 0.014690451206715634
0 0.1083984375 0.07135362014690451 0.0126953125 0.01993704092339979
0 0.083984375 0.09968520461699895 0.009765625 0.012591815320041973
0 0.25390625 0.18782791185729275 0.0205078125 0.023084994753410283
0 0.2685546875 0.16054564533053514 0.017578125 0.023084994753410283
0 0.2958984375 0.15320041972717732 0.0146484375 0.01888772298006296
0 0.31640625 0.11647429171038824 0.0185546875 0.023084994753410283
0 0.3427734375 0.11962224554039874 0.0166015625 0.023084994753410283
0 0.3623046875 0.08919202518363065 0.0146484375 0.01993704092339979
0 0.4013671875 0.08289611752360965 0.0146484375 0.017838405036726127
0 0.466796875 0.1322140608604407 0.017578125 0.025183630640083946
0 0.478515625 0.10703043022035677 0.015625 0.022035676810073453
0 0.349609375 0.24554039874081846 0.0166015625 0.02728226652675761
0 0.376953125 0.2623294858342078 0.017578125 0.026232948583420776
0 0.3740234375 0.19517313746065057 0.0205078125 0.026232948583420776
0 0.4208984375 0.2518363064008394 0.0224609375 0.033578174186778595
0 0.4208984375 0.2088142707240294 0.0205078125 0.026232948583420776
0 0.44140625 0.1783840503672613 0.0185546875 0.02728226652675761
0 0.453125 0.2088142707240294 0.015625 0.023084994753410283
0 0.505859375 0.19727177334732424 0.0185546875 0.02938090241343127
0 0.5185546875 0.05666316894018888 0.0185546875 0.023084994753410283
0 0.51953125 0.08709338929695698 0.0185546875 0.024134312696747113
0 0.564453125 0.05666316894018888 0.0166015625 0.02098635886673662
0 0.5712890625 0.11962224554039874 0.0224609375 0.02938090241343127
0 0.5869140625 0.08919202518363065 0.01953125 0.025183630640083946
0 0.5673828125 0.1657922350472193 0.0224609375 0.026232948583420776
0 0.5947265625 0.15110178384050368 0.017578125 0.02833158447009444
0 0.609375 0.1322140608604407 0.01953125 0.02833158447009444
0 0.6513671875 0.11227701993704092 0.017578125 0.030430220356768102
0 0.654296875 0.060860440713536204 0.0185546875 0.026232948583420776
0 0.6201171875 0.05141657922350472 0.0185546875 0.022035676810073453
0 0.716796875 0.11752360965372508 0.0185546875 0.030430220356768102
0 0.6845703125 0.1657922350472193 0.017578125 0.025183630640083946
0 0.724609375 0.16054564533053514 0.0185546875 0.025183630640083946
0 0.65625 0.19202518363064008 0.017578125 0.024134312696747113
0 0.623046875 0.1993704092339979 0.015625 0.023084994753410283
0 0.5263671875 0.23924449108079748 0.0234375 0.03147953830010493
0 0.57421875 0.23294858342077648 0.0185546875 0.02098635886673662
0 0.62890625 0.2402938090241343 0.01953125 0.02098635886673662
0 0.541015625 0.3126967471143757 0.0166015625 0.023084994753410283
0 0.5927734375 0.3116474291710388 0.017578125 0.026232948583420776
0 0.5869140625 0.35047219307450156 0.021484375 0.02833158447009444
0 0.7080078125 0.35362014690451204 0.0205078125 0.024134312696747113
0 0.71875 0.3095487932843652 0.0205078125 0.030430220356768102
0 0.7587890625 0.36621196222455404 0.01953125 0.023084994753410283
0 0.9296875 0.7418677859391396 0.0283203125 0.03462749213011543
0 0.71484375 0.3861490031479538 0.0224609375 0.025183630640083946
0 0.0283203125 0.8394543546694648 0.0224609375 0.03672612801678909
0 0.5595703125 0.024134312696747113 0.013671875 0.016789087093389297
0 0.6015625 0.01888772298006296 0.015625 0.01993704092339979
0 0.7099609375 0.015739769150052464 0.0166015625 0.02098635886673662
0 0.7939453125 0.016789087093389297 0.0166015625 0.02098635886673662
0 0.9326171875 0.02938090241343127 0.015625 0.01888772298006296
0 0.0078125 0.8898216159496327 0.015625 0.03882476390346275
0 0.5986328125 0.8824763903462749 0.03125 0.03777544596012592