0 0.1103515625 0.13535031847133758 0.04296875 0.09872611464968153
0 0.236328125 0.1735668789808917 0.0458984375 0.08280254777070063
0 0.3271484375 0.1449044585987261 0.0400390625 0.08917197452229299
0 0.453125 0.14968152866242038 0.0458984375 0.09872611464968153
0 0.5908203125 0.14171974522292993 0.0419921875 0.10031847133757962
0 0.7353515625 0.11942675159235669 0.0517578125 0.1035031847133758
0 0.8603515625 0.11624203821656051 0.044921875 0.09235668789808917
0 0.1669921875 0.410828025477707 0.04296875 0.12261146496815287
0 0.2861328125 0.35828025477707004 0.05078125 0.1178343949044586
0 0.3974609375 0.3535031847133758 0.0439453125 0.09872611464968153
0 0.517578125 0.3089171974522293 0.04296875 0.09394904458598727
0 0.6650390625 0.4299363057324841 0.052734375 0.1178343949044586
0 0.76171875 0.3837579617834395 0.0458984375 0.10668789808917198
0 0.8857421875 0.3821656050955414 0.041015625 0.10668789808917198