0 0.373046875 0.7144948755490483 0.03515625 0.0746705710102489
0 0.2880859375 0.7452415812591509 0.0361328125 0.0629575402635432
0 0.486328125 0.4685212298682284 0.048828125 0.06881405563689605
0 0.283203125 0.6442166910688141 0.01171875 0.021961932650073207
0 0.23828125 0.698389458272328 0.01171875 0.02635431918008785
0 0.2041015625 0.7042459736456809 0.0146484375 0.021961932650073207
0 0.1748046875 0.6544655929721815 0.0107421875 0.021961932650073207
0 0.224609375 0.6207906295754027 0.009765625 0.021961932650073207
0 0.181640625 0.616398243045388 0.0107421875 0.021961932650073207
0 0.138671875 0.6222547584187409 0.0087890625 0.024890190336749635
0 0.3642578125 0.6412884333821376 0.01171875 0.021961932650073207
0 0.3193359375 0.6442166910688141 0.0107421875 0.017569546120058566
0 0.3203125 0.5973645680819912 0.0107421875 0.02342606149341142
0 0.2900390625 0.5666178623718887 0.01171875 0.021961932650073207
0 0.328125 0.7906295754026355 0.01953125 0.024890190336749635
0 0.3271484375 0.7423133235724744 0.015625 0.02635431918008785
0 0.775390625 0.6002928257686676 0.017578125 0.03074670571010249
0 0.72265625 0.6354319180087847 0.0166015625 0.024890190336749635
0 0.720703125 0.6954612005856515 0.0126953125 0.027818448023426062
0 0.6689453125 0.705710102489019 0.0185546875 0.03074670571010249
0 0.642578125 0.7730600292825769 0.0244140625 0.0527086383601757
0 0.662109375 0.6427525622254758 0.0166015625 0.03513909224011713
0 0.580078125 0.7086383601756955 0.013671875 0.029282576866764276
0 0.6572265625 0.5300146412884333 0.0107421875 0.029282576866764276
0 0.69921875 0.47291361639824303 0.0107421875 0.027818448023426062
0 0.7431640625 0.44363103953147875 0.013671875 0.040995607613469986
0 0.6123046875 0.4216691068814056 0.0107421875 0.02342606149341142
0 0.646484375 0.40702781844802344 0.0107421875 0.020497803806734993
0 0.728515625 0.3645680819912152 0.01171875 0.024890190336749635
0 0.7763671875 0.37042459736456806 0.0126953125 0.024890190336749635
0 0.806640625 0.35724743777452417 0.0126953125 0.021961932650073207
0 0.8203125 0.3733528550512445 0.009765625 0.021961932650073207
0 0.8681640625 0.3557833089311859 0.01171875 0.02342606149341142
0 0.80859375 0.40263543191800877 0.01171875 0.020497803806734993
0 0.8603515625 0.39970717423133234 0.013671875 0.02635431918008785
0 0.873046875 0.4260614934114202 0.0126953125 0.03074670571010249
0 0.859375 0.4787701317715959 0.01171875 0.02342606149341142
0 0.861328125 0.5226939970717424 0.013671875 0.027818448023426062
0 0.796875 0.5314787701317716 0.0146484375 0.040995607613469986
0 0.7607421875 0.5534407027818448 0.0146484375 0.024890190336749635
0 0.8427734375 0.5783308931185944 0.017578125 0.03953147877013177
0 0.9931640625 0.541727672035139 0.0107421875 0.03806734992679356
0 0.947265625 0.5256222547584187 0.0146484375 0.03367496339677892
0 0.9169921875 0.5783308931185944 0.017578125 0.03953147877013177
0 0.919921875 0.6471449487554904 0.0205078125 0.03367496339677892
0 0.9892578125 0.6530014641288433 0.017578125 0.040995607613469986
0 0.9892578125 0.7379209370424598 0.01953125 0.03806734992679356
0 0.9033203125 0.2342606149341142 0.009765625 0.017569546120058566
0 0.9794921875 0.2708638360175695 0.0107421875 0.021961932650073207
0 0.9599609375 0.25329428989751096 0.01171875 0.020497803806734993
0 0.9326171875 0.2781844802342606 0.01171875 0.021961932650073207
0 0.890625 0.29282576866764276 0.0126953125 0.020497803806734993
0 0.9404296875 0.3279648609077599 0.0107421875 0.020497803806734993
0 0.984375 0.3191800878477306 0.013671875 0.02635431918008785
0 0.9755859375 0.36603221083455345 0.0146484375 0.029282576866764276
0 0.984375 0.4158125915080527 0.0146484375 0.029282576866764276
0 0.927734375 0.4172767203513909 0.0146484375 0.03074670571010249
0 0.912109375 0.3938506588579795 0.013671875 0.029282576866764276
0 0.8994140625 0.5124450951683748 0.0146484375 0.027818448023426062
0 0.857421875 0.26500732064421667 0.009765625 0.020497803806734993
0 0.845703125 0.2972181551976574 0.0126953125 0.021961932650073207
0 0.818359375 0.2796486090775988 0.0126953125 0.02635431918008785