0 0.033203125 0.37834036568213786 0.025390625 0.023206751054852322
0 0.1943359375 0.26933895921237694 0.0263671875 0.02250351617440225
0 0.2724609375 0.26371308016877637 0.0234375 0.023206751054852322
0 0.3154296875 0.3143459915611814 0.0263671875 0.02250351617440225
0 0.35546875 0.32559774964838256 0.0205078125 0.014767932489451477
0 0.359375 0.13924050632911392 0.0224609375 0.01828410689170183
0 0.41015625 0.10689170182841069 0.0146484375 0.013361462728551337
0 0.4248046875 0.13924050632911392 0.0283203125 0.02250351617440225
0 0.4482421875 0.10829817158931083 0.0205078125 0.016877637130801686
0 0.5556640625 0.1540084388185654 0.021484375 0.01828410689170183
0 0.58984375 0.10759493670886076 0.0205078125 0.017580872011251757
0 0.458984375 0.17651195499296765 0.0234375 0.0189873417721519
0 0.6279296875 0.14838255977496484 0.0224609375 0.02109704641350211
0 0.67578125 0.18917018284106893 0.0234375 0.01969057665260197
0 0.5947265625 0.22573839662447256 0.025390625 0.02250351617440225
0 0.603515625 0.17651195499296765 0.0244140625 0.020393811533052038
0 0.51171875 0.034458509142053444 0.0205078125 0.015471167369901548
0 0.6865234375 0.06680731364275667 0.015625 0.014064697609001406
0 0.74609375 0.10970464135021098 0.017578125 0.01617440225035162
0 0.75390625 0.07876230661040788 0.0185546875 0.02109704641350211
0 0.791015625 0.07665260196905767 0.013671875 0.014767932489451477
0 0.8291015625 0.07313642756680731 0.0185546875 0.014064697609001406
0 0.87109375 0.057665260196905765 0.013671875 0.013361462728551337
0 0.919921875 0.11884669479606189 0.021484375 0.01969057665260197
0 0.8310546875 0.14345991561181434 0.0205078125 0.01969057665260197
0 0.76171875 0.15822784810126583 0.017578125 0.014767932489451477
0 0.7900390625 0.14345991561181434 0.017578125 0.0189873417721519
0 0.916015625 0.1568213783403657 0.0166015625 0.014064697609001406
0 0.8173828125 0.22011251758087202 0.0224609375 0.01969057665260197
0 0.9296875 0.22081575246132207 0.0224609375 0.0189873417721519
0 0.904296875 0.08720112517580872 0.0185546875 0.013361462728551337
0 0.833984375 0.11954992967651196 0.01953125 0.015471167369901548
0 0.9736328125 0.12658227848101267 0.0205078125 0.015471167369901548
0 0.9580078125 0.15260196905766527 0.0205078125 0.013361462728551337
0 0.64453125 0.5126582278481012 0.0205078125 0.01828410689170183
0 0.703125 0.4353023909985935 0.0234375 0.023206751054852322
0 0.783203125 0.4247538677918425 0.0234375 0.023206751054852322
0 0.7705078125 0.3790436005625879 0.0166015625 0.014064697609001406
0 0.6318359375 0.5850914205344585 0.029296875 0.02531645569620253
0 0.71875 0.5815752461322081 0.0361328125 0.026019690576652602
0 0.2900390625 0.5281293952180028 0.02734375 0.023206751054852322
0 0.6484375 0.35654008438818563 0.03125 0.02390998593530239
0 0.7197265625 0.36357243319268634 0.0341796875 0.02390998593530239
0 0.7626953125 0.3143459915611814 0.0146484375 0.014767932489451477
0 0.798828125 0.3143459915611814 0.0263671875 0.01969057665260197
0 0.94921875 0.3656821378340366 0.0263671875 0.02250351617440225
0 0.9599609375 0.4873417721518987 0.02734375 0.02250351617440225
0 0.869140625 0.5949367088607594 0.0625 0.05414908579465542
0 0.7734375 0.6068917018284107 0.0634765625 0.057665260196905765
0 0.298828125 0.6286919831223629 0.0283203125 0.029535864978902954
0 0.140625 0.5260196905766527 0.0556640625 0.04571026722925457
0 0.4677734375 0.45850914205344584 0.0703125 0.056962025316455694
0 0.9892578125 0.1877637130801688 0.0185546875 0.015471167369901548
0 0.556640625 0.4149085794655415 0.0400390625 0.026019690576652602
0 0.4658203125 0.4191279887482419 0.0400390625 0.027426160337552744
0 0.4072265625 0.42053445850914206 0.0380859375 0.035864978902953586
0 0.2255859375 0.519690576652602 0.03125 0.027426160337552744
0 0.587890625 0.5056258790436006 0.03515625 0.035864978902953586