0 0.3466796875 0.17695473251028807 0.0322265625 0.04526748971193416
0 0.421875 0.24279835390946503 0.03125 0.05212620027434842
0 0.619140625 0.2661179698216735 0.03515625 0.08093278463648834
0 0.5927734375 0.40329218106995884 0.0302734375 0.04252400548696845
0 0.76953125 0.4046639231824417 0.0244140625 0.0411522633744856
0 0.0126953125 0.47462277091906724 0.0234375 0.04663923182441701
0 0.0439453125 0.7517146776406035 0.0087890625 0.013717421124828532
0 0.0107421875 0.8436213991769548 0.0068359375 0.015089163237311385
0 0.001953125 0.840877914951989 0.00390625 0.015089163237311385
0 0.0478515625 0.840877914951989 0.0048828125 0.010973936899862825
0 0.052734375 0.8491083676268861 0.0048828125 0.009602194787379973
0 0.0615234375 0.8285322359396433 0.00390625 0.0054869684499314125
0 0.072265625 0.8628257887517147 0.00390625 0.006858710562414266
0 0.0869140625 0.8463648834019204 0.005859375 0.010973936899862825
0 0.099609375 0.869684499314129 0.0048828125 0.012345679012345678
0 0.1279296875 0.8683127572016461 0.0048828125 0.009602194787379973
0 0.1298828125 0.8477366255144033 0.0048828125 0.010973936899862825
0 0.115234375 0.8449931412894376 0.005859375 0.010973936899862825
0 0.10546875 0.8436213991769548 0.0048828125 0.00823045267489712
0 0.1474609375 0.8491083676268861 0.0048828125 0.00823045267489712
0 0.1650390625 0.8655692729766804 0.00390625 0.00823045267489712
0 0.173828125 0.8545953360768176 0.00390625 0.00823045267489712
0 0.216796875 0.8463648834019204 0.00390625 0.006858710562414266
0 0.234375 0.8477366255144033 0.00390625 0.00823045267489712
0 0.2421875 0.8422496570644719 0.00390625 0.010973936899862825
0 0.26171875 0.850480109739369 0.0048828125 0.009602194787379973
0 0.2568359375 0.8477366255144033 0.00390625 0.010973936899862825
0 0.271484375 0.8518518518518519 0.005859375 0.010973936899862825
0 0.2822265625 0.8573388203017832 0.0048828125 0.009602194787379973
0 0.2890625 0.850480109739369 0.005859375 0.010973936899862825
0 0.3125 0.8491083676268861 0.005859375 0.009602194787379973
0 0.302734375 0.850480109739369 0.0048828125 0.00823045267489712
0 0.2958984375 0.8518518518518519 0.00390625 0.009602194787379973
0 0.392578125 0.8463648834019204 0.0048828125 0.012345679012345678
0 0.4013671875 0.8422496570644719 0.0048828125 0.012345679012345678
0 0.4228515625 0.8463648834019204 0.0048828125 0.010973936899862825
0 0.4375 0.831275720164609 0.0048828125 0.00823045267489712
0 0.447265625 0.8436213991769548 0.0068359375 0.012345679012345678
0 0.4521484375 0.8395061728395061 0.0048828125 0.012345679012345678
0 0.4638671875 0.8436213991769548 0.0068359375 0.013717421124828532
0 0.4697265625 0.8340192043895748 0.00390625 0.009602194787379973
0 0.427734375 0.821673525377229 0.005859375 0.010973936899862825
0 0.4765625 0.8353909465020576 0.0068359375 0.010973936899862825
0 0.4853515625 0.8353909465020576 0.0048828125 0.009602194787379973
0 0.498046875 0.8449931412894376 0.0048828125 0.015089163237311385
0 0.5556640625 0.8340192043895748 0.0068359375 0.010973936899862825
0 0.57421875 0.8299039780521262 0.005859375 0.012345679012345678
0 0.5849609375 0.831275720164609 0.0078125 0.015089163237311385
0 0.609375 0.8271604938271605 0.0078125 0.015089163237311385
0 0.6396484375 0.8257887517146777 0.0068359375 0.013717421124828532
0 0.63671875 0.8079561042524005 0.00390625 0.009602194787379973
0 0.5849609375 0.8148148148148148 0.00390625 0.010973936899862825
0 0.75 0.7736625514403292 0.005859375 0.010973936899862825
0 0.751953125 0.766803840877915 0.005859375 0.010973936899862825
0 0.736328125 0.766803840877915 0.00390625 0.010973936899862825
0 0.7392578125 0.7777777777777778 0.005859375 0.009602194787379973
0 0.7236328125 0.8148148148148148 0.0078125 0.013717421124828532
0 0.7490234375 0.8106995884773662 0.0078125 0.013717421124828532
0 0.744140625 0.8299039780521262 0.0078125 0.012345679012345678
0 0.76171875 0.8161865569272977 0.0087890625 0.013717421124828532
0 0.75390625 0.7997256515775034 0.0068359375 0.012345679012345678
0 0.7763671875 0.803840877914952 0.0078125 0.01783264746227709
0 0.787109375 0.813443072702332 0.0078125 0.01783264746227709
0 0.8046875 0.8148148148148148 0.0078125 0.015089163237311385
0 0.7978515625 0.813443072702332 0.005859375 0.013717421124828532
0 0.7705078125 0.8244170096021948 0.005859375 0.013717421124828532
0 0.7587890625 0.8463648834019204 0.0078125 0.013717421124828532
0 0.759765625 0.7530864197530864 0.005859375 0.010973936899862825
0 0.7587890625 0.7654320987654321 0.0029296875 0.0054869684499314125
0 0.7412109375 0.7434842249657064 0.0048828125 0.009602194787379973
0 0.75 0.7448559670781894 0.0029296875 0.006858710562414266
0 0.7197265625 0.8010973936899863 0.0048828125 0.00823045267489712
0 0.7236328125 0.7805212620027435 0.0048828125 0.006858710562414266
0 0.86328125 0.7256515775034293 0.0078125 0.015089163237311385
0 0.890625 0.7270233196159122 0.013671875 0.023319615912208505
0 0.8701171875 0.8065843621399177 0.0087890625 0.01783264746227709
0 0.9228515625 0.7187928669410151 0.005859375 0.010973936899862825
0 0.9462890625 0.7503429355281207 0.00390625 0.009602194787379973
0 0.9482421875 0.7366255144032922 0.00390625 0.013717421124828532
0 0.92578125 0.7517146776406035 0.0068359375 0.012345679012345678
0 0.9033203125 0.7379972565157751 0.005859375 0.012345679012345678
0 0.9091796875 0.7338820301783264 0.005859375 0.010973936899862825
0 0.935546875 0.7914951989026063 0.009765625 0.02194787379972565
0 0.921875 0.8203017832647462 0.0087890625 0.01646090534979424
0 0.9501953125 0.7983539094650206 0.013671875 0.0205761316872428
0 0.9619140625 0.7352537722908093 0.005859375 0.013717421124828532
0 0.96875 0.7517146776406035 0.005859375 0.010973936899862825
0 0.982421875 0.7187928669410151 0.00390625 0.009602194787379973
0 0.9873046875 0.7297668038408779 0.0078125 0.013717421124828532
0 0.984375 0.7421124828532236 0.0068359375 0.013717421124828532
0 0.986328125 0.7928669410150891 0.01171875 0.0205761316872428
0 0.9755859375 0.7942386831275721 0.0068359375 0.013717421124828532
0 0.939453125 0.7050754458161865 0.00390625 0.00823045267489712
0 0.9619140625 0.720164609053498 0.0068359375 0.009602194787379973
0 0.9697265625 0.6611796982167353 0.0048828125 0.009602194787379973
0 0.0986328125 0.8545953360768176 0.0048828125 0.009602194787379973
0 0.0712890625 0.8449931412894376 0.005859375 0.00823045267489712