0 0.12109375 0.5091145833333334 0.0087890625 0.013020833333333334
0 0.12890625 0.5325520833333334 0.0107421875 0.015625
0 0.150390625 0.5364583333333334 0.0107421875 0.020833333333333332
0 0.1630859375 0.5638020833333334 0.0107421875 0.01953125
0 0.1728515625 0.6536458333333334 0.009765625 0.018229166666666668
0 0.2080078125 0.6263020833333334 0.0087890625 0.015625
0 0.263671875 0.5924479166666666 0.009765625 0.018229166666666668
0 0.263671875 0.5442708333333334 0.01171875 0.015625
0 0.1806640625 0.5377604166666666 0.009765625 0.015625
0 0.1630859375 0.4609375 0.0087890625 0.01171875
0 0.2080078125 0.4661458333333333 0.0078125 0.014322916666666666
0 0.1943359375 0.453125 0.0087890625 0.013020833333333334
0 0.1796875 0.46484375 0.0078125 0.01171875
0 0.14453125 0.40625 0.01171875 0.018229166666666668
0 0.1796875 0.42578125 0.009765625 0.018229166666666668
0 0.255859375 0.4817708333333333 0.0107421875 0.015625
0 0.2705078125 0.4713541666666667 0.0087890625 0.015625
0 0.283203125 0.4453125 0.009765625 0.016927083333333332
0 0.244140625 0.4140625 0.0068359375 0.015625
0 0.2109375 0.3919270833333333 0.0087890625 0.014322916666666666
0 0.2470703125 0.3932291666666667 0.0087890625 0.016927083333333332
0 0.2705078125 0.4375 0.0087890625 0.014322916666666666
0 0.26953125 0.41796875 0.0087890625 0.015625
0 0.302734375 0.3502604166666667 0.01171875 0.01171875
0 0.328125 0.3502604166666667 0.009765625 0.013020833333333334
0 0.3154296875 0.4036458333333333 0.01171875 0.016927083333333332
0 0.2255859375 0.375 0.01171875 0.013020833333333334
0 0.2490234375 0.375 0.009765625 0.014322916666666666
0 0.3154296875 0.3815104166666667 0.0078125 0.015625
0 0.3427734375 0.3723958333333333 0.0078125 0.014322916666666666
0 0.361328125 0.3671875 0.0087890625 0.016927083333333332
0 0.380859375 0.3802083333333333 0.0068359375 0.015625
0 0.3671875 0.3815104166666667 0.0068359375 0.013020833333333334
0 0.3720703125 0.40625 0.0107421875 0.016927083333333332
0 0.3515625 0.4153645833333333 0.0087890625 0.018229166666666668
0 0.3408203125 0.4127604166666667 0.0107421875 0.014322916666666666
0 0.310546875 0.4322916666666667 0.0107421875 0.013020833333333334
0 0.3193359375 0.4479166666666667 0.0107421875 0.016927083333333332
0 0.3828125 0.4309895833333333 0.0087890625 0.016927083333333332
0 0.408203125 0.4127604166666667 0.0087890625 0.016927083333333332
0 0.3994140625 0.4114583333333333 0.009765625 0.01171875
0 0.4208984375 0.3880208333333333 0.0087890625 0.016927083333333332
0 0.4072265625 0.3828125 0.0078125 0.013020833333333334
0 0.4482421875 0.3880208333333333 0.009765625 0.016927083333333332
0 0.47265625 0.3919270833333333 0.0078125 0.014322916666666666
0 0.4765625 0.4140625 0.0087890625 0.013020833333333334
0 0.4345703125 0.4166666666666667 0.005859375 0.013020833333333334
0 0.4765625 0.48828125 0.009765625 0.016927083333333332
0 0.4296875 0.5221354166666666 0.009765625 0.016927083333333332
0 0.3984375 0.5169270833333334 0.0087890625 0.018229166666666668
0 0.37109375 0.5247395833333334 0.0087890625 0.015625
0 0.447265625 0.6419270833333334 0.017578125 0.020833333333333332
0 0.02734375 0.3763020833333333 0.0087890625 0.016927083333333332
0 0.0458984375 0.35546875 0.0068359375 0.014322916666666666
0 0.033203125 0.40234375 0.009765625 0.016927083333333332
0 0.02734375 0.4427083333333333 0.01171875 0.018229166666666668
0 0.0361328125 0.4791666666666667 0.0087890625 0.022135416666666668
0 0.025390625 0.4908854166666667 0.009765625 0.015625
0 0.029296875 0.52734375 0.0087890625 0.016927083333333332
0 0.0322265625 0.5455729166666666 0.009765625 0.016927083333333332
0 0.025390625 0.60546875 0.009765625 0.020833333333333332
0 0.0361328125 0.6263020833333334 0.0087890625 0.016927083333333332
0 0.388671875 0.35546875 0.0087890625 0.015625
0 0.416015625 0.3411458333333333 0.009765625 0.015625
0 0.515625 0.3802083333333333 0.0087890625 0.016927083333333332
0 0.564453125 0.390625 0.0048828125 0.013020833333333334
0 0.546875 0.41015625 0.0087890625 0.013020833333333334
0 0.5546875 0.4231770833333333 0.009765625 0.01953125
0 0.5595703125 0.4427083333333333 0.0078125 0.018229166666666668
0 0.5390625 0.4713541666666667 0.0078125 0.016927083333333332
0 0.5458984375 0.4895833333333333 0.009765625 0.014322916666666666
0 0.7900390625 0.7200520833333334 0.01171875 0.02734375
0 0.0751953125 0.3606770833333333 0.0078125 0.01171875
0 0.0986328125 0.3619791666666667 0.009765625 0.015625
0 0.05859375 0.3932291666666667 0.0068359375 0.013020833333333334
0 0.0703125 0.3958333333333333 0.005859375 0.009114583333333334
0 0.05859375 0.4466145833333333 0.01171875 0.016927083333333332
0 0.0498046875 0.5846354166666666 0.01171875 0.016927083333333332
0 0.923828125 0.58203125 0.0087890625 0.015625
0 0.9833984375 0.4205729166666667 0.0087890625 0.016927083333333332
0 0.841796875 0.4166666666666667 0.0068359375 0.014322916666666666
0 0.869140625 0.41796875 0.0087890625 0.01171875
0 0.8095703125 0.4140625 0.0087890625 0.014322916666666666
0 0.837890625 0.3971354166666667 0.0068359375 0.013020833333333334
0 0.765625 0.4036458333333333 0.0087890625 0.014322916666666666
0 0.9345703125 0.390625 0.0078125 0.010416666666666666
0 0.9453125 0.4088541666666667 0.0078125 0.015625
0 0.9248046875 0.4114583333333333 0.0078125 0.01171875
0 0.9130859375 0.3958333333333333 0.0087890625 0.014322916666666666
0 0.978515625 0.3541666666666667 0.0087890625 0.014322916666666666
0 0.3525390625 0.3307291666666667 0.009765625 0.010416666666666666
0 0.599609375 0.3919270833333333 0.0078125 0.014322916666666666
0 0.58984375 0.4283854166666667 0.0078125 0.013020833333333334
0 0.583984375 0.4205729166666667 0.005859375 0.014322916666666666
0 0.58984375 0.44921875 0.0078125 0.014322916666666666
0 0.5927734375 0.5130208333333334 0.0087890625 0.014322916666666666
0 0.681640625 0.3658854166666667 0.0078125 0.010416666666666666
0 0.6337890625 0.3736979166666667 0.0068359375 0.013020833333333334
0 0.62109375 0.4088541666666667 0.0087890625 0.015625
0 0.619140625 0.4283854166666667 0.009765625 0.014322916666666666
0 0.63671875 0.3971354166666667 0.0078125 0.016927083333333332
0 0.6650390625 0.3802083333333333 0.0078125 0.014322916666666666
0 0.662109375 0.3984375 0.0107421875 0.014322916666666666
0 0.6552734375 0.4166666666666667 0.0087890625 0.015625
0 0.6474609375 0.4309895833333333 0.0078125 0.014322916666666666
0 0.685546875 0.4088541666666667 0.0078125 0.015625
0 0.6923828125 0.3893229166666667 0.0078125 0.014322916666666666
0 0.7080078125 0.390625 0.0048828125 0.014322916666666666
0 0.7197265625 0.3984375 0.0068359375 0.014322916666666666
0 0.7001953125 0.4427083333333333 0.0087890625 0.015625
0 0.7138671875 0.4466145833333333 0.0078125 0.014322916666666666
0 0.6923828125 0.4505208333333333 0.005859375 0.013020833333333334
0 0.6767578125 0.4739583333333333 0.0087890625 0.016927083333333332
0 0.6396484375 0.48828125 0.0078125 0.018229166666666668
0 0.625 0.4869791666666667 0.0087890625 0.014322916666666666
0 0.6318359375 0.5169270833333334 0.0107421875 0.01953125
0 0.712890625 0.515625 0.0087890625 0.01171875
0 0.7041015625 0.4596354166666667 0.0078125 0.014322916666666666
0 0.5869140625 0.5885416666666666 0.01171875 0.01953125
0 0.603515625 0.59375 0.01171875 0.022135416666666668
0 0.6201171875 0.5638020833333334 0.009765625 0.015625
0 0.6484375 0.58203125 0.0107421875 0.01953125
0 0.642578125 0.6106770833333334 0.01171875 0.016927083333333332
0 0.6083984375 0.6263020833333334 0.0107421875 0.014322916666666666
0 0.568359375 0.6588541666666666 0.0126953125 0.028645833333333332
0 0.583984375 0.65234375 0.0087890625 0.014322916666666666
0 0.583984375 0.6705729166666666 0.0126953125 0.016927083333333332
0 0.6025390625 0.6796875 0.0107421875 0.01953125
0 0.623046875 0.7018229166666666 0.0126953125 0.022135416666666668
0 0.63671875 0.703125 0.009765625 0.01953125
0 0.6318359375 0.6510416666666666 0.0107421875 0.020833333333333332
0 0.6416015625 0.6302083333333334 0.0087890625 0.016927083333333332
0 0.6416015625 0.6705729166666666 0.013671875 0.015625
0 0.6533203125 0.8268229166666666 0.01171875 0.0234375
0 0.6279296875 0.83203125 0.01171875 0.022135416666666668
0 0.7275390625 0.5625 0.009765625 0.016927083333333332
0 0.744140625 0.5416666666666666 0.0087890625 0.014322916666666666
0 0.73828125 0.5377604166666666 0.0068359375 0.014322916666666666
0 0.78125 0.5598958333333334 0.0087890625 0.016927083333333332
0 0.775390625 0.5768229166666666 0.009765625 0.016927083333333332
0 0.736328125 0.5807291666666666 0.0107421875 0.014322916666666666
0 0.7548828125 0.63671875 0.0107421875 0.016927083333333332
0 0.763671875 0.609375 0.0107421875 0.016927083333333332
0 0.779296875 0.6640625 0.009765625 0.0234375
0 0.7421875 0.7005208333333334 0.0107421875 0.016927083333333332
0 0.7822265625 0.7083333333333334 0.0107421875 0.026041666666666668
0 0.7978515625 0.7018229166666666 0.0107421875 0.0234375
0 0.7900390625 0.6809895833333334 0.0107421875 0.016927083333333332
0 0.7998046875 0.6315104166666666 0.009765625 0.01953125
0 0.734375 0.8333333333333334 0.009765625 0.01953125
0 0.779296875 0.83203125 0.0126953125 0.01953125
0 0.8505859375 0.53125 0.0087890625 0.015625
0 0.8466796875 0.5559895833333334 0.0087890625 0.014322916666666666
0 0.849609375 0.5729166666666666 0.0087890625 0.020833333333333332
0 0.8369140625 0.6145833333333334 0.009765625 0.018229166666666668
0 0.822265625 0.65234375 0.009765625 0.018229166666666668
0 0.8310546875 0.6861979166666666 0.0087890625 0.01953125
0 0.8359375 0.6927083333333334 0.01171875 0.022135416666666668
0 0.85546875 0.7044270833333334 0.0107421875 0.018229166666666668
0 0.890625 0.57421875 0.0078125 0.013020833333333334
0 0.87109375 0.59375 0.0107421875 0.01953125
0 0.86328125 0.6119791666666666 0.01171875 0.016927083333333332
0 0.89453125 0.6393229166666666 0.0126953125 0.018229166666666668
0 0.8525390625 0.6380208333333334 0.0107421875 0.015625
0 0.880859375 0.6705729166666666 0.009765625 0.016927083333333332
0 0.9091796875 0.6588541666666666 0.0107421875 0.016927083333333332
0 0.9013671875 0.6848958333333334 0.0107421875 0.018229166666666668
0 0.9140625 0.6953125 0.01171875 0.020833333333333332
0 0.8720703125 0.796875 0.0107421875 0.01953125
0 0.8642578125 0.83984375 0.0126953125 0.020833333333333332
0 0.8994140625 0.8463541666666666 0.0126953125 0.0234375
0 0.921875 0.7981770833333334 0.01171875 0.018229166666666668
0 0.9189453125 0.5911458333333334 0.0087890625 0.014322916666666666
0 0.9111328125 0.6197916666666666 0.009765625 0.018229166666666668
0 0.73046875 0.4140625 0.0087890625 0.013020833333333334
0 0.74609375 0.4322916666666667 0.009765625 0.015625
0 0.7626953125 0.4466145833333333 0.0087890625 0.016927083333333332
0 0.7578125 0.48046875 0.0107421875 0.018229166666666668
0 0.7431640625 0.50390625 0.0078125 0.015625
0 0.7509765625 0.5130208333333334 0.009765625 0.016927083333333332
0 0.7646484375 0.4895833333333333 0.01171875 0.016927083333333332
0 0.7705078125 0.5221354166666666 0.01171875 0.018229166666666668
0 0.7861328125 0.4895833333333333 0.0087890625 0.016927083333333332
0 0.79296875 0.4661458333333333 0.009765625 0.01953125
0 0.7958984375 0.44140625 0.0087890625 0.018229166666666668
0 0.9375 0.65234375 0.009765625 0.015625
0 0.9384765625 0.6197916666666666 0.0087890625 0.016927083333333332
0 0.9921875 0.6106770833333334 0.0078125 0.015625
0 0.9775390625 0.6458333333333334 0.0126953125 0.018229166666666668
0 0.9912109375 0.6731770833333334 0.0126953125 0.016927083333333332
0 0.9501953125 0.68359375 0.0126953125 0.016927083333333332
0 0.94921875 0.8020833333333334 0.0126953125 0.020833333333333332
0 0.544921875 0.5755208333333334 0.009765625 0.0234375
0 0.7412109375 0.3997395833333333 0.0078125 0.014322916666666666
0 0.7451171875 0.3697916666666667 0.0078125 0.014322916666666666
0 0.76171875 0.3828125 0.0107421875 0.015625
0 0.7734375 0.3841145833333333 0.005859375 0.010416666666666666
0 0.814453125 0.3802083333333333 0.0078125 0.014322916666666666
0 0.818359375 0.3502604166666667 0.009765625 0.015625
0 0.8740234375 0.3268229166666667 0.0078125 0.014322916666666666
0 0.8798828125 0.3658854166666667 0.0068359375 0.009114583333333334
0 0.8447265625 0.3802083333333333 0.0068359375 0.01171875
0 0.8759765625 0.3880208333333333 0.0068359375 0.010416666666666666
0 0.892578125 0.3658854166666667 0.0078125 0.013020833333333334
0 0.8837890625 0.3372395833333333 0.0068359375 0.013020833333333334
0 0.3994140625 0.328125 0.0078125 0.013020833333333334
0 0.4326171875 0.3190104166666667 0.0078125 0.013020833333333334
0 0.501953125 0.3541666666666667 0.0078125 0.015625
0 0.5595703125 0.3880208333333333 0.0068359375 0.01171875
0 0.9248046875 0.3606770833333333 0.0087890625 0.014322916666666666
0 0.9453125 0.3932291666666667 0.0078125 0.01171875
0 0.96875 0.3802083333333333 0.0068359375 0.013020833333333334
0 0.9736328125 0.3971354166666667 0.0068359375 0.01171875
0 0.8642578125 0.375 0.009765625 0.015625
0 0.0146484375 0.3541666666666667 0.0078125 0.013020833333333334
0 0.015625 0.40234375 0.0068359375 0.014322916666666666
0 0.013671875 0.4557291666666667 0.0078125 0.015625
0 0.1240234375 0.3528645833333333 0.009765625 0.016927083333333332
0 0.185546875 0.3684895833333333 0.0107421875 0.01953125
0 0.009765625 0.578125 0.0068359375 0.014322916666666666
0 0.0146484375 0.6315104166666666 0.009765625 0.018229166666666668
0 0.0126953125 0.6731770833333334 0.009765625 0.016927083333333332
0 0.16796875 0.78125 0.015625 0.01953125
0 0.6630859375 0.5052083333333334 0.009765625 0.015625
0 0.5869140625 0.47265625 0.0078125 0.013020833333333334
0 0.580078125 0.4622395833333333 0.0068359375 0.010416666666666666
0 0.654296875 0.54296875 0.0107421875 0.016927083333333332
0 0.7021484375 0.50390625 0.0078125 0.014322916666666666
0 0.7197265625 0.4752604166666667 0.0078125 0.016927083333333332
0 0.6875 0.5520833333333334 0.0087890625 0.013020833333333334
0 0.69921875 0.5872395833333334 0.0107421875 0.016927083333333332
0 0.71484375 0.5338541666666666 0.009765625 0.015625
0 0.05078125 0.609375 0.0107421875 0.014322916666666666
0 0.0712890625 0.6197916666666666 0.0107421875 0.015625
0 0.1201171875 0.6276041666666666 0.009765625 0.018229166666666668
0 0.052734375 0.65234375 0.017578125 0.026041666666666668
0 0.08984375 0.6640625 0.0078125 0.015625
0 0.1298828125 0.6588541666666666 0.0107421875 0.016927083333333332
0 0.1396484375 0.6796875 0.01171875 0.018229166666666668
0 0.0751953125 0.5963541666666666 0.0087890625 0.015625
0 0.119140625 0.5963541666666666 0.0087890625 0.016927083333333332
0 0.1416015625 0.60546875 0.0107421875 0.016927083333333332
0 0.1259765625 0.5807291666666666 0.0087890625 0.013020833333333334
0 0.1640625 0.58984375 0.0087890625 0.01953125
0 0.09375 0.44140625 0.0087890625 0.015625
0 0.0751953125 0.4375 0.0068359375 0.013020833333333334
0 0.04296875 0.4283854166666667 0.005859375 0.013020833333333334
0 0.0947265625 0.3997395833333333 0.005859375 0.01171875
0 0.10546875 0.48046875 0.0087890625 0.016927083333333332
0 0.087890625 0.47265625 0.0087890625 0.016927083333333332
0 0.080078125 0.4986979166666667 0.0087890625 0.015625
0 0.0576171875 0.4869791666666667 0.0068359375 0.014322916666666666
0 0.0966796875 0.6028645833333334 0.009765625 0.018229166666666668
0 0.099609375 0.6783854166666666 0.0107421875 0.018229166666666668
0 0.1083984375 0.6783854166666666 0.01171875 0.022135416666666668
0 0.1865234375 0.51953125 0.01171875 0.016927083333333332
0 0.21484375 0.54296875 0.0068359375 0.010416666666666666
0 0.2490234375 0.5625 0.009765625 0.01953125
0 0.2177734375 0.58984375 0.0107421875 0.014322916666666666
0 0.09765625 0.5520833333333334 0.0107421875 0.01953125
0 0.072265625 0.5598958333333334 0.009765625 0.014322916666666666
0 0.064453125 0.5403645833333334 0.0078125 0.014322916666666666
0 0.046875 0.51171875 0.0078125 0.016927083333333332
0 0.0498046875 0.5390625 0.0107421875 0.018229166666666668
0 0.4521484375 0.5026041666666666 0.0078125 0.013020833333333334
0 0.6796875 0.6315104166666666 0.009765625 0.018229166666666668
0 0.388671875 0.4739583333333333 0.0068359375 0.01171875
0 0.4208984375 0.44921875 0.0068359375 0.010416666666666666
0 0.4169921875 0.4739583333333333 0.0068359375 0.01171875
0 0.33984375 0.46875 0.0068359375 0.014322916666666666
0 0.33203125 0.4361979166666667 0.0068359375 0.01171875
0 0.36328125 0.4505208333333333 0.0068359375 0.013020833333333334
0 0.4521484375 0.8138020833333334 0.0087890625 0.013020833333333334
0 0.3603515625 0.6809895833333334 0.01171875 0.024739583333333332
0 0.3837890625 0.6953125 0.013671875 0.022135416666666668
0 0.40625 0.7122395833333334 0.0078125 0.013020833333333334
0 0.4296875 0.7044270833333334 0.01171875 0.01953125
0 0.501953125 0.7239583333333334 0.0087890625 0.016927083333333332
0 0.240234375 0.6861979166666666 0.015625 0.028645833333333332
0 0.208984375 0.6848958333333334 0.0107421875 0.018229166666666668
0 0.447265625 0.4348958333333333 0.0087890625 0.015625
0 0.548828125 0.5052083333333334 0.005859375 0.0078125
0 0.7216796875 0.6119791666666666 0.0107421875 0.015625
0 0.7158203125 0.62890625 0.0087890625 0.014322916666666666
0 0.740234375 0.6705729166666666 0.0078125 0.016927083333333332
0 0.7392578125 0.7213541666666666 0.009765625 0.016927083333333332
0 0.7578125 0.72265625 0.01171875 0.01953125
0 0.8447265625 0.7317708333333334 0.01171875 0.016927083333333332
0 0.9111328125 0.4283854166666667 0.005859375 0.01171875
0 0.9130859375 0.4544270833333333 0.0068359375 0.01171875
0 0.916015625 0.4713541666666667 0.0068359375 0.01171875
0 0.953125 0.4661458333333333 0.0078125 0.01171875
0 0.958984375 0.4739583333333333 0.0068359375 0.014322916666666666
0 0.94921875 0.4375 0.005859375 0.01171875
0 0.9697265625 0.45703125 0.0078125 0.010416666666666666
0 0.9853515625 0.453125 0.0078125 0.014322916666666666
0 0.8955078125 0.5078125 0.0068359375 0.015625
0 0.919921875 0.5286458333333334 0.009765625 0.014322916666666666
0 0.9443359375 0.54296875 0.009765625 0.014322916666666666
0 0.9736328125 0.5052083333333334 0.0078125 0.013020833333333334
0 0.9765625 0.51953125 0.0078125 0.014322916666666666
0 0.98828125 0.51953125 0.0087890625 0.014322916666666666
0 0.8544921875 0.4817708333333333 0.005859375 0.013020833333333334
0 0.8447265625 0.4908854166666667 0.0087890625 0.015625
0 0.8271484375 0.48046875 0.009765625 0.013020833333333334
0 0.814453125 0.51171875 0.0078125 0.016927083333333332
0 0.8115234375 0.5390625 0.009765625 0.014322916666666666
0 0.8857421875 0.5403645833333334 0.0068359375 0.01171875
0 0.8916015625 0.5442708333333334 0.0087890625 0.015625
0 0.9052734375 0.5520833333333334 0.0078125 0.014322916666666666
0 0.9638671875 0.5638020833333334 0.009765625 0.018229166666666668
0 0.9736328125 0.5611979166666666 0.009765625 0.014322916666666666
0 0.9541015625 0.6015625 0.0107421875 0.018229166666666668
0 0.86328125 0.4361979166666667 0.0068359375 0.01171875
0 0.88671875 0.4518229166666667 0.0078125 0.014322916666666666
0 0.482421875 0.734375 0.0078125 0.016927083333333332