0 0.2119140625 0.33382137628111275 0.03125 0.06734992679355783
0 0.3095703125 0.3762811127379209 0.0263671875 0.06588579795021962
0 0.419921875 0.3616398243045388 0.0283203125 0.06149341142020498
0 0.53515625 0.3440702781844802 0.029296875 0.06442166910688141
0 0.654296875 0.34699853587115664 0.02734375 0.06442166910688141
0 0.759765625 0.36749633967789164 0.0283203125 0.060029282576866766
0 0.8505859375 0.31771595900439237 0.029296875 0.06734992679355783
0 0.333984375 0.5344070278184481 0.0302734375 0.07027818448023426
0 0.47265625 0.5241581259150805 0.0302734375 0.06881405563689605
0 0.6201171875 0.5241581259150805 0.0302734375 0.07174231332357248
0 0.7509765625 0.5183016105417276 0.0302734375 0.07027818448023426