0 0.025390625 0.6442873969375736 0.0087890625 0.016489988221436984
0 0.0751953125 0.6419316843345112 0.009765625 0.015312131919905771
0 0.083984375 0.6749116607773852 0.013671875 0.023557126030624265
0 0.119140625 0.5901060070671378 0.0166015625 0.02944640753828033
0 0.0498046875 0.6007067137809188 0.0078125 0.009422850412249705
0 0.078125 0.6018845700824499 0.0068359375 0.011778563015312132
0 0.1943359375 0.6030624263839811 0.0068359375 0.011778563015312132
0 0.2236328125 0.5995288574793876 0.005859375 0.01060070671378092
0 0.23828125 0.585394581861013 0.0068359375 0.009422850412249705
0 0.1845703125 0.64075382803298 0.0107421875 0.016489988221436984
0 0.2353515625 0.6395759717314488 0.0087890625 0.012956419316843345
0 0.1748046875 0.673733804475854 0.0107421875 0.016489988221436984
0 0.2138671875 0.6760895170789164 0.009765625 0.016489988221436984
0 0.1669921875 0.574793875147232 0.0078125 0.01060070671378092
0 0.13671875 0.5700824499411072 0.005859375 0.011778563015312132
0 0.26171875 0.6007067137809188 0.0068359375 0.01060070671378092
0 0.341796875 0.6466431095406361 0.0078125 0.012956419316843345
0 0.4423828125 0.6360424028268551 0.005859375 0.009422850412249705
0 0.470703125 0.6419316843345112 0.0078125 0.01060070671378092
0 0.5 0.6501766784452296 0.0068359375 0.01060070671378092
0 0.5126953125 0.6360424028268551 0.0068359375 0.01060070671378092
0 0.494140625 0.6395759717314488 0.005859375 0.008244994110718492
0 0.4814453125 0.607773851590106 0.0068359375 0.008244994110718492
0 0.509765625 0.6089517078916372 0.005859375 0.008244994110718492
0 0.8505859375 0.6454652532391049 0.0068359375 0.009422850412249705
0 0.349609375 0.4652532391048292 0.03125 0.04122497055359246
0 0.419921875 0.5170789163722026 0.0263671875 0.038869257950530034
0 0.591796875 0.2862190812720848 0.0302734375 0.048292108362779744
0 0.7197265625 0.3745583038869258 0.029296875 0.05771495877502945
0 0.8037109375 0.2767962308598351 0.037109375 0.061248527679623084
0 0.0166015625 0.591283863368669 0.0078125 0.012956419316843345
0 0.041015625 0.5830388692579506 0.0068359375 0.009422850412249705
0 0.056640625 0.5512367491166078 0.0087890625 0.011778563015312132
0 0.1708984375 0.6065959952885748 0.0078125 0.01060070671378092
0 0.1064453125 0.5288574793875147 0.0068359375 0.012956419316843345
0 0.078125 0.5559481743227326 0.005859375 0.01060070671378092
0 0.03125 0.5276796230859835 0.005859375 0.01060070671378092
0 0.0576171875 0.5865724381625441 0.0087890625 0.011778563015312132
0 0.0712890625 0.5700824499411072 0.0068359375 0.01060070671378092
0 0.0244140625 0.574793875147232 0.0087890625 0.011778563015312132
0 0.0068359375 0.525323910482921 0.005859375 0.01060070671378092
0 0.0302734375 0.5559481743227326 0.0087890625 0.012956419316843345
0 0.08984375 0.5865724381625441 0.0078125 0.01060070671378092
0 0.2099609375 0.5630153121319199 0.0068359375 0.01060070671378092
0 0.216796875 0.574793875147232 0.0068359375 0.01060070671378092
0 0.2021484375 0.5771495877502945 0.0068359375 0.009422850412249705
0 0.2041015625 0.591283863368669 0.0068359375 0.009422850412249705
0 0.0087890625 0.6702002355712603 0.01171875 0.023557126030624265
0 0.0185546875 0.45700824499411075 0.0068359375 0.009422850412249705
0 0.029296875 0.464075382803298 0.0078125 0.011778563015312132
0 0.0126953125 0.48527679623085984 0.0068359375 0.009422850412249705
0 0.021484375 0.4758539458186101 0.0078125 0.009422850412249705
0 0.013671875 0.5005889281507656 0.005859375 0.009422850412249705
0 0.013671875 0.5147232037691402 0.0078125 0.009422850412249705
0 0.041015625 0.4876325088339223 0.0068359375 0.008244994110718492
0 0.0380859375 0.5076560659599529 0.0068359375 0.009422850412249705
0 0.0361328125 0.5170789163722026 0.0078125 0.009422850412249705
0 0.0517578125 0.502944640753828 0.005859375 0.01060070671378092
0 0.0615234375 0.4923439340400471 0.005859375 0.01060070671378092
0 0.072265625 0.4923439340400471 0.0048828125 0.009422850412249705
0 0.046875 0.4711425206124853 0.0068359375 0.008244994110718492
0 0.052734375 0.4628975265017668 0.005859375 0.009422850412249705
0 0.0693359375 0.4746760895170789 0.0078125 0.01060070671378092
0 0.060546875 0.5371024734982333 0.0068359375 0.009422850412249705
0 0.0615234375 0.5276796230859835 0.005859375 0.007067137809187279
0 0.06640625 0.525323910482921 0.005859375 0.009422850412249705
0 0.072265625 0.5170789163722026 0.0068359375 0.01060070671378092
0 0.08984375 0.502944640753828 0.0068359375 0.01060070671378092
0 0.091796875 0.5206124852767963 0.0078125 0.01060070671378092
0 0.08203125 0.5288574793875147 0.005859375 0.007067137809187279
0 0.0849609375 0.541813898704358 0.0068359375 0.01060070671378092
0 0.0859375 0.5700824499411072 0.0068359375 0.009422850412249705
0 0.1064453125 0.5571260306242638 0.005859375 0.01060070671378092
0 0.11328125 0.5453474676089517 0.005859375 0.009422850412249705
0 0.119140625 0.5700824499411072 0.0078125 0.01060070671378092
0 0.1240234375 0.5312131919905771 0.0068359375 0.009422850412249705
0 0.1240234375 0.519434628975265 0.005859375 0.009422850412249705
0 0.115234375 0.5111896348645465 0.0068359375 0.007067137809187279
0 0.111328125 0.49823321554770317 0.0048828125 0.008244994110718492
0 0.111328125 0.48645465253239106 0.0048828125 0.007067137809187279
0 0.09765625 0.4829210836277974 0.005859375 0.009422850412249705
0 0.0947265625 0.4628975265017668 0.0048828125 0.007067137809187279
0 0.115234375 0.4664310954063604 0.0048828125 0.008244994110718492
0 0.1328125 0.47820965842167257 0.005859375 0.007067137809187279
0 0.13671875 0.49469964664310956 0.005859375 0.01060070671378092
0 0.1337890625 0.508833922261484 0.0068359375 0.012956419316843345
0 0.134765625 0.5265017667844523 0.0068359375 0.01060070671378092
0 0.1494140625 0.502944640753828 0.005859375 0.009422850412249705
0 0.1494140625 0.5300353356890459 0.0048828125 0.011778563015312132
0 0.1484375 0.5477031802120141 0.0078125 0.011778563015312132
0 0.1494140625 0.5606595995288575 0.0078125 0.009422850412249705
0 0.1455078125 0.5877502944640753 0.0078125 0.011778563015312132
0 0.1748046875 0.5771495877502945 0.0068359375 0.011778563015312132
0 0.1787109375 0.5677267373380448 0.0068359375 0.01060070671378092
0 0.1669921875 0.5500588928150766 0.0068359375 0.009422850412249705
0 0.16796875 0.5371024734982333 0.0078125 0.01060070671378092
0 0.1728515625 0.5288574793875147 0.0048828125 0.009422850412249705
0 0.18359375 0.535924617196702 0.0068359375 0.011778563015312132
0 0.1884765625 0.5594817432273262 0.005859375 0.009422850412249705
0 0.193359375 0.5500588928150766 0.005859375 0.008244994110718492
0 0.201171875 0.5335689045936396 0.0068359375 0.011778563015312132
0 0.212890625 0.5229681978798587 0.0078125 0.01060070671378092
0 0.2216796875 0.535924617196702 0.0068359375 0.009422850412249705
0 0.2314453125 0.5265017667844523 0.0068359375 0.01060070671378092
0 0.240234375 0.5429917550058893 0.005859375 0.01060070671378092
0 0.240234375 0.5206124852767963 0.005859375 0.009422850412249705
0 0.228515625 0.5064782096584217 0.0068359375 0.01060070671378092
0 0.2158203125 0.5135453474676089 0.0078125 0.009422850412249705
0 0.2265625 0.5159010600706714 0.0078125 0.009422850412249705
0 0.19921875 0.4958775029446408 0.0048828125 0.008244994110718492
0 0.2099609375 0.5041224970553593 0.0048828125 0.005889281507656066
0 0.2275390625 0.48645465253239106 0.0068359375 0.009422850412249705
0 0.1865234375 0.4652532391048292 0.0048828125 0.007067137809187279
0 0.1318359375 0.4369846878680801 0.0048828125 0.005889281507656066
0 0.1416015625 0.43109540636042404 0.00390625 0.007067137809187279
0 0.150390625 0.44051825677267376 0.0048828125 0.007067137809187279
0 0.166015625 0.44287396937573614 0.005859375 0.007067137809187279
0 0.203125 0.44405182567726736 0.0048828125 0.007067137809187279
0 0.23046875 0.45700824499411075 0.005859375 0.007067137809187279
0 0.1650390625 0.46996466431095407 0.0048828125 0.009422850412249705
0 0.1494140625 0.48881036513545345 0.0048828125 0.008244994110718492
0 0.16796875 0.49352179034157834 0.005859375 0.008244994110718492
0 0.1630859375 0.5005889281507656 0.00390625 0.004711425206124852
0 0.185546875 0.5005889281507656 0.00390625 0.007067137809187279
0 0.1875 0.5053003533568905 0.0048828125 0.01060070671378092
0 0.171875 0.5111896348645465 0.005859375 0.009422850412249705
0 0.1591796875 0.5265017667844523 0.005859375 0.009422850412249705
0 0.189453125 0.5135453474676089 0.0078125 0.01060070671378092
0 0.189453125 0.49469964664310956 0.005859375 0.009422850412249705
0 0.1728515625 0.4829210836277974 0.005859375 0.009422850412249705
0 0.181640625 0.4876325088339223 0.0048828125 0.008244994110718492
0 0.1396484375 0.4711425206124853 0.005859375 0.007067137809187279
0 0.130859375 0.4628975265017668 0.0068359375 0.007067137809187279
0 0.1796875 0.44287396937573614 0.0048828125 0.009422850412249705
0 0.232421875 0.43580683156654887 0.0078125 0.011778563015312132
0 0.21484375 0.4558303886925795 0.0068359375 0.009422850412249705
0 0.1640625 0.4558303886925795 0.005859375 0.007067137809187279
0 0.0712890625 0.37809187279151946 0.00390625 0.005889281507656066
0 0.1318359375 0.3674911660777385 0.0048828125 0.009422850412249705
0 0.1513671875 0.37220259128386335 0.005859375 0.008244994110718492
0 0.1044921875 0.38987043580683156 0.0068359375 0.008244994110718492
0 0.16796875 0.38633686690223795 0.0068359375 0.01060070671378092
0 0.173828125 0.43109540636042404 0.005859375 0.009422850412249705
0 0.224609375 0.41460541813898705 0.0068359375 0.011778563015312132
0 0.23046875 0.37691401648998824 0.005859375 0.008244994110718492
0 0.236328125 0.38869257950530034 0.0048828125 0.008244994110718492
0 0.177734375 0.38515901060070673 0.00390625 0.008244994110718492
0 0.1318359375 0.3934040047114252 0.0048828125 0.008244994110718492
0 0.1630859375 0.41813898704358066 0.005859375 0.008244994110718492
0 0.2138671875 0.4193168433451119 0.0048828125 0.009422850412249705
0 0.2236328125 0.4275618374558304 0.005859375 0.008244994110718492
0 0.1767578125 0.4016489988221437 0.005859375 0.008244994110718492
0 0.2001953125 0.4040047114252061 0.0048828125 0.008244994110718492
0 0.2119140625 0.392226148409894 0.0048828125 0.008244994110718492
0 0.19921875 0.37809187279151946 0.005859375 0.008244994110718492
0 0.1865234375 0.3745583038869258 0.005859375 0.008244994110718492
0 0.1865234375 0.41460541813898705 0.0048828125 0.007067137809187279
0 0.2626953125 0.3498233215547703 0.0048828125 0.007067137809187279
0 0.2509765625 0.392226148409894 0.005859375 0.009422850412249705
0 0.283203125 0.375736160188457 0.005859375 0.009422850412249705
0 0.2998046875 0.39811542991755006 0.0087890625 0.015312131919905771
0 0.251953125 0.5276796230859835 0.0068359375 0.01060070671378092
0 0.259765625 0.5288574793875147 0.0068359375 0.009422850412249705
0 0.2529296875 0.552414605418139 0.0078125 0.01060070671378092
0 0.26171875 0.5406360424028268 0.0048828125 0.008244994110718492
0 0.26953125 0.5512367491166078 0.005859375 0.008244994110718492
0 0.2763671875 0.5394581861012956 0.0068359375 0.01060070671378092
0 0.255859375 0.4911660777385159 0.005859375 0.009422850412249705
0 0.2626953125 0.5017667844522968 0.0068359375 0.009422850412249705
0 0.2724609375 0.49705535924617195 0.005859375 0.01060070671378092
0 0.2802734375 0.5005889281507656 0.0048828125 0.009422850412249705
0 0.2880859375 0.5111896348645465 0.005859375 0.009422850412249705
0 0.2958984375 0.5017667844522968 0.005859375 0.01060070671378092
0 0.2763671875 0.4876325088339223 0.0048828125 0.007067137809187279
0 0.2548828125 0.4617196702002356 0.005859375 0.008244994110718492
0 0.263671875 0.44876325088339225 0.005859375 0.009422850412249705
0 0.2548828125 0.4299175500588928 0.0048828125 0.008244994110718492
0 0.2705078125 0.43580683156654887 0.0048828125 0.009422850412249705
0 0.2783203125 0.4628975265017668 0.005859375 0.008244994110718492
0 0.2822265625 0.4546525323910483 0.0048828125 0.008244994110718492
0 0.2861328125 0.4369846878680801 0.0048828125 0.007067137809187279
0 0.29296875 0.46878680800942285 0.0048828125 0.008244994110718492
0 0.3076171875 0.46996466431095407 0.0087890625 0.011778563015312132
0 0.3017578125 0.4558303886925795 0.0048828125 0.008244994110718492
0 0.3017578125 0.4369846878680801 0.005859375 0.01060070671378092
0 0.3408203125 0.4275618374558304 0.0087890625 0.01060070671378092
0 0.3955078125 0.5347467608951708 0.0087890625 0.011778563015312132
0 0.3876953125 0.5229681978798587 0.0068359375 0.011778563015312132
0 0.3642578125 0.525323910482921 0.009765625 0.012956419316843345
0 0.3740234375 0.4958775029446408 0.0068359375 0.009422850412249705
0 0.37109375 0.5477031802120141 0.0078125 0.01060070671378092
0 0.3759765625 0.5406360424028268 0.005859375 0.008244994110718492
0 0.3603515625 0.4369846878680801 0.0068359375 0.011778563015312132
0 0.3720703125 0.43109540636042404 0.0048828125 0.007067137809187279
0 0.3837890625 0.45936395759717313 0.005859375 0.009422850412249705
0 0.3984375 0.45111896348645464 0.00390625 0.009422850412249705
0 0.404296875 0.4275618374558304 0.0048828125 0.009422850412249705
0 0.3955078125 0.49823321554770317 0.0068359375 0.01060070671378092
0 0.3798828125 0.5135453474676089 0.0068359375 0.01060070671378092
0 0.390625 0.4169611307420495 0.0048828125 0.008244994110718492
0 0.3564453125 0.4204946996466431 0.0068359375 0.011778563015312132
0 0.3251953125 0.43580683156654887 0.0068359375 0.01060070671378092
0 0.4677734375 0.42638398115429915 0.0048828125 0.007067137809187279
0 0.453125 0.44876325088339225 0.0048828125 0.005889281507656066
0 0.4794921875 0.4664310954063604 0.0048828125 0.008244994110718492
0 0.4873046875 0.46996466431095407 0.0048828125 0.005889281507656066
0 0.486328125 0.4534746760895171 0.0048828125 0.005889281507656066
0 0.4677734375 0.44876325088339225 0.00390625 0.005889281507656066
0 0.453125 0.4758539458186101 0.0048828125 0.007067137809187279
0 0.4765625 0.48645465253239106 0.005859375 0.008244994110718492
0 0.5068359375 0.4558303886925795 0.0029296875 0.007067137809187279
0 0.53125 0.43462897526501765 0.00390625 0.007067137809187279
0 0.4990234375 0.47703180212014135 0.0048828125 0.008244994110718492
0 0.47265625 0.5936395759717314 0.0068359375 0.011778563015312132
0 0.484375 0.5959952885747939 0.0048828125 0.009422850412249705
0 0.4931640625 0.585394581861013 0.00390625 0.007067137809187279
0 0.5 0.5948174322732627 0.0068359375 0.009422850412249705
0 0.505859375 0.5865724381625441 0.0048828125 0.005889281507656066
0 0.5146484375 0.5959952885747939 0.0048828125 0.009422850412249705
0 0.5224609375 0.6065959952885748 0.005859375 0.01060070671378092
0 0.466796875 0.5795053003533569 0.005859375 0.009422850412249705
0 0.4677734375 0.5535924617196702 0.005859375 0.008244994110718492
0 0.4794921875 0.558303886925795 0.0068359375 0.012956419316843345
0 0.490234375 0.5535924617196702 0.0048828125 0.008244994110718492
0 0.486328125 0.5630153121319199 0.0048828125 0.008244994110718492
0 0.4912109375 0.5618374558303887 0.00390625 0.007067137809187279
0 0.5 0.5618374558303887 0.0048828125 0.008244994110718492
0 0.4970703125 0.5477031802120141 0.0048828125 0.007067137809187279
0 0.498046875 0.5335689045936396 0.005859375 0.007067137809187279
0 0.455078125 0.5477031802120141 0.005859375 0.008244994110718492
0 0.46875 0.5335689045936396 0.0048828125 0.007067137809187279
0 0.4609375 0.5123674911660777 0.005859375 0.009422850412249705
0 0.474609375 0.5135453474676089 0.0048828125 0.009422850412249705
0 0.4775390625 0.5288574793875147 0.005859375 0.01060070671378092
0 0.48046875 0.5170789163722026 0.005859375 0.01060070671378092
0 0.4912109375 0.5229681978798587 0.0068359375 0.01060070671378092
0 0.5224609375 0.525323910482921 0.0078125 0.011778563015312132
0 0.5009765625 0.5206124852767963 0.00390625 0.007067137809187279
0 0.5087890625 0.5135453474676089 0.005859375 0.01060070671378092
0 0.5126953125 0.48645465253239106 0.0048828125 0.009422850412249705
0 0.537109375 0.49823321554770317 0.005859375 0.009422850412249705
0 0.48828125 0.4840989399293286 0.0078125 0.009422850412249705
0 0.4453125 0.5135453474676089 0.005859375 0.009422850412249705
0 0.4453125 0.5276796230859835 0.0078125 0.009422850412249705
0 0.4443359375 0.5394581861012956 0.0087890625 0.009422850412249705
0 0.5029296875 0.574793875147232 0.009765625 0.011778563015312132
0 0.515625 0.5736160188457008 0.005859375 0.01060070671378092
0 0.5166015625 0.5535924617196702 0.0068359375 0.01060070671378092
0 0.5556640625 0.6348645465253239 0.0078125 0.009422850412249705
0 0.54296875 0.6395759717314488 0.0078125 0.009422850412249705
0 0.5361328125 0.6148409893992933 0.0068359375 0.009422850412249705
0 0.6181640625 0.607773851590106 0.0068359375 0.009422850412249705
0 0.6220703125 0.5924617196702002 0.005859375 0.01060070671378092
0 0.630859375 0.5889281507656066 0.0048828125 0.008244994110718492
0 0.638671875 0.5971731448763251 0.005859375 0.009422850412249705
0 0.62890625 0.6089517078916372 0.0068359375 0.012956419316843345
0 0.6435546875 0.607773851590106 0.0068359375 0.01060070671378092
0 0.6494140625 0.5948174322732627 0.0068359375 0.007067137809187279
0 0.6572265625 0.5948174322732627 0.005859375 0.008244994110718492
0 0.6640625 0.6042402826855123 0.005859375 0.009422850412249705
0 0.6494140625 0.6277974087161367 0.0048828125 0.008244994110718492
0 0.6357421875 0.6301531213191991 0.0048828125 0.007067137809187279
0 0.62109375 0.541813898704358 0.00390625 0.005889281507656066
0 0.630859375 0.541813898704358 0.005859375 0.007067137809187279
0 0.6162109375 0.5665488810365136 0.0029296875 0.005889281507656066
0 0.623046875 0.5771495877502945 0.00390625 0.005889281507656066
0 0.6376953125 0.5759717314487632 0.0048828125 0.005889281507656066
0 0.9306640625 0.6395759717314488 0.0078125 0.011778563015312132
0 0.9248046875 0.5783274440518257 0.0048828125 0.005889281507656066
0 0.9541015625 0.6136631330977621 0.0048828125 0.007067137809187279
0 0.962890625 0.6054181389870436 0.0048828125 0.007067137809187279
0 0.974609375 0.5948174322732627 0.005859375 0.005889281507656066
0 0.9755859375 0.5842167255594818 0.005859375 0.008244994110718492
0 0.9736328125 0.6148409893992933 0.0068359375 0.007067137809187279
0 0.966796875 0.6348645465253239 0.005859375 0.007067137809187279
0 0.9423828125 0.6478209658421673 0.0068359375 0.008244994110718492
0 0.9482421875 0.6442873969375736 0.0068359375 0.009422850412249705
0 0.9814453125 0.6336866902237926 0.0048828125 0.007067137809187279
0 0.9794921875 0.6525323910482921 0.0078125 0.011778563015312132
0 0.8515625 0.6348645465253239 0.0078125 0.01060070671378092
0 0.04296875 0.34275618374558303 0.0048828125 0.005889281507656066
0 0.0712890625 0.3510011778563015 0.0048828125 0.007067137809187279
0 0.1025390625 0.375736160188457 0.0048828125 0.007067137809187279
0 0.0869140625 0.3627797408716137 0.005859375 0.007067137809187279
0 0.1201171875 0.3510011778563015 0.005859375 0.005889281507656066
0 0.111328125 0.3486454652532391 0.0048828125 0.008244994110718492
0 0.0810546875 0.32273262661955243 0.005859375 0.005889281507656066
0 0.068359375 0.32391048292108365 0.005859375 0.005889281507656066
0 0.15234375 0.33568904593639576 0.0048828125 0.007067137809187279
0 0.1845703125 0.3404004711425206 0.00390625 0.007067137809187279
0 0.1982421875 0.34275618374558303 0.0048828125 0.007067137809187279
0 0.166015625 0.35924617196702 0.0048828125 0.007067137809187279
0 0.1455078125 0.36160188457008247 0.0048828125 0.005889281507656066
0 0.1572265625 0.3627797408716137 0.0048828125 0.005889281507656066
0 0.140625 0.3745583038869258 0.0048828125 0.005889281507656066
0 0.111328125 0.3828032979976443 0.005859375 0.007067137809187279
0 0.0693359375 0.36866902237926974 0.0048828125 0.007067137809187279
0 0.2021484375 0.4193168433451119 0.0048828125 0.007067137809187279
0 0.1455078125 0.4040047114252061 0.005859375 0.007067137809187279
0 0.1572265625 0.4275618374558304 0.005859375 0.008244994110718492
0 0.169921875 0.45229681978798586 0.005859375 0.007067137809187279
0 0.271484375 0.42638398115429915 0.00390625 0.005889281507656066
0 0.318359375 0.41460541813898705 0.00390625 0.004711425206124852
0 0.3037109375 0.4193168433451119 0.0048828125 0.005889281507656066
0 0.3173828125 0.4452296819787986 0.00390625 0.004711425206124852
0 0.248046875 0.4534746760895171 0.00390625 0.004711425206124852
0 0.3212890625 0.464075382803298 0.00390625 0.005889281507656066
0 0.310546875 0.38987043580683156 0.0048828125 0.005889281507656066
0 0.3134765625 0.36160188457008247 0.0048828125 0.005889281507656066
0 0.3720703125 0.4028268551236749 0.0048828125 0.007067137809187279
0 0.3447265625 0.40518256772673733 0.0048828125 0.005889281507656066
0 0.3662109375 0.38987043580683156 0.00390625 0.005889281507656066
0 0.3310546875 0.42638398115429915 0.00390625 0.005889281507656066
0 0.31640625 0.4004711425206125 0.00390625 0.004711425206124852
0 0.32421875 0.408716136631331 0.00390625 0.005889281507656066
0 0.32421875 0.392226148409894 0.00390625 0.004711425206124852
0 0.357421875 0.39811542991755006 0.00390625 0.005889281507656066
0 0.3779296875 0.3934040047114252 0.00390625 0.005889281507656066
0 0.380859375 0.408716136631331 0.0048828125 0.005889281507656066
0 0.3876953125 0.4016489988221437 0.0048828125 0.005889281507656066
0 0.4150390625 0.40636042402826855 0.0048828125 0.007067137809187279
0 0.0068359375 0.35335689045936397 0.0048828125 0.007067137809187279
0 0.09375 0.39811542991755006 0.0048828125 0.005889281507656066
0 0.0029296875 0.5559481743227326 0.0068359375 0.009422850412249705
0 0.0048828125 0.5712603062426383 0.0078125 0.011778563015312132
0 0.2373046875 0.4040047114252061 0.0048828125 0.005889281507656066
0 0.2548828125 0.40518256772673733 0.0048828125 0.005889281507656066
0 0.2626953125 0.40636042402826855 0.00390625 0.007067137809187279
0 0.267578125 0.3992932862190813 0.00390625 0.005889281507656066
0 0.2431640625 0.4193168433451119 0.00390625 0.005889281507656066
0 0.2763671875 0.4169611307420495 0.0029296875 0.004711425206124852
0 0.2939453125 0.4216725559481743 0.00390625 0.004711425206124852
0 0.2822265625 0.4098939929328622 0.00390625 0.005889281507656066
0 0.2763671875 0.3934040047114252 0.0048828125 0.005889281507656066
0 0.30859375 0.38515901060070673 0.0048828125 0.007067137809187279
0 0.396484375 0.45936395759717313 0.00390625 0.005889281507656066
0 0.4189453125 0.4617196702002356 0.00390625 0.0035335689045936395
0 0.4267578125 0.4734982332155477 0.00390625 0.005889281507656066
0 0.4423828125 0.4829210836277974 0.0048828125 0.007067137809187279
0 0.443359375 0.45700824499411075 0.0068359375 0.008244994110718492
0 0.458984375 0.43580683156654887 0.00390625 0.004711425206124852
0 0.505859375 0.44287396937573614 0.0048828125 0.005889281507656066
0 0.5400390625 0.4617196702002356 0.0048828125 0.004711425206124852
0 0.5380859375 0.4817432273262662 0.005859375 0.007067137809187279
0 0.5419921875 0.4546525323910483 0.00390625 0.004711425206124852
0 0.482421875 0.43462897526501765 0.0048828125 0.007067137809187279
0 0.6376953125 0.4075382803297998 0.00390625 0.005889281507656066
0 0.625 0.49705535924617195 0.0068359375 0.01060070671378092
0 0.6533203125 0.4464075382803298 0.005859375 0.008244994110718492
0 0.658203125 0.408716136631331 0.005859375 0.008244994110718492
0 0.666015625 0.39811542991755006 0.00390625 0.004711425206124852
0 0.6787109375 0.4098939929328622 0.00390625 0.007067137809187279
0 0.6416015625 0.4464075382803298 0.0048828125 0.008244994110718492
0 0.62890625 0.4416961130742049 0.0048828125 0.005889281507656066
0 0.630859375 0.4499411071849234 0.0048828125 0.007067137809187279
0 0.638671875 0.42285041224970554 0.0048828125 0.007067137809187279
0 0.63671875 0.4122497055359246 0.00390625 0.008244994110718492
0 0.916015625 0.46760895170789163 0.005859375 0.005889281507656066
0 0.92578125 0.45700824499411075 0.0048828125 0.007067137809187279
0 0.939453125 0.4558303886925795 0.0048828125 0.005889281507656066
0 0.951171875 0.4546525323910483 0.0048828125 0.007067137809187279
0 0.908203125 0.4664310954063604 0.005859375 0.007067137809187279
0 0.96484375 0.46996466431095407 0.0048828125 0.007067137809187279
0 0.9775390625 0.4652532391048292 0.005859375 0.008244994110718492
0 0.9833984375 0.4416961130742049 0.00390625 0.005889281507656066
0 0.9609375 0.43580683156654887 0.0048828125 0.004711425206124852
0 0.9169921875 0.44051825677267376 0.005859375 0.007067137809187279
0 0.908203125 0.4122497055359246 0.00390625 0.005889281507656066
0 0.908203125 0.42638398115429915 0.0048828125 0.005889281507656066
0 0.93359375 0.4204946996466431 0.00390625 0.005889281507656066
0 0.9443359375 0.3992932862190813 0.00390625 0.005889281507656066
0 0.9453125 0.4122497055359246 0.00390625 0.004711425206124852
0 0.9970703125 0.43580683156654887 0.00390625 0.007067137809187279
0 0.9765625 0.42285041224970554 0.0048828125 0.005889281507656066
0 0.9873046875 0.42638398115429915 0.0048828125 0.005889281507656066
0 0.9951171875 0.40636042402826855 0.0048828125 0.008244994110718492
0 0.9658203125 0.42285041224970554 0.0048828125 0.007067137809187279
0 0.95703125 0.4122497055359246 0.005859375 0.007067137809187279
0 0.96875 0.4169611307420495 0.0048828125 0.009422850412249705
0 0.94921875 0.4711425206124853 0.005859375 0.007067137809187279
0 0.91796875 0.39693757361601884 0.00390625 0.004711425206124852
0 0.90625 0.39693757361601884 0.0048828125 0.007067137809187279
0 0.9248046875 0.4452296819787986 0.00390625 0.007067137809187279
0 0.98828125 0.39693757361601884 0.0048828125 0.005889281507656066
0 0.966796875 0.4546525323910483 0.005859375 0.008244994110718492
0 0.9814453125 0.4499411071849234 0.0048828125 0.008244994110718492
0 0.982421875 0.43462897526501765 0.0048828125 0.005889281507656066
0 0.9091796875 0.45229681978798586 0.005859375 0.007067137809187279
0 0.9873046875 0.46054181389870436 0.005859375 0.007067137809187279
0 0.4189453125 0.37809187279151946 0.00390625 0.005889281507656066
0 0.3974609375 0.37809187279151946 0.0029296875 0.005889281507656066
0 0.462890625 0.37220259128386335 0.0029296875 0.005889281507656066
0 0.4853515625 0.38044758539458184 0.00390625 0.005889281507656066
0 0.4775390625 0.3710247349823322 0.0048828125 0.005889281507656066
0 0.5146484375 0.3910482921083628 0.0048828125 0.005889281507656066
0 0.423828125 0.4334511189634865 0.0048828125 0.007067137809187279
0 0.4365234375 0.43109540636042404 0.0029296875 0.005889281507656066
0 0.37109375 0.36984687868080096 0.0048828125 0.007067137809187279
0 0.9921875 0.5783274440518257 0.0068359375 0.009422850412249705
0 0.9833984375 0.568904593639576 0.005859375 0.009422850412249705
0 0.9599609375 0.5477031802120141 0.0048828125 0.008244994110718492