0 0.6572265625 0.6094674556213018 0.0205078125 0.034023668639053255
0 0.0576171875 0.4171597633136095 0.009765625 0.01775147928994083
0 0.0244140625 0.3831360946745562 0.0078125 0.011834319526627219
0 0.0361328125 0.40532544378698226 0.009765625 0.01775147928994083
0 0.0673828125 0.34763313609467456 0.0068359375 0.01775147928994083
0 0.1015625 0.3269230769230769 0.0068359375 0.011834319526627219
0 0.0908203125 0.4230769230769231 0.0078125 0.01775147928994083
0 0.076171875 0.4068047337278107 0.009765625 0.016272189349112426
0 0.173828125 0.3816568047337278 0.0078125 0.01775147928994083
0 0.26953125 0.3742603550295858 0.0078125 0.016272189349112426
0 0.2578125 0.40088757396449703 0.0078125 0.01775147928994083
0 0.25390625 0.42011834319526625 0.005859375 0.010355029585798817
0 0.279296875 0.4171597633136095 0.0078125 0.016272189349112426
0 0.29296875 0.3801775147928994 0.0068359375 0.016272189349112426
0 0.3076171875 0.3742603550295858 0.0068359375 0.013313609467455622
0 0.3115234375 0.40384615384615385 0.0078125 0.014792899408284023
0 0.287109375 0.2973372781065089 0.0078125 0.016272189349112426
0 0.3017578125 0.3136094674556213 0.0078125 0.014792899408284023
0 0.33203125 0.3757396449704142 0.0078125 0.014792899408284023
0 0.3408203125 0.3609467455621302 0.0068359375 0.014792899408284023
0 0.365234375 0.34023668639053256 0.0078125 0.013313609467455622
0 0.4072265625 0.4171597633136095 0.0087890625 0.011834319526627219
0 0.03125 0.5059171597633136 0.01171875 0.022189349112426034
0 0.0712890625 0.5088757396449705 0.009765625 0.020710059171597635
0 0.1025390625 0.47781065088757396 0.0078125 0.016272189349112426
0 0.1162109375 0.5029585798816568 0.0087890625 0.014792899408284023
0 0.0830078125 0.5059171597633136 0.009765625 0.016272189349112426
0 0.111328125 0.5488165680473372 0.0166015625 0.034023668639053255
0 0.1337890625 0.5369822485207101 0.0087890625 0.014792899408284023
0 0.185546875 0.5029585798816568 0.0234375 0.04881656804733728
0 0.28125 0.48372781065088755 0.0087890625 0.016272189349112426
0 0.2861328125 0.4630177514792899 0.0107421875 0.020710059171597635
0 0.35546875 0.5029585798816568 0.0078125 0.016272189349112426
0 0.361328125 0.48668639053254437 0.0078125 0.01775147928994083
0 0.3955078125 0.5029585798816568 0.0087890625 0.01775147928994083
0 0.3896484375 0.5295857988165681 0.009765625 0.016272189349112426
0 0.3759765625 0.5621301775147929 0.0087890625 0.01775147928994083
0 0.37890625 0.628698224852071 0.009765625 0.019230769230769232
0 0.408203125 0.6849112426035503 0.0107421875 0.020710059171597635
0 0.447265625 0.6923076923076923 0.01171875 0.02514792899408284
0 0.42578125 0.6760355029585798 0.0107421875 0.020710059171597635
0 0.4130859375 0.6464497041420119 0.0087890625 0.019230769230769232
0 0.0517578125 0.5488165680473372 0.009765625 0.01775147928994083
0 0.0439453125 0.4807692307692308 0.0107421875 0.019230769230769232
0 0.05078125 0.4452662721893491 0.0087890625 0.016272189349112426
0 0.0302734375 0.44822485207100593 0.009765625 0.019230769230769232
0 0.4013671875 0.5443786982248521 0.0078125 0.01775147928994083
0 0.5322265625 0.3624260355029586 0.0068359375 0.014792899408284023
0 0.5400390625 0.3609467455621302 0.0068359375 0.013313609467455622
0 0.5595703125 0.3742603550295858 0.0087890625 0.016272189349112426
0 0.5498046875 0.3772189349112426 0.005859375 0.013313609467455622
0 0.5498046875 0.4334319526627219 0.0078125 0.01775147928994083
0 0.5810546875 0.3994082840236686 0.0068359375 0.011834319526627219
0 0.59375 0.41272189349112426 0.0078125 0.016272189349112426
0 0.603515625 0.39349112426035504 0.0087890625 0.01775147928994083
0 0.611328125 0.3727810650887574 0.0068359375 0.014792899408284023
0 0.646484375 0.4334319526627219 0.009765625 0.01775147928994083
0 0.6435546875 0.47041420118343197 0.009765625 0.019230769230769232
0 0.5634765625 0.49556213017751477 0.0263671875 0.029585798816568046
0 0.603515625 0.5 0.01171875 0.022189349112426034
0 0.623046875 0.5 0.0087890625 0.019230769230769232
0 0.6240234375 0.5384615384615384 0.009765625 0.01775147928994083
0 0.634765625 0.5443786982248521 0.009765625 0.01775147928994083
0 0.6494140625 0.5088757396449705 0.009765625 0.01775147928994083
0 0.6669921875 0.5502958579881657 0.0078125 0.019230769230769232
0 0.6484375 0.5739644970414202 0.0107421875 0.022189349112426034
0 0.6943359375 0.5665680473372781 0.009765625 0.01775147928994083
0 0.693359375 0.5325443786982249 0.009765625 0.016272189349112426
0 0.7119140625 0.5636094674556213 0.009765625 0.014792899408284023
0 0.7294921875 0.5769230769230769 0.009765625 0.019230769230769232
0 0.7646484375 0.5739644970414202 0.009765625 0.019230769230769232
0 0.72265625 0.5236686390532544 0.01171875 0.019230769230769232
0 0.728515625 0.5014792899408284 0.009765625 0.01775147928994083
0 0.7080078125 0.5044378698224852 0.0087890625 0.016272189349112426
0 0.732421875 0.48668639053254437 0.009765625 0.014792899408284023
0 0.74609375 0.5133136094674556 0.009765625 0.019230769230769232
0 0.7431640625 0.4393491124260355 0.0078125 0.016272189349112426
0 0.7080078125 0.3905325443786982 0.0078125 0.01775147928994083
0 0.658203125 0.39497041420118345 0.009765625 0.019230769230769232
0 0.6875 0.4275147928994083 0.0068359375 0.013313609467455622
0 0.7001953125 0.4363905325443787 0.0078125 0.016272189349112426
0 0.78515625 0.5088757396449705 0.009765625 0.01775147928994083
0 0.7978515625 0.5355029585798816 0.0107421875 0.016272189349112426
0 0.8095703125 0.5399408284023669 0.0087890625 0.01775147928994083
0 0.8037109375 0.5059171597633136 0.0087890625 0.016272189349112426
0 0.80078125 0.4437869822485207 0.009765625 0.019230769230769232
0 0.865234375 0.41863905325443784 0.0107421875 0.016272189349112426
0 0.9130859375 0.41863905325443784 0.0087890625 0.016272189349112426
0 0.9150390625 0.46597633136094674 0.0107421875 0.01775147928994083
0 0.94921875 0.46449704142011833 0.009765625 0.01775147928994083
0 0.9775390625 0.46893491124260356 0.0107421875 0.019230769230769232
0 0.92578125 0.4467455621301775 0.0068359375 0.013313609467455622
0 0.953125 0.4467455621301775 0.0107421875 0.014792899408284023
0 0.826171875 0.514792899408284 0.021484375 0.04585798816568047
0 0.8837890625 0.5532544378698225 0.0234375 0.04437869822485207
0 0.9775390625 0.6449704142011834 0.0107421875 0.023668639053254437
0 0.7841796875 0.6375739644970414 0.0146484375 0.01775147928994083
0 0.7490234375 0.6538461538461539 0.009765625 0.023668639053254437
0 0.783203125 0.6730769230769231 0.01171875 0.026627218934911243
0 0.7978515625 0.6849112426035503 0.0107421875 0.022189349112426034
0 0.5830078125 0.6923076923076923 0.0107421875 0.019230769230769232
0 0.6220703125 0.6819526627218935 0.013671875 0.020710059171597635
0 0.697265625 0.6863905325443787 0.0078125 0.016272189349112426
0 0.705078125 0.6952662721893491 0.0107421875 0.020710059171597635
0 0.71875 0.6908284023668639 0.0107421875 0.019230769230769232
0 0.0185546875 0.6863905325443787 0.0087890625 0.029585798816568046
0 0.0185546875 0.6183431952662722 0.0078125 0.019230769230769232
0 0.1015625 0.026627218934911243 0.0078125 0.011834319526627219
0 0.1337890625 0.02514792899408284 0.0068359375 0.013313609467455622
0 0.12109375 0.04881656804733728 0.0068359375 0.010355029585798817
0 0.166015625 0.026627218934911243 0.005859375 0.011834319526627219
0 0.1904296875 0.03698224852071006 0.005859375 0.011834319526627219
0 0.244140625 0.03698224852071006 0.0078125 0.011834319526627219
0 0.2666015625 0.016272189349112426 0.0068359375 0.010355029585798817
0 0.2783203125 0.06360946745562131 0.0068359375 0.013313609467455622
0 0.2509765625 0.0621301775147929 0.0078125 0.010355029585798817
0 0.2216796875 0.05621301775147929 0.0087890625 0.013313609467455622
0 0.37890625 0.05621301775147929 0.005859375 0.010355029585798817
0 0.4130859375 0.05917159763313609 0.005859375 0.011834319526627219
0 0.48828125 0.05917159763313609 0.0078125 0.011834319526627219
0 0.5146484375 0.0621301775147929 0.0078125 0.010355029585798817
0 0.5458984375 0.05473372781065089 0.0078125 0.013313609467455622
0 0.5732421875 0.057692307692307696 0.0078125 0.011834319526627219
0 0.7041015625 0.04881656804733728 0.0078125 0.013313609467455622
0 0.802734375 0.042899408284023666 0.0078125 0.013313609467455622
0 0.8154296875 0.01775147928994083 0.0078125 0.011834319526627219
0 0.8388671875 0.01775147928994083 0.0078125 0.011834319526627219
0 0.833984375 0.042899408284023666 0.0087890625 0.016272189349112426
0 0.884765625 0.03550295857988166 0.0087890625 0.013313609467455622
0 0.93359375 0.04142011834319527 0.0078125 0.013313609467455622
0 0.96875 0.038461538461538464 0.0068359375 0.011834319526627219
0 0.5 0.27218934911242604 0.0078125 0.014792899408284023
0 0.5283203125 0.28106508875739644 0.0068359375 0.013313609467455622
0 0.5537109375 0.28550295857988167 0.0068359375 0.011834319526627219
0 0.5439453125 0.2485207100591716 0.0078125 0.013313609467455622
0 0.6298828125 0.27071005917159763 0.0078125 0.014792899408284023
0 0.6357421875 0.2440828402366864 0.0068359375 0.011834319526627219
0 0.6611328125 0.27218934911242604 0.0078125 0.014792899408284023
0 0.6650390625 0.2514792899408284 0.005859375 0.011834319526627219
0 0.6962890625 0.2869822485207101 0.0068359375 0.013313609467455622
0 0.8779296875 0.32988165680473375 0.0078125 0.010355029585798817
0 0.8076171875 0.3431952662721893 0.0078125 0.013313609467455622
0 0.779296875 0.363905325443787 0.0087890625 0.016272189349112426
0 0.75390625 0.3520710059171598 0.0068359375 0.010355029585798817
0 0.765625 0.32988165680473375 0.0068359375 0.013313609467455622
0 0.8291015625 0.4437869822485207 0.0068359375 0.011834319526627219
0 0.8271484375 0.46745562130177515 0.0078125 0.013313609467455622
0 0.8837890625 0.4822485207100592 0.0068359375 0.013313609467455622
0 0.7763671875 0.4319526627218935 0.0068359375 0.014792899408284023
0 0.7666015625 0.49556213017751477 0.0087890625 0.014792899408284023
0 0.6787109375 0.47928994082840237 0.0087890625 0.014792899408284023
0 0.6259765625 0.4511834319526627 0.0078125 0.014792899408284023
0 0.6640625 0.378698224852071 0.0078125 0.013313609467455622
0 0.6259765625 0.3505917159763314 0.0087890625 0.013313609467455622
0 0.666015625 0.5281065088757396 0.009765625 0.016272189349112426
0 0.736328125 0.5547337278106509 0.0078125 0.016272189349112426
0 0.6103515625 0.6982248520710059 0.0107421875 0.01775147928994083
0 0.42578125 0.39201183431952663 0.0087890625 0.016272189349112426
0 0.4208984375 0.35502958579881655 0.0078125 0.013313609467455622
0 0.435546875 0.33875739644970415 0.0078125 0.011834319526627219
0 0.4921875 0.363905325443787 0.0087890625 0.014792899408284023
0 0.505859375 0.363905325443787 0.0078125 0.013313609467455622
0 0.5146484375 0.35650887573964496 0.0078125 0.014792899408284023
0 0.5205078125 0.3668639053254438 0.0078125 0.013313609467455622
0 0.5556640625 0.34467455621301774 0.0068359375 0.013313609467455622
0 0.5849609375 0.33136094674556216 0.0068359375 0.013313609467455622
0 0.595703125 0.3668639053254438 0.0078125 0.014792899408284023
0 0.5869140625 0.3727810650887574 0.0078125 0.013313609467455622
0 0.576171875 0.46005917159763315 0.009765625 0.019230769230769232
0 0.5341796875 0.44970414201183434 0.0078125 0.011834319526627219
0 0.4287109375 0.7307692307692307 0.01171875 0.022189349112426034
0 0.501953125 0.6878698224852071 0.01171875 0.020710059171597635
0 0.3681640625 0.3801775147928994 0.0068359375 0.011834319526627219
0 0.3486328125 0.3816568047337278 0.0078125 0.011834319526627219
0 0.3759765625 0.3742603550295858 0.0068359375 0.013313609467455622
0 0.3837890625 0.4363905325443787 0.0087890625 0.013313609467455622
0 0.4091796875 0.4452662721893491 0.0078125 0.014792899408284023
0 0.287109375 0.4363905325443787 0.0087890625 0.01775147928994083
0 0.26171875 0.4437869822485207 0.0078125 0.013313609467455622
0 0.2294921875 0.4156804733727811 0.0068359375 0.011834319526627219
0 0.23046875 0.40088757396449703 0.0078125 0.011834319526627219
0 0.2060546875 0.39644970414201186 0.0068359375 0.013313609467455622
0 0.2138671875 0.371301775147929 0.0068359375 0.011834319526627219
0 0.248046875 0.3772189349112426 0.0068359375 0.013313609467455622
0 0.2685546875 0.39349112426035504 0.0078125 0.013313609467455622
0 0.2451171875 0.34171597633136097 0.005859375 0.010355029585798817
0 0.2392578125 0.3254437869822485 0.0068359375 0.013313609467455622
0 0.267578125 0.32840236686390534 0.005859375 0.011834319526627219
0 0.26171875 0.3032544378698225 0.005859375 0.008875739644970414
0 0.23828125 0.30029585798816566 0.005859375 0.011834319526627219
0 0.3212890625 0.3062130177514793 0.005859375 0.010355029585798817
0 0.392578125 0.3624260355029586 0.0068359375 0.008875739644970414
0 0.34765625 0.4068047337278107 0.0087890625 0.014792899408284023
0 0.05859375 0.2869822485207101 0.0078125 0.010355029585798817
0 0.08203125 0.28254437869822485 0.0078125 0.011834319526627219
0 0.0439453125 0.3668639053254438 0.009765625 0.016272189349112426
0 0.078125 0.34615384615384615 0.0087890625 0.013313609467455622
0 0.1064453125 0.3505917159763314 0.0078125 0.014792899408284023
0 0.119140625 0.35502958579881655 0.0087890625 0.014792899408284023
0 0.1240234375 0.3772189349112426 0.0078125 0.016272189349112426
0 0.1357421875 0.3520710059171598 0.0078125 0.013313609467455622
0 0.13671875 0.32840236686390534 0.0068359375 0.010355029585798817
0 0.1552734375 0.3254437869822485 0.0068359375 0.010355029585798817
0 0.16796875 0.33136094674556216 0.0078125 0.013313609467455622
0 0.1669921875 0.34911242603550297 0.0068359375 0.014792899408284023
0 0.1806640625 0.32840236686390534 0.0087890625 0.013313609467455622
0 0.2138671875 0.33727810650887574 0.0068359375 0.010355029585798817
0 0.1923828125 0.40236686390532544 0.0087890625 0.016272189349112426
0 0.1904296875 0.4334319526627219 0.0087890625 0.016272189349112426
0 0.201171875 0.4363905325443787 0.0078125 0.014792899408284023
0 0.142578125 0.3668639053254438 0.009765625 0.016272189349112426
0 0.15234375 0.3683431952662722 0.0068359375 0.013313609467455622
0 0.150390625 0.34911242603550297 0.0048828125 0.008875739644970414
0 0.07421875 0.4423076923076923 0.0078125 0.016272189349112426
0 0.0107421875 0.47041420118343197 0.009765625 0.019230769230769232
0 0.0166015625 0.4319526627218935 0.0087890625 0.013313609467455622
0 0.0166015625 0.4068047337278107 0.009765625 0.016272189349112426
0 0.0078125 0.3905325443786982 0.009765625 0.014792899408284023
0 0.00390625 0.35650887573964496 0.0078125 0.013313609467455622
0 0.009765625 0.522189349112426 0.0107421875 0.019230769230769232
0 0.0205078125 0.5458579881656804 0.01171875 0.019230769230769232
0 0.1337890625 0.5266272189349113 0.0107421875 0.01775147928994083
0 0.9873046875 0.44822485207100593 0.0087890625 0.013313609467455622
0 0.9677734375 0.6745562130177515 0.0126953125 0.020710059171597635
0 0.4833984375 0.2588757396449704 0.0068359375 0.013313609467455622
0 0.0751953125 0.01775147928994083 0.0068359375 0.010355029585798817
0 0.169921875 0.004437869822485207 0.005859375 0.008875739644970414
0 0.1953125 0.0073964497041420114 0.0078125 0.013313609467455622
0 0.2197265625 0.0029585798816568047 0.005859375 0.0073964497041420114
0 0.236328125 0.0073964497041420114 0.0068359375 0.010355029585798817
0 0.69140625 0.39201183431952663 0.0078125 0.011834319526627219
0 0.4111328125 0.5813609467455622 0.009765625 0.016272189349112426
0 0.751953125 0.4423076923076923 0.0068359375 0.014792899408284023
0 0.61328125 0.5532544378698225 0.0107421875 0.019230769230769232
0 0.4140625 0.3801775147928994 0.0078125 0.01775147928994083
0 0.3828125 0.40088757396449703 0.0087890625 0.016272189349112426
0 0.197265625 0.34763313609467456 0.0068359375 0.016272189349112426
0 0.205078125 0.33727810650887574 0.0068359375 0.014792899408284023
0 0.1650390625 0.41420118343195267 0.0068359375 0.016272189349112426
0 0.80078125 0.5606508875739645 0.0107421875 0.020710059171597635
0 0.7763671875 0.5547337278106509 0.0107421875 0.016272189349112426
0 0.8095703125 0.4822485207100592 0.0087890625 0.01775147928994083
0 0.791015625 0.4630177514792899 0.0087890625 0.016272189349112426
0 0.7626953125 0.46449704142011833 0.0107421875 0.01775147928994083
0 0.76953125 0.4423076923076923 0.0078125 0.013313609467455622
0 0.830078125 0.4319526627218935 0.0068359375 0.013313609467455622
0 0.1259765625 0.5547337278106509 0.009765625 0.01775147928994083