0 0.4169921875 0.4170337738619677 0.0107421875 0.014684287812041116
0 0.6650390625 0.3788546255506608 0.0361328125 0.0631424375917768
0 0.630859375 0.36270190895741555 0.029296875 0.055800293685756244
0 0.5859375 0.39941262848751835 0.033203125 0.06167400881057269
0 0.8486328125 0.42731277533039647 0.0166015625 0.03524229074889868
0 0.9013671875 0.3788546255506608 0.033203125 0.0513950073421439
0 0.4921875 0.39941262848751835 0.013671875 0.01908957415565345
0 0.2666015625 0.39500734214390604 0.041015625 0.07488986784140969
0 0.5400390625 0.4243759177679883 0.009765625 0.01762114537444934
0 0.462890625 0.35829662261380324 0.009765625 0.016152716593245228
0 0.3857421875 0.434654919236417 0.0087890625 0.014684287812041116
0 0.30078125 0.37298091042584436 0.009765625 0.014684287812041116
0 0.50390625 0.4331864904552129 0.0107421875 0.01908957415565345