0 0.130859375 0.09989484752891693 0.1474609375 0.15036803364879076
0 0.41015625 0.31019978969505785 0.197265625 0.29547844374342797
0 0.7041015625 0.5141955835962145 0.16015625 0.21871713985278654
0 0.3427734375 0.08937960042060988 0.0224609375 0.03785488958990536
0 0.37890625 0.09674027339642481 0.02734375 0.046267087276550996
0 0.4287109375 0.11461619348054679 0.03515625 0.04311251314405889
0 0.4951171875 0.10094637223974763 0.03125 0.04942166140904311
0 0.6103515625 0.13354363827549948 0.0390625 0.05152471083070452
0 0.685546875 0.1377497371188223 0.05078125 0.06414300736067298
0 0.7451171875 0.13459516298633017 0.029296875 0.046267087276550996
0 0.8271484375 0.167192429022082 0.0615234375 0.06519453207150368
0 0.9033203125 0.15036803364879076 0.0478515625 0.05783385909568875
0 0.2392578125 0.030494216614090432 0.017578125 0.022082018927444796
0 0.3076171875 0.04942166140904311 0.0166015625 0.02103049421661409
0 0.3232421875 0.025236593059936908 0.0224609375 0.026288117770767613
0 0.3583984375 0.07150368033648791 0.0234375 0.027339642481598318
0 0.3701171875 0.046267087276550996 0.017578125 0.023133543638275498
0 0.3837890625 0.03259726603575184 0.017578125 0.01892744479495268
0 0.4248046875 0.05783385909568875 0.0234375 0.03259726603575184
0 0.5224609375 0.050473186119873815 0.0166015625 0.022082018927444796
0 0.52734375 0.09779179810725552 0.01953125 0.028391167192429023
0 0.447265625 0.09779179810725552 0.0234375 0.030494216614090432
0 0.6025390625 0.0935856992639327 0.0234375 0.025236593059936908
0 0.65625 0.04311251314405889 0.0146484375 0.015772870662460567
0 0.625 0.07255520504731862 0.01953125 0.01892744479495268
0 0.6953125 0.06309148264984227 0.0146484375 0.016824395373291272
0 0.7861328125 0.12618296529968454 0.0322265625 0.050473186119873815
0 0.8203125 0.09253417455310199 0.01953125 0.029442691903259727
0 0.841796875 0.10094637223974763 0.0166015625 0.022082018927444796
0 0.861328125 0.13354363827549948 0.0234375 0.026288117770767613
0 0.9423828125 0.14721345951629863 0.025390625 0.03785488958990536