0 0.16796875 0.383601756954612 0.0166015625 0.04685212298682284
0 0.2255859375 0.37481698389458273 0.015625 0.03953147877013177
0 0.24609375 0.3850658857979502 0.0234375 0.03953147877013177
0 0.123046875 0.35724743777452417 0.0302734375 0.06442166910688141
0 0.1494140625 0.37774524158125916 0.0205078125 0.04538799414348463
0 0.265625 0.38799414348462663 0.01171875 0.036603221083455345
0 0.3017578125 0.39970717423133234 0.02734375 0.048316251830161056
0 0.607421875 0.2884333821376281 0.103515625 0.28550512445095166
0 0.6953125 0.24890190336749635 0.068359375 0.22108345534407028
0 0.88671875 0.4011713030746706 0.015625 0.03074670571010249
0 0.845703125 0.39824304538799415 0.0166015625 0.03367496339677892
0 0.634765625 0.42020497803806733 0.0087890625 0.017569546120058566
0 0.9248046875 0.4143484626647145 0.009765625 0.021961932650073207
0 0.9755859375 0.39970717423133234 0.01171875 0.02635431918008785