0 0.041015625 0.9375 0.0478515625 0.1076388888888889
0 0.0947265625 0.8020833333333334 0.0283203125 0.0642361111111111
0 0.1904296875 0.7986111111111112 0.0283203125 0.07291666666666667
0 0.7451171875 0.7899305555555556 0.0322265625 0.06597222222222222
0 0.6298828125 0.8263888888888888 0.0302734375 0.08159722222222222
0 0.712890625 0.7170138888888888 0.0185546875 0.03819444444444445
0 0.748046875 0.6440972222222222 0.013671875 0.03125
0 0.6787109375 0.5 0.0126953125 0.027777777777777776
0 0.806640625 0.6354166666666666 0.0146484375 0.03298611111111111
0 0.8271484375 0.7256944444444444 0.0185546875 0.03993055555555555
0 0.78125 0.7517361111111112 0.0185546875 0.03819444444444445
0 0.0263671875 0.4930555555555556 0.0126953125 0.03125
0 0.0703125 0.5086805555555556 0.0126953125 0.027777777777777776
0 0.1650390625 0.4930555555555556 0.009765625 0.026041666666666668
0 0.287109375 0.4947916666666667 0.009765625 0.024305555555555556
0 0.1689453125 0.5451388888888888 0.0126953125 0.027777777777777776
0 0.095703125 0.6336805555555556 0.02734375 0.050347222222222224
0 0.244140625 0.4930555555555556 0.01171875 0.020833333333333332
0 0.5380859375 0.5607638888888888 0.0126953125 0.027777777777777776
0 0.7626953125 0.5 0.0107421875 0.026041666666666668
0 0.7783203125 0.5486111111111112 0.013671875 0.03125
0 0.4951171875 0.7517361111111112 0.0556640625 0.11979166666666667
0 0.2353515625 0.9791666666666666 0.037109375 0.041666666666666664
0 0.6875 0.9565972222222222 0.0341796875 0.078125
0 0.0283203125 0.5138888888888888 0.0322265625 0.06770833333333333
0 0.81640625 0.9670138888888888 0.03515625 0.0642361111111111
0 0.65625 0.7326388888888888 0.0166015625 0.03298611111111111
0 0.359375 0.9600694444444444 0.0390625 0.078125
0 0.3359375 0.8559027777777778 0.0283203125 0.06076388888888889
0 0.392578125 0.8298611111111112 0.0244140625 0.0642361111111111
0 0.443359375 0.7777777777777778 0.021484375 0.05555555555555555
0 0.5576171875 0.7673611111111112 0.015625 0.041666666666666664
0 0.4921875 0.5694444444444444 0.0126953125 0.024305555555555556
0 0.9677734375 0.9791666666666666 0.044921875 0.03993055555555555
0 0.7041015625 0.4861111111111111 0.0107421875 0.026041666666666668
0 0.7216796875 0.4947916666666667 0.0126953125 0.027777777777777776
0 0.7412109375 0.4722222222222222 0.009765625 0.024305555555555556
0 0.130859375 0.5017361111111112 0.009765625 0.024305555555555556
0 0.4443359375 0.4930555555555556 0.0126953125 0.027777777777777776
0 0.38671875 0.4930555555555556 0.009765625 0.026041666666666668
0 0.8369140625 0.4826388888888889 0.0078125 0.019097222222222224
0 0.869140625 0.4913194444444444 0.0087890625 0.020833333333333332
0 0.35546875 0.4809027777777778 0.0078125 0.024305555555555556
0 0.3291015625 0.5 0.01171875 0.026041666666666668
0 0.580078125 0.4861111111111111 0.0126953125 0.026041666666666668
0 0.6923828125 0.4774305555555556 0.0087890625 0.022569444444444444
0 0.654296875 0.4756944444444444 0.0087890625 0.019097222222222224
0 0.728515625 0.46875 0.0087890625 0.022569444444444444
0 0.9853515625 0.4878472222222222 0.0107421875 0.027777777777777776
0 0.853515625 0.4670138888888889 0.0078125 0.015625
0 0.8681640625 0.453125 0.005859375 0.013888888888888888
0 0.970703125 0.4670138888888889 0.0068359375 0.019097222222222224
0 0.5234375 0.3142361111111111 0.1865234375 0.390625
0 0.9375 0.8402777777777778 0.0419921875 0.08159722222222222
0 0.8154296875 0.8541666666666666 0.0419921875 0.0763888888888889
0 0.845703125 0.6631944444444444 0.0234375 0.06770833333333333
0 0.685546875 0.6076388888888888 0.03125 0.06770833333333333
0 0.6943359375 0.8246527777777778 0.041015625 0.08333333333333333
0 0.3505859375 0.7847222222222222 0.037109375 0.08680555555555555
0 0.28515625 0.8246527777777778 0.03515625 0.0920138888888889
0 0.3125 0.6805555555555556 0.025390625 0.07465277777777778
0 0.2890625 0.6440972222222222 0.0205078125 0.05555555555555555
0 0.2294921875 0.6354166666666666 0.0302734375 0.0625
0 0.259765625 0.625 0.017578125 0.052083333333333336
0 0.056640625 0.65625 0.025390625 0.059027777777777776
0 0.0908203125 0.7065972222222222 0.0283203125 0.06770833333333333
0 0.173828125 0.921875 0.037109375 0.0954861111111111
0 0.0263671875 0.796875 0.0146484375 0.06770833333333333
0 0.0302734375 0.4461805555555556 0.0087890625 0.027777777777777776
0 0.1298828125 0.4652777777777778 0.0078125 0.019097222222222224
0 0.087890625 0.4635416666666667 0.0078125 0.019097222222222224
0 0.142578125 0.4722222222222222 0.0078125 0.019097222222222224