0 0.416015625 0.24104234527687296 0.0595703125 0.03713355048859935
0 0.17578125 0.5589576547231271 0.0234375 0.020846905537459284
0 0.060546875 0.6364820846905538 0.015625 0.016286644951140065
0 0.310546875 0.6195439739413681 0.01171875 0.011726384364820847
0 0.265625 0.6058631921824105 0.01171875 0.012377850162866449
0 0.068359375 0.5863192182410424 0.0126953125 0.010423452768729642
0 0.1015625 0.5680781758957655 0.0146484375 0.012377850162866449
0 0.75 0.23517915309446255 0.0625 0.036482084690553744
0 0.7919921875 0.6267100977198697 0.0087890625 0.009120521172638436
0 0.8369140625 0.6247557003257329 0.0107421875 0.009120521172638436
0 0.00390625 0.6214983713355049 0.0078125 0.014332247557003257
0 0.025390625 0.6403908794788273 0.01953125 0.014332247557003257
0 0.0419921875 0.6228013029315961 0.0126953125 0.010423452768729642
0 0.04296875 0.5602605863192183 0.0146484375 0.014332247557003257
0 0.0546875 0.5355048859934853 0.0126953125 0.011726384364820847
0 0.0322265625 0.5257328990228013 0.015625 0.011726384364820847
0 0.10546875 0.5237785016286645 0.013671875 0.009771986970684038
0 0.1396484375 0.536156351791531 0.0126953125 0.011074918566775244
0 0.1376953125 0.5745928338762215 0.01171875 0.011074918566775244
0 0.1806640625 0.536156351791531 0.0126953125 0.009771986970684038
0 0.1904296875 0.5570032573289903 0.01171875 0.011726384364820847
0 0.2119140625 0.5654723127035831 0.013671875 0.011074918566775244
0 0.23046875 0.5674267100977198 0.01171875 0.012377850162866449
0 0.2216796875 0.5446254071661237 0.0107421875 0.008469055374592834
0 0.2060546875 0.5485342019543974 0.0126953125 0.008469055374592834
0 0.2421875 0.5381107491856677 0.009765625 0.009120521172638436
0 0.26171875 0.5446254071661237 0.01171875 0.007817589576547232
0 0.2294921875 0.5433224755700325 0.0078125 0.007817589576547232
0 0.26171875 0.5667752442996743 0.0126953125 0.011074918566775244
0 0.275390625 0.5680781758957655 0.009765625 0.009120521172638436
0 0.2939453125 0.5706840390879478 0.013671875 0.009771986970684038
0 0.271484375 0.5420195439739414 0.0078125 0.010423452768729642
0 0.2900390625 0.5472312703583062 0.009765625 0.0071661237785016286
0 0.201171875 0.539413680781759 0.013671875 0.007817589576547232
0 0.3203125 0.5680781758957655 0.009765625 0.007817589576547232
0 0.3271484375 0.5687296416938111 0.009765625 0.009771986970684038
0 0.337890625 0.5706840390879478 0.009765625 0.009771986970684038
0 0.3671875 0.6 0.015625 0.011726384364820847
0 0.3720703125 0.5843648208469056 0.017578125 0.013029315960912053
0 0.4248046875 0.6273615635179153 0.015625 0.011074918566775244
0 0.4345703125 0.6332247557003258 0.0146484375 0.011074918566775244
0 0.875 0.6280130293159609 0.0107421875 0.010423452768729642