0 0.8642578125 0.33676470588235297 0.0263671875 0.04852941176470588
0 0.9345703125 0.2735294117647059 0.02734375 0.047058823529411764
0 0.87109375 0.2867647058823529 0.02734375 0.047058823529411764
0 0.8056640625 0.27647058823529413 0.021484375 0.047058823529411764
0 0.830078125 0.4088235294117647 0.0302734375 0.047058823529411764
0 0.7646484375 0.3352941176470588 0.02734375 0.05
0 0.7373046875 0.29558823529411765 0.0224609375 0.047058823529411764
0 0.7578125 0.5058823529411764 0.0283203125 0.04852941176470588
0 0.7021484375 0.42205882352941176 0.0283203125 0.051470588235294115
0 0.609375 0.4970588235294118 0.03125 0.05588235294117647
0 0.9306640625 0.4808823529411765 0.0244140625 0.04852941176470588
0 0.994140625 0.34705882352941175 0.01171875 0.047058823529411764
0 0.9921875 0.27794117647058825 0.0146484375 0.045588235294117645
0 0.6591796875 0.35 0.0283203125 0.051470588235294115
0 0.56640625 0.35 0.0224609375 0.054411764705882354
0 0.47265625 0.2529411764705882 0.05078125 0.10441176470588236
0 0.1552734375 0.4602941176470588 0.0244140625 0.045588235294117645
0 0.1806640625 0.5308823529411765 0.025390625 0.047058823529411764
0 0.275390625 0.5235294117647059 0.0234375 0.045588235294117645
0 0.2607421875 0.4588235294117647 0.0244140625 0.04852941176470588
0 0.3525390625 0.4455882352941177 0.0224609375 0.04411764705882353
0 0.28515625 0.37058823529411766 0.0234375 0.05
0 0.318359375 0.33676470588235297 0.0234375 0.041176470588235294
0 0.2294921875 0.3264705882352941 0.021484375 0.039705882352941174
0 0.22265625 0.28088235294117647 0.017578125 0.039705882352941174
0 0.263671875 0.21911764705882353 0.021484375 0.03676470588235294
0 0.20703125 0.2235294117647059 0.0205078125 0.039705882352941174
0 0.1572265625 0.21029411764705883 0.0205078125 0.03529411764705882
0 0.17578125 0.36764705882352944 0.025390625 0.04852941176470588
0 0.134765625 0.3205882352941177 0.0244140625 0.051470588235294115
0 0.0908203125 0.34705882352941175 0.0234375 0.04852941176470588
0 0.107421875 0.3941176470588235 0.0234375 0.04411764705882353
0 0.072265625 0.5102941176470588 0.0263671875 0.05
0 0.048828125 0.43823529411764706 0.0263671875 0.04852941176470588
0 0.060546875 0.3764705882352941 0.021484375 0.03529411764705882
0 0.0751953125 0.22941176470588234 0.021484375 0.03676470588235294
0 0.369140625 0.27794117647058825 0.0234375 0.045588235294117645
0 0.4013671875 0.18382352941176472 0.021484375 0.041176470588235294
0 0.541015625 0.22794117647058823 0.0234375 0.05
0 0.4384765625 0.23676470588235293 0.0166015625 0.033823529411764704