0 0.6318359375 0.3039906103286385 0.056640625 0.07511737089201878
0 0.0341796875 0.7453051643192489 0.0263671875 0.04225352112676056
0 0.0849609375 0.7805164319248826 0.01171875 0.01995305164319249
0 0.11328125 0.7746478873239436 0.0087890625 0.018779342723004695
0 0.154296875 0.7934272300469484 0.0087890625 0.017605633802816902
0 0.1611328125 0.8626760563380281 0.009765625 0.015258215962441314
0 0.1044921875 0.8556338028169014 0.0087890625 0.017605633802816902
0 0.0908203125 0.8720657276995305 0.0126953125 0.02112676056338028
0 0.0595703125 0.926056338028169 0.0126953125 0.02112676056338028
0 0.08203125 0.9131455399061033 0.017578125 0.03169014084507042
0 0.06640625 0.9084507042253521 0.0107421875 0.01643192488262911
0 0.109375 0.9307511737089202 0.015625 0.02464788732394366
0 0.1240234375 0.9084507042253521 0.0146484375 0.028169014084507043
0 0.1201171875 0.8779342723004695 0.0107421875 0.017605633802816902
0 0.1572265625 0.9119718309859155 0.0107421875 0.01995305164319249
0 0.1640625 0.8955399061032864 0.01171875 0.017605633802816902
0 0.1552734375 0.9424882629107981 0.0166015625 0.03403755868544601
0 0.1845703125 0.9014084507042254 0.0126953125 0.02112676056338028
0 0.1962890625 0.9424882629107981 0.0146484375 0.029342723004694836
0 0.21875 0.9413145539906104 0.017578125 0.028169014084507043
0 0.2275390625 0.897887323943662 0.01171875 0.02112676056338028
0 0.216796875 0.8708920187793427 0.01171875 0.017605633802816902
0 0.1865234375 0.8615023474178404 0.01171875 0.018779342723004695
0 0.2685546875 0.8039906103286385 0.0107421875 0.018779342723004695
0 0.234375 0.778169014084507 0.009765625 0.01643192488262911
0 0.1220703125 0.7511737089201878 0.009765625 0.017605633802816902
0 0.201171875 0.9096244131455399 0.01171875 0.017605633802816902
0 0.2470703125 0.8650234741784038 0.01171875 0.01995305164319249
0 0.2177734375 0.8392018779342723 0.0087890625 0.017605633802816902
0 0.2587890625 0.8779342723004695 0.009765625 0.01995305164319249
0 0.271484375 0.8884976525821596 0.0068359375 0.017605633802816902
0 0.2841796875 0.8990610328638498 0.01171875 0.023474178403755867
0 0.2578125 0.9237089201877934 0.013671875 0.022300469483568074
0 0.267578125 0.937793427230047 0.01171875 0.023474178403755867
0 0.2763671875 0.9553990610328639 0.015625 0.028169014084507043
0 0.2841796875 0.9424882629107981 0.009765625 0.01995305164319249
0 0.2998046875 0.9518779342723005 0.015625 0.028169014084507043
0 0.314453125 0.9530516431924883 0.0087890625 0.018779342723004695
0 0.3427734375 0.9647887323943662 0.0146484375 0.02464788732394366
0 0.37109375 0.9671361502347418 0.0146484375 0.025821596244131457
0 0.40234375 0.9812206572769953 0.01171875 0.02464788732394366
0 0.3681640625 0.9460093896713615 0.01171875 0.015258215962441314
0 0.3876953125 0.9683098591549296 0.0126953125 0.018779342723004695
0 0.3515625 0.9436619718309859 0.009765625 0.017605633802816902
0 0.361328125 0.8931924882629108 0.0087890625 0.01643192488262911
0 0.3447265625 0.8661971830985915 0.0107421875 0.014084507042253521
0 0.3291015625 0.8650234741784038 0.0087890625 0.014084507042253521
0 0.373046875 0.8661971830985915 0.0087890625 0.012910798122065728
0 0.3037109375 0.8591549295774648 0.0087890625 0.014084507042253521
0 0.359375 0.852112676056338 0.0078125 0.014084507042253521
0 0.384765625 0.8415492957746479 0.005859375 0.014084507042253521
0 0.337890625 0.795774647887324 0.0078125 0.017605633802816902
0 0.5263671875 0.897887323943662 0.01171875 0.022300469483568074
0 0.4404296875 0.9741784037558685 0.0146484375 0.01995305164319249
0 0.4658203125 0.9776995305164319 0.0107421875 0.01995305164319249
0 0.48046875 0.9823943661971831 0.013671875 0.02699530516431925
0 0.50390625 0.9800469483568075 0.0126953125 0.02464788732394366
0 0.5146484375 0.9906103286384976 0.0068359375 0.015258215962441314
0 0.537109375 0.9906103286384976 0.0126953125 0.017605633802816902
0 0.572265625 0.9154929577464789 0.01171875 0.022300469483568074
0 0.57421875 0.9847417840375586 0.0146484375 0.022300469483568074
0 0.6064453125 0.9882629107981221 0.01171875 0.015258215962441314
0 0.474609375 0.8368544600938967 0.0087890625 0.01643192488262911
0 0.626953125 0.9683098591549296 0.0087890625 0.012910798122065728
0 0.6728515625 0.9847417840375586 0.0078125 0.011737089201877934
0 0.6943359375 0.9906103286384976 0.0087890625 0.015258215962441314
0 0.69140625 0.9741784037558685 0.0126953125 0.014084507042253521
0 0.6591796875 0.9835680751173709 0.0087890625 0.01056338028169014
0 0.6455078125 0.8826291079812206 0.0068359375 0.015258215962441314
0 0.5830078125 0.9107981220657277 0.009765625 0.015258215962441314
0 0.71484375 0.9870892018779343 0.009765625 0.014084507042253521
0 0.7470703125 0.9636150234741784 0.0078125 0.012910798122065728
0 0.8046875 0.994131455399061 0.0107421875 0.01056338028169014
0 0.7880859375 0.9929577464788732 0.009765625 0.011737089201877934
0 0.830078125 0.9964788732394366 0.0107421875 0.005868544600938967
0 0.9150390625 0.960093896713615 0.0087890625 0.01643192488262911
0 0.9482421875 0.9835680751173709 0.0078125 0.014084507042253521
0 0.9599609375 0.9730046948356808 0.0087890625 0.015258215962441314
0 0.814453125 0.92018779342723 0.0078125 0.008215962441314555
0 0.05859375 0.7464788732394366 0.0078125 0.012910798122065728
0 0.0078125 0.7417840375586855 0.0078125 0.012910798122065728
0 0.056640625 0.6889671361502347 0.0068359375 0.009389671361502348
0 0.0908203125 0.7288732394366197 0.0087890625 0.011737089201877934
0 0.0947265625 0.7723004694835681 0.0107421875 0.01643192488262911
0 0.134765625 0.7852112676056338 0.0078125 0.011737089201877934
0 0.1474609375 0.7582159624413145 0.0087890625 0.012910798122065728
0 0.142578125 0.7453051643192489 0.0078125 0.011737089201877934
0 0.1376953125 0.7570422535211268 0.0078125 0.012910798122065728
0 0.12109375 0.7335680751173709 0.005859375 0.009389671361502348
0 0.09765625 0.7194835680751174 0.0068359375 0.01056338028169014
0 0.162109375 0.7793427230046949 0.0068359375 0.01056338028169014
0 0.1826171875 0.7981220657276995 0.0087890625 0.012910798122065728
0 0.1884765625 0.789906103286385 0.0068359375 0.011737089201877934
0 0.1884765625 0.7652582159624414 0.0068359375 0.01056338028169014
0 0.1943359375 0.7769953051643192 0.0078125 0.012910798122065728
0 0.201171875 0.8086854460093896 0.0078125 0.012910798122065728
0 0.1591796875 0.7593896713615024 0.0087890625 0.014084507042253521
0 0.146484375 0.7288732394366197 0.0068359375 0.01056338028169014
0 0.08984375 0.7417840375586855 0.0087890625 0.01056338028169014
0 0.279296875 0.9213615023474179 0.01171875 0.015258215962441314
0 0.2509765625 0.897887323943662 0.0107421875 0.012910798122065728
0 0.2265625 0.8603286384976526 0.0107421875 0.01643192488262911
0 0.1962890625 0.8356807511737089 0.009765625 0.014084507042253521
0 0.212890625 0.789906103286385 0.009765625 0.011737089201877934
0 0.2109375 0.7687793427230047 0.0087890625 0.012910798122065728
0 0.2373046875 0.7488262910798122 0.009765625 0.012910798122065728
0 0.2138671875 0.7570422535211268 0.009765625 0.012910798122065728
0 0.2373046875 0.7323943661971831 0.005859375 0.011737089201877934
0 0.28125 0.795774647887324 0.0087890625 0.012910798122065728
0 0.2548828125 0.7875586854460094 0.0087890625 0.011737089201877934
0 0.2587890625 0.7805164319248826 0.0087890625 0.014084507042253521
0 0.23828125 0.8227699530516432 0.009765625 0.015258215962441314
0 0.3017578125 0.8368544600938967 0.0087890625 0.012910798122065728
0 0.3330078125 0.8509389671361502 0.009765625 0.011737089201877934
0 0.388671875 0.8603286384976526 0.0078125 0.015258215962441314
0 0.396484375 0.8509389671361502 0.0068359375 0.014084507042253521
0 0.4091796875 0.8345070422535211 0.0068359375 0.011737089201877934
0 0.4189453125 0.8309859154929577 0.0087890625 0.012910798122065728
0 0.3955078125 0.8145539906103286 0.0078125 0.01056338028169014
0 0.3818359375 0.8262910798122066 0.0068359375 0.009389671361502348
0 0.37109375 0.8004694835680751 0.0068359375 0.01056338028169014
0 0.36328125 0.8345070422535211 0.0087890625 0.011737089201877934
0 0.3076171875 0.7828638497652582 0.009765625 0.015258215962441314
0 0.2861328125 0.8157276995305164 0.0107421875 0.014084507042253521
0 0.435546875 0.7617370892018779 0.0078125 0.011737089201877934
0 0.2998046875 0.6948356807511737 0.005859375 0.009389671361502348
0 0.3798828125 0.8943661971830986 0.0107421875 0.015258215962441314
0 0.3896484375 0.9495305164319249 0.01171875 0.015258215962441314
0 0.40625 0.954225352112676 0.01171875 0.015258215962441314
0 0.3974609375 0.937793427230047 0.0126953125 0.015258215962441314
0 0.3603515625 0.9330985915492958 0.009765625 0.011737089201877934
0 0.1533203125 0.8838028169014085 0.0107421875 0.011737089201877934
0 0.2138671875 0.8931924882629108 0.0087890625 0.012910798122065728
0 0.23828125 0.8849765258215962 0.0107421875 0.015258215962441314
0 0.22265625 0.9284037558685446 0.0126953125 0.015258215962441314
0 0.2900390625 0.8779342723004695 0.0107421875 0.014084507042253521
0 0.4140625 0.7582159624413145 0.0068359375 0.008215962441314555
0 0.4697265625 0.778169014084507 0.0068359375 0.01056338028169014
0 0.5009765625 0.8274647887323944 0.009765625 0.012910798122065728
0 0.513671875 0.8755868544600939 0.0087890625 0.012910798122065728
0 0.52734375 0.8791079812206573 0.009765625 0.012910798122065728
0 0.53125 0.8509389671361502 0.0068359375 0.01056338028169014
0 0.5244140625 0.8603286384976526 0.0078125 0.01056338028169014
0 0.49609375 0.8708920187793427 0.0107421875 0.01643192488262911
0 0.5908203125 0.8943661971830986 0.0068359375 0.01056338028169014
0 0.580078125 0.8744131455399061 0.0068359375 0.01056338028169014
0 0.5732421875 0.8615023474178404 0.0068359375 0.01056338028169014
0 0.5888671875 0.8650234741784038 0.0068359375 0.009389671361502348
0 0.5751953125 0.8497652582159625 0.005859375 0.01056338028169014
0 0.546875 0.8345070422535211 0.0068359375 0.01056338028169014
0 0.55078125 0.8262910798122066 0.005859375 0.009389671361502348
0 0.5693359375 0.8016431924882629 0.0068359375 0.009389671361502348
0 0.5390625 0.784037558685446 0.0068359375 0.009389671361502348
0 0.5029296875 0.818075117370892 0.0068359375 0.009389671361502348
0 0.484375 0.8028169014084507 0.0068359375 0.01056338028169014
0 0.3505859375 0.7934272300469484 0.009765625 0.011737089201877934
0 0.4951171875 0.7887323943661971 0.0078125 0.01056338028169014
0 0.3515625 0.8403755868544601 0.0068359375 0.01056338028169014
0 0.318359375 0.823943661971831 0.0078125 0.011737089201877934
0 0.5087890625 0.9014084507042254 0.0107421875 0.015258215962441314
0 0.58984375 0.9624413145539906 0.009765625 0.012910798122065728
0 0.5947265625 0.9518779342723005 0.0068359375 0.009389671361502348
0 0.6044921875 0.9565727699530516 0.0078125 0.014084507042253521
0 0.5869140625 0.9812206572769953 0.009765625 0.015258215962441314
0 0.5927734375 0.9835680751173709 0.009765625 0.01643192488262911
0 0.6083984375 0.9776995305164319 0.0107421875 0.015258215962441314
0 0.6171875 0.9788732394366197 0.009765625 0.012910798122065728
0 0.6328125 0.9823943661971831 0.009765625 0.014084507042253521
0 0.642578125 0.9929577464788732 0.0087890625 0.012910798122065728
0 0.65625 0.9953051643192489 0.009765625 0.009389671361502348
0 0.6474609375 0.9647887323943662 0.0078125 0.009389671361502348
0 0.6669921875 0.9706572769953051 0.005859375 0.01056338028169014
0 0.6591796875 0.9612676056338029 0.0078125 0.012910798122065728
0 0.6357421875 0.9483568075117371 0.009765625 0.01056338028169014
0 0.61328125 0.9366197183098591 0.0087890625 0.011737089201877934
0 0.6083984375 0.9495305164319249 0.0087890625 0.011737089201877934
0 0.6064453125 0.9002347417840375 0.0078125 0.009389671361502348
0 0.5986328125 0.8873239436619719 0.0078125 0.007042253521126761
0 0.609375 0.8873239436619719 0.0078125 0.007042253521126761
0 0.623046875 0.903755868544601 0.009765625 0.014084507042253521
0 0.642578125 0.9084507042253521 0.0068359375 0.008215962441314555
0 0.658203125 0.8955399061032864 0.0068359375 0.009389671361502348
0 0.671875 0.9295774647887324 0.0078125 0.01056338028169014
0 0.6806640625 0.9190140845070423 0.0068359375 0.01056338028169014
0 0.60546875 0.8767605633802817 0.0078125 0.009389671361502348
0 0.611328125 0.857981220657277 0.0068359375 0.009389671361502348
0 0.6005859375 0.8450704225352113 0.0078125 0.009389671361502348
0 0.60546875 0.8345070422535211 0.0068359375 0.009389671361502348
0 0.595703125 0.8309859154929577 0.0068359375 0.009389671361502348
0 0.5947265625 0.8204225352112676 0.0068359375 0.01056338028169014
0 0.625 0.8755868544600939 0.0068359375 0.009389671361502348
0 0.640625 0.857981220657277 0.005859375 0.01056338028169014
0 0.630859375 0.8497652582159625 0.005859375 0.008215962441314555
0 0.63671875 0.8415492957746479 0.0068359375 0.009389671361502348
0 0.6591796875 0.8274647887323944 0.0068359375 0.01056338028169014
0 0.642578125 0.82981220657277 0.0078125 0.009389671361502348
0 0.65234375 0.8438967136150235 0.0087890625 0.01056338028169014
0 0.6572265625 0.8826291079812206 0.0068359375 0.009389671361502348
0 0.6953125 0.9014084507042254 0.0078125 0.011737089201877934
0 0.6943359375 0.9366197183098591 0.0087890625 0.01056338028169014
0 0.7109375 0.9471830985915493 0.0087890625 0.011737089201877934
0 0.7265625 0.965962441314554 0.009765625 0.012910798122065728
0 0.728515625 0.9460093896713615 0.0087890625 0.011737089201877934
0 0.7431640625 0.9460093896713615 0.0068359375 0.011737089201877934
0 0.7216796875 0.9237089201877934 0.0068359375 0.01056338028169014
0 0.73046875 0.931924882629108 0.0068359375 0.008215962441314555
0 0.76171875 0.9706572769953051 0.0078125 0.009389671361502348
0 0.7451171875 0.92018779342723 0.0078125 0.011737089201877934
0 0.7177734375 0.9084507042253521 0.0078125 0.01056338028169014
0 0.67578125 0.8873239436619719 0.0078125 0.009389671361502348
0 0.6806640625 0.8755868544600939 0.0078125 0.01056338028169014
0 0.658203125 0.8004694835680751 0.0068359375 0.008215962441314555
0 0.63671875 0.8051643192488263 0.0068359375 0.008215962441314555
0 0.6533203125 0.8169014084507042 0.0078125 0.009389671361502348
0 0.68359375 0.8485915492957746 0.0068359375 0.008215962441314555
0 0.6865234375 0.8532863849765259 0.0068359375 0.008215962441314555
0 0.705078125 0.8779342723004695 0.0068359375 0.008215962441314555
0 0.71875 0.8779342723004695 0.0078125 0.009389671361502348
0 0.7060546875 0.8955399061032864 0.0078125 0.011737089201877934
0 0.7080078125 0.9389671361502347 0.0087890625 0.012910798122065728
0 0.73828125 0.8802816901408451 0.0068359375 0.009389671361502348
0 0.7353515625 0.8661971830985915 0.0068359375 0.009389671361502348
0 0.7470703125 0.9025821596244131 0.0078125 0.012910798122065728
0 0.759765625 0.8943661971830986 0.0068359375 0.008215962441314555
0 0.7734375 0.9025821596244131 0.0078125 0.008215962441314555
0 0.78515625 0.9119718309859155 0.0078125 0.012910798122065728
0 0.7900390625 0.9049295774647887 0.0068359375 0.009389671361502348
0 0.78515625 0.9483568075117371 0.0068359375 0.009389671361502348
0 0.7802734375 0.9612676056338029 0.0078125 0.009389671361502348
0 0.7802734375 0.971830985915493 0.009765625 0.011737089201877934
0 0.7978515625 0.9741784037558685 0.0078125 0.012910798122065728
0 0.7763671875 0.9143192488262911 0.0078125 0.009389671361502348
0 0.76953125 0.9577464788732394 0.0078125 0.011737089201877934
0 0.728515625 0.8967136150234741 0.0078125 0.01056338028169014
0 0.5771484375 0.8908450704225352 0.009765625 0.011737089201877934
0 0.525390625 0.8169014084507042 0.0107421875 0.012910798122065728
0 0.7763671875 0.9859154929577465 0.0078125 0.009389671361502348
0 0.79296875 0.9882629107981221 0.0087890625 0.011737089201877934
0 0.814453125 0.9894366197183099 0.0087890625 0.011737089201877934
0 0.828125 0.9741784037558685 0.0068359375 0.01056338028169014
0 0.837890625 0.9776995305164319 0.0078125 0.009389671361502348
0 0.8603515625 0.9835680751173709 0.0078125 0.01056338028169014
0 0.8818359375 0.9589201877934272 0.0068359375 0.01056338028169014
0 0.8505859375 0.9460093896713615 0.0068359375 0.009389671361502348
0 0.865234375 0.9495305164319249 0.0068359375 0.009389671361502348
0 0.8740234375 0.9448356807511737 0.0068359375 0.008215962441314555
0 0.8115234375 0.960093896713615 0.009765625 0.011737089201877934
0 0.822265625 0.9612676056338029 0.0078125 0.01056338028169014
0 0.8154296875 0.9436619718309859 0.0068359375 0.009389671361502348
0 0.8310546875 0.9225352112676056 0.0068359375 0.01056338028169014
0 0.8232421875 0.9190140845070423 0.0068359375 0.009389671361502348
0 0.83984375 0.9154929577464789 0.0078125 0.01056338028169014
0 0.8369140625 0.9330985915492958 0.0078125 0.011737089201877934
0 0.8505859375 0.9342723004694836 0.0068359375 0.008215962441314555
0 0.86328125 0.9284037558685446 0.0078125 0.01056338028169014
0 0.88671875 0.9448356807511737 0.0087890625 0.01056338028169014
0 0.9033203125 0.9636150234741784 0.0087890625 0.011737089201877934
0 0.8837890625 0.9753521126760564 0.0068359375 0.009389671361502348
0 0.9091796875 0.9448356807511737 0.0068359375 0.01056338028169014
0 0.9404296875 0.9589201877934272 0.0087890625 0.011737089201877934
0 0.9453125 0.9248826291079812 0.0068359375 0.009389671361502348
0 0.8037109375 0.9096244131455399 0.0068359375 0.01056338028169014
0 0.8330078125 0.9424882629107981 0.0078125 0.01056338028169014
0 0.8115234375 0.9295774647887324 0.0068359375 0.008215962441314555
0 0.953125 0.9213615023474179 0.0068359375 0.01056338028169014
0 0.5888671875 0.7969483568075117 0.0078125 0.011737089201877934
0 0.7216796875 0.8204225352112676 0.0078125 0.01056338028169014
0 0.796875 0.8708920187793427 0.0068359375 0.009389671361502348
0 0.8212890625 0.8744131455399061 0.0078125 0.01056338028169014
0 0.8544921875 0.8556338028169014 0.0078125 0.01056338028169014
0 0.80859375 0.8544600938967136 0.0068359375 0.009389671361502348
0 0.787109375 0.8309859154929577 0.0068359375 0.01056338028169014
0 0.9580078125 0.9636150234741784 0.0078125 0.01056338028169014
0 0.986328125 0.9413145539906104 0.0078125 0.01056338028169014
0 0.9677734375 0.9906103286384976 0.009765625 0.012910798122065728
0 0.9970703125 0.994131455399061 0.005859375 0.011737089201877934
0 0.9853515625 0.9624413145539906 0.0087890625 0.011737089201877934
0 0.974609375 0.9190140845070423 0.0087890625 0.012910798122065728
0 0.759765625 0.8767605633802817 0.0048828125 0.007042253521126761
0 0.3369140625 0.7687793427230047 0.0068359375 0.014084507042253521