0 0.23046875 0.3671875 0.009765625 0.016927083333333332
0 0.28125 0.34375 0.0087890625 0.014322916666666666
0 0.314453125 0.3528645833333333 0.0087890625 0.015625
0 0.3466796875 0.3502604166666667 0.009765625 0.014322916666666666
0 0.298828125 0.3138020833333333 0.0068359375 0.01171875
0 0.259765625 0.3046875 0.0068359375 0.010416666666666666
0 0.23828125 0.3125 0.005859375 0.013020833333333334
0 0.228515625 0.296875 0.0078125 0.013020833333333334
0 0.1982421875 0.3151041666666667 0.0087890625 0.014322916666666666
0 0.1669921875 0.3203125 0.0078125 0.01171875
0 0.1787109375 0.34375 0.0078125 0.013020833333333334
0 0.158203125 0.3723958333333333 0.0087890625 0.014322916666666666
0 0.1259765625 0.3736979166666667 0.0078125 0.015625
0 0.1005859375 0.4518229166666667 0.01171875 0.016927083333333332
0 0.1064453125 0.4270833333333333 0.0107421875 0.01953125
0 0.1357421875 0.44921875 0.0107421875 0.018229166666666668
0 0.052734375 0.44921875 0.013671875 0.020833333333333332
0 0.1982421875 0.4205729166666667 0.0224609375 0.0390625
0 0.251953125 0.4114583333333333 0.0244140625 0.040364583333333336
0 0.3095703125 0.46484375 0.0205078125 0.037760416666666664
0 0.3212890625 0.44140625 0.0205078125 0.037760416666666664
0 0.3515625 0.4401041666666667 0.0224609375 0.036458333333333336
0 0.2861328125 0.421875 0.0107421875 0.016927083333333332
0 0.15625 0.4244791666666667 0.0087890625 0.018229166666666668
0 0.4736328125 0.2604166666666667 0.005859375 0.010416666666666666
0 0.4990234375 0.2838541666666667 0.0068359375 0.010416666666666666
0 0.52734375 0.28125 0.0078125 0.013020833333333334
0 0.5087890625 0.24739583333333334 0.0068359375 0.01171875
0 0.5791015625 0.29296875 0.0078125 0.013020833333333334
0 0.5615234375 0.2825520833333333 0.0078125 0.014322916666666666
0 0.6015625 0.2591145833333333 0.0068359375 0.010416666666666666
0 0.6103515625 0.2942708333333333 0.0078125 0.01171875
0 0.6279296875 0.3216145833333333 0.0078125 0.01171875
0 0.6591796875 0.31640625 0.0078125 0.013020833333333334
0 0.6669921875 0.2747395833333333 0.0078125 0.010416666666666666
0 0.5263671875 0.3528645833333333 0.0078125 0.013020833333333334
0 0.5029296875 0.33984375 0.0078125 0.014322916666666666
0 0.494140625 0.3958333333333333 0.0185546875 0.036458333333333336
0 0.5263671875 0.421875 0.0185546875 0.032552083333333336
0 0.54296875 0.4114583333333333 0.01171875 0.015625
0 0.5654296875 0.4453125 0.0185546875 0.029947916666666668
0 0.6064453125 0.4401041666666667 0.021484375 0.036458333333333336
0 0.6279296875 0.4505208333333333 0.0205078125 0.028645833333333332
0 0.6640625 0.3997395833333333 0.009765625 0.016927083333333332
0 0.68359375 0.453125 0.0205078125 0.033854166666666664
0 0.6953125 0.4114583333333333 0.0087890625 0.015625
0 0.521484375 0.4622395833333333 0.01953125 0.03125
0 0.4541015625 0.4244791666666667 0.021484375 0.033854166666666664
0 0.408203125 0.4309895833333333 0.0224609375 0.033854166666666664
0 0.322265625 0.5455729166666666 0.02734375 0.041666666666666664
0 0.17578125 0.53125 0.0322265625 0.046875
0 0.45703125 0.5625 0.025390625 0.040364583333333336
0 0.5126953125 0.5768229166666666 0.0224609375 0.03515625
0 0.3720703125 0.4127604166666667 0.009765625 0.016927083333333332
0 0.640625 0.5455729166666666 0.0205078125 0.029947916666666668
0 0.7548828125 0.5364583333333334 0.021484375 0.033854166666666664
0 0.8251953125 0.5143229166666666 0.021484375 0.03515625
0 0.7265625 0.44921875 0.021484375 0.033854166666666664
0 0.974609375 0.4739583333333333 0.009765625 0.01953125
0 0.9619140625 0.44921875 0.0126953125 0.01953125
0 0.9404296875 0.4453125 0.013671875 0.01953125
0 0.9248046875 0.4440104166666667 0.0087890625 0.016927083333333332
0 0.8720703125 0.4544270833333333 0.01171875 0.016927083333333332
0 0.9404296875 0.4010416666666667 0.009765625 0.018229166666666668
0 0.8232421875 0.40234375 0.009765625 0.016927083333333332
0 0.791015625 0.40234375 0.0087890625 0.014322916666666666
0 0.7490234375 0.3736979166666667 0.0087890625 0.015625
0 0.7763671875 0.36328125 0.009765625 0.013020833333333334
0 0.7685546875 0.3489583333333333 0.0087890625 0.014322916666666666
0 0.81640625 0.3489583333333333 0.0078125 0.014322916666666666
0 0.841796875 0.3684895833333333 0.0078125 0.010416666666666666
0 0.86328125 0.40234375 0.0087890625 0.014322916666666666
0 0.921875 0.34375 0.0078125 0.014322916666666666
0 0.9345703125 0.33984375 0.0078125 0.014322916666666666
0 0.91015625 0.3411458333333333 0.0078125 0.013020833333333334
0 0.9287109375 0.3658854166666667 0.0078125 0.015625
0 0.96484375 0.3645833333333333 0.0068359375 0.013020833333333334
0 0.953125 0.2760416666666667 0.005859375 0.010416666666666666
0 0.970703125 0.2786458333333333 0.0068359375 0.010416666666666666
0 0.9755859375 0.3515625 0.009765625 0.014322916666666666
0 0.8544921875 0.3671875 0.0068359375 0.013020833333333334
0 0.2158203125 0.3268229166666667 0.009765625 0.014322916666666666
0 0.2890625 0.3020833333333333 0.0048828125 0.010416666666666666
0 0.4130859375 0.3125 0.0126953125 0.013020833333333334