0 0.7265625 0.19472913616398244 0.056640625 0.07906295754026355
0 0.732421875 0.10395314787701318 0.0361328125 0.060029282576866766
0 0.6640625 0.14641288433382138 0.0322265625 0.05710102489019034
0 0.5810546875 0.23718887262079064 0.0419921875 0.07759882869692533
0 0.548828125 0.19326500732064422 0.033203125 0.05710102489019034
0 0.5400390625 0.12005856515373353 0.03515625 0.0629575402635432
0 0.5087890625 0.1595900439238653 0.03125 0.06149341142020498
0 0.466796875 0.17276720351390923 0.0283203125 0.05124450951683748
0 0.4619140625 0.5007320644216691 0.0478515625 0.08345534407027819
0 0.4052734375 0.16398243045387995 0.0380859375 0.07174231332357248
0 0.3369140625 0.17862371888726208 0.037109375 0.06734992679355783
0 0.2841796875 0.19619326500732065 0.0380859375 0.06442166910688141
0 0.279296875 0.15080527086383602 0.0361328125 0.0527086383601757
0 0.4033203125 0.34699853587115664 0.046875 0.08345534407027819
0 0.310546875 0.1815519765739385 0.0234375 0.048316251830161056
0 0.0234375 0.38945827232796487 0.0185546875 0.027818448023426062
0 0.109375 0.37481698389458273 0.0087890625 0.020497803806734993
0 0.138671875 0.3323572474377745 0.0107421875 0.021961932650073207
0 0.0908203125 0.3367496339677892 0.009765625 0.01903367496339678
0 0.0458984375 0.31332357247437775 0.0107421875 0.020497803806734993
0 0.04296875 0.2591508052708638 0.013671875 0.017569546120058566
0 0.087890625 0.25768667642752563 0.0087890625 0.014641288433382138
0 0.080078125 0.23865300146412885 0.0078125 0.013177159590043924
0 0.09765625 0.2225475841874085 0.0078125 0.014641288433382138
0 0.0966796875 0.2020497803806735 0.0078125 0.013177159590043924
0 0.138671875 0.22840409956076135 0.0078125 0.014641288433382138
0 0.029296875 0.2225475841874085 0.0078125 0.013177159590043924
0 0.0673828125 0.20937042459736457 0.0068359375 0.013177159590043924
0 0.0830078125 0.191800878477306 0.005859375 0.013177159590043924
0 0.0927734375 0.191800878477306 0.005859375 0.01171303074670571
0 0.08984375 0.1683748169838946 0.005859375 0.01171303074670571
0 0.044921875 0.19472913616398244 0.0078125 0.014641288433382138
0 0.0224609375 0.18740849194729137 0.0068359375 0.013177159590043924
0 0.005859375 0.37774524158125916 0.01171875 0.020497803806734993
0 0.0078125 0.35871156661786235 0.0107421875 0.020497803806734993
0 0.1298828125 0.3762811127379209 0.015625 0.027818448023426062
0 0.1240234375 0.23865300146412885 0.0087890625 0.016105417276720352
0 0.19140625 0.21961932650073207 0.0068359375 0.014641288433382138
0 0.9853515625 0.3411420204978038 0.0087890625 0.017569546120058566
0 0.966796875 0.34553440702781846 0.0078125 0.01171303074670571
0 0.884765625 0.33821376281112736 0.0078125 0.014641288433382138
0 0.9267578125 0.3557833089311859 0.0068359375 0.013177159590043924
0 0.935546875 0.3513909224011713 0.005859375 0.01171303074670571
0 0.9052734375 0.3484626647144949 0.0068359375 0.01171303074670571