0 0.1201171875 0.2174969623329283 0.0458984375 0.07411907654921021
0 0.126953125 0.42162818955042525 0.0458984375 0.07776427703523693
0 0.349609375 0.6281895504252734 0.052734375 0.08383961117861483
0 0.345703125 0.3997569866342649 0.0439453125 0.07776427703523693
0 0.3017578125 0.20291616038882138 0.0439453125 0.07533414337788578
0 0.4609375 0.181044957472661 0.0439453125 0.07533414337788578
0 0.609375 0.1859052247873633 0.0419921875 0.07533414337788578
0 0.5703125 0.4046172539489672 0.041015625 0.07897934386391252
0 0.5634765625 0.6002430133657352 0.0478515625 0.09234507897934387
0 0.7548828125 0.402187120291616 0.0439453125 0.08019441069258809
0 0.7802734375 0.19441069258809235 0.0458984375 0.08383961117861483