0 0.712890625 0.6325036603221084 0.0166015625 0.027818448023426062
0 0.6123046875 0.6427525622254758 0.013671875 0.02342606149341142
0 0.5869140625 0.6515373352855052 0.0107421875 0.016105417276720352
0 0.9892578125 0.6266471449487555 0.0205078125 0.03074670571010249
0 0.94140625 0.7232796486090776 0.0087890625 0.017569546120058566
0 0.884765625 0.7232796486090776 0.0078125 0.014641288433382138
0 0.8564453125 0.7247437774524158 0.0087890625 0.01171303074670571
0 0.505859375 0.3953147877013177 0.0224609375 0.027818448023426062
0 0.4423828125 0.4289897510980966 0.015625 0.036603221083455345
0 0.314453125 0.5944363103953147 0.015625 0.02635431918008785
0 0.3984375 0.6632503660322109 0.009765625 0.017569546120058566
0 0.00390625 0.6676427525622255 0.0068359375 0.017569546120058566