0 0.2294921875 0.24348958333333334 0.0400390625 0.06510416666666667
0 0.525390625 0.07552083333333333 0.0478515625 0.044270833333333336
0 0.2373046875 0.5390625 0.01953125 0.03125
0 0.580078125 0.4388020833333333 0.03125 0.052083333333333336
0 0.0205078125 0.7395833333333334 0.005859375 0.01171875
0 0.025390625 0.7486979166666666 0.005859375 0.0078125
0 0.0302734375 0.734375 0.0048828125 0.0078125
0 0.0380859375 0.7421875 0.0048828125 0.0078125
0 0.041015625 0.75390625 0.005859375 0.009114583333333334
0 0.0615234375 0.74609375 0.0087890625 0.015625
0 0.0341796875 0.7747395833333334 0.0068359375 0.013020833333333334
0 0.0498046875 0.78515625 0.0078125 0.01171875
0 0.041015625 0.8020833333333334 0.0078125 0.013020833333333334
0 0.0283203125 0.80859375 0.0078125 0.01171875
0 0.021484375 0.80078125 0.0068359375 0.013020833333333334
0 0.09375 0.8059895833333334 0.0078125 0.01171875
0 0.05859375 0.78515625 0.0068359375 0.014322916666666666
0 0.1142578125 0.7786458333333334 0.0068359375 0.01171875
0 0.1103515625 0.8333333333333334 0.0087890625 0.013020833333333334
0 0.1328125 0.8359375 0.0068359375 0.01171875
0 0.1376953125 0.8190104166666666 0.005859375 0.01171875
0 0.11328125 0.8125 0.005859375 0.010416666666666666
0 0.1044921875 0.8072916666666666 0.0068359375 0.01171875
0 0.1259765625 0.7799479166666666 0.0048828125 0.009114583333333334
0 0.13671875 0.7838541666666666 0.0068359375 0.009114583333333334
0 0.13671875 0.7760416666666666 0.005859375 0.0078125
0 0.1455078125 0.7877604166666666 0.0048828125 0.009114583333333334
0 0.1064453125 0.765625 0.005859375 0.0078125
0 0.1318359375 0.8046875 0.005859375 0.0078125
0 0.072265625 0.7317708333333334 0.009765625 0.01171875
0 0.109375 0.796875 0.0078125 0.010416666666666666
0 0.1953125 0.8307291666666666 0.0078125 0.013020833333333334
0 0.208984375 0.8346354166666666 0.0068359375 0.013020833333333334
0 0.232421875 0.8385416666666666 0.0068359375 0.01171875
0 0.2412109375 0.83203125 0.0087890625 0.015625
0 0.24609375 0.8151041666666666 0.0068359375 0.01171875
0 0.2568359375 0.83203125 0.0068359375 0.013020833333333334
0 0.2958984375 0.8268229166666666 0.005859375 0.010416666666666666
0 0.29296875 0.8177083333333334 0.0048828125 0.006510416666666667
0 0.2890625 0.8450520833333334 0.005859375 0.010416666666666666
0 0.3115234375 0.8463541666666666 0.0068359375 0.010416666666666666
0 0.330078125 0.8372395833333334 0.005859375 0.009114583333333334
0 0.3203125 0.82421875 0.0068359375 0.0078125
0 0.31640625 0.8346354166666666 0.0068359375 0.009114583333333334
0 0.3056640625 0.8385416666666666 0.005859375 0.009114583333333334
0 0.3369140625 0.8098958333333334 0.0048828125 0.0078125
0 0.3447265625 0.8255208333333334 0.0078125 0.009114583333333334
0 0.33203125 0.8294270833333334 0.0048828125 0.0078125
0 0.341796875 0.8450520833333334 0.0068359375 0.010416666666666666
0 0.36328125 0.8268229166666666 0.0078125 0.010416666666666666
0 0.36328125 0.8528645833333334 0.005859375 0.01171875
0 0.3779296875 0.8580729166666666 0.0087890625 0.014322916666666666
0 0.380859375 0.84765625 0.0068359375 0.01171875
0 0.3779296875 0.8268229166666666 0.0068359375 0.010416666666666666
0 0.396484375 0.8489583333333334 0.005859375 0.010416666666666666
0 0.4033203125 0.8489583333333334 0.005859375 0.013020833333333334
0 0.3955078125 0.8658854166666666 0.0068359375 0.010416666666666666
0 0.3701171875 0.87109375 0.0068359375 0.010416666666666666
0 0.3818359375 0.87890625 0.0068359375 0.009114583333333334
0 0.392578125 0.8828125 0.005859375 0.009114583333333334
0 0.4072265625 0.8216145833333334 0.0048828125 0.010416666666666666
0 0.4091796875 0.8385416666666666 0.005859375 0.010416666666666666
0 0.4267578125 0.8424479166666666 0.005859375 0.010416666666666666
0 0.4267578125 0.8567708333333334 0.0068359375 0.013020833333333334
0 0.4189453125 0.84765625 0.0068359375 0.01171875
0 0.421875 0.8776041666666666 0.0068359375 0.01171875
0 0.431640625 0.87890625 0.0068359375 0.010416666666666666
0 0.462890625 0.8606770833333334 0.005859375 0.01171875
0 0.44140625 0.8619791666666666 0.0078125 0.015625
0 0.4638671875 0.8411458333333334 0.0068359375 0.01171875
0 0.4775390625 0.8645833333333334 0.0068359375 0.014322916666666666
0 0.486328125 0.875 0.0068359375 0.013020833333333334
0 0.4912109375 0.8606770833333334 0.005859375 0.01171875
0 0.4951171875 0.8359375 0.005859375 0.010416666666666666
0 0.4833984375 0.8372395833333334 0.0068359375 0.01171875
0 0.4697265625 0.8359375 0.0068359375 0.013020833333333334
0 0.4736328125 0.8463541666666666 0.0048828125 0.009114583333333334
0 0.45703125 0.8359375 0.0048828125 0.0078125
0 0.4453125 0.8346354166666666 0.005859375 0.0078125
0 0.548828125 0.8528645833333334 0.0068359375 0.010416666666666666
0 0.560546875 0.8502604166666666 0.0068359375 0.009114583333333334
0 0.5576171875 0.875 0.0068359375 0.01171875
0 0.5732421875 0.859375 0.0078125 0.013020833333333334
0 0.6259765625 0.87109375 0.0068359375 0.01171875
0 0.6259765625 0.85546875 0.0068359375 0.0078125
0 0.6396484375 0.8528645833333334 0.005859375 0.009114583333333334
0 0.642578125 0.86328125 0.0048828125 0.006510416666666667
0 0.64453125 0.8697916666666666 0.0048828125 0.0078125
0 0.64453125 0.8802083333333334 0.005859375 0.009114583333333334
0 0.650390625 0.8958333333333334 0.005859375 0.010416666666666666
0 0.6533203125 0.87109375 0.0048828125 0.010416666666666666
0 0.6611328125 0.8736979166666666 0.0048828125 0.010416666666666666
0 0.6484375 0.8580729166666666 0.0048828125 0.006510416666666667
0 0.6123046875 0.8359375 0.005859375 0.0078125
0 0.6103515625 0.8723958333333334 0.005859375 0.010416666666666666
0 0.689453125 0.90625 0.005859375 0.010416666666666666
0 0.6689453125 0.8854166666666666 0.005859375 0.009114583333333334
0 0.6806640625 0.87890625 0.0068359375 0.013020833333333334
0 0.693359375 0.88671875 0.0068359375 0.013020833333333334
0 0.7001953125 0.8723958333333334 0.005859375 0.0078125
0 0.70703125 0.8723958333333334 0.005859375 0.0078125
0 0.708984375 0.8893229166666666 0.0068359375 0.01171875
0 0.72265625 0.9088541666666666 0.0068359375 0.010416666666666666
0 0.7265625 0.8763020833333334 0.005859375 0.0078125
0 0.7197265625 0.8658854166666666 0.0048828125 0.0078125
0 0.7294921875 0.8606770833333334 0.005859375 0.0078125
0 0.7255859375 0.8528645833333334 0.0048828125 0.006510416666666667
0 0.697265625 0.8541666666666666 0.0048828125 0.0078125
0 0.689453125 0.8645833333333334 0.005859375 0.0078125
0 0.73828125 0.875 0.005859375 0.0078125
0 0.7392578125 0.8606770833333334 0.0048828125 0.009114583333333334
0 0.744140625 0.87109375 0.0048828125 0.0078125
0 0.75 0.8802083333333334 0.0048828125 0.0078125
0 0.744140625 0.890625 0.0078125 0.010416666666666666
0 0.75 0.9153645833333334 0.0068359375 0.01171875
0 0.7705078125 0.89453125 0.005859375 0.013020833333333334
0 0.7685546875 0.8776041666666666 0.005859375 0.009114583333333334
0 0.7724609375 0.859375 0.005859375 0.009114583333333334
0 0.7626953125 0.8684895833333334 0.0048828125 0.009114583333333334
0 0.7802734375 0.8684895833333334 0.0048828125 0.009114583333333334
0 0.78515625 0.8880208333333334 0.005859375 0.010416666666666666
0 0.7763671875 0.8776041666666666 0.0048828125 0.0078125
0 0.7890625 0.8763020833333334 0.005859375 0.009114583333333334
0 0.861328125 0.8776041666666666 0.005859375 0.01171875
0 0.869140625 0.8684895833333334 0.0068359375 0.013020833333333334
0 0.876953125 0.875 0.0048828125 0.009114583333333334
0 0.8837890625 0.8997395833333334 0.0068359375 0.01171875
0 0.8935546875 0.9244791666666666 0.005859375 0.010416666666666666
0 0.9111328125 0.92578125 0.0048828125 0.010416666666666666
0 0.9169921875 0.9309895833333334 0.005859375 0.01171875
0 0.9345703125 0.9270833333333334 0.0078125 0.014322916666666666
0 0.9580078125 0.9283854166666666 0.0068359375 0.01171875
0 0.962890625 0.9049479166666666 0.005859375 0.009114583333333334
0 0.9384765625 0.90625 0.005859375 0.010416666666666666
0 0.943359375 0.9010416666666666 0.005859375 0.010416666666666666
0 0.9638671875 0.8854166666666666 0.005859375 0.010416666666666666
0 0.953125 0.8815104166666666 0.005859375 0.010416666666666666
0 0.9609375 0.8697916666666666 0.005859375 0.009114583333333334
0 0.9208984375 0.8815104166666666 0.005859375 0.010416666666666666
0 0.8955078125 0.875 0.005859375 0.009114583333333334
0 0.970703125 0.8723958333333334 0.0087890625 0.013020833333333334
0 0.0078125 0.7955729166666666 0.0068359375 0.013020833333333334
0 0.0068359375 0.7630208333333334 0.0078125 0.013020833333333334
0 0.0048828125 0.7356770833333334 0.0087890625 0.01171875
0 0.01171875 0.6888020833333334 0.005859375 0.010416666666666666
0 0.0185546875 0.7278645833333334 0.005859375 0.009114583333333334
0 0.013671875 0.7486979166666666 0.0068359375 0.013020833333333334
0 0.0517578125 0.71484375 0.0048828125 0.009114583333333334
0 0.0830078125 0.7096354166666666 0.005859375 0.009114583333333334
0 0.1484375 0.7265625 0.0078125 0.013020833333333334
0 0.13671875 0.7239583333333334 0.0078125 0.01171875
0 0.2236328125 0.80078125 0.0048828125 0.0078125
0 0.28515625 0.8294270833333334 0.0078125 0.013020833333333334
0 0.35546875 0.8268229166666666 0.0048828125 0.006510416666666667
0 0.3623046875 0.8411458333333334 0.0048828125 0.009114583333333334
0 0.35546875 0.84765625 0.005859375 0.0078125
0 0.3701171875 0.8359375 0.0048828125 0.0078125
0 0.39453125 0.81640625 0.0048828125 0.0078125
0 0.376953125 0.8151041666666666 0.0048828125 0.0078125
0 0.3876953125 0.8307291666666666 0.0048828125 0.0078125
0 0.408203125 0.859375 0.0048828125 0.009114583333333334
0 0.3408203125 0.8619791666666666 0.005859375 0.010416666666666666