0 0.2734375 0.2581182348043297 0.064453125 0.06744379683597003
0 0.5732421875 0.1498751040799334 0.07421875 0.10657785179017486
0 0.650390625 0.17985012489592006 0.083984375 0.1015820149875104
0 0.40625 0.4521232306411324 0.0439453125 0.05745212323064113
0 0.080078125 0.43547044129891754 0.046875 0.04746044962531224
0 0.822265625 0.09658617818484597 0.0322265625 0.041631973355537054
0 0.982421875 0.4063280599500416 0.03125 0.04829308909242298
0 0.369140625 0.2714404662781016 0.041015625 0.044962531223980015
0 0.9306640625 0.25062447960033307 0.0439453125 0.049125728559533725
0 0.1611328125 0.12822647793505412 0.037109375 0.04079933388842631
0 0.298828125 0.12239800166527894 0.0380859375 0.04412989175686927
0 0.84375 0.18984179850124897 0.041015625 0.04995836802664446
0 0.4208984375 0.05245628642797669 0.0283203125 0.02997502081598668
0 0.6962890625 0.11990008326394672 0.0283203125 0.034970857618651124
0 0.0537109375 0.2597835137385512 0.0341796875 0.044962531223980015
0 0.056640625 0.13072439633638636 0.03125 0.0324729392173189