0 0.1806640625 0.2143906020558003 0.0302734375 0.0631424375917768
0 0.390625 0.20998531571218795 0.04296875 0.09544787077826726
0 0.6181640625 0.368575624082232 0.0498046875 0.07342143906020558
0 0.7890625 0.24816446402349487 0.0478515625 0.0763582966226138
0 0.43359375 0.40969162995594716 0.0341796875 0.055800293685756244
0 0.9794921875 0.41262848751835535 0.0234375 0.042584434654919234
0 0.0244140625 0.434654919236417 0.01953125 0.042584434654919234
0 0.0849609375 0.4522760646108664 0.01953125 0.0381791483113069
0 0.8427734375 0.42143906020558003 0.0205078125 0.033773861967694566
0 0.896484375 0.41262848751835535 0.0224609375 0.030837004405286344
0 0.232421875 0.328928046989721 0.0166015625 0.024963289280469897