0 0.125 0.3513909224011713 0.01953125 0.03953147877013177
0 0.181640625 0.35871156661786235 0.0205078125 0.032210834553440704
0 0.1474609375 0.44363103953147875 0.01953125 0.024890190336749635
0 0.119140625 0.5797950219619327 0.0224609375 0.0424597364568082
0 0.228515625 0.40702781844802344 0.0166015625 0.03953147877013177
0 0.255859375 0.38799414348462663 0.017578125 0.03074670571010249
0 0.234375 0.5710102489019033 0.0166015625 0.03367496339677892
0 0.283203125 0.40995607613469986 0.017578125 0.03074670571010249
0 0.3232421875 0.3645680819912152 0.017578125 0.03513909224011713
0 0.3427734375 0.39824304538799415 0.01953125 0.024890190336749635
0 0.3623046875 0.4992679355783309 0.0185546875 0.032210834553440704
0 0.3916015625 0.39092240117130306 0.0185546875 0.032210834553440704
0 0.4091796875 0.37042459736456806 0.015625 0.03367496339677892
0 0.4248046875 0.3923865300146413 0.015625 0.029282576866764276
0 0.4365234375 0.44363103953147875 0.0166015625 0.02635431918008785
0 0.4677734375 0.42313323572474376 0.0166015625 0.03513909224011713
0 0.4775390625 0.37042459736456806 0.017578125 0.036603221083455345
0 0.44921875 0.5387994143484627 0.0185546875 0.03513909224011713
0 0.466796875 0.5226939970717424 0.0166015625 0.036603221083455345
0 0.5263671875 0.404099560761347 0.015625 0.027818448023426062
0 0.5478515625 0.4143484626647145 0.017578125 0.032210834553440704
0 0.568359375 0.3762811127379209 0.01953125 0.03074670571010249
0 0.591796875 0.3938506588579795 0.0185546875 0.032210834553440704
0 0.552734375 0.5212298682284041 0.017578125 0.032210834553440704
0 0.5869140625 0.5519765739385066 0.017578125 0.032210834553440704
0 0.619140625 0.5197657393850659 0.01953125 0.03074670571010249
0 0.6376953125 0.5124450951683748 0.0205078125 0.03367496339677892
0 0.640625 0.38653001464128844 0.01953125 0.036603221083455345
0 0.630859375 0.39092240117130306 0.013671875 0.027818448023426062
0 0.6806640625 0.3821376281112738 0.0166015625 0.03806734992679356
0 0.6982421875 0.3967789165446559 0.0166015625 0.032210834553440704
0 0.7685546875 0.5651537335285505 0.0185546875 0.036603221083455345
0 0.7900390625 0.3718887262079063 0.021484375 0.04538799414348463
0 0.86328125 0.37042459736456806 0.0234375 0.0424597364568082
0 0.3857421875 0.657393850658858 0.021484375 0.043923865300146414
0 0.400390625 0.6398243045387995 0.0166015625 0.03953147877013177
0 0.5322265625 0.6720351390922401 0.0224609375 0.03806734992679356
0 0.5712890625 0.6486090775988287 0.021484375 0.03367496339677892