0 0.06640625 0.19833333333333333 0.03125 0.05
0 0.2216796875 0.15833333333333333 0.0224609375 0.045
0 0.2607421875 0.13833333333333334 0.029296875 0.04833333333333333
0 0.296875 0.11833333333333333 0.025390625 0.051666666666666666
0 0.439453125 0.043333333333333335 0.0234375 0.03833333333333333
0 0.5615234375 0.12333333333333334 0.0185546875 0.041666666666666664
0 0.658203125 0.10166666666666667 0.0283203125 0.045
0 0.7021484375 0.14333333333333334 0.0302734375 0.043333333333333335
0 0.833984375 0.19 0.0234375 0.05
0 0.390625 0.73 0.0224609375 0.055
0 0.431640625 0.19166666666666668 0.0126953125 0.03666666666666667
0 0.1728515625 0.19 0.01953125 0.03666666666666667
0 0.3408203125 0.12166666666666667 0.0234375 0.041666666666666664
0 0.7626953125 0.12833333333333333 0.0283203125 0.056666666666666664