0 0.36328125 0.3616398243045388 0.0419921875 0.05417276720351391
0 0.564453125 0.27232796486090777 0.0224609375 0.03806734992679356
0 0.337890625 0.24011713030746706 0.0185546875 0.02635431918008785
0 0.0517578125 0.0849194729136164 0.0205078125 0.03074670571010249
0 0.0009765625 0.06149341142020498 0.0 0.004392386530014641
0 0.0009765625 0.06588579795021962 0.0 0.007320644216691069
0 0.0009765625 0.07027818448023426 0.0 0.010248901903367497
0 0.0009765625 0.07320644216691069 0.0 0.01171303074670571
0 0.0009765625 0.0746705710102489 0.0 0.013177159590043924
0 0.5947265625 0.06149341142020498 0.0166015625 0.03074670571010249
0 0.65625 0.07027818448023426 0.0146484375 0.027818448023426062
0 0.49609375 0.29282576866764276 0.0205078125 0.027818448023426062
0 0.0009765625 0.0629575402635432 0.0009765625 0.016105417276720352
0 0.0009765625 0.06442166910688141 0.0009765625 0.017569546120058566
0 0.0009765625 0.06442166910688141 0.0009765625 0.01903367496339678
0 0.001953125 0.06588579795021962 0.0029296875 0.020497803806734993
0 0.0029296875 0.06734992679355783 0.00390625 0.02342606149341142
0 0.0029296875 0.06734992679355783 0.00390625 0.024890190336749635
0 0.0029296875 0.06734992679355783 0.0048828125 0.024890190336749635
0 0.00390625 0.06881405563689605 0.005859375 0.02635431918008785
0 0.17578125 0.07174231332357248 0.013671875 0.029282576866764276
0 0.2333984375 0.07320644216691069 0.015625 0.03367496339677892
0 0.2861328125 0.0746705710102489 0.013671875 0.029282576866764276
0 0.068359375 0.212298682284041 0.017578125 0.03074670571010249
0 0.103515625 0.212298682284041 0.0166015625 0.024890190336749635
0 0.4345703125 0.05710102489019034 0.0166015625 0.029282576866764276
0 0.484375 0.06881405563689605 0.0185546875 0.024890190336749635
0 0.533203125 0.048316251830161056 0.0166015625 0.027818448023426062
0 0.9375 0.17862371888726208 0.0185546875 0.03513909224011713