0 0.259765625 0.4692982456140351 0.013671875 0.023391812865497075
0 0.4267578125 0.4605263157894737 0.013671875 0.029239766081871343
0 0.4736328125 0.4722222222222222 0.0146484375 0.027777777777777776
0 0.5146484375 0.4546783625730994 0.013671875 0.02631578947368421
0 0.552734375 0.44590643274853803 0.0126953125 0.029239766081871343
0 0.6044921875 0.45614035087719296 0.0146484375 0.03508771929824561
0 0.66015625 0.4605263157894737 0.015625 0.029239766081871343
0 0.6806640625 0.46345029239766083 0.0126953125 0.03070175438596491
0 0.7685546875 0.4415204678362573 0.0146484375 0.03070175438596491
0 0.8779296875 0.45321637426900585 0.013671875 0.027777777777777776
0 0.9345703125 0.4283625730994152 0.0146484375 0.029239766081871343
0 0.849609375 0.4824561403508772 0.01171875 0.019005847953216373
0 0.31640625 0.4517543859649123 0.013671875 0.021929824561403508
0 0.283203125 0.4678362573099415 0.013671875 0.019005847953216373