0 0.08984375 0.42020497803806733 0.01171875 0.02342606149341142
0 0.1396484375 0.48316251830161056 0.013671875 0.027818448023426062
0 0.1865234375 0.4904831625183016 0.0107421875 0.02342606149341142
0 0.236328125 0.48755490483162517 0.013671875 0.021961932650073207
0 0.2880859375 0.486090775988287 0.0107421875 0.021961932650073207
0 0.3359375 0.493411420204978 0.01171875 0.029282576866764276
0 0.36328125 0.4480234260614934 0.0126953125 0.02342606149341142
0 0.3154296875 0.44216691068814057 0.01171875 0.02342606149341142
0 0.2666015625 0.4480234260614934 0.0107421875 0.021961932650073207
0 0.2216796875 0.4582723279648609 0.0107421875 0.02342606149341142
0 0.1298828125 0.44216691068814057 0.0126953125 0.02342606149341142
0 0.1640625 0.39824304538799415 0.01171875 0.02342606149341142
0 0.2080078125 0.39824304538799415 0.0107421875 0.021961932650073207
0 0.2041015625 0.3718887262079063 0.009765625 0.01903367496339678
0 0.234375 0.363103953147877 0.0107421875 0.024890190336749635
0 0.263671875 0.3557833089311859 0.0107421875 0.024890190336749635
0 0.2509765625 0.39092240117130306 0.0107421875 0.021961932650073207
0 0.298828125 0.3923865300146413 0.01171875 0.024890190336749635
0 0.3046875 0.35871156661786235 0.0107421875 0.02342606149341142
0 0.3359375 0.3645680819912152 0.0107421875 0.024890190336749635
0 0.3408203125 0.3967789165446559 0.0126953125 0.024890190336749635
0 0.375 0.36749633967789164 0.009765625 0.02342606149341142
0 0.41796875 0.3645680819912152 0.01171875 0.021961932650073207
0 0.4609375 0.36603221083455345 0.0107421875 0.02342606149341142
0 0.505859375 0.3645680819912152 0.0087890625 0.024890190336749635
0 0.3896484375 0.40702781844802344 0.009765625 0.02342606149341142
0 0.4091796875 0.45241581259150804 0.01171875 0.02635431918008785
0 0.384765625 0.4904831625183016 0.0126953125 0.021961932650073207
0 0.4306640625 0.5007320644216691 0.01171875 0.021961932650073207
0 0.4765625 0.48316251830161056 0.013671875 0.02635431918008785
0 0.4580078125 0.4407027818448023 0.0126953125 0.024890190336749635
0 0.435546875 0.4055636896046852 0.0107421875 0.021961932650073207
0 0.8193359375 0.424597364568082 0.013671875 0.02342606149341142
0 0.7626953125 0.404099560761347 0.0107421875 0.024890190336749635
0 0.71875 0.3967789165446559 0.01171875 0.02342606149341142
0 0.6484375 0.43484626647144947 0.0126953125 0.024890190336749635
0 0.6826171875 0.4904831625183016 0.0126953125 0.029282576866764276
0 0.703125 0.43484626647144947 0.013671875 0.024890190336749635
0 0.75 0.4480234260614934 0.0107421875 0.021961932650073207
0 0.7333984375 0.493411420204978 0.01171875 0.02635431918008785
0 0.7822265625 0.49487554904831627 0.01171875 0.02342606149341142
0 0.8232421875 0.493411420204978 0.01171875 0.02342606149341142
0 0.4814453125 0.39824304538799415 0.0107421875 0.02342606149341142
0 0.50390625 0.445095168374817 0.0107421875 0.02342606149341142
0 0.5302734375 0.48462664714494874 0.013671875 0.029282576866764276
0 0.556640625 0.4465592972181552 0.01171875 0.02635431918008785
0 0.580078125 0.40263543191800877 0.0107421875 0.02342606149341142
0 0.595703125 0.37042459736456806 0.01171875 0.02342606149341142
0 0.580078125 0.4890190336749634 0.01171875 0.024890190336749635
0 0.6044921875 0.4480234260614934 0.009765625 0.017569546120058566
0 0.5537109375 0.3689604685212299 0.009765625 0.021961932650073207
0 0.6298828125 0.37774524158125916 0.01171875 0.02342606149341142
0 0.640625 0.35724743777452417 0.009765625 0.020497803806734993
0 0.673828125 0.35724743777452417 0.0107421875 0.024890190336749635
0 0.67578125 0.38945827232796487 0.0107421875 0.024890190336749635
0 0.70703125 0.35871156661786235 0.0107421875 0.02342606149341142
0 0.7373046875 0.35431918008784774 0.0107421875 0.024890190336749635
0 0.7734375 0.36603221083455345 0.0107421875 0.024890190336749635
0 0.806640625 0.38945827232796487 0.0126953125 0.024890190336749635
0 0.630859375 0.4904831625183016 0.01171875 0.02342606149341142
0 0.5302734375 0.3967789165446559 0.0107421875 0.021961932650073207
0 0.1767578125 0.445095168374817 0.01171875 0.01903367496339678