0 0.10546875 0.2348111658456486 0.037109375 0.059113300492610835
0 0.1728515625 0.19047619047619047 0.033203125 0.06403940886699508
0 0.0810546875 0.2676518883415435 0.025390625 0.047619047619047616
0 0.162109375 0.4975369458128079 0.0361328125 0.06568144499178982
0 0.294921875 0.47619047619047616 0.0361328125 0.07881773399014778
0 0.3076171875 0.35960591133004927 0.0341796875 0.05747126436781609
0 0.404296875 0.23645320197044334 0.02734375 0.06239737274220033
0 0.3896484375 0.32676518883415434 0.0263671875 0.059113300492610835
0 0.3994140625 0.3793103448275862 0.029296875 0.0722495894909688
0 0.380859375 0.5008210180623974 0.0400390625 0.07389162561576355
0 0.4814453125 0.2939244663382594 0.037109375 0.08045977011494253
0 0.5703125 0.21018062397372742 0.02734375 0.06896551724137931
0 0.623046875 0.17898193760262726 0.0341796875 0.059113300492610835
0 0.69140625 0.1592775041050903 0.0439453125 0.09523809523809523
0 0.7568359375 0.10837438423645321 0.052734375 0.09359605911330049
0 0.4736328125 0.21018062397372742 0.015625 0.03284072249589491
0 0.9130859375 0.2594417077175698 0.021484375 0.04597701149425287
0 0.533203125 0.22660098522167488 0.0283203125 0.054187192118226604
0 0.423828125 0.22660098522167488 0.0205078125 0.04433497536945813
0 0.2353515625 0.4548440065681445 0.0146484375 0.03284072249589491
0 0.341796875 0.23645320197044334 0.0185546875 0.034482758620689655