0 0.25390625 0.09531013615733737 0.0537109375 0.11649016641452345
0 0.4716796875 0.22692889561270801 0.083984375 0.1664145234493192
0 0.796875 0.14674735249621784 0.0185546875 0.04084720121028744
0 0.6279296875 0.26777609682299547 0.009765625 0.019667170953101363
0 0.6435546875 0.2692889561270802 0.0078125 0.018154311649016642
0 0.6669921875 0.26777609682299547 0.0107421875 0.0226928895612708
0 0.673828125 0.25416036308623297 0.009765625 0.018154311649016642
0 0.7060546875 0.2526475037821483 0.009765625 0.019667170953101363
0 0.724609375 0.23903177004538578 0.01171875 0.015128593040847202
0 0.830078125 0.20121028744326777 0.01171875 0.0226928895612708
0 0.8671875 0.20121028744326777 0.0107421875 0.02118003025718608
0 0.9091796875 0.17246596066565809 0.01171875 0.019667170953101363
0 0.08984375 0.45537065052950076 0.01171875 0.0226928895612708
0 0.560546875 0.2874432677760968 0.0107421875 0.018154311649016642