0 0.234375 0.2421875 0.0478515625 0.10026041666666667
0 0.1220703125 0.6549479166666666 0.044921875 0.10677083333333333
0 0.5703125 0.17447916666666666 0.029296875 0.049479166666666664
0 0.46875 0.15755208333333334 0.02734375 0.048177083333333336
0 0.451171875 0.08854166666666667 0.029296875 0.052083333333333336
0 0.369140625 0.10546875 0.025390625 0.037760416666666664
0 0.1181640625 0.13671875 0.0263671875 0.049479166666666664
0 0.2421875 0.08072916666666667 0.029296875 0.05078125
0 0.955078125 0.06901041666666667 0.021484375 0.04296875
0 0.6494140625 0.052083333333333336 0.0244140625 0.04296875
0 0.6162109375 0.109375 0.0224609375 0.040364583333333336
0 0.271484375 0.04296875 0.0185546875 0.04296875
0 0.349609375 0.040364583333333336 0.0263671875 0.041666666666666664
0 0.06640625 0.0234375 0.03125 0.048177083333333336
0 0.01171875 0.13411458333333334 0.0234375 0.048177083333333336
0 0.01953125 0.08463541666666667 0.0283203125 0.048177083333333336