0 0.7607421875 0.4088541666666667 0.0146484375 0.0234375
0 0.8212890625 0.4153645833333333 0.005859375 0.010416666666666666
0 0.8076171875 0.421875 0.005859375 0.010416666666666666
0 0.77734375 0.41796875 0.0068359375 0.009114583333333334
0 0.923828125 0.4309895833333333 0.0068359375 0.01171875
0 0.947265625 0.4244791666666667 0.0048828125 0.0078125
0 0.888671875 0.4205729166666667 0.0068359375 0.010416666666666666
0 0.8681640625 0.3997395833333333 0.0048828125 0.009114583333333334
0 0.8828125 0.4075520833333333 0.0048828125 0.009114583333333334
0 0.8896484375 0.40234375 0.0048828125 0.009114583333333334
0 0.904296875 0.4231770833333333 0.005859375 0.010416666666666666
0 0.9169921875 0.4049479166666667 0.0048828125 0.009114583333333334
0 0.9541015625 0.40234375 0.0048828125 0.009114583333333334
0 0.673828125 0.4479166666666667 0.005859375 0.01171875
0 0.6455078125 0.44921875 0.0048828125 0.010416666666666666
0 0.5224609375 0.3619791666666667 0.0244140625 0.04296875
0 0.583984375 0.3997395833333333 0.0126953125 0.026041666666666668
0 0.44921875 0.4817708333333333 0.0283203125 0.057291666666666664
0 0.3046875 0.4388020833333333 0.0087890625 0.018229166666666668
0 0.1630859375 0.3776041666666667 0.017578125 0.03125
0 0.251953125 0.4375 0.0107421875 0.01953125
0 0.2099609375 0.4583333333333333 0.0068359375 0.01171875
0 0.2275390625 0.46484375 0.005859375 0.010416666666666666
0 0.0703125 0.421875 0.0068359375 0.010416666666666666
0 0.0234375 0.4388020833333333 0.0087890625 0.01171875
0 0.2900390625 0.4583333333333333 0.0068359375 0.010416666666666666
0 0.2705078125 0.4622395833333333 0.0048828125 0.010416666666666666
0 0.9375 0.4440104166666667 0.0048828125 0.010416666666666666
0 0.9736328125 0.4166666666666667 0.0068359375 0.014322916666666666