0 0.08203125 0.21994535519125682 0.037109375 0.07377049180327869
0 0.9150390625 0.3237704918032787 0.03515625 0.07103825136612021
0 0.86328125 0.4576502732240437 0.03515625 0.06557377049180328
0 0.8369140625 0.25136612021857924 0.033203125 0.06557377049180328
0 0.77734375 0.18442622950819673 0.033203125 0.05874316939890711
0 0.53125 0.1680327868852459 0.033203125 0.06967213114754098
0 0.669921875 0.18169398907103826 0.0322265625 0.06147540983606557
0 0.7265625 0.29508196721311475 0.037109375 0.06967213114754098
0 0.7421875 0.46311475409836067 0.0341796875 0.06830601092896176
0 0.6083984375 0.273224043715847 0.03125 0.07103825136612021
0 0.6171875 0.46311475409836067 0.0341796875 0.06420765027322405
0 0.1728515625 0.27049180327868855 0.03515625 0.06284153005464481
0 0.2783203125 0.28688524590163933 0.0341796875 0.06420765027322405
0 0.248046875 0.4603825136612022 0.0361328125 0.06147540983606557
0 0.15234375 0.4713114754098361 0.0361328125 0.06967213114754098
0 0.47265625 0.45081967213114754 0.037109375 0.06967213114754098
0 0.353515625 0.4562841530054645 0.03125 0.06284153005464481
0 0.498046875 0.2827868852459016 0.0390625 0.06830601092896176
0 0.376953125 0.2896174863387978 0.0341796875 0.05874316939890711
0 0.3076171875 0.17759562841530055 0.03125 0.06420765027322405
0 0.408203125 0.18169398907103826 0.0302734375 0.05874316939890711