0 0.4931640625 0.16106194690265488 0.029296875 0.06017699115044248
0 0.482421875 0.22300884955752212 0.037109375 0.07079646017699115
0 0.4365234375 0.1486725663716814 0.037109375 0.08849557522123894
0 0.1845703125 0.1592920353982301 0.0419921875 0.09380530973451327
0 0.2431640625 0.13097345132743363 0.03515625 0.08672566371681416
0 0.27734375 0.1911504424778761 0.0361328125 0.07964601769911504
0 0.306640625 0.1592920353982301 0.029296875 0.06371681415929203
0 0.359375 0.18761061946902655 0.033203125 0.08495575221238938
0 0.3779296875 0.2991150442477876 0.041015625 0.09380530973451327
0 0.0654296875 0.13805309734513274 0.0419921875 0.11327433628318584
0 0.08984375 0.31150442477876106 0.0634765625 0.1256637168141593
0 0.240234375 0.5061946902654867 0.052734375 0.11858407079646018
0 0.763671875 0.1256637168141593 0.0380859375 0.07964601769911504
0 0.8056640625 0.14513274336283186 0.0478515625 0.0831858407079646
0 0.9033203125 0.12743362831858407 0.04296875 0.08849557522123894
0 0.6748046875 0.1592920353982301 0.04296875 0.09557522123893805
0 0.6416015625 0.18584070796460178 0.0390625 0.09026548672566372
0 0.392578125 0.17168141592920355 0.029296875 0.07610619469026549
0 0.5673828125 0.18053097345132743 0.0390625 0.09734513274336283
0 0.537109375 0.16460176991150444 0.0302734375 0.07787610619469026