0 0.8466796875 0.1997264021887825 0.0439453125 0.06566347469220246
0 0.623046875 0.3023255813953488 0.048828125 0.08344733242134063
0 0.5185546875 0.16826265389876882 0.0361328125 0.06566347469220246
0 0.3896484375 0.39808481532147744 0.021484375 0.03419972640218878
0 0.267578125 0.3625170998632011 0.048828125 0.09028727770177838
0 0.0791015625 0.4117647058823529 0.0205078125 0.049247606019151846
0 0.1376953125 0.40902872777017785 0.0205078125 0.04377564979480164
0 0.2958984375 0.2079343365253078 0.0244140625 0.04240766073871409
0 0.244140625 0.2106703146374829 0.0205078125 0.03419972640218878
0 0.2138671875 0.2024623803009576 0.0205078125 0.038303693570451436
0 0.099609375 0.19288645690834474 0.0244140625 0.049247606019151846
0 0.12109375 0.16963064295485636 0.021484375 0.03967168262653899
0 0.0185546875 0.19562243502051985 0.025390625 0.03967168262653899
0 0.888671875 0.2216142270861833 0.013671875 0.025991792065663474