0 0.912109375 0.06944444444444445 0.0322265625 0.07465277777777778
0 0.8935546875 0.1701388888888889 0.029296875 0.0642361111111111
0 0.8212890625 0.4079861111111111 0.0146484375 0.03298611111111111
0 0.85546875 0.3802083333333333 0.0126953125 0.029513888888888888
0 0.7109375 0.3715277777777778 0.0185546875 0.043402777777777776
0 0.5478515625 0.3663194444444444 0.0263671875 0.059027777777777776
0 0.4189453125 0.3854166666666667 0.0185546875 0.04513888888888889
0 0.4677734375 0.4652777777777778 0.0146484375 0.034722222222222224
0 0.27734375 0.21875 0.0322265625 0.0798611111111111
0 0.0576171875 0.5243055555555556 0.015625 0.03819444444444445
0 0.083984375 0.5104166666666666 0.0146484375 0.03298611111111111