0 0.8828125 0.35609756097560974 0.046875 0.0991869918699187
0 0.720703125 0.16097560975609757 0.0439453125 0.0943089430894309
0 0.720703125 0.37398373983739835 0.046875 0.0975609756097561
0 0.6005859375 0.17073170731707318 0.0439453125 0.0975609756097561
0 0.5634765625 0.4032520325203252 0.0478515625 0.0943089430894309
0 0.41796875 0.13495934959349593 0.0439453125 0.0910569105691057
0 0.40234375 0.3886178861788618 0.041015625 0.08292682926829269
0 0.2626953125 0.13658536585365855 0.0439453125 0.1024390243902439
0 0.134765625 0.16585365853658537 0.0458984375 0.0943089430894309
0 0.103515625 0.3853658536585366 0.048828125 0.1024390243902439
0 0.24609375 0.3463414634146341 0.0498046875 0.1073170731707317