0 0.064453125 0.4322916666666667 0.0234375 0.052083333333333336
0 0.12109375 0.4244791666666667 0.013671875 0.020833333333333332
0 0.3408203125 0.4947916666666667 0.02734375 0.044270833333333336
0 0.2744140625 0.4453125 0.0185546875 0.041666666666666664
0 0.3095703125 0.4270833333333333 0.0166015625 0.0390625
0 0.251953125 0.4348958333333333 0.015625 0.040364583333333336
0 0.2275390625 0.4153645833333333 0.0205078125 0.044270833333333336
0 0.337890625 0.4049479166666667 0.0146484375 0.032552083333333336
0 0.4765625 0.3997395833333333 0.02734375 0.0546875
0 0.5439453125 0.421875 0.02734375 0.05078125
0 0.5732421875 0.4114583333333333 0.0146484375 0.03125
0 0.6083984375 0.44921875 0.0234375 0.046875
0 0.623046875 0.3893229166666667 0.0185546875 0.032552083333333336
0 0.6572265625 0.4244791666666667 0.0244140625 0.049479166666666664
0 0.6875 0.4427083333333333 0.025390625 0.055989583333333336
0 0.7392578125 0.42578125 0.0302734375 0.048177083333333336
0 0.716796875 0.4583333333333333 0.0205078125 0.028645833333333332
0 0.8037109375 0.5169270833333334 0.02734375 0.053385416666666664
0 0.7861328125 0.6328125 0.0341796875 0.057291666666666664
0 0.8759765625 0.4583333333333333 0.0185546875 0.0390625
0 0.95703125 0.4544270833333333 0.015625 0.0390625
0 0.2431640625 0.640625 0.0341796875 0.046875
0 0.2978515625 0.3932291666666667 0.013671875 0.0234375
0 0.2685546875 0.3919270833333333 0.015625 0.0234375
0 0.17578125 0.39453125 0.013671875 0.022135416666666668
0 0.1015625 0.4596354166666667 0.0146484375 0.024739583333333332
0 0.32421875 0.3763020833333333 0.013671875 0.022135416666666668
0 0.3720703125 0.3697916666666667 0.0087890625 0.01953125
0 0.38671875 0.4166666666666667 0.015625 0.029947916666666668
0 0.8076171875 0.4622395833333333 0.0205078125 0.032552083333333336