0 0.1416015625 0.23019431988041852 0.0322265625 0.07623318385650224
0 0.224609375 0.26756352765321373 0.0322265625 0.07025411061285501
0 0.1083984375 0.5605381165919282 0.0302734375 0.06726457399103139
0 0.1962890625 0.5650224215246636 0.0302734375 0.06576980568011959
0 0.8466796875 0.24514200298953662 0.033203125 0.07025411061285501
0 0.8623046875 0.445440956651719 0.033203125 0.07174887892376682
0 0.7724609375 0.5142002989536621 0.0322265625 0.07025411061285501
0 0.67578125 0.5396113602391629 0.03125 0.06726457399103139
0 0.599609375 0.5321375186846039 0.0322265625 0.07025411061285501
0 0.5078125 0.5590433482810164 0.03125 0.06726457399103139
0 0.3095703125 0.5381165919282511 0.033203125 0.07174887892376682
0 0.4091796875 0.5500747384155455 0.033203125 0.07025411061285501
0 0.3173828125 0.2585949177877429 0.029296875 0.061285500747384154
0 0.4052734375 0.2750373692077728 0.029296875 0.0687593423019432
0 0.4765625 0.2556053811659193 0.029296875 0.06576980568011959
0 0.548828125 0.2600896860986547 0.0302734375 0.06576980568011959
0 0.6396484375 0.2645739910313901 0.03125 0.06427503736920777
0 0.71484375 0.3034379671150972 0.0302734375 0.07025411061285501