0 0.2470703125 0.20442708333333334 0.044921875 0.08854166666666667
0 0.392578125 0.22786458333333334 0.044921875 0.08333333333333333
0 0.12109375 0.54296875 0.048828125 0.08463541666666667
0 0.265625 0.5143229166666666 0.0458984375 0.08072916666666667
0 0.537109375 0.18489583333333334 0.0458984375 0.07942708333333333
0 0.6982421875 0.24869791666666666 0.04296875 0.07942708333333333
0 0.85546875 0.23567708333333334 0.04296875 0.08333333333333333
0 0.8701171875 0.5403645833333334 0.0498046875 0.08463541666666667
0 0.7431640625 0.5481770833333334 0.04296875 0.08203125
0 0.5986328125 0.4934895833333333 0.0439453125 0.08463541666666667
0 0.4345703125 0.5286458333333334 0.04296875 0.078125