0 0.123046875 0.4011111111111111 0.048828125 0.06222222222222222
0 0.26171875 0.39111111111111113 0.0419921875 0.06555555555555556
0 0.2587890625 0.5644444444444444 0.0458984375 0.07222222222222222
0 0.1318359375 0.5777777777777777 0.048828125 0.06555555555555556
0 0.3349609375 0.27444444444444444 0.0419921875 0.07
0 0.37109375 0.39444444444444443 0.0439453125 0.06555555555555556
0 0.49609375 0.39 0.0439453125 0.06111111111111111
0 0.375 0.5888888888888889 0.0458984375 0.06555555555555556
0 0.47265625 0.5888888888888889 0.0458984375 0.07
0 0.6943359375 0.28 0.046875 0.0811111111111111
0 0.6162109375 0.39555555555555555 0.04296875 0.06
0 0.7744140625 0.3877777777777778 0.0498046875 0.07666666666666666
0 0.5908203125 0.6 0.046875 0.07111111111111111
0 0.71484375 0.59 0.0439453125 0.06111111111111111
0 0.9013671875 0.36333333333333334 0.0478515625 0.06333333333333334
0 0.859375 0.58 0.044921875 0.07