0 0.6044921875 0.20742637644046094 0.0751953125 0.09346991037131883
0 0.490234375 0.30089628681177977 0.0693359375 0.11523687580025609
0 0.2119140625 0.1997439180537772 0.0439453125 0.07554417413572344
0 0.1240234375 0.22535211267605634 0.02734375 0.0499359795134443
0 0.0751953125 0.2919334186939821 0.0234375 0.046094750320102434
0 0.298828125 0.22535211267605634 0.0234375 0.04225352112676056
0 0.259765625 0.14852752880921896 0.0205078125 0.04225352112676056
0 0.8095703125 0.11907810499359796 0.0224609375 0.05121638924455826
0 0.7900390625 0.176696542893726 0.0234375 0.04481434058898848
0 0.72265625 0.08322663252240717 0.0234375 0.040973111395646605
0 0.39453125 0.29577464788732394 0.0205078125 0.04225352112676056
0 0.361328125 0.2023047375160051 0.017578125 0.03713188220230474
0 0.4306640625 0.1882202304737516 0.0234375 0.03969270166453265
0 0.4150390625 0.12419974391805377 0.025390625 0.04481434058898848
0 0.4541015625 0.09603072983354674 0.021484375 0.03841229193341869
0 0.4921875 0.0973111395646607 0.0166015625 0.03969270166453265
0 0.5146484375 0.15364916773367476 0.021484375 0.04353393085787452
0 0.0771484375 0.12804097311139565 0.0244140625 0.04737516005121639
0 0.1630859375 0.04353393085787452 0.0224609375 0.046094750320102434
0 0.2900390625 0.07042253521126761 0.021484375 0.03969270166453265
0 0.396484375 0.03969270166453265 0.0234375 0.04225352112676056
0 0.939453125 0.026888604353393086 0.029296875 0.04481434058898848
0 0.8994140625 0.03329065300896287 0.0283203125 0.03841229193341869
0 0.8525390625 0.023047375160051217 0.033203125 0.04481434058898848
0 0.8623046875 0.11907810499359796 0.029296875 0.046094750320102434
0 0.853515625 0.18437900128040974 0.0234375 0.03841229193341869
0 0.9560546875 0.17797695262483995 0.03125 0.0499359795134443
0 0.953125 0.3060179257362356 0.02734375 0.0499359795134443
0 0.34765625 0.10755441741357234 0.02734375 0.04481434058898848
0 0.51171875 0.04737516005121639 0.0224609375 0.034571062740076826
0 0.0703125 0.23687580025608196 0.02734375 0.03841229193341869
0 0.2119140625 0.08706786171574904 0.0234375 0.040973111395646605
0 0.26171875 0.08706786171574904 0.0283203125 0.04865556978233035
0 0.4462890625 0.04481434058898848 0.025390625 0.04353393085787452
0 0.544921875 0.04865556978233035 0.0244140625 0.04353393085787452
0 0.7724609375 0.023047375160051217 0.021484375 0.040973111395646605
0 0.6865234375 0.023047375160051217 0.0224609375 0.040973111395646605
0 0.017578125 0.08066581306017925 0.021484375 0.03585147247119078
0 0.0234375 0.13188220230473752 0.0283203125 0.03969270166453265
0 0.0126953125 0.22791293213828426 0.0234375 0.04481434058898848
0 0.9873046875 0.07810499359795134 0.025390625 0.04353393085787452
0 0.98046875 0.20742637644046094 0.025390625 0.04737516005121639
0 0.9873046875 0.2752880921895006 0.0244140625 0.04737516005121639
0 0.869140625 0.3085787451984635 0.0234375 0.040973111395646605
0 0.74609375 0.12548015364916773 0.025390625 0.04225352112676056