0 0.9033203125 0.493411420204978 0.0263671875 0.05710102489019034
0 0.828125 0.5168374816983895 0.0263671875 0.05710102489019034
0 0.8388671875 0.37774524158125916 0.0263671875 0.0527086383601757
0 0.7841796875 0.35871156661786235 0.0244140625 0.04978038067349927
0 0.7646484375 0.43045387994143486 0.0263671875 0.05856515373352855
0 0.740234375 0.513909224011713 0.025390625 0.05417276720351391
0 0.7099609375 0.4084919472913616 0.0283203125 0.05417276720351391
0 0.6240234375 0.5021961932650073 0.029296875 0.060029282576866766
0 0.6728515625 0.37042459736456806 0.02734375 0.05124450951683748
0 0.634765625 0.32503660322108346 0.0244140625 0.0527086383601757
0 0.59375 0.33528550512445093 0.02734375 0.048316251830161056
0 0.5419921875 0.34992679355783307 0.025390625 0.04978038067349927
0 0.556640625 0.4289897510980966 0.025390625 0.05417276720351391
0 0.50390625 0.42752562225475843 0.025390625 0.04978038067349927
0 0.48046875 0.32210834553440704 0.0234375 0.04978038067349927
0 0.4287109375 0.3367496339677892 0.025390625 0.05710102489019034
0 0.4404296875 0.5051244509516838 0.025390625 0.0527086383601757
0 0.1298828125 0.41874084919472915 0.033203125 0.06588579795021962
0 0.197265625 0.5461200585651538 0.0302734375 0.06588579795021962
0 0.1865234375 0.30307467057101023 0.029296875 0.060029282576866766
0 0.2216796875 0.28550512445095166 0.03125 0.06149341142020498
0 0.2509765625 0.5446559297218155 0.029296875 0.060029282576866766
0 0.384765625 0.5036603221083455 0.025390625 0.05417276720351391
0 0.3193359375 0.33382137628111275 0.02734375 0.05856515373352855
0 0.3935546875 0.34699853587115664 0.025390625 0.0527086383601757
0 0.3203125 0.47144948755490484 0.0263671875 0.05417276720351391