0 0.43359375 0.47265625 0.0068359375 0.01171875
0 0.2294921875 0.4518229166666667 0.0068359375 0.013020833333333334
0 0.9736328125 0.4466145833333333 0.0078125 0.01171875
0 0.794921875 0.4361979166666667 0.005859375 0.010416666666666666
0 0.69140625 0.4388020833333333 0.0078125 0.01171875
0 0.6826171875 0.484375 0.0078125 0.014322916666666666
0 0.654296875 0.4596354166666667 0.0087890625 0.015625
0 0.6396484375 0.4934895833333333 0.009765625 0.014322916666666666
0 0.5947265625 0.5364583333333334 0.0107421875 0.018229166666666668
0 0.5576171875 0.5299479166666666 0.009765625 0.016927083333333332
0 0.548828125 0.5703125 0.0087890625 0.016927083333333332
0 0.55859375 0.5924479166666666 0.009765625 0.015625