0 0.134765625 0.23641703377386197 0.0390625 0.0763582966226138
0 0.234375 0.24816446402349487 0.033203125 0.06167400881057269
0 0.2734375 0.4287812041116006 0.0322265625 0.06461086637298091
0 0.16015625 0.5814977973568282 0.0322265625 0.06607929515418502
0 0.19140625 0.5007342143906021 0.03515625 0.06901615271659324
0 0.3193359375 0.591776798825257 0.0380859375 0.07342143906020558
0 0.33984375 0.49045521292217326 0.033203125 0.06901615271659324
0 0.3544921875 0.2555066079295154 0.033203125 0.06167400881057269
0 0.4697265625 0.26284875183553597 0.0341796875 0.0631424375917768
0 0.3916015625 0.42143906020558003 0.0302734375 0.06167400881057269
0 0.439453125 0.5154185022026432 0.0322265625 0.07048458149779736
0 0.4990234375 0.42584434654919234 0.033203125 0.0631424375917768
0 0.5400390625 0.5007342143906021 0.033203125 0.06167400881057269
0 0.4609375 0.593245227606461 0.033203125 0.06607929515418502
0 0.5126953125 0.7019089574155654 0.041015625 0.07048458149779736
0 0.615234375 0.6005873715124816 0.033203125 0.06607929515418502
0 0.7880859375 0.27312775330396477 0.037109375 0.06461086637298091
0 0.6865234375 0.2687224669603524 0.0361328125 0.06167400881057269
0 0.716796875 0.44933920704845814 0.029296875 0.06461086637298091
0 0.748046875 0.5433186490455213 0.037109375 0.05286343612334802
0 0.7333984375 0.6093979441997063 0.0361328125 0.06607929515418502
0 0.662109375 0.5227606461086637 0.03125 0.0631424375917768
0 0.6064453125 0.4199706314243759 0.033203125 0.06461086637298091
0 0.5791015625 0.24522760646108663 0.033203125 0.06167400881057269