0 0.0732421875 0.5935541629364369 0.0322265625 0.03849597135183527
0 0.1728515625 0.5837063563115488 0.033203125 0.043867502238137866
0 0.2724609375 0.6025067144136079 0.03125 0.04028648164726947
0 0.287109375 0.5783348254252462 0.03125 0.03581020590868397
0 0.337890625 0.5926589077887198 0.0283203125 0.02954341987466428
0 0.3291015625 0.6293643688451208 0.0283203125 0.03670546105640107
0 0.3994140625 0.5971351835273053 0.0244140625 0.03401969561324977
0 0.3779296875 0.6329453894359892 0.02734375 0.03581020590868397
0 0.421875 0.6320501342882722 0.0283203125 0.03849597135183527
0 0.4482421875 0.5989256938227395 0.0263671875 0.03312444046553268
0 0.3984375 0.7090420769919427 0.03125 0.03760071620411817
0 0.4423828125 0.6920322291853178 0.029296875 0.03581020590868397
0 0.4931640625 0.6374216651745748 0.0263671875 0.03491495076096687
0 0.517578125 0.5980304386750224 0.0283203125 0.03401969561324977
0 0.5654296875 0.6078782452999105 0.029296875 0.03043867502238138
0 0.6015625 0.5863921217547001 0.025390625 0.02775290957923008
0 0.6396484375 0.5872873769024172 0.0263671875 0.02954341987466428
0 0.609375 0.6132497761862131 0.0263671875 0.03222918531781558
0 0.6494140625 0.6159355416293644 0.025390625 0.03133393017009848
0 0.6923828125 0.6195165622202328 0.0263671875 0.03401969561324977
0 0.70703125 0.7054610564010743 0.0283203125 0.03401969561324977
0 0.7216796875 0.5980304386750224 0.0244140625 0.03222918531781558
0 0.748046875 0.6069829901521934 0.025390625 0.03312444046553268
0 0.9619140625 0.6042972247090421 0.0341796875 0.03760071620411817
0 0.9189453125 0.6007162041181737 0.03125 0.03849597135183527
0 0.857421875 0.5935541629364369 0.029296875 0.03581020590868397
0 0.8134765625 0.6132497761862131 0.0302734375 0.04028648164726947
0 0.828125 0.693822739480752 0.033203125 0.03670546105640107
0 0.4716796875 0.7690241718889884 0.033203125 0.03939122649955237
0 0.552734375 0.7806624888093107 0.03125 0.03849597135183527
0 0.5771484375 0.6991942703670546 0.029296875 0.03760071620411817
0 0.6337890625 0.7833482542524619 0.0341796875 0.03849597135183527
0 0.6376953125 0.7099373321396598 0.029296875 0.03491495076096687
0 0.76953125 0.7350044762757386 0.025390625 0.03491495076096687