0 0.03125 0.5625 0.048828125 0.07682291666666667
0 0.146484375 0.57421875 0.046875 0.078125
0 0.2060546875 0.5716145833333334 0.04296875 0.06770833333333333
0 0.50390625 0.3528645833333333 0.0341796875 0.06901041666666667
0 0.2880859375 0.5807291666666666 0.041015625 0.0703125
0 0.3720703125 0.5794270833333334 0.0380859375 0.057291666666666664
0 0.4736328125 0.5846354166666666 0.0361328125 0.055989583333333336
0 0.5615234375 0.5846354166666666 0.0390625 0.0625
0 0.65234375 0.5950520833333334 0.04296875 0.06380208333333333
0 0.7431640625 0.59765625 0.0380859375 0.059895833333333336
0 0.8154296875 0.60546875 0.04296875 0.06901041666666667
0 0.8896484375 0.6028645833333334 0.0439453125 0.06640625
0 0.96875 0.6106770833333334 0.0458984375 0.0703125