0 0.142578125 0.48625180897250364 0.025390625 0.05209840810419682
0 0.388671875 0.723589001447178 0.0146484375 0.02604920405209841
0 0.4091796875 0.6599131693198264 0.0126953125 0.02604920405209841
0 0.3623046875 0.6685962373371924 0.013671875 0.02604920405209841
0 0.3203125 0.6743849493487699 0.0166015625 0.03328509406657019
0 0.7294921875 0.748191027496382 0.013671875 0.027496382054992764
0 0.7744140625 0.7467438494934877 0.015625 0.02894356005788712
0 0.7099609375 0.7279305354558611 0.013671875 0.027496382054992764
0 0.6826171875 0.7322720694645442 0.0146484375 0.030390738060781478
0 0.4658203125 0.683068017366136 0.0126953125 0.02604920405209841
0 0.974609375 0.8118668596237337 0.015625 0.023154848046309694
0 0.943359375 0.8191027496382055 0.0205078125 0.03183791606367583
0 0.970703125 0.7698986975397974 0.0166015625 0.024602026049204053
0 0.9873046875 0.768451519536903 0.0146484375 0.02894356005788712
0 0.96875 0.7395079594790159 0.0126953125 0.02170767004341534
0 0.9423828125 0.743849493487699 0.01171875 0.020260492040520984
0 0.9248046875 0.7250361794500724 0.013671875 0.027496382054992764
0 0.90625 0.7366136034732272 0.0107421875 0.023154848046309694
0 0.939453125 0.7771345875542692 0.0107421875 0.01881331403762663
0 0.96484375 0.6483357452966715 0.0166015625 0.03328509406657019
0 0.9921875 0.6266280752532561 0.013671875 0.02604920405209841
0 0.9677734375 0.6758321273516642 0.013671875 0.01881331403762663
0 0.9423828125 0.6772793053545586 0.013671875 0.020260492040520984
0 0.9248046875 0.6729377713458755 0.013671875 0.027496382054992764
0 0.9462890625 0.7004341534008683 0.0126953125 0.023154848046309694
0 0.9580078125 0.7178002894356006 0.01171875 0.02170767004341534
0 0.9736328125 0.7178002894356006 0.0146484375 0.023154848046309694
0 0.9189453125 0.703328509406657 0.013671875 0.023154848046309694
0 0.8916015625 0.6960926193921853 0.0146484375 0.027496382054992764
0 0.8837890625 0.6888567293777135 0.01171875 0.024602026049204053
0 0.8857421875 0.6570188133140377 0.0126953125 0.024602026049204053
0 0.88671875 0.6324167872648335 0.0126953125 0.024602026049204053
0 0.90234375 0.7916063675832128 0.0146484375 0.03328509406657019
0 0.9013671875 0.7698986975397974 0.009765625 0.01881331403762663
0 0.8818359375 0.7366136034732272 0.013671875 0.02170767004341534
0 0.8720703125 0.7568740955137482 0.015625 0.02170767004341534
0 0.8701171875 0.7250361794500724 0.013671875 0.024602026049204053
0 0.8564453125 0.7539797395079595 0.013671875 0.02170767004341534
0 0.8310546875 0.7612156295224313 0.0126953125 0.024602026049204053
0 0.8154296875 0.76410998552822 0.015625 0.024602026049204053
0 0.8330078125 0.7380607814761215 0.017578125 0.02604920405209841
0 0.8203125 0.7279305354558611 0.015625 0.02894356005788712
0 0.8486328125 0.6960926193921853 0.01171875 0.02894356005788712
0 0.837890625 0.6960926193921853 0.01171875 0.027496382054992764
0 0.859375 0.662807525325615 0.0166015625 0.020260492040520984
0 0.87109375 0.6801736613603473 0.0107421875 0.023154848046309694
0 0.810546875 0.6975397973950795 0.015625 0.02604920405209841
0 0.7841796875 0.6845151953690304 0.013671875 0.02170767004341534
0 0.7880859375 0.7062228654124457 0.0126953125 0.015918958031837915
0 0.8154296875 0.6237337192474675 0.0107421875 0.024602026049204053
0 0.8369140625 0.6121562952243126 0.0087890625 0.02170767004341534
0 0.78515625 0.6121562952243126 0.013671875 0.024602026049204053
0 0.7783203125 0.6526772793053546 0.0146484375 0.024602026049204053
0 0.748046875 0.6642547033285094 0.01171875 0.020260492040520984
0 0.767578125 0.7091172214182344 0.0166015625 0.030390738060781478
0 0.751953125 0.6874095513748191 0.0078125 0.02170767004341534
0 0.74609375 0.7308248914616498 0.0126953125 0.023154848046309694
0 0.7578125 0.7452966714905933 0.0146484375 0.02170767004341534
0 0.6787109375 0.6989869753979739 0.01171875 0.02894356005788712
0 0.7314453125 0.7105643994211288 0.0166015625 0.027496382054992764
0 0.6611328125 0.7424023154848046 0.0126953125 0.020260492040520984
0 0.671875 0.7568740955137482 0.0126953125 0.017366136034732273
0 0.5927734375 0.7322720694645442 0.0146484375 0.024602026049204053
0 0.509765625 0.7351664254703328 0.017578125 0.030390738060781478
0 0.490234375 0.6917510853835022 0.0126953125 0.02604920405209841
0 0.4755859375 0.7366136034732272 0.013671875 0.01881331403762663
0 0.49609375 0.7337192474674384 0.009765625 0.017366136034732273
0 0.384765625 0.683068017366136 0.0107421875 0.024602026049204053
0 0.3125 0.6410998552821997 0.0126953125 0.020260492040520984
0 0.2666015625 0.6729377713458755 0.0126953125 0.02604920405209841
0 0.2314453125 0.6975397973950795 0.013671875 0.02604920405209841
0 0.2763671875 0.7120115774240231 0.01171875 0.02170767004341534
0 0.2900390625 0.7496382054992764 0.0107421875 0.02604920405209841
0 0.2158203125 0.7047756874095513 0.0126953125 0.02604920405209841
0 0.2060546875 0.6714905933429812 0.0087890625 0.020260492040520984
0 0.1875 0.6931982633863966 0.0107421875 0.024602026049204053
0 0.2255859375 0.6671490593342981 0.013671875 0.024602026049204053
0 0.216796875 0.6512301013024602 0.0107421875 0.01881331403762663
0 0.2841796875 0.6512301013024602 0.01171875 0.02170767004341534
0 0.2646484375 0.622286541244573 0.009765625 0.017366136034732273
0 0.33203125 0.5774240231548481 0.009765625 0.01881331403762663
0 0.3134765625 0.5788712011577424 0.0087890625 0.01881331403762663
0 0.3173828125 0.61794500723589 0.0078125 0.01447178002894356
0 0.376953125 0.6410998552821997 0.0087890625 0.017366136034732273
0 0.3779296875 0.6193921852387844 0.009765625 0.017366136034732273
0 0.3671875 0.6338639652677279 0.009765625 0.017366136034732273
0 0.1865234375 0.6367583212735166 0.009765625 0.017366136034732273
0 0.2197265625 0.6150506512301013 0.0107421875 0.01881331403762663
0 0.2001953125 0.6338639652677279 0.009765625 0.020260492040520984
0 0.203125 0.613603473227207 0.01171875 0.01881331403762663
0 0.0625 0.6714905933429812 0.0126953125 0.020260492040520984
0 0.0439453125 0.6859623733719248 0.0126953125 0.01881331403762663
0 0.0791015625 0.6946454413892909 0.01171875 0.01881331403762663
0 0.171875 0.6613603473227206 0.0107421875 0.01881331403762663
0 0.1708984375 0.6874095513748191 0.0107421875 0.02170767004341534
0 0.1591796875 0.6107091172214182 0.0126953125 0.02170767004341534
0 0.1474609375 0.6309696092619392 0.0107421875 0.023154848046309694
0 0.158203125 0.6367583212735166 0.0087890625 0.015918958031837915
0 0.072265625 0.6512301013024602 0.01171875 0.02170767004341534
0 0.0146484375 0.6917510853835022 0.0107421875 0.015918958031837915
0 0.029296875 0.6903039073806078 0.009765625 0.01881331403762663
0 0.01953125 0.6642547033285094 0.013671875 0.020260492040520984
0 0.048828125 0.6468885672937771 0.009765625 0.01881331403762663
0 0.02734375 0.6425470332850941 0.0087890625 0.017366136034732273
0 0.0654296875 0.6324167872648335 0.009765625 0.017366136034732273
0 0.03515625 0.6208393632416788 0.0107421875 0.015918958031837915
0 0.0537109375 0.6295224312590448 0.0087890625 0.017366136034732273
0 0.080078125 0.6324167872648335 0.0087890625 0.017366136034732273
0 0.03515625 0.6570188133140377 0.0107421875 0.01881331403762663
0 0.052734375 0.6092619392185239 0.0087890625 0.015918958031837915
0 0.015625 0.6208393632416788 0.0087890625 0.020260492040520984
0 0.068359375 0.6020260492040521 0.0078125 0.01447178002894356
0 0.041015625 0.6121562952243126 0.009765625 0.01881331403762663
0 0.07421875 0.5904486251808972 0.0087890625 0.015918958031837915