0 0.060546875 0.4219512195121951 0.021484375 0.04024390243902439
0 0.08203125 0.49878048780487805 0.0224609375 0.03780487804878049
0 0.107421875 0.3548780487804878 0.0224609375 0.03780487804878049
0 0.1357421875 0.4121951219512195 0.0205078125 0.04024390243902439
0 0.158203125 0.5048780487804878 0.021484375 0.03780487804878049
0 0.1826171875 0.34512195121951217 0.0205078125 0.032926829268292684
0 0.314453125 0.49878048780487805 0.0224609375 0.03414634146341464
0 0.2841796875 0.4219512195121951 0.021484375 0.03780487804878049
0 0.236328125 0.49146341463414633 0.0224609375 0.03780487804878049
0 0.2158203125 0.40487804878048783 0.021484375 0.041463414634146344
0 0.2490234375 0.33170731707317075 0.01953125 0.036585365853658534
0 0.322265625 0.3353658536585366 0.0205078125 0.032926829268292684
0 0.34765625 0.4060975609756098 0.0205078125 0.036585365853658534
0 0.9345703125 0.4292682926829268 0.021484375 0.03780487804878049
0 0.912109375 0.4926829268292683 0.0224609375 0.03902439024390244
0 0.8720703125 0.3353658536585366 0.01953125 0.03536585365853658
0 0.86328125 0.4097560975609756 0.0224609375 0.03902439024390244
0 0.8076171875 0.3304878048780488 0.021484375 0.03414634146341464
0 0.7958984375 0.41341463414634144 0.021484375 0.036585365853658534
0 0.7421875 0.34146341463414637 0.01953125 0.032926829268292684
0 0.8369140625 0.49878048780487805 0.0224609375 0.03780487804878049
0 0.720703125 0.4219512195121951 0.01953125 0.03048780487804878
0 0.759765625 0.501219512195122 0.0205078125 0.03536585365853658
0 0.671875 0.3280487804878049 0.01953125 0.032926829268292684
0 0.6005859375 0.3182926829268293 0.01953125 0.03536585365853658
0 0.3876953125 0.32439024390243903 0.0205078125 0.03536585365853658
0 0.4208984375 0.3975609756097561 0.0205078125 0.03780487804878049
0 0.458984375 0.3195121951219512 0.021484375 0.03536585365853658
0 0.392578125 0.5097560975609756 0.021484375 0.03414634146341464
0 0.466796875 0.4975609756097561 0.0234375 0.04024390243902439
0 0.525390625 0.32195121951219513 0.01953125 0.04024390243902439
0 0.494140625 0.4097560975609756 0.0205078125 0.036585365853658534
0 0.5419921875 0.5024390243902439 0.021484375 0.036585365853658534
0 0.5703125 0.3975609756097561 0.0205078125 0.03414634146341464
0 0.6171875 0.5036585365853659 0.0205078125 0.036585365853658534
0 0.6923828125 0.4902439024390244 0.0224609375 0.03780487804878049
0 0.6513671875 0.41585365853658535 0.0205078125 0.03414634146341464