0 0.1328125 0.49710982658959535 0.015625 0.021965317919075144
0 0.3037109375 0.507514450867052 0.0146484375 0.027745664739884393
0 0.341796875 0.44739884393063584 0.0087890625 0.012716763005780347
0 0.3974609375 0.48092485549132946 0.015625 0.024277456647398842
0 0.4501953125 0.4393063583815029 0.0087890625 0.013872832369942197
0 0.470703125 0.4485549132947977 0.0146484375 0.023121387283236993
0 0.5234375 0.47398843930635837 0.017578125 0.020809248554913295
0 0.5322265625 0.4161849710982659 0.009765625 0.015028901734104046
0 0.6181640625 0.47630057803468207 0.0146484375 0.020809248554913295
0 0.6552734375 0.484393063583815 0.0126953125 0.025433526011560695
0 0.7138671875 0.4508670520231214 0.0126953125 0.017341040462427744
0 0.8447265625 0.4439306358381503 0.01953125 0.025433526011560695
0 0.923828125 0.44971098265895953 0.01171875 0.016184971098265895
0 0.9814453125 0.4393063583815029 0.0146484375 0.017341040462427744
0 0.296875 0.47630057803468207 0.01171875 0.021965317919075144