0 0.8427734375 0.24926686217008798 0.0390625 0.07771260997067449
0 0.9453125 0.49266862170087977 0.005859375 0.01466275659824047
0 0.146484375 0.2595307917888563 0.0380859375 0.0718475073313783
0 0.2646484375 0.26392961876832843 0.037109375 0.07038123167155426
0 0.390625 0.24486803519061584 0.0341796875 0.07624633431085044
0 0.205078125 0.5586510263929618 0.037109375 0.07771260997067449
0 0.3935546875 0.5513196480938416 0.0380859375 0.07331378299120235
0 0.49609375 0.2404692082111437 0.0361328125 0.08357771260997067
0 0.5986328125 0.2375366568914956 0.0390625 0.07624633431085044
0 0.7236328125 0.21994134897360704 0.0380859375 0.07917888563049853
0 0.5810546875 0.5527859237536656 0.0380859375 0.08357771260997067
0 0.7646484375 0.5733137829912024 0.0390625 0.0718475073313783