0 0.2392578125 0.21311475409836064 0.0361328125 0.06693989071038252
0 0.369140625 0.23633879781420766 0.037109375 0.06420765027322405
0 0.4951171875 0.22131147540983606 0.037109375 0.07103825136612021
0 0.630859375 0.20355191256830601 0.0322265625 0.060109289617486336
0 0.734375 0.20765027322404372 0.0380859375 0.06967213114754098
0 0.21484375 0.46994535519125685 0.041015625 0.07240437158469945
0 0.2978515625 0.4685792349726776 0.03515625 0.07103825136612021
0 0.431640625 0.47950819672131145 0.0361328125 0.06557377049180328
0 0.5517578125 0.47404371584699456 0.03515625 0.05874316939890711
0 0.6640625 0.4849726775956284 0.037109375 0.06557377049180328
0 0.7646484375 0.5081967213114754 0.0380859375 0.060109289617486336