0 0.103515625 0.4231770833333333 0.044921875 0.07682291666666667
0 0.173828125 0.4388020833333333 0.0400390625 0.06901041666666667
0 0.2490234375 0.3971354166666667 0.037109375 0.06380208333333333
0 0.3349609375 0.390625 0.03515625 0.053385416666666664
0 0.42578125 0.4114583333333333 0.033203125 0.061197916666666664
0 0.5029296875 0.40234375 0.0341796875 0.052083333333333336
0 0.58203125 0.390625 0.033203125 0.053385416666666664
0 0.6591796875 0.3723958333333333 0.03125 0.0625
0 0.734375 0.4075520833333333 0.0322265625 0.052083333333333336
0 0.8046875 0.4244791666666667 0.0380859375 0.06510416666666667
0 0.873046875 0.4557291666666667 0.0419921875 0.057291666666666664