0 0.654296875 0.46255506607929514 0.017578125 0.03524229074889868
0 0.7099609375 0.461086637298091 0.0185546875 0.032305433186490456
0 0.7529296875 0.45374449339207046 0.0166015625 0.033773861967694566
0 0.794921875 0.46402349486049926 0.015625 0.027900146842878122
0 0.8037109375 0.36123348017621143 0.015625 0.03524229074889868
0 0.6865234375 0.34801762114537443 0.017578125 0.032305433186490456
0 0.63671875 0.34508076358296624 0.015625 0.03524229074889868
0 0.5859375 0.34508076358296624 0.017578125 0.02936857562408223
0 0.8427734375 0.44933920704845814 0.017578125 0.03671071953010279
0 0.765625 0.5859030837004405 0.0185546875 0.03671071953010279
0 0.814453125 0.6461086637298091 0.0166015625 0.03671071953010279
0 0.7138671875 0.618208516886931 0.017578125 0.033773861967694566
0 0.6669921875 0.6475770925110133 0.0185546875 0.027900146842878122
0 0.611328125 0.6358296622613803 0.017578125 0.03524229074889868
0 0.5361328125 0.6328928046989721 0.017578125 0.03524229074889868
0 0.744140625 0.328928046989721 0.017578125 0.032305433186490456
0 0.1826171875 0.44640234948604995 0.015625 0.02643171806167401
0 0.234375 0.4552129221732746 0.0166015625 0.030837004405286344
0 0.271484375 0.4434654919236417 0.015625 0.02936857562408223
0 0.3056640625 0.45961820851688695 0.0146484375 0.027900146842878122
0 0.34765625 0.45961820851688695 0.0166015625 0.033773861967694566
0 0.3828125 0.45374449339207046 0.0146484375 0.030837004405286344
0 0.4140625 0.4552129221732746 0.0146484375 0.02936857562408223
0 0.45703125 0.44052863436123346 0.017578125 0.027900146842878122
0 0.201171875 0.6035242290748899 0.01953125 0.03524229074889868
0 0.263671875 0.6240822320117474 0.0185546875 0.03671071953010279
0 0.333984375 0.6240822320117474 0.017578125 0.0381791483113069
0 0.4140625 0.6226138032305433 0.017578125 0.03524229074889868
0 0.46484375 0.580029368575624 0.015625 0.033773861967694566
0 0.095703125 0.3641703377386197 0.017578125 0.02643171806167401
0 0.1357421875 0.37591776798825255 0.0146484375 0.02643171806167401
0 0.17578125 0.36270190895741555 0.0146484375 0.022026431718061675
0 0.2138671875 0.35829662261380324 0.013671875 0.030837004405286344
0 0.2646484375 0.3303964757709251 0.0185546875 0.0381791483113069
0 0.3212890625 0.3377386196769457 0.015625 0.030837004405286344
0 0.3671875 0.3436123348017621 0.0166015625 0.02936857562408223
0 0.42578125 0.3509544787077827 0.0146484375 0.02643171806167401
0 0.4931640625 0.36270190895741555 0.015625 0.027900146842878122
0 0.5322265625 0.342143906020558 0.017578125 0.033773861967694566
0 0.564453125 0.4552129221732746 0.017578125 0.03524229074889868
0 0.6103515625 0.4654919236417034 0.0146484375 0.027900146842878122
0 0.9287109375 0.4977973568281938 0.0185546875 0.024963289280469897
0 0.89453125 0.6093979441997063 0.0185546875 0.03524229074889868
0 0.84765625 0.6020558002936858 0.017578125 0.03524229074889868
0 0.1298828125 0.644640234948605 0.0205078125 0.033773861967694566
0 0.5126953125 0.4552129221732746 0.017578125 0.027900146842878122