0 0.2958984375 0.4231770833333333 0.0341796875 0.04296875
0 0.48828125 0.5442708333333334 0.0185546875 0.02734375
0 0.619140625 0.5703125 0.0166015625 0.028645833333333332
0 0.67578125 0.5598958333333334 0.0185546875 0.029947916666666668
0 0.83203125 0.5013020833333334 0.017578125 0.024739583333333332
0 0.7890625 0.4908854166666667 0.0205078125 0.0234375
0 0.630859375 0.5143229166666666 0.017578125 0.024739583333333332
0 0.984375 0.4947916666666667 0.0166015625 0.028645833333333332
0 0.724609375 0.46875 0.013671875 0.020833333333333332
0 0.5048828125 0.4596354166666667 0.0126953125 0.0234375
0 0.6533203125 0.45703125 0.0166015625 0.028645833333333332
0 0.5341796875 0.43359375 0.015625 0.022135416666666668
0 0.4775390625 0.4388020833333333 0.0166015625 0.032552083333333336
0 0.5615234375 0.5807291666666666 0.0185546875 0.028645833333333332
0 0.703125 0.5559895833333334 0.0185546875 0.02734375
0 0.6884765625 0.5065104166666666 0.0205078125 0.029947916666666668
0 0.61328125 0.4713541666666667 0.015625 0.028645833333333332
0 0.1142578125 0.52734375 0.017578125 0.03125
0 0.0478515625 0.5169270833333334 0.0166015625 0.028645833333333332
0 0.576171875 0.5091145833333334 0.0205078125 0.033854166666666664
0 0.5634765625 0.4609375 0.01953125 0.03125
0 0.5654296875 0.41796875 0.015625 0.03125
0 0.6025390625 0.4166666666666667 0.0205078125 0.032552083333333336
0 0.9423828125 0.41796875 0.0126953125 0.022135416666666668
0 0.962890625 0.4166666666666667 0.015625 0.02734375
0 0.6953125 0.4114583333333333 0.0146484375 0.024739583333333332
0 0.939453125 0.5182291666666666 0.015625 0.02734375
0 0.6591796875 0.5598958333333334 0.0146484375 0.028645833333333332
0 0.841796875 0.5481770833333334 0.0283203125 0.03125
0 0.21875 0.48828125 0.0322265625 0.049479166666666664
0 0.8349609375 0.4388020833333333 0.0107421875 0.01953125