0 0.7138671875 0.24479166666666666 0.173828125 0.2981770833333333
0 0.4677734375 0.14713541666666666 0.0966796875 0.13932291666666666
0 0.4970703125 0.7526041666666666 0.029296875 0.049479166666666664
0 0.19140625 0.7734375 0.0146484375 0.022135416666666668
0 0.1787109375 0.7447916666666666 0.0087890625 0.015625
0 0.205078125 0.7552083333333334 0.0087890625 0.015625
0 0.2626953125 0.7825520833333334 0.0078125 0.016927083333333332
0 0.3603515625 0.73046875 0.013671875 0.0234375
0 0.2705078125 0.7109375 0.0078125 0.015625
0 0.2470703125 0.7252604166666666 0.0078125 0.014322916666666666
0 0.029296875 0.7330729166666666 0.01953125 0.026041666666666668
0 0.1552734375 0.78125 0.0078125 0.013020833333333334
0 0.4248046875 0.7630208333333334 0.009765625 0.016927083333333332
0 0.1943359375 0.71875 0.0068359375 0.015625
0 0.171875 0.8229166666666666 0.0087890625 0.018229166666666668
0 0.162109375 0.8072916666666666 0.0087890625 0.016927083333333332
0 0.2529296875 0.7486979166666666 0.009765625 0.015625
0 0.228515625 0.71875 0.0078125 0.015625
0 0.23046875 0.7669270833333334 0.0087890625 0.010416666666666666
0 0.267578125 0.8177083333333334 0.0087890625 0.015625
0 0.2900390625 0.7317708333333334 0.0078125 0.014322916666666666
0 0.1884765625 0.7096354166666666 0.0087890625 0.016927083333333332
0 0.169921875 0.7265625 0.009765625 0.018229166666666668
0 0.23046875 0.81640625 0.0107421875 0.016927083333333332
0 0.291015625 0.78515625 0.0048828125 0.01171875
0 0.279296875 0.7643229166666666 0.005859375 0.01171875
0 0.1708984375 0.7109375 0.0087890625 0.01171875
0 0.2353515625 0.77734375 0.009765625 0.015625
0 0.2060546875 0.7734375 0.005859375 0.0078125
0 0.17578125 0.7630208333333334 0.0048828125 0.01171875