0 0.4609375 0.3931034482758621 0.0263671875 0.06551724137931035
0 0.5234375 0.3706896551724138 0.021484375 0.05517241379310345
0 0.591796875 0.4068965517241379 0.0263671875 0.06206896551724138
0 0.60546875 0.3482758620689655 0.025390625 0.05862068965517241
0 0.6513671875 0.3293103448275862 0.0244140625 0.06379310344827586
0 0.6640625 0.41206896551724137 0.02734375 0.06206896551724138
0 0.6875 0.3741379310344828 0.0224609375 0.0603448275862069
0 0.75390625 0.3810344827586207 0.025390625 0.0603448275862069
0 0.822265625 0.3896551724137931 0.0263671875 0.0706896551724138
0 0.896484375 0.4051724137931034 0.02734375 0.0706896551724138
0 0.1455078125 0.36379310344827587 0.0224609375 0.06206896551724138
0 0.2197265625 0.3775862068965517 0.0234375 0.05344827586206897
0 0.2568359375 0.35344827586206895 0.0234375 0.05
0 0.298828125 0.38448275862068965 0.025390625 0.06206896551724138
0 0.349609375 0.3896551724137931 0.0244140625 0.05862068965517241
0 0.3642578125 0.32413793103448274 0.0234375 0.05862068965517241
0 0.416015625 0.36724137931034484 0.0244140625 0.0603448275862069
0 0.4384765625 0.32241379310344825 0.0234375 0.05172413793103448