0 0.8359375 0.703551912568306 0.015625 0.02459016393442623
0 0.8095703125 0.703551912568306 0.013671875 0.023224043715846996
0 0.80078125 0.6844262295081968 0.013671875 0.023224043715846996
0 0.7734375 0.7663934426229508 0.0126953125 0.020491803278688523
0 0.78125 0.7103825136612022 0.0126953125 0.020491803278688523
0 0.7294921875 0.7513661202185792 0.013671875 0.02185792349726776
0 0.736328125 0.7062841530054644 0.0126953125 0.023224043715846996
0 0.724609375 0.7144808743169399 0.01171875 0.01912568306010929
0 0.7109375 0.6994535519125683 0.0126953125 0.02185792349726776
0 0.736328125 0.6584699453551912 0.01171875 0.020491803278688523
0 0.6669921875 0.7090163934426229 0.013671875 0.01912568306010929
0 0.6796875 0.6693989071038251 0.0126953125 0.020491803278688523
0 0.7119140625 0.6502732240437158 0.0126953125 0.020491803278688523
0 0.6552734375 0.6693989071038251 0.0107421875 0.01912568306010929
0 0.6298828125 0.7213114754098361 0.01171875 0.020491803278688523
0 0.6435546875 0.6926229508196722 0.0126953125 0.020491803278688523
0 0.62109375 0.7691256830601093 0.013671875 0.02185792349726776
0 0.828125 0.6543715846994536 0.0126953125 0.020491803278688523
0 0.78125 0.6311475409836066 0.013671875 0.02185792349726776
0 0.87109375 0.5901639344262295 0.013671875 0.023224043715846996
0 0.84375 0.5983606557377049 0.0126953125 0.02185792349726776
0 0.8251953125 0.5887978142076503 0.01171875 0.020491803278688523
0 0.9541015625 0.5915300546448088 0.0146484375 0.02459016393442623
0 0.9306640625 0.5642076502732241 0.015625 0.02459016393442623
0 0.892578125 0.5437158469945356 0.013671875 0.02185792349726776
0 0.8271484375 0.5601092896174863 0.0126953125 0.01912568306010929
0 0.8515625 0.5300546448087432 0.0107421875 0.02185792349726776
0 0.8193359375 0.5423497267759563 0.01171875 0.020491803278688523
0 0.837890625 0.546448087431694 0.0107421875 0.02185792349726776
0 0.82421875 0.5150273224043715 0.01171875 0.017759562841530054
0 0.7998046875 0.5792349726775956 0.0126953125 0.01912568306010929
0 0.794921875 0.5573770491803278 0.0107421875 0.020491803278688523
0 0.78125 0.5642076502732241 0.0126953125 0.020491803278688523
0 0.7646484375 0.5765027322404371 0.0126953125 0.02185792349726776
0 0.75390625 0.5573770491803278 0.0107421875 0.01912568306010929
0 0.7578125 0.5314207650273224 0.01171875 0.020491803278688523
0 0.775390625 0.5245901639344263 0.01171875 0.01912568306010929
0 0.79296875 0.5136612021857924 0.0107421875 0.020491803278688523
0 0.8017578125 0.5327868852459017 0.0107421875 0.01912568306010929
0 0.7373046875 0.5655737704918032 0.01171875 0.01912568306010929
0 0.72265625 0.5546448087431693 0.0107421875 0.017759562841530054
0 0.7314453125 0.5368852459016393 0.0107421875 0.01912568306010929
0 0.7431640625 0.5081967213114754 0.0107421875 0.020491803278688523
0 0.720703125 0.5 0.009765625 0.01639344262295082
0 0.7021484375 0.5150273224043715 0.01171875 0.01639344262295082
0 0.70703125 0.5437158469945356 0.0107421875 0.01639344262295082
0 0.779296875 0.453551912568306 0.0087890625 0.015027322404371584
0 0.7666015625 0.43306010928961747 0.009765625 0.017759562841530054
0 0.7431640625 0.4139344262295082 0.0078125 0.01366120218579235
0 0.7431640625 0.43169398907103823 0.0087890625 0.015027322404371584
0 0.71484375 0.4576502732240437 0.009765625 0.01639344262295082
0 0.7109375 0.4371584699453552 0.0078125 0.015027322404371584
0 0.708984375 0.4207650273224044 0.0087890625 0.01366120218579235
0 0.671875 0.412568306010929 0.0078125 0.015027322404371584
0 0.6806640625 0.43989071038251365 0.0087890625 0.015027322404371584
0 0.6953125 0.48770491803278687 0.009765625 0.01639344262295082
0 0.685546875 0.4781420765027322 0.0107421875 0.017759562841530054
0 0.673828125 0.4890710382513661 0.0107421875 0.017759562841530054
0 0.6748046875 0.5204918032786885 0.0107421875 0.017759562841530054
0 0.6806640625 0.5519125683060109 0.01171875 0.020491803278688523
0 0.658203125 0.5532786885245902 0.013671875 0.01912568306010929
0 0.66015625 0.5150273224043715 0.009765625 0.01639344262295082
0 0.640625 0.5286885245901639 0.01171875 0.020491803278688523
0 0.6474609375 0.5013661202185792 0.01171875 0.01639344262295082
0 0.65625 0.47540983606557374 0.0087890625 0.01639344262295082
0 0.6640625 0.45901639344262296 0.0087890625 0.017759562841530054
0 0.642578125 0.4726775956284153 0.009765625 0.015027322404371584
0 0.6357421875 0.4562841530054645 0.009765625 0.015027322404371584
0 0.6416015625 0.44398907103825136 0.0068359375 0.015027322404371584
0 0.611328125 0.4371584699453552 0.0087890625 0.01366120218579235
0 0.6201171875 0.4713114754098361 0.009765625 0.01639344262295082
0 0.6142578125 0.4808743169398907 0.0107421875 0.01639344262295082
0 0.6337890625 0.48633879781420764 0.009765625 0.015027322404371584
0 0.6181640625 0.5081967213114754 0.0107421875 0.017759562841530054
0 0.6064453125 0.5259562841530054 0.01171875 0.01639344262295082
0 0.5986328125 0.49453551912568305 0.0107421875 0.017759562841530054
0 0.5947265625 0.4726775956284153 0.009765625 0.015027322404371584
0 0.623046875 0.5792349726775956 0.01171875 0.01912568306010929
0 0.6884765625 0.5806010928961749 0.0126953125 0.02185792349726776
0 0.59765625 0.5833333333333334 0.0126953125 0.017759562841530054
0 0.556640625 0.6939890710382514 0.0107421875 0.017759562841530054
0 0.5673828125 0.6338797814207651 0.009765625 0.01912568306010929
0 0.5498046875 0.6202185792349727 0.009765625 0.020491803278688523
0 0.576171875 0.5860655737704918 0.0107421875 0.01912568306010929
0 0.638671875 0.6270491803278688 0.01171875 0.020491803278688523
0 0.5 0.7144808743169399 0.013671875 0.02185792349726776
0 0.515625 0.7827868852459017 0.0107421875 0.02185792349726776
0 0.46875 0.7131147540983607 0.01171875 0.017759562841530054
0 0.48828125 0.6871584699453552 0.01171875 0.02185792349726776
0 0.5283203125 0.6734972677595629 0.01171875 0.01912568306010929
0 0.5107421875 0.6325136612021858 0.01171875 0.017759562841530054
0 0.4697265625 0.6379781420765027 0.01171875 0.01639344262295082
0 0.45703125 0.6693989071038251 0.01171875 0.01912568306010929
0 0.4248046875 0.7308743169398907 0.013671875 0.02459016393442623
0 0.41015625 0.7131147540983607 0.0126953125 0.020491803278688523
0 0.3974609375 0.6898907103825137 0.01171875 0.01912568306010929
0 0.4130859375 0.6584699453551912 0.01171875 0.01912568306010929
0 0.431640625 0.6420765027322405 0.01171875 0.017759562841530054
0 0.4150390625 0.6147540983606558 0.01171875 0.01912568306010929
0 0.396484375 0.6202185792349727 0.01171875 0.017759562841530054
0 0.3974609375 0.5942622950819673 0.009765625 0.01639344262295082
0 0.6728515625 0.6311475409836066 0.0126953125 0.01912568306010929
0 0.5849609375 0.5273224043715847 0.01171875 0.01912568306010929
0 0.5751953125 0.5081967213114754 0.009765625 0.017759562841530054
0 0.5654296875 0.48633879781420764 0.009765625 0.017759562841530054
0 0.5771484375 0.47540983606557374 0.009765625 0.017759562841530054
0 0.5595703125 0.47404371584699456 0.009765625 0.01639344262295082
0 0.5693359375 0.453551912568306 0.009765625 0.015027322404371584
0 0.537109375 0.5122950819672131 0.009765625 0.01639344262295082
0 0.5517578125 0.49863387978142076 0.0087890625 0.01639344262295082
0 0.5625 0.5259562841530054 0.009765625 0.01912568306010929
0 0.548828125 0.5273224043715847 0.0107421875 0.017759562841530054
0 0.5400390625 0.5628415300546448 0.009765625 0.01639344262295082
0 0.5283203125 0.5341530054644809 0.01171875 0.01639344262295082
0 0.5185546875 0.5505464480874317 0.009765625 0.017759562841530054
0 0.49609375 0.5655737704918032 0.0107421875 0.015027322404371584
0 0.494140625 0.5355191256830601 0.009765625 0.017759562841530054
0 0.509765625 0.5109289617486339 0.009765625 0.01912568306010929
0 0.49609375 0.5095628415300546 0.009765625 0.01639344262295082
0 0.486328125 0.4972677595628415 0.009765625 0.01639344262295082
0 0.478515625 0.51775956284153 0.0087890625 0.015027322404371584
0 0.470703125 0.5491803278688525 0.009765625 0.015027322404371584
0 0.4658203125 0.5409836065573771 0.009765625 0.01912568306010929
0 0.44921875 0.5382513661202186 0.0087890625 0.01366120218579235
0 0.4443359375 0.5683060109289617 0.0087890625 0.01639344262295082
0 0.43359375 0.5450819672131147 0.0107421875 0.015027322404371584
0 0.4482421875 0.5081967213114754 0.0087890625 0.01639344262295082
0 0.478515625 0.4931693989071038 0.0078125 0.015027322404371584
0 0.4853515625 0.4726775956284153 0.0078125 0.015027322404371584
0 0.5029296875 0.4672131147540984 0.0087890625 0.01366120218579235
0 0.529296875 0.4685792349726776 0.0087890625 0.017759562841530054
0 0.5390625 0.46311475409836067 0.0087890625 0.01366120218579235
0 0.5244140625 0.4959016393442623 0.009765625 0.015027322404371584
0 0.5166015625 0.4521857923497268 0.0078125 0.015027322404371584
0 0.5068359375 0.4494535519125683 0.0078125 0.01366120218579235
0 0.486328125 0.4603825136612022 0.0087890625 0.015027322404371584
0 0.4697265625 0.4672131147540984 0.0087890625 0.01366120218579235
0 0.46875 0.45491803278688525 0.0078125 0.01366120218579235
0 0.451171875 0.4849726775956284 0.0068359375 0.01366120218579235
0 0.455078125 0.4726775956284153 0.0078125 0.012295081967213115
0 0.4404296875 0.49043715846994534 0.0078125 0.01639344262295082
0 0.4296875 0.5218579234972678 0.0078125 0.01366120218579235
0 0.3759765625 0.7090163934426229 0.0126953125 0.023224043715846996
0 0.3525390625 0.7568306010928961 0.013671875 0.02185792349726776
0 0.3525390625 0.7049180327868853 0.0107421875 0.01639344262295082
0 0.3720703125 0.6284153005464481 0.009765625 0.01912568306010929
0 0.3544921875 0.6297814207650273 0.009765625 0.01912568306010929
0 0.3525390625 0.5806010928961749 0.0107421875 0.017759562841530054
0 0.375 0.5614754098360656 0.009765625 0.017759562841530054
0 0.419921875 0.5642076502732241 0.009765625 0.01639344262295082
0 0.4033203125 0.5491803278688525 0.0087890625 0.017759562841530054
0 0.4169921875 0.5423497267759563 0.009765625 0.015027322404371584
0 0.3349609375 0.6229508196721312 0.0087890625 0.01912568306010929
0 0.2509765625 0.7704918032786885 0.013671875 0.023224043715846996
0 0.310546875 0.7404371584699454 0.0126953125 0.02185792349726776
0 0.328125 0.7103825136612022 0.01171875 0.020491803278688523
0 0.2978515625 0.6967213114754098 0.01171875 0.01912568306010929
0 0.265625 0.7185792349726776 0.0126953125 0.020491803278688523
0 0.21875 0.7595628415300546 0.013671875 0.023224043715846996
0 0.21875 0.7909836065573771 0.013671875 0.023224043715846996
0 0.154296875 0.8306010928961749 0.015625 0.025956284153005466
0 0.1435546875 0.7622950819672131 0.015625 0.02185792349726776
0 0.1943359375 0.7459016393442623 0.0126953125 0.01912568306010929
0 0.212890625 0.7308743169398907 0.0126953125 0.020491803278688523
0 0.193359375 0.6830601092896175 0.01171875 0.01912568306010929
0 0.1669921875 0.6871584699453552 0.0126953125 0.01912568306010929
0 0.142578125 0.6857923497267759 0.01171875 0.020491803278688523
0 0.2919921875 0.6598360655737705 0.0107421875 0.01912568306010929
0 0.248046875 0.6680327868852459 0.01171875 0.020491803278688523
0 0.2900390625 0.6297814207650273 0.0107421875 0.01912568306010929
0 0.2705078125 0.6202185792349727 0.0107421875 0.017759562841530054
0 0.24609375 0.610655737704918 0.01171875 0.01912568306010929
0 0.3203125 0.5997267759562842 0.0107421875 0.01912568306010929
0 0.0947265625 0.7117486338797814 0.013671875 0.02459016393442623
0 0.0810546875 0.7431693989071039 0.015625 0.02185792349726776
0 0.0400390625 0.6366120218579235 0.013671875 0.02459016393442623
0 0.3115234375 0.7978142076502732 0.0126953125 0.020491803278688523
0 0.1376953125 0.6338797814207651 0.0126953125 0.020491803278688523
0 0.1787109375 0.6270491803278688 0.01171875 0.020491803278688523
0 0.197265625 0.5792349726775956 0.0107421875 0.01639344262295082
0 0.177734375 0.5737704918032787 0.009765625 0.01912568306010929
0 0.1396484375 0.5860655737704918 0.0126953125 0.01912568306010929
0 0.1572265625 0.592896174863388 0.009765625 0.017759562841530054
0 0.158203125 0.575136612021858 0.009765625 0.015027322404371584
0 0.1123046875 0.5997267759562842 0.0126953125 0.017759562841530054
0 0.072265625 0.6284153005464481 0.013671875 0.01912568306010929
0 0.0859375 0.6092896174863388 0.0126953125 0.02185792349726776
0 0.0849609375 0.5792349726775956 0.0126953125 0.020491803278688523
0 0.0458984375 0.610655737704918 0.0126953125 0.017759562841530054
0 0.07421875 0.5560109289617486 0.0087890625 0.015027322404371584
0 0.095703125 0.5450819672131147 0.01171875 0.01366120218579235
0 0.109375 0.5450819672131147 0.0107421875 0.01912568306010929
0 0.126953125 0.546448087431694 0.0107421875 0.017759562841530054
0 0.1376953125 0.5327868852459017 0.0087890625 0.012295081967213115
0 0.16015625 0.5491803278688525 0.009765625 0.01639344262295082
0 0.12109375 0.5737704918032787 0.01171875 0.017759562841530054
0 0.15234375 0.5478142076502732 0.009765625 0.015027322404371584
0 0.1865234375 0.5396174863387978 0.0107421875 0.01912568306010929
0 0.173828125 0.5327868852459017 0.0087890625 0.017759562841530054
0 0.1591796875 0.5191256830601093 0.009765625 0.015027322404371584
0 0.18359375 0.5163934426229508 0.0087890625 0.01639344262295082
0 0.19921875 0.5204918032786885 0.0087890625 0.017759562841530054
0 0.212890625 0.5273224043715847 0.009765625 0.01912568306010929
0 0.22265625 0.51775956284153 0.0087890625 0.01639344262295082
0 0.2041015625 0.5 0.0087890625 0.015027322404371584
0 0.2490234375 0.5300546448087432 0.0078125 0.01639344262295082
0 0.2734375 0.523224043715847 0.0087890625 0.01639344262295082
0 0.287109375 0.5300546448087432 0.0087890625 0.01639344262295082
0 0.302734375 0.5245901639344263 0.009765625 0.015027322404371584
0 0.3125 0.51775956284153 0.0087890625 0.01639344262295082
0 0.294921875 0.5095628415300546 0.0087890625 0.01639344262295082
0 0.2705078125 0.5095628415300546 0.009765625 0.017759562841530054
0 0.2529296875 0.4959016393442623 0.009765625 0.01639344262295082
0 0.251953125 0.5163934426229508 0.0068359375 0.015027322404371584
0 0.232421875 0.4972677595628415 0.009765625 0.01366120218579235
0 0.2841796875 0.4918032786885246 0.0087890625 0.01639344262295082
0 0.306640625 0.48770491803278687 0.0087890625 0.015027322404371584
0 0.322265625 0.505464480874317 0.009765625 0.01912568306010929
0 0.2958984375 0.587431693989071 0.0107421875 0.01912568306010929
0 0.30078125 0.46994535519125685 0.0107421875 0.01639344262295082
0 0.2998046875 0.45081967213114754 0.0068359375 0.012295081967213115
0 0.318359375 0.4562841530054645 0.0068359375 0.01366120218579235
0 0.3310546875 0.4713114754098361 0.0068359375 0.015027322404371584
0 0.3466796875 0.4726775956284153 0.0087890625 0.015027322404371584
0 0.3583984375 0.4918032786885246 0.0078125 0.015027322404371584
0 0.3388671875 0.5191256830601093 0.0087890625 0.017759562841530054
0 0.3388671875 0.5 0.0078125 0.015027322404371584
0 0.330078125 0.49863387978142076 0.0068359375 0.01639344262295082
0 0.3701171875 0.5027322404371585 0.0078125 0.01639344262295082
0 0.3916015625 0.4918032786885246 0.0087890625 0.015027322404371584
0 0.4091796875 0.5 0.0078125 0.015027322404371584
0 0.423828125 0.5 0.0078125 0.01366120218579235
0 0.3955078125 0.47404371584699456 0.0087890625 0.01639344262295082
0 0.3779296875 0.4808743169398907 0.0078125 0.01366120218579235
0 0.380859375 0.4685792349726776 0.009765625 0.01639344262295082
0 0.4189453125 0.47404371584699456 0.0078125 0.017759562841530054
0 0.4345703125 0.4576502732240437 0.009765625 0.017759562841530054
0 0.4501953125 0.44672131147540983 0.0087890625 0.01366120218579235
0 0.4130859375 0.45081967213114754 0.0068359375 0.015027322404371584
0 0.392578125 0.44808743169398907 0.0078125 0.015027322404371584
0 0.3623046875 0.45491803278688525 0.005859375 0.012295081967213115
0 0.3515625 0.43989071038251365 0.009765625 0.01366120218579235
0 0.3349609375 0.44808743169398907 0.0078125 0.012295081967213115
0 0.3408203125 0.430327868852459 0.0068359375 0.012295081967213115
0 0.3408203125 0.42213114754098363 0.005859375 0.01092896174863388
0 0.36328125 0.42896174863387976 0.0087890625 0.012295081967213115
0 0.361328125 0.41530054644808745 0.0068359375 0.009562841530054645
0 0.3740234375 0.45081967213114754 0.0068359375 0.012295081967213115
0 0.228515625 0.4494535519125683 0.0068359375 0.01092896174863388
0 0.2392578125 0.43989071038251365 0.0078125 0.012295081967213115
0 0.2783203125 0.4385245901639344 0.0078125 0.015027322404371584
0 0.2158203125 0.5560109289617486 0.0107421875 0.01912568306010929
0 0.5380859375 0.4030054644808743 0.005859375 0.01366120218579235
0 0.5732421875 0.43169398907103823 0.0068359375 0.015027322404371584
0 0.5869140625 0.4016393442622951 0.0068359375 0.012295081967213115
0 0.5947265625 0.38524590163934425 0.005859375 0.012295081967213115
0 0.5810546875 0.39344262295081966 0.005859375 0.01366120218579235
0 0.5732421875 0.39207650273224043 0.005859375 0.012295081967213115
0 0.576171875 0.37158469945355194 0.0068359375 0.01366120218579235
0 0.5576171875 0.37841530054644806 0.0068359375 0.012295081967213115
0 0.548828125 0.3756830601092896 0.0048828125 0.009562841530054645
0 0.55078125 0.39207650273224043 0.005859375 0.01092896174863388
0 0.5390625 0.3797814207650273 0.0068359375 0.012295081967213115
0 0.513671875 0.37841530054644806 0.0068359375 0.01366120218579235
0 0.525390625 0.37158469945355194 0.0078125 0.01366120218579235
0 0.498046875 0.3770491803278688 0.0068359375 0.015027322404371584
0 0.484375 0.3770491803278688 0.0068359375 0.012295081967213115
0 0.466796875 0.40027322404371585 0.0068359375 0.01366120218579235
0 0.4765625 0.3907103825136612 0.0068359375 0.012295081967213115
0 0.451171875 0.40846994535519127 0.005859375 0.012295081967213115
0 0.4443359375 0.4180327868852459 0.005859375 0.01092896174863388
0 0.4248046875 0.4139344262295082 0.0068359375 0.01366120218579235
0 0.41796875 0.412568306010929 0.0068359375 0.012295081967213115
0 0.4072265625 0.41530054644808745 0.0078125 0.012295081967213115
0 0.3974609375 0.4139344262295082 0.0048828125 0.009562841530054645
0 0.412109375 0.43989071038251365 0.0068359375 0.01366120218579235
0 0.400390625 0.39344262295081966 0.005859375 0.00819672131147541
0 0.431640625 0.37841530054644806 0.0078125 0.015027322404371584
0 0.44921875 0.38524590163934425 0.005859375 0.012295081967213115
0 0.462890625 0.3879781420765027 0.0068359375 0.012295081967213115
0 0.4609375 0.36475409836065575 0.0068359375 0.01092896174863388
0 0.5068359375 0.36885245901639346 0.0068359375 0.012295081967213115