0 0.8251953125 0.6796875 0.025390625 0.044270833333333336
0 0.564453125 0.63671875 0.009765625 0.015625
0 0.4345703125 0.5546875 0.0166015625 0.024739583333333332
0 0.40234375 0.6015625 0.0107421875 0.020833333333333332
0 0.36328125 0.7057291666666666 0.0244140625 0.033854166666666664
0 0.3310546875 0.59765625 0.0078125 0.013020833333333334
0 0.1044921875 0.6783854166666666 0.01953125 0.028645833333333332
0 0.1318359375 0.6145833333333334 0.0087890625 0.014322916666666666
0 0.177734375 0.6184895833333334 0.009765625 0.014322916666666666
0 0.2060546875 0.6002604166666666 0.0087890625 0.015625
0 0.0966796875 0.59375 0.0107421875 0.015625
0 0.0166015625 0.6354166666666666 0.0146484375 0.016927083333333332