0 0.013671875 0.5852941176470589 0.005859375 0.010294117647058823
0 0.041015625 0.575 0.005859375 0.013235294117647059
0 0.080078125 0.5735294117647058 0.009765625 0.020588235294117647
0 0.1240234375 0.5647058823529412 0.0068359375 0.013235294117647059
0 0.1552734375 0.586764705882353 0.0078125 0.01764705882352941
0 0.1806640625 0.5838235294117647 0.0068359375 0.013235294117647059
0 0.1962890625 0.5647058823529412 0.0048828125 0.013235294117647059
0 0.2236328125 0.5676470588235294 0.0048828125 0.007352941176470588
0 0.240234375 0.575 0.0048828125 0.008823529411764706
0 0.248046875 0.575 0.0048828125 0.008823529411764706
0 0.2373046875 0.5647058823529412 0.0029296875 0.0058823529411764705
0 0.3212890625 0.5794117647058824 0.005859375 0.013235294117647059
0 0.4697265625 0.7132352941176471 0.0107421875 0.03235294117647059
0 0.4970703125 0.586764705882353 0.0244140625 0.03676470588235294
0 0.546875 0.5602941176470588 0.017578125 0.03235294117647059
0 0.6064453125 0.5470588235294118 0.005859375 0.008823529411764706
0 0.380859375 0.5720588235294117 0.0048828125 0.008823529411764706
0 0.42578125 0.5573529411764706 0.0048828125 0.014705882352941176