0 0.009765625 0.8580729166666666 0.01953125 0.048177083333333336
0 0.1220703125 0.8606770833333334 0.02734375 0.046875
0 0.15625 0.83984375 0.025390625 0.046875
0 0.26953125 0.8072916666666666 0.017578125 0.045572916666666664
0 0.38671875 0.8020833333333334 0.021484375 0.046875
0 0.873046875 0.8268229166666666 0.013671875 0.037760416666666664
0 0.0302734375 0.6276041666666666 0.0146484375 0.036458333333333336
0 0.1181640625 0.4752604166666667 0.0185546875 0.037760416666666664
0 0.0234375 0.4192708333333333 0.0146484375 0.024739583333333332
0 0.1103515625 0.40234375 0.0107421875 0.026041666666666668
0 0.1435546875 0.40234375 0.015625 0.026041666666666668
0 0.185546875 0.4270833333333333 0.009765625 0.0234375
0 0.232421875 0.4466145833333333 0.015625 0.032552083333333336
0 0.3193359375 0.4296875 0.017578125 0.032552083333333336
0 0.31640625 0.390625 0.0126953125 0.026041666666666668
0 0.369140625 0.42578125 0.0126953125 0.02734375
0 0.2822265625 0.4153645833333333 0.0107421875 0.020833333333333332
0 0.2509765625 0.421875 0.009765625 0.022135416666666668
0 0.4111328125 0.3763020833333333 0.015625 0.029947916666666668
0 0.41796875 0.3997395833333333 0.0146484375 0.029947916666666668
0 0.541015625 0.484375 0.0146484375 0.029947916666666668
0 0.5634765625 0.41796875 0.015625 0.020833333333333332
0 0.615234375 0.4401041666666667 0.0146484375 0.03515625
0 0.4326171875 0.578125 0.0185546875 0.037760416666666664
0 0.763671875 0.51953125 0.017578125 0.040364583333333336
0 0.787109375 0.5208333333333334 0.01953125 0.036458333333333336
0 0.712890625 0.40234375 0.015625 0.03125
0 0.763671875 0.4153645833333333 0.017578125 0.028645833333333332
0 0.892578125 0.5208333333333334 0.009765625 0.040364583333333336
0 0.9638671875 0.5403645833333334 0.0107421875 0.037760416666666664
0 0.962890625 0.58203125 0.01171875 0.033854166666666664
0 0.9658203125 0.421875 0.0146484375 0.029947916666666668
0 0.908203125 0.41796875 0.0126953125 0.03125
0 0.890625 0.3684895833333333 0.0146484375 0.028645833333333332
0 0.8046875 0.3828125 0.0126953125 0.029947916666666668
0 0.8447265625 0.4609375 0.015625 0.02734375
0 0.787109375 0.4166666666666667 0.013671875 0.02734375
0 0.8623046875 0.3606770833333333 0.009765625 0.024739583333333332
0 0.9853515625 0.3815104166666667 0.0107421875 0.037760416666666664
0 0.3134765625 0.36328125 0.0146484375 0.029947916666666668
0 0.8935546875 0.5807291666666666 0.0107421875 0.036458333333333336
0 0.8330078125 0.5494791666666666 0.0146484375 0.03125
0 0.38671875 0.4427083333333333 0.0185546875 0.03125
0 0.427734375 0.5052083333333334 0.0205078125 0.01953125
0 0.7080078125 0.38671875 0.0146484375 0.01953125
0 0.8486328125 0.41015625 0.0166015625 0.028645833333333332