0 0.3056640625 0.5641399416909622 0.017578125 0.037900874635568516
0 0.15234375 0.4271137026239067 0.00390625 0.01020408163265306
0 0.2001953125 0.4271137026239067 0.0029296875 0.008746355685131196
0 0.23046875 0.4096209912536443 0.0048828125 0.01020408163265306
0 0.234375 0.4067055393586006 0.0048828125 0.008746355685131196
0 0.1572265625 0.4314868804664723 0.0029296875 0.007288629737609329
0 0.244140625 0.4096209912536443 0.00390625 0.01020408163265306
0 0.2822265625 0.4037900874635568 0.005859375 0.01020408163265306
0 0.30078125 0.4329446064139942 0.005859375 0.008746355685131196
0 0.3466796875 0.45043731778425655 0.005859375 0.011661807580174927
0 0.490234375 0.3717201166180758 0.00390625 0.007288629737609329
0 0.4375 0.39212827988338195 0.00390625 0.008746355685131196
0 0.5888671875 0.44169096209912534 0.0087890625 0.01749271137026239
0 0.5771484375 0.48104956268221577 0.0166015625 0.027696793002915453
0 0.6328125 0.3965014577259475 0.00390625 0.007288629737609329
0 0.65234375 0.39067055393586003 0.00390625 0.008746355685131196
0 0.6865234375 0.3979591836734694 0.00390625 0.008746355685131196
0 0.6943359375 0.39941690962099125 0.0029296875 0.0058309037900874635
0 0.7392578125 0.4139941690962099 0.00390625 0.008746355685131196
0 0.77734375 0.41690962099125367 0.00390625 0.01020408163265306
0 0.798828125 0.4752186588921283 0.005859375 0.011661807580174927
0 0.802734375 0.4329446064139942 0.0048828125 0.007288629737609329
0 0.8251953125 0.45481049562682213 0.005859375 0.011661807580174927
0 0.84375 0.45335276967930027 0.0078125 0.014577259475218658
0 0.8193359375 0.47230320699708456 0.0048828125 0.01020408163265306
0 0.896484375 0.4737609329446064 0.0078125 0.013119533527696793
0 0.904296875 0.5364431486880467 0.0068359375 0.01749271137026239
0 0.9140625 0.48833819241982507 0.0068359375 0.018950437317784258