0 0.1005859375 0.2747395833333333 0.009765625 0.020833333333333332
0 0.4404296875 0.1484375 0.0048828125 0.0078125
0 0.46484375 0.15885416666666666 0.0068359375 0.010416666666666666
0 0.4873046875 0.15625 0.005859375 0.013020833333333334
0 0.533203125 0.16536458333333334 0.0068359375 0.013020833333333334
0 0.5556640625 0.14973958333333334 0.0048828125 0.009114583333333334
0 0.4345703125 0.3958333333333333 0.033203125 0.0625
0 0.10546875 0.19791666666666666 0.0068359375 0.010416666666666666
0 0.1181640625 0.1875 0.0078125 0.018229166666666668
0 0.123046875 0.1328125 0.005859375 0.010416666666666666
0 0.3125 0.14973958333333334 0.0068359375 0.013020833333333334
0 0.2783203125 0.15755208333333334 0.0048828125 0.009114583333333334
0 0.3974609375 0.17708333333333334 0.0048828125 0.006510416666666667
0 0.7431640625 0.14713541666666666 0.0068359375 0.013020833333333334
0 0.7822265625 0.15625 0.005859375 0.009114583333333334
0 0.7490234375 0.171875 0.0078125 0.013020833333333334
0 0.912109375 0.18489583333333334 0.0048828125 0.01171875
0 0.87109375 0.15755208333333334 0.0048828125 0.0078125
0 0.580078125 0.12239583333333333 0.00390625 0.005208333333333333
0 0.140625 0.15885416666666666 0.0087890625 0.014322916666666666
0 0.287109375 0.13411458333333334 0.0068359375 0.010416666666666666
0 0.390625 0.13932291666666666 0.0048828125 0.009114583333333334