0 0.71875 0.7774524158125915 0.01171875 0.016105417276720352
0 0.708984375 0.8257686676427526 0.0078125 0.014641288433382138
0 0.6953125 0.6881405563689604 0.0078125 0.01903367496339678
0 0.66796875 0.6866764275256223 0.0078125 0.017569546120058566
0 0.654296875 0.6764275256222547 0.0068359375 0.013177159590043924
0 0.650390625 0.705710102489019 0.005859375 0.016105417276720352
0 0.8408203125 0.6076134699853587 0.00390625 0.013177159590043924
0 0.9326171875 0.705710102489019 0.0048828125 0.016105417276720352
0 0.828125 0.6266471449487555 0.005859375 0.014641288433382138
0 0.7509765625 0.4978038067349927 0.0048828125 0.010248901903367497
0 0.9130859375 0.48316251830161056 0.0048828125 0.010248901903367497
0 0.951171875 0.5021961932650073 0.00390625 0.010248901903367497
0 0.96875 0.4289897510980966 0.00390625 0.007320644216691069
0 0.60546875 0.9516837481698389 0.009765625 0.02342606149341142
0 0.6806640625 0.9912152269399708 0.009765625 0.013177159590043924
0 0.1728515625 0.7759882869692533 0.009765625 0.01903367496339678
0 0.2373046875 0.8857979502196194 0.01171875 0.014641288433382138
0 0.2646484375 0.8462664714494875 0.0107421875 0.013177159590043924
0 0.15625 0.6793557833089312 0.0087890625 0.016105417276720352
0 0.3349609375 0.9516837481698389 0.0048828125 0.027818448023426062
0 0.349609375 0.8975109809663251 0.013671875 0.014641288433382138
0 0.4794921875 0.828696925329429 0.0107421875 0.017569546120058566
0 0.50390625 0.9150805270863837 0.0087890625 0.016105417276720352
0 0.50390625 0.6559297218155198 0.005859375 0.017569546120058566
0 0.4716796875 0.636896046852123 0.00390625 0.014641288433382138
0 0.5400390625 0.7042459736456809 0.0048828125 0.016105417276720352
0 0.587890625 0.6998535871156661 0.0048828125 0.017569546120058566
0 0.7275390625 0.6339677891654466 0.0068359375 0.016105417276720352
0 0.654296875 0.9077598828696926 0.0078125 0.01903367496339678
0 0.7109375 0.8726207906295754 0.009765625 0.01903367496339678
0 0.6640625 0.8418740849194729 0.009765625 0.016105417276720352
0 0.2451171875 0.705710102489019 0.005859375 0.01171303074670571
0 0.2509765625 0.7276720351390923 0.0068359375 0.010248901903367497
0 0.740234375 0.8008784773060029 0.0087890625 0.01903367496339678
0 0.7177734375 0.6090775988286969 0.0068359375 0.016105417276720352
0 0.7392578125 0.6134699853587116 0.0048828125 0.013177159590043924
0 0.7578125 0.6852122986822841 0.005859375 0.013177159590043924
0 0.87109375 0.6969253294289898 0.0078125 0.014641288433382138
0 0.865234375 0.6544655929721815 0.005859375 0.010248901903367497