0 0.0380859375 0.7252604166666666 0.017578125 0.02734375
0 0.220703125 0.5299479166666666 0.0205078125 0.03515625
0 0.2861328125 0.6328125 0.0126953125 0.01953125
0 0.2880859375 0.4934895833333333 0.0146484375 0.026041666666666668
0 0.091796875 0.4661458333333333 0.0087890625 0.018229166666666668
0 0.1474609375 0.5091145833333334 0.0078125 0.01171875
0 0.1240234375 0.4505208333333333 0.0078125 0.010416666666666666
0 0.458984375 0.4791666666666667 0.01171875 0.024739583333333332
0 0.48046875 0.4583333333333333 0.0048828125 0.009114583333333334
0 0.443359375 0.4401041666666667 0.005859375 0.01171875
0 0.79296875 0.5677083333333334 0.0224609375 0.044270833333333336
0 0.6123046875 0.4908854166666667 0.01171875 0.020833333333333332
0 0.5322265625 0.45703125 0.0048828125 0.006510416666666667
0 0.568359375 0.4440104166666667 0.005859375 0.010416666666666666
0 0.74609375 0.4518229166666667 0.0068359375 0.01171875
0 0.76171875 0.4518229166666667 0.0048828125 0.01171875
0 0.787109375 0.4075520833333333 0.00390625 0.005208333333333333
0 0.7548828125 0.4114583333333333 0.0048828125 0.006510416666666667
0 0.6884765625 0.4153645833333333 0.00390625 0.005208333333333333
0 0.7216796875 0.4322916666666667 0.005859375 0.0078125
0 0.642578125 0.4192708333333333 0.0087890625 0.01171875