0 0.3193359375 0.552665799739922 0.009765625 0.014304291287386216
0 0.3603515625 0.5123537061118335 0.009765625 0.016905071521456438
0 0.39453125 0.47854356306892065 0.0078125 0.013003901170351105
0 0.4306640625 0.4889466840052016 0.0078125 0.013003901170351105
0 0.37890625 0.44213263979193757 0.005859375 0.011703511053315995
0 0.0458984375 0.6684005201560468 0.0146484375 0.02080624187256177
0 0.0078125 0.4850455136540962 0.0087890625 0.014304291287386216
0 0.107421875 0.4083224967490247 0.005859375 0.011703511053315995
0 0.1923828125 0.44213263979193757 0.0087890625 0.013003901170351105
0 0.8671875 0.8387516254876463 0.017578125 0.022106631989596878
0 0.98828125 0.8049414824447334 0.01953125 0.02860858257477243
0 0.8427734375 0.27698309492847856 0.0068359375 0.009102730819245773
0 0.8681640625 0.2535760728218466 0.005859375 0.009102730819245773
0 0.8056640625 0.26527958387516254 0.0068359375 0.009102730819245773
0 0.916015625 0.4174252275682705 0.0068359375 0.010403120936280884
0 0.1474609375 0.5734720416124838 0.0107421875 0.015604681404421327
0 0.498046875 0.7802340702210663 0.009765625 0.018205461638491547
0 0.6162109375 0.552665799739922 0.0078125 0.01950585175552666
0 0.6484375 0.42782834850455137 0.005859375 0.009102730819245773
0 0.2646484375 0.28998699609882966 0.0068359375 0.011703511053315995