0 0.078125 0.4198174706649283 0.0224609375 0.041720990873533245
0 0.15234375 0.5176010430247718 0.0205078125 0.024771838331160364
0 0.240234375 0.4276401564537158 0.0126953125 0.01694915254237288
0 0.2255859375 0.4485006518904824 0.0107421875 0.01694915254237288
0 0.2646484375 0.44589308996088656 0.0126953125 0.01955671447196871
0 0.2734375 0.4276401564537158 0.005859375 0.010430247718383311
0 0.38671875 0.4576271186440678 0.005859375 0.007822685788787484
0 0.474609375 0.4471968709256845 0.01953125 0.03129074315514994
0 0.517578125 0.4863102998696219 0.015625 0.02607561929595828
0 0.3828125 0.530638852672751 0.015625 0.020860495436766623
0 0.5986328125 0.4511082138200782 0.0068359375 0.014341590612777053
0 0.5830078125 0.42633637548891784 0.0107421875 0.018252933507170794
0 0.7001953125 0.439374185136897 0.0244140625 0.03780964797913951
0 0.85546875 0.4876140808344198 0.0234375 0.03911342894393742