0 0.0908203125 0.3697916666666667 0.0126953125 0.016927083333333332
0 0.0634765625 0.3658854166666667 0.0068359375 0.015625
0 0.0498046875 0.3580729166666667 0.005859375 0.010416666666666666
0 0.03125 0.3697916666666667 0.0078125 0.016927083333333332
0 0.04296875 0.4466145833333333 0.0126953125 0.016927083333333332
0 0.0361328125 0.4583333333333333 0.0078125 0.015625
0 0.0927734375 0.4401041666666667 0.009765625 0.020833333333333332
0 0.1044921875 0.4361979166666667 0.015625 0.0234375
0 0.1884765625 0.4388020833333333 0.013671875 0.026041666666666668
0 0.197265625 0.3932291666666667 0.0068359375 0.013020833333333334
0 0.1826171875 0.3697916666666667 0.0068359375 0.01171875
0 0.2900390625 0.37109375 0.0068359375 0.01171875
0 0.322265625 0.359375 0.0068359375 0.013020833333333334
0 0.3603515625 0.3541666666666667 0.005859375 0.014322916666666666
0 0.38671875 0.4361979166666667 0.0087890625 0.018229166666666668
0 0.40625 0.4466145833333333 0.0146484375 0.02734375
0 0.5009765625 0.4283854166666667 0.017578125 0.026041666666666668
0 0.4736328125 0.3450520833333333 0.0087890625 0.013020833333333334
0 0.5986328125 0.3567708333333333 0.0078125 0.014322916666666666
0 0.61328125 0.3489583333333333 0.0087890625 0.016927083333333332
0 0.7294921875 0.4322916666666667 0.0166015625 0.036458333333333336
0 0.7763671875 0.43359375 0.0068359375 0.015625
0 0.7919921875 0.4388020833333333 0.0068359375 0.01171875
0 0.7783203125 0.4934895833333333 0.0126953125 0.028645833333333332
0 0.7421875 0.5143229166666666 0.0146484375 0.03125
0 0.8828125 0.3958333333333333 0.0107421875 0.01171875
0 0.8056640625 0.3658854166666667 0.0068359375 0.01171875
0 0.9814453125 0.3307291666666667 0.0048828125 0.010416666666666666
0 0.23828125 0.37109375 0.009765625 0.016927083333333332