0 0.197265625 0.3975694444444444 0.0126953125 0.026041666666666668
0 0.205078125 0.3541666666666667 0.0087890625 0.019097222222222224
0 0.2353515625 0.3402777777777778 0.0078125 0.017361111111111112
0 0.259765625 0.3194444444444444 0.0078125 0.019097222222222224
0 0.271484375 0.4079861111111111 0.0107421875 0.022569444444444444
0 0.3095703125 0.4670138888888889 0.0126953125 0.029513888888888888
0 0.35546875 0.4565972222222222 0.01171875 0.024305555555555556
0 0.3896484375 0.4774305555555556 0.0107421875 0.019097222222222224
0 0.44921875 0.5052083333333334 0.01171875 0.020833333333333332
0 0.30078125 0.3177083333333333 0.009765625 0.017361111111111112
0 0.32421875 0.4114583333333333 0.0087890625 0.017361111111111112
0 0.3466796875 0.4131944444444444 0.009765625 0.026041666666666668
0 0.3349609375 0.3454861111111111 0.0087890625 0.017361111111111112
0 0.357421875 0.3524305555555556 0.009765625 0.020833333333333332
0 0.39453125 0.4288194444444444 0.0078125 0.020833333333333332
0 0.439453125 0.40625 0.0087890625 0.024305555555555556
0 0.4833984375 0.4270833333333333 0.009765625 0.020833333333333332
0 0.3857421875 0.3541666666666667 0.009765625 0.020833333333333332
0 0.400390625 0.3611111111111111 0.0107421875 0.020833333333333332
0 0.392578125 0.3246527777777778 0.0078125 0.015625
0 0.40234375 0.3263888888888889 0.0068359375 0.015625
0 0.4150390625 0.3506944444444444 0.0078125 0.019097222222222224
0 0.423828125 0.3177083333333333 0.0068359375 0.012152777777777778
0 0.44921875 0.3524305555555556 0.0087890625 0.015625
0 0.431640625 0.3454861111111111 0.0068359375 0.017361111111111112
0 0.462890625 0.2881944444444444 0.0078125 0.020833333333333332
0 0.4853515625 0.3038194444444444 0.0078125 0.015625
0 0.4833984375 0.3506944444444444 0.0078125 0.017361111111111112
0 0.45703125 0.3454861111111111 0.0078125 0.013888888888888888
0 0.8173828125 0.4583333333333333 0.0087890625 0.022569444444444444
0 0.7861328125 0.4496527777777778 0.009765625 0.022569444444444444
0 0.7421875 0.4774305555555556 0.0107421875 0.019097222222222224
0 0.703125 0.4565972222222222 0.0107421875 0.020833333333333332
0 0.70703125 0.375 0.0078125 0.013888888888888888
0 0.685546875 0.3680555555555556 0.0087890625 0.022569444444444444
0 0.666015625 0.3663194444444444 0.0068359375 0.017361111111111112
0 0.6484375 0.359375 0.0068359375 0.020833333333333332
0 0.6298828125 0.3159722222222222 0.0087890625 0.017361111111111112
0 0.5908203125 0.2847222222222222 0.0068359375 0.017361111111111112
0 0.580078125 0.3350694444444444 0.0078125 0.012152777777777778
0 0.623046875 0.3663194444444444 0.0068359375 0.013888888888888888
0 0.63671875 0.5763888888888888 0.0107421875 0.017361111111111112
0 0.6064453125 0.4878472222222222 0.0107421875 0.019097222222222224
0 0.5712890625 0.5694444444444444 0.009765625 0.019097222222222224
0 0.5224609375 0.5590277777777778 0.0107421875 0.024305555555555556
0 0.53515625 0.4097222222222222 0.0087890625 0.015625
0 0.5595703125 0.4201388888888889 0.005859375 0.013888888888888888
0 0.51171875 0.4010416666666667 0.0068359375 0.020833333333333332
0 0.525390625 0.3958333333333333 0.0087890625 0.015625
0 0.5380859375 0.3541666666666667 0.005859375 0.012152777777777778
0 0.548828125 0.3350694444444444 0.005859375 0.012152777777777778
0 0.5322265625 0.2760416666666667 0.0078125 0.013888888888888888
0 0.5087890625 0.3559027777777778 0.0068359375 0.017361111111111112
0 0.5068359375 0.3350694444444444 0.0068359375 0.013888888888888888
0 0.8818359375 0.5104166666666666 0.009765625 0.019097222222222224
0 0.583984375 0.4652777777777778 0.0068359375 0.012152777777777778
0 0.6181640625 0.3940972222222222 0.0087890625 0.020833333333333332