0 0.53515625 0.3880208333333333 0.04296875 0.08072916666666667
0 0.900390625 0.140625 0.0263671875 0.0546875
0 0.9462890625 0.1328125 0.0244140625 0.0390625
0 0.845703125 0.1328125 0.01953125 0.041666666666666664
0 0.7353515625 0.15234375 0.0146484375 0.029947916666666668
0 0.5087890625 0.10807291666666667 0.0341796875 0.06640625
0 0.328125 0.13802083333333334 0.0302734375 0.052083333333333336
0 0.291015625 0.10416666666666667 0.0205078125 0.045572916666666664
0 0.1865234375 0.171875 0.025390625 0.049479166666666664
0 0.2109375 0.13932291666666666 0.0244140625 0.0390625
0 0.1005859375 0.16927083333333334 0.0205078125 0.03125
0 0.1572265625 0.1796875 0.0185546875 0.03125
0 0.384765625 0.3424479166666667 0.0419921875 0.0859375
0 0.458984375 0.16666666666666666 0.01953125 0.037760416666666664
0 0.5361328125 0.12890625 0.0283203125 0.045572916666666664