0 0.0234375 0.25806451612903225 0.0166015625 0.056925996204933584
0 0.046875 0.15939278937381404 0.0166015625 0.05502846299810247
0 0.1171875 0.24667931688804554 0.017578125 0.058823529411764705
0 0.1787109375 0.23719165085388993 0.0302734375 0.08159392789373814
0 0.25390625 0.16698292220113853 0.0146484375 0.05313092979127135
0 0.404296875 0.3092979127134725 0.0126953125 0.03795066413662239
0 0.3115234375 0.33586337760910817 0.009765625 0.03984819734345351
0 0.5048828125 0.3111954459203036 0.01953125 0.06072106261859583
0 0.6484375 0.36242884250474383 0.0185546875 0.03795066413662239
0 0.7568359375 0.29791271347248577 0.01171875 0.04933586337760911
0 0.8583984375 0.3301707779886148 0.0126953125 0.05313092979127135
0 0.7099609375 0.21631878557874762 0.0068359375 0.013282732447817837
0 0.7412109375 0.174573055028463 0.0087890625 0.013282732447817837
0 0.642578125 0.16129032258064516 0.0078125 0.015180265654648957
0 0.591796875 0.174573055028463 0.009765625 0.022770398481973434
0 0.5478515625 0.17267552182163187 0.0087890625 0.022770398481973434
0 0.6650390625 0.20113851992409867 0.0068359375 0.022770398481973434
0 0.3017578125 0.14990512333965844 0.009765625 0.020872865275142316