0 0.9541015625 0.3317757009345794 0.037109375 0.07009345794392523
0 0.9287109375 0.24454828660436137 0.0380859375 0.07320872274143302
0 0.9287109375 0.09190031152647975 0.0390625 0.07320872274143302
0 0.849609375 0.3115264797507788 0.0380859375 0.06853582554517133
0 0.7890625 0.26791277258566976 0.037109375 0.07165109034267912
0 0.7646484375 0.3878504672897196 0.041015625 0.0763239875389408
0 0.73828125 0.3317757009345794 0.03515625 0.08255451713395638
0 0.6494140625 0.3177570093457944 0.0380859375 0.06697819314641744
0 0.634765625 0.2398753894080997 0.0361328125 0.06697819314641744
0 0.5498046875 0.2554517133956386 0.0400390625 0.07165109034267912
0 0.5703125 0.3987538940809969 0.0380859375 0.07009345794392523
0 0.455078125 0.3177570093457944 0.0341796875 0.07320872274143302
0 0.4326171875 0.2554517133956386 0.04296875 0.07320872274143302
0 0.7529296875 0.1059190031152648 0.044921875 0.0778816199376947
0 0.06640625 0.09657320872274143 0.0517578125 0.09813084112149532
0 0.1875 0.1791277258566978 0.04296875 0.08722741433021806
0 0.3525390625 0.35358255451713394 0.0380859375 0.07320872274143302
0 0.361328125 0.24922118380062305 0.0419921875 0.07165109034267912
0 0.298828125 0.3177570093457944 0.0361328125 0.07009345794392523
0 0.2314453125 0.35358255451713394 0.0400390625 0.07165109034267912
0 0.4814453125 0.18847352024922118 0.0419921875 0.07476635514018691