0 0.8505859375 0.64375 0.0185546875 0.0359375
0 0.8564453125 0.3265625 0.013671875 0.03125
0 0.806640625 0.3328125 0.0126953125 0.028125
0 0.7646484375 0.84375 0.0107421875 0.025
0 0.6259765625 0.7 0.009765625 0.01875
0 0.7119140625 0.6875 0.0078125 0.015625
0 0.216796875 0.6796875 0.0224609375 0.0390625
0 0.5107421875 0.1453125 0.03515625 0.0828125
0 0.44921875 0.1484375 0.037109375 0.08125
0 0.140625 0.109375 0.0224609375 0.04375
0 0.103515625 0.1 0.0234375 0.0484375
0 0.177734375 0.1078125 0.0224609375 0.04375
0 0.20703125 0.1296875 0.0224609375 0.0453125
0 0.2021484375 0.409375 0.0068359375 0.0171875
0 0.138671875 0.38125 0.0078125 0.0140625
0 0.197265625 0.4046875 0.0078125 0.0171875
0 0.84765625 0.1375 0.005859375 0.0109375
0 0.6083984375 0.15625 0.0087890625 0.015625
0 0.1650390625 0.359375 0.0068359375 0.015625
0 0.1923828125 0.7296875 0.0146484375 0.0203125
0 0.841796875 0.1734375 0.0107421875 0.021875
0 0.7587890625 0.2390625 0.0126953125 0.0203125
0 0.7412109375 0.1609375 0.0087890625 0.01875