0 0.6513671875 0.228515625 0.046875 0.0576171875
0 0.423828125 0.26953125 0.0517578125 0.0654296875
0 0.3466796875 0.271484375 0.044921875 0.0576171875
0 0.23828125 0.224609375 0.0205078125 0.0283203125
0 0.072265625 0.224609375 0.0234375 0.0244140625
0 0.8603515625 0.22265625 0.0146484375 0.0185546875
0 0.900390625 0.22265625 0.0087890625 0.013671875
0 0.921875 0.2275390625 0.009765625 0.0146484375
0 0.951171875 0.2265625 0.0146484375 0.0146484375
0 0.7998046875 0.251953125 0.01171875 0.0166015625
0 0.7822265625 0.228515625 0.0107421875 0.0107421875
0 0.7705078125 0.2255859375 0.0087890625 0.0107421875
0 0.70703125 0.2177734375 0.017578125 0.0205078125
0 0.5849609375 0.2265625 0.017578125 0.01953125
0 0.8154296875 0.2421875 0.0087890625 0.01171875
0 0.9365234375 0.2294921875 0.009765625 0.013671875