0 0.1162109375 0.33607907742998355 0.0419921875 0.09060955518945635
0 0.263671875 0.28171334431630973 0.0478515625 0.10873146622734761
0 0.2568359375 0.14497528830313014 0.0439453125 0.09555189456342669
0 0.7041015625 0.5815485996705108 0.05859375 0.0642504118616145
0 0.5263671875 0.19110378912685339 0.05078125 0.09555189456342669
0 0.7919921875 0.22899505766062603 0.0546875 0.12026359143327842
0 0.9677734375 0.22405271828665568 0.0458984375 0.10049423393739704
0 0.927734375 0.09390444810543658 0.04296875 0.10543657331136738
0 0.48828125 0.09884678747940692 0.03515625 0.07248764415156507
0 0.43359375 0.12026359143327842 0.0302734375 0.06589785831960461
0 0.376953125 0.02800658978583196 0.03515625 0.057660626029654036
0 0.0654296875 0.03459637561779242 0.0498046875 0.06919275123558484
0 0.2529296875 0.019769357495881382 0.0537109375 0.04118616144975288
0 0.080078125 0.33607907742998355 0.0234375 0.04942339373970346