0 0.1416015625 0.31295336787564765 0.009765625 0.012435233160621761
0 0.5634765625 0.34300518134715025 0.0146484375 0.016580310880829015
0 0.283203125 0.7274611398963731 0.0380859375 0.04248704663212435
0 0.8125 0.5709844559585492 0.0224609375 0.03730569948186528
0 0.76171875 0.40621761658031086 0.01171875 0.021761658031088083
0 0.8837890625 0.3295336787564767 0.0078125 0.008290155440414507
0 0.666015625 0.28808290155440414 0.0078125 0.008290155440414507
0 0.6328125 0.28082901554404144 0.0068359375 0.008290155440414507
0 0.6162109375 0.5689119170984456 0.0146484375 0.03005181347150259
0 0.2197265625 0.17927461139896372 0.0078125 0.011398963730569948
0 0.203125 0.17823834196891192 0.009765625 0.011398963730569948