0 0.2197265625 0.16707317073170733 0.0126953125 0.023170731707317073
0 0.2607421875 0.16097560975609757 0.0185546875 0.03048780487804878
0 0.3349609375 0.17317073170731706 0.0146484375 0.024390243902439025
0 0.33984375 0.13658536585365855 0.009765625 0.02195121951219512
0 0.3681640625 0.1329268292682927 0.01171875 0.024390243902439025
0 0.392578125 0.16097560975609757 0.009765625 0.020731707317073172
0 0.37890625 0.18170731707317073 0.013671875 0.018292682926829267
0 0.345703125 0.10975609756097561 0.0146484375 0.015853658536585366
0 0.2998046875 0.18292682926829268 0.009765625 0.018292682926829267
0 0.427734375 0.11219512195121951 0.009765625 0.01707317073170732
0 0.44140625 0.1475609756097561 0.0126953125 0.024390243902439025
0 0.431640625 0.17926829268292682 0.0126953125 0.02804878048780488
0 0.484375 0.1353658536585366 0.0107421875 0.01951219512195122
0 0.4677734375 0.1878048780487805 0.0107421875 0.023170731707317073
0 0.5234375 0.1378048780487805 0.0126953125 0.026829268292682926
0 0.5546875 0.17560975609756097 0.0146484375 0.02804878048780488
0 0.494140625 0.1878048780487805 0.01171875 0.01707317073170732
0 0.599609375 0.13658536585365855 0.01171875 0.020731707317073172
0 0.6298828125 0.12804878048780488 0.0087890625 0.024390243902439025
0 0.671875 0.1475609756097561 0.0107421875 0.024390243902439025
0 0.671875 0.11585365853658537 0.013671875 0.026829268292682926
0 0.658203125 0.08658536585365853 0.0126953125 0.024390243902439025
0 0.6005859375 0.17804878048780487 0.01171875 0.025609756097560974
0 0.6435546875 0.17804878048780487 0.0146484375 0.03170731707317073
0 0.6669921875 0.18170731707317073 0.009765625 0.024390243902439025
0 0.6845703125 0.19146341463414634 0.01171875 0.025609756097560974
0 0.7109375 0.10975609756097561 0.0126953125 0.025609756097560974
0 0.7158203125 0.1548780487804878 0.0166015625 0.02926829268292683
0 0.7177734375 0.1878048780487805 0.0166015625 0.026829268292682926
0 0.76171875 0.11829268292682926 0.0146484375 0.02926829268292683
0 0.8017578125 0.13170731707317074 0.0126953125 0.025609756097560974
0 0.8134765625 0.18048780487804877 0.0166015625 0.04024390243902439
0 0.845703125 0.12317073170731707 0.013671875 0.03170731707317073
0 0.859375 0.18292682926829268 0.01953125 0.041463414634146344
0 0.9111328125 0.1975609756097561 0.0146484375 0.036585365853658534
0 0.9453125 0.13170731707317074 0.015625 0.03048780487804878
0 0.962890625 0.19390243902439025 0.0166015625 0.03170731707317073