0 0.6279296875 0.3802083333333333 0.03125 0.07161458333333333
0 0.6767578125 0.28125 0.03515625 0.08723958333333333
0 0.7802734375 0.17447916666666666 0.0302734375 0.08463541666666667
0 0.5361328125 0.203125 0.029296875 0.06770833333333333
0 0.8173828125 0.26953125 0.0185546875 0.03125
0 0.857421875 0.1875 0.01953125 0.029947916666666668
0 0.9296875 0.19401041666666666 0.017578125 0.033854166666666664
0 0.5751953125 0.20182291666666666 0.021484375 0.04296875
0 0.5986328125 0.20963541666666666 0.0234375 0.03515625
0 0.6533203125 0.20052083333333334 0.013671875 0.024739583333333332
0 0.6767578125 0.18489583333333334 0.0185546875 0.018229166666666668
0 0.146484375 0.265625 0.02734375 0.05078125
0 0.2216796875 0.21223958333333334 0.0205078125 0.03515625
0 0.28515625 0.19401041666666666 0.0205078125 0.03515625
0 0.365234375 0.20703125 0.0205078125 0.036458333333333336
0 0.0869140625 0.20052083333333334 0.0166015625 0.028645833333333332
0 0.01953125 0.23046875 0.0205078125 0.033854166666666664
0 0.166015625 0.1796875 0.017578125 0.033854166666666664
0 0.9736328125 0.18489583333333334 0.0126953125 0.028645833333333332
0 0.1943359375 0.20572916666666666 0.013671875 0.029947916666666668
0 0.4033203125 0.20703125 0.0166015625 0.033854166666666664
0 0.392578125 0.19270833333333334 0.01953125 0.03515625
0 0.2099609375 0.20182291666666666 0.017578125 0.03125
0 0.3388671875 0.203125 0.0166015625 0.01953125
0 0.3544921875 0.17317708333333334 0.0107421875 0.01953125
0 0.306640625 0.19010416666666666 0.015625 0.024739583333333332