0 0.068359375 0.2994791666666667 0.025390625 0.045572916666666664
0 0.0751953125 0.3203125 0.0146484375 0.029947916666666668
0 0.1103515625 0.33203125 0.0234375 0.044270833333333336
0 0.0126953125 0.375 0.0263671875 0.0546875
0 0.0126953125 0.45703125 0.025390625 0.061197916666666664
0 0.03125 0.45703125 0.0234375 0.052083333333333336
0 0.0537109375 0.4388020833333333 0.0185546875 0.033854166666666664
0 0.171875 0.5846354166666666 0.0341796875 0.057291666666666664
0 0.1630859375 0.3684895833333333 0.0283203125 0.048177083333333336
0 0.1923828125 0.3385416666666667 0.0234375 0.04296875
0 0.2216796875 0.37890625 0.02734375 0.046875
0 0.2607421875 0.3841145833333333 0.0263671875 0.044270833333333336
0 0.2998046875 0.4010416666666667 0.017578125 0.037760416666666664
0 0.2822265625 0.41015625 0.0185546875 0.03515625
0 0.2958984375 0.22526041666666666 0.0546875 0.053385416666666664
0 0.462890625 0.40234375 0.0185546875 0.032552083333333336
0 0.5068359375 0.3815104166666667 0.0185546875 0.028645833333333332
0 0.5517578125 0.4466145833333333 0.017578125 0.026041666666666668
0 0.568359375 0.453125 0.013671875 0.022135416666666668
0 0.576171875 0.4010416666666667 0.0146484375 0.028645833333333332
0 0.5888671875 0.3776041666666667 0.01171875 0.0234375
0 0.7294921875 0.4127604166666667 0.0087890625 0.022135416666666668
0 0.759765625 0.390625 0.0126953125 0.022135416666666668
0 0.7744140625 0.39453125 0.0166015625 0.028645833333333332
0 0.814453125 0.4244791666666667 0.0126953125 0.01953125
0 0.8134765625 0.4544270833333333 0.009765625 0.01953125
0 0.833984375 0.4322916666666667 0.0107421875 0.015625
0 0.8447265625 0.4205729166666667 0.0126953125 0.01953125
0 0.859375 0.4401041666666667 0.0107421875 0.018229166666666668
0 0.861328125 0.4192708333333333 0.0126953125 0.020833333333333332
0 0.6904296875 0.1953125 0.048828125 0.07161458333333333
0 0.0224609375 0.3177083333333333 0.0244140625 0.046875
0 0.8837890625 0.421875 0.01171875 0.018229166666666668
0 0.873046875 0.453125 0.0087890625 0.015625
0 0.8984375 0.4270833333333333 0.01171875 0.016927083333333332
0 0.8984375 0.4635416666666667 0.009765625 0.013020833333333334
0 0.9130859375 0.4192708333333333 0.0107421875 0.015625
0 0.93359375 0.4166666666666667 0.0078125 0.015625
0 0.939453125 0.4205729166666667 0.0078125 0.014322916666666666
0 0.9619140625 0.4153645833333333 0.009765625 0.016927083333333332
0 0.97265625 0.4153645833333333 0.0087890625 0.014322916666666666
0 0.8193359375 0.14973958333333334 0.0078125 0.015625
0 0.9775390625 0.48046875 0.02734375 0.036458333333333336
0 0.3173828125 0.3697916666666667 0.0166015625 0.03125
0 0.2568359375 0.3463541666666667 0.0166015625 0.02734375
0 0.06640625 0.4127604166666667 0.017578125 0.032552083333333336
0 0.1826171875 0.4869791666666667 0.029296875 0.033854166666666664
0 0.3349609375 0.39453125 0.01953125 0.03515625
0 0.443359375 0.3880208333333333 0.0166015625 0.03515625
0 0.939453125 0.4505208333333333 0.0087890625 0.015625
0 0.5517578125 0.3893229166666667 0.013671875 0.020833333333333332