0 0.228515625 0.6122754491017964 0.0078125 0.011976047904191617
0 0.1396484375 0.6062874251497006 0.0166015625 0.02694610778443114
0 0.373046875 0.5419161676646707 0.009765625 0.017964071856287425
0 0.3857421875 0.5479041916167665 0.0078125 0.019461077844311378
0 0.3994140625 0.5523952095808383 0.009765625 0.020958083832335328
0 0.4287109375 0.5374251497005988 0.009765625 0.02694610778443114
0 0.5595703125 0.5494011976047904 0.0087890625 0.017964071856287425
0 0.5185546875 0.6047904191616766 0.0068359375 0.01347305389221557
0 0.568359375 0.6272455089820359 0.0068359375 0.017964071856287425
0 0.580078125 0.5568862275449101 0.005859375 0.016467065868263474
0 0.591796875 0.594311377245509 0.0068359375 0.011976047904191617
0 0.63671875 0.5688622754491018 0.0068359375 0.010479041916167664
0 0.7041015625 0.5538922155688623 0.005859375 0.011976047904191617
0 0.74609375 0.5673652694610778 0.005859375 0.020958083832335328
0 0.7685546875 0.5718562874251497 0.0087890625 0.016467065868263474
0 0.79296875 0.5658682634730539 0.005859375 0.014970059880239521
0 0.875 0.5598802395209581 0.0087890625 0.016467065868263474
0 0.7978515625 0.6137724550898204 0.009765625 0.02694610778443114
0 0.9150390625 0.561377245508982 0.0048828125 0.01347305389221557