0 0.51953125 0.435630689206762 0.0263671875 0.05201560468140442
0 0.4501953125 0.33940182054616386 0.0107421875 0.01950585175552666
0 0.4482421875 0.3016905071521456 0.0087890625 0.014304291287386216
0 0.5517578125 0.33029908972691807 0.0107421875 0.02080624187256177
0 0.5869140625 0.31469440832249673 0.0107421875 0.022106631989596878
0 0.5986328125 0.28608582574772434 0.005859375 0.010403120936280884
0 0.4794921875 0.3094928478543563 0.0087890625 0.010403120936280884
0 0.92578125 0.38881664499349805 0.009765625 0.014304291287386216
0 0.9814453125 0.3576072821846554 0.0107421875 0.015604681404421327
0 0.974609375 0.28998699609882966 0.0048828125 0.007802340702210663
0 0.958984375 0.29128738621586475 0.00390625 0.007802340702210663
0 0.88671875 0.3016905071521456 0.005859375 0.010403120936280884
0 0.6982421875 0.293888166449935 0.005859375 0.007802340702210663
0 0.66796875 0.30299089726918077 0.00390625 0.009102730819245773
0 0.748046875 0.2925877763328999 0.005859375 0.006501950585175552
0 0.775390625 0.30039011703511054 0.0048828125 0.007802340702210663
0 0.4287109375 0.6553966189856957 0.03125 0.04811443433029909
0 0.1298828125 0.3328998699609883 0.0146484375 0.022106631989596878
0 0.1796875 0.2925877763328999 0.009765625 0.016905071521456438
0 0.2421875 0.3433029908972692 0.015625 0.02860858257477243
0 0.71484375 0.33940182054616386 0.0068359375 0.009102730819245773