0 0.2138671875 0.7122395833333334 0.00390625 0.010416666666666666
0 0.1748046875 0.7109375 0.0048828125 0.006510416666666667
0 0.1650390625 0.6380208333333334 0.00390625 0.005208333333333333
0 0.3447265625 0.953125 0.0087890625 0.018229166666666668
0 0.484375 0.9205729166666666 0.013671875 0.018229166666666668
0 0.501953125 0.703125 0.0048828125 0.010416666666666666
0 0.41015625 0.6510416666666666 0.005859375 0.010416666666666666
0 0.5283203125 0.6223958333333334 0.001953125 0.009114583333333334
0 0.7900390625 0.83203125 0.0068359375 0.016927083333333332
0 0.6923828125 0.64453125 0.0048828125 0.009114583333333334
0 0.734375 0.625 0.00390625 0.009114583333333334
0 0.64453125 0.6028645833333334 0.0029296875 0.0078125
0 0.7470703125 0.6171875 0.00390625 0.0078125
0 0.8525390625 0.6940104166666666 0.0029296875 0.009114583333333334
0 0.96484375 0.7265625 0.0048828125 0.01171875
0 0.828125 0.6067708333333334 0.0048828125 0.010416666666666666
0 0.861328125 0.6067708333333334 0.00390625 0.010416666666666666
0 0.9140625 0.61328125 0.00390625 0.006510416666666667
0 0.9443359375 0.5755208333333334 0.0048828125 0.009114583333333334
0 0.94140625 0.6315104166666666 0.00390625 0.0078125
0 0.9794921875 0.6119791666666666 0.00390625 0.006510416666666667
0 0.0205078125 0.66796875 0.005859375 0.009114583333333334
0 0.048828125 0.6588541666666666 0.00390625 0.010416666666666666
0 0.056640625 0.77734375 0.0087890625 0.014322916666666666
0 0.11328125 0.7747395833333334 0.0107421875 0.014322916666666666
0 0.162109375 0.7903645833333334 0.0078125 0.010416666666666666
0 0.09375 0.6979166666666666 0.005859375 0.01171875
0 0.359375 0.6171875 0.00390625 0.006510416666666667
0 0.240234375 0.6223958333333334 0.0048828125 0.0078125
0 0.2314453125 0.625 0.00390625 0.010416666666666666
0 0.41015625 0.8190104166666666 0.005859375 0.013020833333333334
0 0.5478515625 0.6393229166666666 0.00390625 0.01171875
0 0.6611328125 0.5989583333333334 0.0029296875 0.005208333333333333
0 0.8017578125 0.6015625 0.005859375 0.0078125
0 0.8896484375 0.6158854166666666 0.0048828125 0.0078125
0 0.9638671875 0.609375 0.00390625 0.0078125
0 0.9853515625 0.5716145833333334 0.00390625 0.0078125
0 0.912109375 0.5638020833333334 0.00390625 0.0078125
0 0.177734375 0.375 0.005859375 0.0078125
0 0.2001953125 0.3763020833333333 0.00390625 0.0078125
0 0.099609375 0.3776041666666667 0.00390625 0.006510416666666667
0 0.0869140625 0.375 0.00390625 0.006510416666666667
0 0.0888671875 0.3893229166666667 0.00390625 0.006510416666666667
0 0.1201171875 0.3854166666666667 0.00390625 0.0078125
0 0.15625 0.3854166666666667 0.0048828125 0.0078125
0 0.150390625 0.3854166666666667 0.0048828125 0.0078125
0 0.0966796875 0.6692708333333334 0.0068359375 0.013020833333333334