0 0.212890625 0.6184895833333334 0.0087890625 0.014322916666666666
0 0.4482421875 0.6328125 0.0078125 0.013020833333333334
0 0.46484375 0.6184895833333334 0.0078125 0.013020833333333334
0 0.4814453125 0.6106770833333334 0.0078125 0.01171875
0 0.578125 0.578125 0.0078125 0.013020833333333334
0 0.568359375 0.5651041666666666 0.0068359375 0.01171875
0 0.0458984375 0.6263020833333334 0.0087890625 0.013020833333333334
0 0.3671875 0.5872395833333334 0.0078125 0.01171875
0 0.33984375 0.62109375 0.0068359375 0.010416666666666666
0 0.25 0.5716145833333334 0.0068359375 0.01171875
0 0.408203125 0.5911458333333334 0.0068359375 0.01171875
0 0.38671875 0.5572916666666666 0.0087890625 0.013020833333333334
0 0.44140625 0.5533854166666666 0.0048828125 0.009114583333333334
0 0.5859375 0.6263020833333334 0.0068359375 0.013020833333333334
0 0.552734375 0.5794270833333334 0.0048828125 0.006510416666666667
0 0.5859375 0.5208333333333334 0.0068359375 0.009114583333333334
0 0.51171875 0.5494791666666666 0.0068359375 0.01171875
0 0.275390625 0.5143229166666666 0.005859375 0.01171875
0 0.2978515625 0.48046875 0.005859375 0.009114583333333334
0 0.2109375 0.5247395833333334 0.005859375 0.009114583333333334
0 0.220703125 0.5286458333333334 0.0048828125 0.009114583333333334
0 0.123046875 0.5377604166666666 0.0078125 0.009114583333333334
0 0.1923828125 0.4739583333333333 0.0048828125 0.009114583333333334
0 0.390625 0.4791666666666667 0.0048828125 0.009114583333333334
0 0.626953125 0.83984375 0.0166015625 0.020833333333333332
0 0.462890625 0.45703125 0.00390625 0.0078125
0 0.4794921875 0.4544270833333333 0.0048828125 0.006510416666666667
0 0.5068359375 0.4557291666666667 0.0048828125 0.009114583333333334
0 0.9697265625 0.6315104166666666 0.009765625 0.01171875
0 0.3056640625 0.5364583333333334 0.005859375 0.0078125
0 0.3056640625 0.4973958333333333 0.0078125 0.010416666666666666
0 0.3408203125 0.4986979166666667 0.0078125 0.010416666666666666
0 0.341796875 0.5182291666666666 0.00390625 0.006510416666666667
0 0.376953125 0.58203125 0.005859375 0.009114583333333334
0 0.314453125 0.6119791666666666 0.005859375 0.010416666666666666
0 0.408203125 0.5638020833333334 0.0078125 0.01171875
0 0.37890625 0.5325520833333334 0.0078125 0.0078125
0 0.2451171875 0.6041666666666666 0.005859375 0.01171875
0 0.353515625 0.6783854166666666 0.0048828125 0.014322916666666666
0 0.294921875 0.7044270833333334 0.0107421875 0.014322916666666666
0 0.1572265625 0.5208333333333334 0.005859375 0.009114583333333334
0 0.1240234375 0.5872395833333334 0.00390625 0.010416666666666666
0 0.091796875 0.4869791666666667 0.005859375 0.010416666666666666
0 0.0830078125 0.4713541666666667 0.00390625 0.009114583333333334
0 0.07421875 0.5091145833333334 0.00390625 0.005208333333333333
0 0.0498046875 0.49609375 0.0068359375 0.010416666666666666
0 0.1494140625 0.4895833333333333 0.005859375 0.009114583333333334
0 0.4521484375 0.5833333333333334 0.005859375 0.01171875
0 0.5576171875 0.5859375 0.005859375 0.010416666666666666
0 0.5458984375 0.6692708333333334 0.0087890625 0.013020833333333334
0 0.47265625 0.6875 0.005859375 0.010416666666666666
0 0.5126953125 0.48828125 0.005859375 0.010416666666666666
0 0.1533203125 0.734375 0.0087890625 0.016927083333333332
0 0.171875 0.7421875 0.0087890625 0.015625
0 0.314453125 0.6953125 0.0068359375 0.010416666666666666
0 0.3056640625 0.7018229166666666 0.0048828125 0.01171875
0 0.3740234375 0.7044270833333334 0.0078125 0.015625
0 0.7099609375 0.7200520833333334 0.005859375 0.014322916666666666
0 0.685546875 0.7942708333333334 0.0107421875 0.015625
0 0.6640625 0.8346354166666666 0.01171875 0.01953125
0 0.67578125 0.7604166666666666 0.009765625 0.015625
0 0.6435546875 0.4635416666666667 0.00390625 0.009114583333333334