0 0.0322265625 0.6537356321839081 0.0224609375 0.041666666666666664
0 0.0322265625 0.5747126436781609 0.0087890625 0.015804597701149427
0 0.111328125 0.6221264367816092 0.0087890625 0.015804597701149427
0 0.294921875 0.6192528735632183 0.0224609375 0.03017241379310345
0 0.2255859375 0.5718390804597702 0.0107421875 0.01293103448275862
0 0.2099609375 0.6278735632183908 0.0126953125 0.015804597701149427
0 0.4462890625 0.5991379310344828 0.0068359375 0.01867816091954023
0 0.5185546875 0.617816091954023 0.0048828125 0.008620689655172414
0 0.5830078125 0.625 0.009765625 0.021551724137931036
0 0.7529296875 0.6077586206896551 0.0107421875 0.020114942528735632
0 0.9404296875 0.5962643678160919 0.0078125 0.014367816091954023
0 0.8759765625 0.6408045977011494 0.017578125 0.035919540229885055
0 0.7470703125 0.5833333333333334 0.0107421875 0.011494252873563218
0 0.103515625 0.603448275862069 0.01171875 0.015804597701149427
0 0.2421875 0.6163793103448276 0.013671875 0.01293103448275862
0 0.013671875 0.5833333333333334 0.0107421875 0.021551724137931036
0 0.9033203125 0.5689655172413793 0.0078125 0.015804597701149427
0 0.78125 0.6206896551724138 0.009765625 0.014367816091954023
0 0.8876953125 0.5977011494252874 0.013671875 0.022988505747126436