0 0.654296875 0.2691176470588235 0.0458984375 0.07794117647058824
0 0.7734375 0.3352941176470588 0.0361328125 0.07352941176470588
0 0.86328125 0.36470588235294116 0.0263671875 0.052941176470588235
0 0.560546875 0.3220588235294118 0.03125 0.058823529411764705
0 0.4345703125 0.3 0.037109375 0.06323529411764706
0 0.384765625 0.3426470588235294 0.0244140625 0.04852941176470588
0 0.27734375 0.3220588235294118 0.03515625 0.06323529411764706
0 0.107421875 0.32941176470588235 0.03125 0.051470588235294115
0 0.322265625 0.17058823529411765 0.0126953125 0.01911764705882353
0 0.4228515625 0.21323529411764705 0.0107421875 0.01764705882352941
0 0.5263671875 0.36470588235294116 0.025390625 0.045588235294117645