0 0.0458984375 0.5688311688311688 0.0087890625 0.02077922077922078
0 0.0341796875 0.5623376623376624 0.01171875 0.024675324675324677
0 0.2998046875 0.5922077922077922 0.005859375 0.014285714285714285
0 0.333984375 0.5636363636363636 0.0078125 0.02077922077922078
0 0.3896484375 0.5857142857142857 0.01171875 0.01818181818181818
0 0.462890625 0.561038961038961 0.0087890625 0.015584415584415584
0 0.0166015625 0.5662337662337662 0.0107421875 0.02077922077922078
0 0.7177734375 0.6779220779220779 0.0185546875 0.024675324675324677
0 0.76171875 0.5623376623376624 0.015625 0.025974025974025976
0 0.568359375 0.5584415584415584 0.0126953125 0.016883116883116882
0 0.4228515625 0.5974025974025974 0.0126953125 0.02207792207792208
0 0.3525390625 0.561038961038961 0.0126953125 0.025974025974025976
0 0.6142578125 0.587012987012987 0.0107421875 0.016883116883116882
0 0.1552734375 0.4987012987012987 0.01953125 0.046753246753246755
0 0.2314453125 0.561038961038961 0.0146484375 0.032467532467532464
0 0.263671875 0.5753246753246753 0.0146484375 0.023376623376623377
0 0.0732421875 0.577922077922078 0.0107421875 0.01818181818181818
0 0.4833984375 0.5857142857142857 0.0146484375 0.02857142857142857
0 0.52734375 0.5883116883116883 0.009765625 0.015584415584415584
0 0.517578125 0.5896103896103896 0.0087890625 0.016883116883116882