0 0.4912109375 0.34478203434610305 0.0234375 0.04227212681638045
0 0.5361328125 0.35535006605019814 0.01953125 0.03963011889035667
0 0.5517578125 0.37780713342140027 0.017578125 0.04095112285336856
0 0.6220703125 0.4848084544253633 0.0234375 0.036988110964332896
0 0.625 0.40686922060766184 0.017578125 0.035667107001321
0 0.642578125 0.3474240422721268 0.025390625 0.03038309114927345
0 0.4892578125 0.26816380449141347 0.0234375 0.034346103038309116
0 0.04296875 0.15191545574636725 0.017578125 0.03963011889035667
0 0.00390625 0.05416116248348745 0.0087890625 0.026420079260237782
0 0.173828125 0.052840158520475564 0.017578125 0.035667107001321
0 0.0673828125 0.32100396301188905 0.01953125 0.04491413474240423
0 0.740234375 0.12285336856010567 0.0224609375 0.034346103038309116
0 0.859375 0.03302509907529723 0.021484375 0.03830911492734478
0 0.9638671875 0.052840158520475564 0.01953125 0.034346103038309116
0 0.8837890625 0.2430647291941876 0.021484375 0.03830911492734478
0 0.9345703125 0.14134742404227213 0.015625 0.036988110964332896
0 0.4765625 0.02774108322324967 0.01953125 0.03963011889035667
0 0.6708984375 0.023778071334214 0.0224609375 0.036988110964332896
0 0.71875 0.015852047556142668 0.0234375 0.02906208718626156
0 0.7763671875 0.013210039630118891 0.0205078125 0.026420079260237782
0 0.69921875 0.10303830911492734 0.013671875 0.03302509907529723
0 0.96875 0.7926023778071334 0.0263671875 0.043593130779392336
0 0.8876953125 0.9180977542932629 0.017578125 0.035667107001321
0 0.5869140625 0.13210039630118892 0.0205078125 0.026420079260237782
0 0.4326171875 0.3342140026420079 0.0166015625 0.035667107001321
0 0.3447265625 0.34478203434610305 0.021484375 0.034346103038309116
0 0.53125 0.036988110964332896 0.025390625 0.036988110964332896
0 0.814453125 0.005284015852047556 0.0185546875 0.011889035667107