0 0.9599609375 0.4713541666666667 0.01171875 0.022135416666666668
0 0.986328125 0.46484375 0.0068359375 0.01171875
0 0.9404296875 0.4518229166666667 0.005859375 0.010416666666666666
0 0.943359375 0.4440104166666667 0.0048828125 0.0078125
0 0.9208984375 0.453125 0.0107421875 0.020833333333333332
0 0.900390625 0.46875 0.01171875 0.0234375
0 0.9169921875 0.49609375 0.009765625 0.01953125
0 0.9091796875 0.5768229166666666 0.0078125 0.020833333333333332
0 0.904296875 0.546875 0.0087890625 0.020833333333333332
0 0.8427734375 0.6888020833333334 0.02734375 0.05078125
0 0.953125 0.6966145833333334 0.0126953125 0.046875
0 0.7763671875 0.61328125 0.0126953125 0.036458333333333336
0 0.85546875 0.5859375 0.0107421875 0.0234375
0 0.6767578125 0.4973958333333333 0.0078125 0.01953125
0 0.6123046875 0.52734375 0.0068359375 0.015625
0 0.6396484375 0.53515625 0.01171875 0.020833333333333332
0 0.5986328125 0.51171875 0.01171875 0.015625
0 0.5615234375 0.5208333333333334 0.005859375 0.01953125
0 0.609375 0.6106770833333334 0.01171875 0.0234375
0 0.748046875 0.5338541666666666 0.009765625 0.020833333333333332
0 0.7197265625 0.5052083333333334 0.0078125 0.016927083333333332
0 0.8515625 0.5559895833333334 0.0087890625 0.0234375
0 0.8017578125 0.54296875 0.0107421875 0.020833333333333332
0 0.794921875 0.52734375 0.0087890625 0.01953125
0 0.8095703125 0.57421875 0.009765625 0.0234375
0 0.83984375 0.6497395833333334 0.01171875 0.029947916666666668
0 0.8271484375 0.6354166666666666 0.013671875 0.026041666666666668
0 0.76171875 0.5846354166666666 0.0107421875 0.01953125
0 0.8095703125 0.4505208333333333 0.005859375 0.009114583333333334
0 0.5947265625 0.4153645833333333 0.005859375 0.0078125
0 0.578125 0.4205729166666667 0.0068359375 0.009114583333333334
0 0.501953125 0.5091145833333334 0.015625 0.016927083333333332
0 0.5087890625 0.5989583333333334 0.0087890625 0.02734375
0 0.5810546875 0.5533854166666666 0.009765625 0.022135416666666668
0 0.4482421875 0.41796875 0.00390625 0.0078125
0 0.4501953125 0.5091145833333334 0.009765625 0.01953125
0 0.4072265625 0.5104166666666666 0.0087890625 0.015625
0 0.3388671875 0.5078125 0.01171875 0.020833333333333332
0 0.2919921875 0.4739583333333333 0.0068359375 0.009114583333333334
0 0.35546875 0.39453125 0.0068359375 0.01171875
0 0.251953125 0.421875 0.005859375 0.006510416666666667
0 0.2685546875 0.4010416666666667 0.00390625 0.006510416666666667
0 0.236328125 0.4270833333333333 0.005859375 0.0078125
0 0.0615234375 0.4375 0.005859375 0.00390625
0 0.056640625 0.48046875 0.01171875 0.018229166666666668
0 0.05078125 0.515625 0.0087890625 0.016927083333333332
0 0.060546875 0.5442708333333334 0.0087890625 0.0234375
0 0.091796875 0.5182291666666666 0.009765625 0.022135416666666668
0 0.1015625 0.5104166666666666 0.009765625 0.01953125
0 0.126953125 0.51171875 0.009765625 0.018229166666666668
0 0.123046875 0.5338541666666666 0.0126953125 0.018229166666666668
0 0.14453125 0.6015625 0.0107421875 0.01953125
0 0.099609375 0.65234375 0.015625 0.026041666666666668
0 0.1728515625 0.5234375 0.0087890625 0.018229166666666668
0 0.17578125 0.50390625 0.0087890625 0.015625
0 0.2001953125 0.5130208333333334 0.0078125 0.015625
0 0.2138671875 0.5208333333333334 0.009765625 0.016927083333333332
0 0.236328125 0.5182291666666666 0.0087890625 0.016927083333333332
0 0.24609375 0.4986979166666667 0.0078125 0.016927083333333332
0 0.259765625 0.5104166666666666 0.0087890625 0.016927083333333332
0 0.2509765625 0.5260416666666666 0.0087890625 0.016927083333333332
0 0.26171875 0.4973958333333333 0.0078125 0.015625
0 0.2841796875 0.5143229166666666 0.01171875 0.01953125
0 0.2939453125 0.51171875 0.0087890625 0.016927083333333332
0 0.3427734375 0.5755208333333334 0.0087890625 0.028645833333333332
0 0.03125 0.5221354166666666 0.009765625 0.016927083333333332
0 0.017578125 0.5403645833333334 0.0078125 0.0234375
0 0.1416015625 0.5130208333333334 0.0068359375 0.016927083333333332
0 0.54296875 0.5338541666666666 0.0087890625 0.020833333333333332
0 0.8623046875 0.41796875 0.0087890625 0.014322916666666666
0 0.6484375 0.5234375 0.01171875 0.01953125
0 0.2578125 0.5716145833333334 0.013671875 0.02734375
0 0.251953125 0.6796875 0.0126953125 0.036458333333333336
0 0.298828125 0.4830729166666667 0.005859375 0.010416666666666666