0 0.0859375 0.2684458398744113 0.01171875 0.029827315541601257
0 0.1533203125 0.2904238618524333 0.017578125 0.03767660910518053
0 0.177734375 0.28885400313971743 0.01953125 0.03924646781789639
0 0.365234375 0.2857142857142857 0.0146484375 0.03139717425431711
0 0.7197265625 0.4097331240188383 0.0234375 0.0423861852433281
0 0.8544921875 0.26373626373626374 0.0185546875 0.04081632653061224
0 0.91015625 0.25117739403453687 0.0185546875 0.03924646781789639
0 0.96484375 0.25902668759811615 0.021484375 0.04395604395604396
0 0.9931640625 0.23076923076923078 0.013671875 0.07849293563579278
0 0.7724609375 0.23076923076923078 0.01171875 0.02197802197802198
0 0.80078125 0.24646781789638933 0.017578125 0.03139717425431711
0 0.7041015625 0.25745682888540034 0.013671875 0.029827315541601257
0 0.9228515625 0.21036106750392464 0.0087890625 0.02040816326530612
0 0.4091796875 0.42857142857142855 0.0166015625 0.023547880690737835
0 0.197265625 0.25902668759811615 0.0107421875 0.01726844583987441
0 0.23828125 0.3328100470957614 0.017578125 0.04081632653061224
0 0.455078125 0.29827315541601257 0.021484375 0.05023547880690738
0 0.8935546875 0.23233908948194662 0.0087890625 0.018838304552590265