0 0.564453125 0.2827763496143959 0.03515625 0.04627249357326478
0 0.4501953125 0.30077120822622105 0.03515625 0.04755784061696658
0 0.15625 0.31233933161953725 0.037109375 0.05012853470437018
0 0.234375 0.2480719794344473 0.0283203125 0.04498714652956298
0 0.2802734375 0.19665809768637532 0.0224609375 0.04498714652956298
0 0.3203125 0.18251928020565553 0.0244140625 0.03598971722365039
0 0.3779296875 0.16966580976863754 0.02734375 0.04113110539845758
0 0.8193359375 0.061696658097686374 0.0205078125 0.02699228791773779
0 0.69140625 0.04884318766066838 0.0244140625 0.038560411311053984
0 0.662109375 0.14781491002570693 0.0205078125 0.03984575835475578
0 0.7373046875 0.14524421593830333 0.017578125 0.028277634961439587
0 0.8076171875 0.12982005141388175 0.013671875 0.02699228791773779
0 0.8955078125 0.13496143958868895 0.01953125 0.02956298200514139
0 0.90625 0.20179948586118251 0.0234375 0.043701799485861184
0 0.4755859375 0.18123393316195371 0.0263671875 0.03470437017994859
0 0.5341796875 0.11311053984575835 0.021484375 0.03470437017994859
0 0.5615234375 0.07583547557840617 0.021484375 0.03470437017994859
0 0.4931640625 0.04884318766066838 0.025390625 0.042416452442159386
0 0.2080078125 0.18894601542416453 0.0322265625 0.04884318766066838
0 0.1279296875 0.2634961439588689 0.0283203125 0.038560411311053984
0 0.072265625 0.19922879177377892 0.0341796875 0.04627249357326478
0 0.046875 0.3046272493573265 0.0302734375 0.05141388174807198
0 0.044921875 0.4974293059125964 0.037109375 0.05269922879177378
0 0.0625 0.13239074550128535 0.021484375 0.032133676092544985
0 0.0986328125 0.13367609254498714 0.0166015625 0.033419023136246784
0 0.1259765625 0.15552699228791775 0.0205078125 0.03470437017994859
0 0.1552734375 0.08868894601542417 0.01953125 0.03984575835475578
0 0.6484375 0.07969151670951156 0.0234375 0.037275064267352186
0 0.6220703125 0.028277634961439587 0.0185546875 0.030848329048843187
0 0.4462890625 0.699228791773779 0.033203125 0.08868894601542417
0 0.3876953125 0.8136246786632391 0.0712890625 0.12467866323907455
0 0.1025390625 0.8753213367609255 0.091796875 0.09640102827763496
0 0.560546875 0.8997429305912596 0.0458984375 0.05269922879177378
0 0.4306640625 0.16452442159383032 0.025390625 0.05012853470437018
0 0.341796875 0.15038560411311053 0.0205078125 0.03470437017994859
0 0.373046875 0.05398457583547558 0.0234375 0.03984575835475578
0 0.8330078125 0.02570694087403599 0.0205078125 0.030848329048843187
0 0.7236328125 0.05141388174807198 0.021484375 0.032133676092544985
0 0.47265625 0.08997429305912596 0.01953125 0.043701799485861184
0 0.9482421875 0.05784061696658098 0.025390625 0.037275064267352186