0 0.2509765625 0.2159090909090909 0.015625 0.026988636363636364
0 0.6142578125 0.13494318181818182 0.0537109375 0.10227272727272728
0 0.7451171875 0.1903409090909091 0.037109375 0.06392045454545454
0 0.826171875 0.140625 0.0234375 0.03977272727272727
0 0.576171875 0.2571022727272727 0.0244140625 0.03551136363636364
0 0.759765625 0.14204545454545456 0.017578125 0.028409090909090908
0 0.85546875 0.16051136363636365 0.0341796875 0.05965909090909091
0 0.8125 0.1875 0.02734375 0.052556818181818184
0 0.07421875 0.2755681818181818 0.0322265625 0.06534090909090909
0 0.2255859375 0.028409090909090908 0.01171875 0.02556818181818182
0 0.3017578125 0.22869318181818182 0.02734375 0.046875
0 0.4306640625 0.24573863636363635 0.021484375 0.052556818181818184
0 0.4482421875 0.21875 0.0263671875 0.03977272727272727
0 0.4892578125 0.2059659090909091 0.01171875 0.03125
0 0.4365234375 0.1747159090909091 0.01171875 0.024147727272727272
0 0.251953125 0.28551136363636365 0.025390625 0.052556818181818184
0 0.3486328125 0.2571022727272727 0.02734375 0.04971590909090909
0 0.46484375 0.23295454545454544 0.0126953125 0.032670454545454544
0 0.505859375 0.18039772727272727 0.0126953125 0.024147727272727272
0 0.1923828125 0.2755681818181818 0.01953125 0.03977272727272727
0 0.8310546875 0.11931818181818182 0.0185546875 0.032670454545454544