0 0.958984375 0.20521739130434782 0.021484375 0.04869565217391304
0 0.1435546875 0.22608695652173913 0.041015625 0.08695652173913043
0 0.240234375 0.22956521739130434 0.0380859375 0.08521739130434783
0 0.20703125 0.19130434782608696 0.02734375 0.08
0 0.1298828125 0.1391304347826087 0.01953125 0.043478260869565216
0 0.1083984375 0.16695652173913045 0.017578125 0.05217391304347826
0 0.2890625 0.17043478260869566 0.0244140625 0.05217391304347826
0 0.3974609375 0.14608695652173914 0.015625 0.04
0 0.421875 0.13217391304347825 0.013671875 0.036521739130434785
0 0.7548828125 0.3234782608695652 0.048828125 0.11826086956521739
0 0.955078125 0.3095652173913043 0.05859375 0.10956521739130434
0 0.7978515625 0.2382608695652174 0.033203125 0.06956521739130435
0 0.447265625 0.2 0.0302734375 0.07304347826086957
0 0.5771484375 0.24695652173913044 0.0283203125 0.07304347826086957
0 0.6240234375 0.1443478260869565 0.0146484375 0.03826086956521739
0 0.6796875 0.17217391304347826 0.015625 0.03304347826086956
0 0.494140625 0.1617391304347826 0.0146484375 0.04
0 0.5576171875 0.17739130434782607 0.0126953125 0.029565217391304348
0 0.8251953125 0.18608695652173912 0.017578125 0.04695652173913043
0 0.29296875 0.30782608695652175 0.0322265625 0.06782608695652174
0 0.2646484375 0.1565217391304348 0.0224609375 0.05565217391304348
0 0.5146484375 0.48 0.0751953125 0.17565217391304347
0 0.0625 0.22086956521739132 0.04296875 0.10086956521739131
0 0.837890625 0.271304347826087 0.0234375 0.05217391304347826
0 0.732421875 0.23130434782608697 0.02734375 0.07130434782608695
0 0.1923828125 0.17739130434782607 0.0234375 0.06434782608695652
0 0.345703125 0.3008695652173913 0.0458984375 0.10608695652173913