0 0.9111328125 0.2875912408759124 0.017578125 0.040875912408759124
0 0.96875 0.29781021897810217 0.0146484375 0.03795620437956204
0 0.6826171875 0.32992700729927005 0.017578125 0.03941605839416058
0 0.8720703125 0.3094890510948905 0.0146484375 0.035036496350364967
0 0.8388671875 0.2686131386861314 0.009765625 0.01897810218978102
0 0.82421875 0.30802919708029197 0.0087890625 0.020437956204379562
0 0.74609375 0.30802919708029197 0.009765625 0.021897810218978103
0 0.7626953125 0.2905109489051095 0.0107421875 0.021897810218978103
0 0.623046875 0.2875912408759124 0.0087890625 0.016058394160583942
0 0.63671875 0.2905109489051095 0.0068359375 0.008759124087591242
0 0.587890625 0.2875912408759124 0.0087890625 0.017518248175182483
0 0.3896484375 0.34744525547445254 0.0244140625 0.043795620437956206
0 0.509765625 0.3167883211678832 0.017578125 0.043795620437956206
0 0.5341796875 0.3021897810218978 0.009765625 0.02335766423357664
0 0.2275390625 0.30802919708029197 0.0185546875 0.051094890510948905
0 0.099609375 0.35912408759124087 0.03125 0.05693430656934306
0 0.2666015625 0.28613138686131384 0.01171875 0.029197080291970802
0 0.283203125 0.29635036496350364 0.0078125 0.021897810218978103
0 0.33984375 0.2832116788321168 0.0078125 0.01897810218978102
0 0.330078125 0.2671532846715328 0.0078125 0.017518248175182483
0 0.408203125 0.2846715328467153 0.0087890625 0.014598540145985401
0 0.42578125 0.28613138686131384 0.0078125 0.016058394160583942
0 0.1796875 0.29781021897810217 0.0146484375 0.032116788321167884
0 0.125 0.27883211678832115 0.01171875 0.027737226277372264
0 0.0966796875 0.28175182481751826 0.0126953125 0.029197080291970802
0 0.07421875 0.28905109489051095 0.01171875 0.02335766423357664
0 0.05078125 0.2948905109489051 0.0107421875 0.026277372262773723
0 0.0205078125 0.2686131386861314 0.0048828125 0.010218978102189781
0 0.1845703125 0.27445255474452557 0.009765625 0.017518248175182483
0 0.3603515625 0.33138686131386863 0.01171875 0.029197080291970802
0 0.244140625 0.29927007299270075 0.0205078125 0.03941605839416058
0 0.3349609375 0.291970802919708 0.0126953125 0.014598540145985401
0 0.3125 0.2875912408759124 0.0107421875 0.017518248175182483
0 0.0048828125 0.2686131386861314 0.0107421875 0.017518248175182483