0 0.7548828125 0.49860335195530725 0.0068359375 0.012569832402234637
0 0.732421875 0.4972067039106145 0.0068359375 0.0111731843575419
0 0.8515625 0.5013966480446927 0.0048828125 0.015363128491620111
0 0.861328125 0.5083798882681564 0.005859375 0.013966480446927373
0 0.8916015625 0.5139664804469274 0.0048828125 0.0111731843575419
0 0.9453125 0.5153631284916201 0.005859375 0.015363128491620111
0 0.798828125 0.5111731843575419 0.0078125 0.0111731843575419
0 0.693359375 0.505586592178771 0.005859375 0.013966480446927373
0 0.6298828125 0.4692737430167598 0.0166015625 0.0335195530726257
0 0.55078125 0.44972067039106145 0.01953125 0.0335195530726257
0 0.4755859375 0.2779329608938548 0.005859375 0.012569832402234637
0 0.53515625 0.2877094972067039 0.0078125 0.0111731843575419
0 0.5029296875 0.28631284916201116 0.005859375 0.009776536312849162
0 0.5595703125 0.2918994413407821 0.0048828125 0.009776536312849162
0 0.5703125 0.2918994413407821 0.005859375 0.013966480446927373
0 0.619140625 0.2849162011173184 0.0048828125 0.013966480446927373
0 0.076171875 0.44692737430167595 0.0205078125 0.029329608938547486
0 0.1376953125 0.45670391061452514 0.0166015625 0.02653631284916201
0 0.189453125 0.4553072625698324 0.015625 0.0335195530726257
0 0.2138671875 0.43435754189944137 0.0185546875 0.030726256983240222
0 0.2802734375 0.4553072625698324 0.0185546875 0.036312849162011177
0 0.3134765625 0.48324022346368717 0.0048828125 0.013966480446927373
0 0.3203125 0.4231843575418994 0.0048828125 0.012569832402234637
0 0.341796875 0.39804469273743015 0.005859375 0.012569832402234637
0 0.263671875 0.3952513966480447 0.0048828125 0.0111731843575419
0 0.2763671875 0.38268156424581007 0.005859375 0.012569832402234637
0 0.2890625 0.37988826815642457 0.0048828125 0.013966480446927373
0 0.302734375 0.3784916201117318 0.005859375 0.009776536312849162
0 0.3095703125 0.3854748603351955 0.0048828125 0.008379888268156424
0 0.318359375 0.3770949720670391 0.0068359375 0.013966480446927373
0 0.3447265625 0.36731843575418993 0.0068359375 0.0111731843575419
0 0.3037109375 0.4790502793296089 0.0078125 0.01675977653631285
0 0.2890625 0.41480446927374304 0.0068359375 0.0111731843575419
0 0.3837890625 0.4790502793296089 0.0185546875 0.03212290502793296
0 0.330078125 0.36731843575418993 0.0078125 0.0111731843575419
0 0.71875 0.2835195530726257 0.0068359375 0.0111731843575419
0 0.701171875 0.2807262569832402 0.0068359375 0.012569832402234637
0 0.6826171875 0.2779329608938548 0.0068359375 0.012569832402234637
0 0.759765625 0.27932960893854747 0.0048828125 0.012569832402234637
0 0.78515625 0.2807262569832402 0.0078125 0.0111731843575419
0 0.767578125 0.2779329608938548 0.0068359375 0.012569832402234637
0 0.484375 0.48463687150837986 0.0107421875 0.02094972067039106
0 0.5078125 0.49441340782122906 0.009765625 0.013966480446927373
0 0.8408203125 0.5195530726256983 0.0078125 0.018156424581005588
0 0.775390625 0.5013966480446927 0.0126953125 0.012569832402234637
0 0.8662109375 0.2779329608938548 0.0078125 0.012569832402234637
0 0.896484375 0.2877094972067039 0.0068359375 0.0111731843575419
0 0.9306640625 0.2807262569832402 0.0078125 0.013966480446927373
0 0.9521484375 0.28212290502793297 0.0078125 0.015363128491620111
0 0.96484375 0.2877094972067039 0.005859375 0.012569832402234637
0 0.8818359375 0.27932960893854747 0.0078125 0.012569832402234637
0 0.9140625 0.28910614525139666 0.0068359375 0.013966480446927373
0 0.84765625 0.2835195530726257 0.0078125 0.013966480446927373
0 0.4326171875 0.3254189944134078 0.005859375 0.008379888268156424
0 0.4912109375 0.2835195530726257 0.0068359375 0.013966480446927373
0 0.5830078125 0.2849162011173184 0.0087890625 0.0111731843575419
0 0.638671875 0.29329608938547486 0.0068359375 0.0111731843575419
0 0.974609375 0.2835195530726257 0.0068359375 0.009776536312849162
0 0.986328125 0.28910614525139666 0.0068359375 0.009776536312849162