0 0.8671875 0.19743178170144463 0.025390625 0.0593900481540931
0 0.740234375 0.20385232744783308 0.0361328125 0.0754414125200642
0 0.5341796875 0.2102728731942215 0.03515625 0.06581059390048154
0 0.54296875 0.12359550561797752 0.0244140625 0.056179775280898875
0 0.4267578125 0.30818619582664525 0.033203125 0.0738362760834671
0 0.302734375 0.3579454253611557 0.0380859375 0.06741573033707865
0 0.12890625 0.29213483146067415 0.033203125 0.0754414125200642
0 0.935546875 0.45585874799357945 0.029296875 0.06741573033707865
0 0.97265625 0.33547351524879615 0.0390625 0.0898876404494382
0 0.501953125 0.4606741573033708 0.03125 0.0738362760834671
0 0.0087890625 0.26324237560192615 0.017578125 0.06260032102728733
0 0.173828125 0.15409309791332262 0.0263671875 0.0593900481540931
0 0.0380859375 0.02247191011235955 0.0205078125 0.04654895666131621
0 0.0107421875 0.39807383627608345 0.021484375 0.05778491171749599
0 0.005859375 0.11556982343499198 0.0126953125 0.056179775280898875