0 0.583984375 0.28820960698689957 0.0771484375 0.14992721979621543
0 0.38671875 0.13682678311499272 0.0283203125 0.05240174672489083
0 0.7138671875 0.19068413391557495 0.044921875 0.09461426491994178
0 0.814453125 0.17612809315866085 0.02734375 0.046579330422125184
0 0.9091796875 0.22707423580786026 0.0322265625 0.06404657933042213
0 0.330078125 0.14556040756914118 0.0234375 0.046579330422125184
0 0.2861328125 0.12809315866084425 0.0185546875 0.03784570596797671
0 0.3134765625 0.11644832605531295 0.0166015625 0.03202328966521106
0 0.04296875 0.09170305676855896 0.0107421875 0.021834061135371178
0 0.1015625 0.10043668122270742 0.015625 0.033478893740902474
0 0.169921875 0.11208151382823872 0.01171875 0.026200873362445413
0 0.1943359375 0.11644832605531295 0.01171875 0.026200873362445413
0 0.25390625 0.11499272197962154 0.0087890625 0.024745269286754003
0 0.5673828125 0.15283842794759825 0.0107421875 0.020378457059679767
0 0.623046875 0.16448326055312956 0.03125 0.056768558951965066
0 0.97265625 0.16302765647743814 0.0283203125 0.050946142649199416
0 0.8896484375 0.16448326055312956 0.0107421875 0.018922852983988356
0 0.8388671875 0.1572052401746725 0.009765625 0.018922852983988356
0 0.9169921875 0.10625909752547306 0.0078125 0.01601164483260553
0 0.8623046875 0.12663755458515283 0.005859375 0.013100436681222707
0 0.7138671875 0.11499272197962154 0.0234375 0.042212518195050945
0 0.22265625 0.12954876273653565 0.0087890625 0.018922852983988356
0 0.947265625 0.15283842794759825 0.021484375 0.04512372634643377
0 0.3681640625 0.1324599708879185 0.009765625 0.020378457059679767
0 0.072265625 0.09461426491994178 0.0068359375 0.01601164483260553