0 0.5068359375 0.22140762463343108 0.01953125 0.03519061583577713
0 0.5751953125 0.18181818181818182 0.0146484375 0.03372434017595308
0 0.5244140625 0.11290322580645161 0.0126953125 0.03225806451612903
0 0.5986328125 0.06598240469208211 0.0107421875 0.030791788856304986
0 0.6708984375 0.04252199413489736 0.01171875 0.03225806451612903
0 0.6826171875 0.2287390029325513 0.013671875 0.03519061583577713
0 0.607421875 0.21994134897360704 0.0185546875 0.03519061583577713
0 0.4111328125 0.17302052785923755 0.017578125 0.04252199413489736
0 0.462890625 0.12903225806451613 0.0146484375 0.03372434017595308
0 0.4658203125 0.22287390029325513 0.015625 0.03372434017595308
0 0.4443359375 0.24780058651026393 0.013671875 0.02932551319648094
0 0.3583984375 0.21700879765395895 0.0146484375 0.03372434017595308
0 0.7060546875 0.11730205278592376 0.009765625 0.03225806451612903
0 0.7333984375 0.1598240469208211 0.009765625 0.03372434017595308
0 0.716796875 0.21114369501466276 0.013671875 0.021994134897360705
0 0.302734375 0.24633431085043989 0.017578125 0.03372434017595308
0 0.2431640625 0.2595307917888563 0.017578125 0.03225806451612903
0 0.22265625 0.22727272727272727 0.0126953125 0.03519061583577713
0 0.2490234375 0.20381231671554254 0.0146484375 0.030791788856304986
0 0.564453125 0.05718475073313783 0.0107421875 0.03225806451612903
0 0.41015625 0.08651026392961877 0.0146484375 0.030791788856304986
0 0.7529296875 0.11730205278592376 0.0107421875 0.020527859237536656
0 0.11328125 0.19941348973607037 0.013671875 0.02932551319648094
0 0.16015625 0.2316715542521994 0.015625 0.030791788856304986
0 0.1943359375 0.22727272727272727 0.0126953125 0.024926686217008796
0 0.0546875 0.23607038123167157 0.0166015625 0.03519061583577713
0 0.009765625 0.21114369501466276 0.0146484375 0.03519061583577713
0 0.1845703125 0.04985337243401759 0.009765625 0.024926686217008796
0 0.2607421875 0.10850439882697947 0.0107421875 0.02785923753665689
0 0.2529296875 0.04838709677419355 0.0107421875 0.017595307917888565
0 0.0771484375 0.30791788856304986 0.0166015625 0.04398826979472141
0 0.78515625 0.13929618768328444 0.013671875 0.030791788856304986
0 0.7783203125 0.20234604105571846 0.0126953125 0.02932551319648094
0 0.8232421875 0.22580645161290322 0.0146484375 0.036656891495601175
0 0.86328125 0.08211143695014662 0.0087890625 0.02785923753665689
0 0.9453125 0.02932551319648094 0.0146484375 0.024926686217008796
0 0.962890625 0.19794721407624633 0.017578125 0.04105571847507331
0 0.9365234375 0.21114369501466276 0.015625 0.039589442815249266
0 0.943359375 0.17888563049853373 0.0126953125 0.02346041055718475
0 0.876953125 0.250733137829912 0.0126953125 0.03372434017595308
0 0.7998046875 0.04985337243401759 0.01171875 0.02785923753665689
0 0.171875 0.01466275659824047 0.009765625 0.02346041055718475
0 0.2763671875 0.010263929618768328 0.01171875 0.021994134897360705
0 0.3115234375 0.021994134897360705 0.01171875 0.021994134897360705
0 0.3388671875 0.017595307917888565 0.01171875 0.017595307917888565
0 0.1376953125 0.036656891495601175 0.0107421875 0.016129032258064516
0 0.2021484375 0.01906158357771261 0.01171875 0.017595307917888565
0 0.1064453125 0.01466275659824047 0.0107421875 0.017595307917888565
0 0.5859375 0.010263929618768328 0.005859375 0.011730205278592375
0 0.6259765625 0.013196480938416423 0.0068359375 0.010263929618768328
0 0.361328125 0.08651026392961877 0.0126953125 0.02785923753665689
0 0.4482421875 0.013196480938416423 0.0126953125 0.020527859237536656