0 0.8369140625 0.21052631578947367 0.0068359375 0.015479876160990712
0 0.845703125 0.2089783281733746 0.0068359375 0.018575851393188854
0 0.853515625 0.19195046439628483 0.0068359375 0.01393188854489164
0 0.8740234375 0.2043343653250774 0.0068359375 0.01393188854489164
0 0.8603515625 0.22291021671826625 0.009765625 0.017027863777089782
0 0.8515625 0.23839009287925697 0.0078125 0.020123839009287926
0 0.755859375 0.3281733746130031 0.0126953125 0.032507739938080496
0 0.77734375 0.26160990712074306 0.0166015625 0.030959752321981424
0 0.7802734375 0.1873065015479876 0.0087890625 0.018575851393188854
0 0.6513671875 0.19814241486068113 0.0107421875 0.020123839009287926
0 0.673828125 0.19349845201238391 0.0087890625 0.021671826625386997
0 0.6962890625 0.18575851393188855 0.0078125 0.017027863777089782
0 0.5810546875 0.23529411764705882 0.009765625 0.018575851393188854
0 0.5390625 0.25696594427244585 0.009765625 0.021671826625386997
0 0.53515625 0.21826625386996903 0.0068359375 0.017027863777089782
0 0.5498046875 0.21207430340557276 0.01171875 0.017027863777089782
0 0.525390625 0.22445820433436534 0.0087890625 0.020123839009287926
0 0.5068359375 0.22445820433436534 0.0107421875 0.021671826625386997
0 0.494140625 0.21826625386996903 0.0078125 0.015479876160990712
0 0.56640625 0.29721362229102166 0.0126953125 0.02631578947368421
0 0.556640625 0.2693498452012384 0.009765625 0.02476780185758514
0 0.5498046875 0.25386996904024767 0.0078125 0.021671826625386997
0 0.736328125 0.23684210526315788 0.009765625 0.02321981424148607
0 0.7470703125 0.22910216718266255 0.0078125 0.020123839009287926
0 0.599609375 0.07120743034055728 0.0107421875 0.015479876160990712
0 0.669921875 0.15325077399380804 0.0107421875 0.015479876160990712
0 0.8828125 0.3544891640866873 0.0166015625 0.04953560371517028
0 0.9619140625 0.3622291021671827 0.015625 0.04953560371517028
0 0.935546875 0.2585139318885449 0.0087890625 0.02321981424148607
0 0.8798828125 0.28637770897832815 0.0126953125 0.03869969040247678
0 0.939453125 0.2260061919504644 0.0087890625 0.02631578947368421
0 0.943359375 0.1996904024767802 0.0087890625 0.02476780185758514
0 0.828125 0.17027863777089783 0.0048828125 0.009287925696594427
0 0.841796875 0.17182662538699692 0.005859375 0.01393188854489164
0 0.86328125 0.17956656346749225 0.0048828125 0.01238390092879257
0 0.8583984375 0.17647058823529413 0.005859375 0.01238390092879257
0 0.765625 0.15944272445820434 0.0048828125 0.010835913312693499
0 0.7587890625 0.1563467492260062 0.0048828125 0.010835913312693499
0 0.7177734375 0.13622291021671826 0.005859375 0.010835913312693499
0 0.7041015625 0.13312693498452013 0.005859375 0.01238390092879257
0 0.9208984375 0.17337461300309598 0.0048828125 0.01238390092879257
0 0.970703125 0.21052631578947367 0.0078125 0.020123839009287926
0 0.9580078125 0.24148606811145512 0.0078125 0.020123839009287926
0 0.91015625 0.24613003095975233 0.005859375 0.02321981424148607
0 0.9072265625 0.21981424148606812 0.0068359375 0.018575851393188854
0 0.9248046875 0.21517027863777088 0.0068359375 0.021671826625386997
0 0.9580078125 0.19504643962848298 0.0068359375 0.017027863777089782
0 0.978515625 0.19504643962848298 0.005859375 0.015479876160990712
0 0.798828125 0.17337461300309598 0.005859375 0.015479876160990712
0 0.8173828125 0.16718266253869968 0.005859375 0.01238390092879257
0 0.990234375 0.30030959752321984 0.0126953125 0.04179566563467492
0 0.9873046875 0.21362229102167182 0.0078125 0.021671826625386997
0 0.240234375 0.9287925696594427 0.0830078125 0.14086687306501547
0 0.345703125 0.34055727554179566 0.0146484375 0.04643962848297214
0 0.779296875 0.4582043343653251 0.03515625 0.08359133126934984
0 0.66796875 0.4628482972136223 0.0244140625 0.09287925696594428
0 0.5927734375 0.47832817337461303 0.0419921875 0.08359133126934984
0 0.4677734375 0.42260061919504643 0.0341796875 0.05572755417956656
0 0.5107421875 0.6191950464396285 0.0205078125 0.05263157894736842
0 0.5908203125 0.29876160990712075 0.013671875 0.03560371517027864
0 0.6318359375 0.28328173374613 0.0087890625 0.030959752321981424
0 0.64453125 0.24303405572755418 0.0078125 0.021671826625386997
0 0.73828125 0.26160990712074306 0.0087890625 0.021671826625386997
0 0.6875 0.39164086687306504 0.021484375 0.058823529411764705
0 0.7900390625 0.3157894736842105 0.017578125 0.03869969040247678
0 0.4765625 0.2770897832817337 0.013671875 0.032507739938080496
0 0.486328125 0.26625386996904027 0.0078125 0.02476780185758514
0 0.48046875 0.22445820433436534 0.0068359375 0.020123839009287926
0 0.4462890625 0.28328173374613 0.009765625 0.021671826625386997
0 0.45703125 0.21517027863777088 0.0068359375 0.01238390092879257
0 0.61328125 0.19195046439628483 0.0087890625 0.02321981424148607
0 0.630859375 0.22291021671826625 0.0107421875 0.018575851393188854
0 0.6708984375 0.23374613003095976 0.0087890625 0.021671826625386997
0 0.7109375 0.21362229102167182 0.0126953125 0.02631578947368421
0 0.759765625 0.19814241486068113 0.0107421875 0.02786377708978328
0 0.806640625 0.24458204334365324 0.01171875 0.032507739938080496
0 0.2060546875 0.4613003095975232 0.025390625 0.05108359133126935
0 0.0810546875 0.26625386996904027 0.0068359375 0.01238390092879257
0 0.1025390625 0.2801857585139319 0.0068359375 0.009287925696594427
0 0.0625 0.29411764705882354 0.0048828125 0.007739938080495356
0 0.0478515625 0.3281733746130031 0.0068359375 0.017027863777089782
0 0.0791015625 0.34365325077399383 0.0146484375 0.021671826625386997
0 0.08203125 0.3188854489164087 0.0068359375 0.017027863777089782
0 0.0908203125 0.3993808049535604 0.01953125 0.03715170278637771
0 0.048828125 0.47678018575851394 0.0166015625 0.07120743034055728
0 0.109375 0.5309597523219814 0.033203125 0.0804953560371517
0 0.1474609375 0.30030959752321984 0.0078125 0.017027863777089782
0 0.1640625 0.3235294117647059 0.01171875 0.02321981424148607
0 0.13671875 0.30030959752321984 0.0087890625 0.015479876160990712
0 0.97265625 0.1780185758513932 0.0048828125 0.010835913312693499
0 0.9951171875 0.16408668730650156 0.0048828125 0.010835913312693499