0 0.2265625 0.4465592972181552 0.064453125 0.12884333821376281
0 0.2646484375 0.31478770131771594 0.0361328125 0.06442166910688141
0 0.1962890625 0.21961932650073207 0.0341796875 0.05710102489019034
0 0.298828125 0.18740849194729137 0.0302734375 0.06588579795021962
0 0.46484375 0.42020497803806733 0.052734375 0.10688140556368961
0 0.470703125 0.6149341142020498 0.0517578125 0.1259150805270864
0 0.38671875 0.7101024890190337 0.0654296875 0.1683748169838946
0 0.6005859375 0.6251830161054173 0.064453125 0.1259150805270864
0 0.6923828125 0.6354319180087847 0.0693359375 0.14494875549048317
0 0.4638671875 0.29428989751098095 0.0458984375 0.09077598828696926
0 0.4033203125 0.23718887262079064 0.0341796875 0.07174231332357248
0 0.322265625 0.3689604685212299 0.0439453125 0.09663250366032211
0 0.7138671875 0.3323572474377745 0.0537109375 0.09077598828696926
0 0.7236328125 0.24597364568081992 0.0439453125 0.07320644216691069
0 0.7236328125 0.29282576866764276 0.0400390625 0.08052708638360176
0 0.5615234375 0.5475841874084919 0.041015625 0.08345534407027819
0 0.4111328125 0.657393850658858 0.0439453125 0.14055636896046853
0 0.396484375 0.5080527086383602 0.0556640625 0.10102489019033675
0 0.3115234375 0.4978038067349927 0.037109375 0.08784773060029283
0 0.5498046875 0.39824304538799415 0.04296875 0.0951683748169839
0 0.544921875 0.09956076134699854 0.0361328125 0.08199121522693997
0 0.4208984375 0.10980966325036604 0.0322265625 0.06442166910688141
0 0.5341796875 0.24890190336749635 0.0263671875 0.0746705710102489
0 0.8544921875 0.4216691068814056 0.05078125 0.09956076134699854
0 0.8603515625 0.25768667642752563 0.0361328125 0.0849194729136164
0 0.9013671875 0.20790629575402636 0.0341796875 0.0746705710102489
0 0.6904296875 0.45095168374816985 0.06640625 0.10688140556368961
0 0.5859375 0.2547584187408492 0.0322265625 0.07174231332357248
0 0.69921875 0.09224011713030747 0.03515625 0.06734992679355783
0 0.5830078125 0.043923865300146414 0.0234375 0.055636896046852125
0 0.595703125 0.09077598828696926 0.0205078125 0.0527086383601757
0 0.6533203125 0.07613469985358712 0.0263671875 0.060029282576866766
0 0.4970703125 0.020497803806734993 0.02734375 0.0424597364568082
0 0.3603515625 0.01903367496339678 0.025390625 0.03806734992679356
0 0.365234375 0.14202049780380674 0.0244140625 0.06149341142020498
0 0.873046875 0.10688140556368961 0.029296875 0.07613469985358712
0 0.8935546875 0.09956076134699854 0.02734375 0.07174231332357248
0 0.7646484375 0.657393850658858 0.0625 0.12884333821376281
0 0.0244140625 0.787701317715959 0.0498046875 0.12005856515373353
0 0.0244140625 0.9385065885797951 0.0498046875 0.12298682284040996
0 0.1015625 0.9033674963396779 0.0771484375 0.12005856515373353
0 0.4375 0.9487554904831625 0.05859375 0.10102489019033675
0 0.6962890625 0.9326500732064422 0.08203125 0.13323572474377746
0 0.61328125 0.8462664714494875 0.0556640625 0.13177159590043924
0 0.8408203125 0.9487554904831625 0.0703125 0.10102489019033675
0 0.9736328125 0.8784773060029283 0.0517578125 0.1581259150805271
0 0.9677734375 0.7306002928257687 0.060546875 0.12445095168374817
0 0.97265625 0.5885797950219619 0.0537109375 0.13469985358711567
0 0.96875 0.48316251830161056 0.0625 0.12445095168374817
0 0.0830078125 0.4407027818448023 0.05078125 0.09809663250366032
0 0.2255859375 0.11859443631039532 0.02734375 0.05856515373352855
0 0.2939453125 0.1171303074670571 0.0322265625 0.05417276720351391
0 0.265625 0.03806734992679356 0.01953125 0.05710102489019034
0 0.162109375 0.0629575402635432 0.0283203125 0.06149341142020498
0 0.142578125 0.12884333821376281 0.0322265625 0.060029282576866766
0 0.0869140625 0.17423133235724744 0.03125 0.07613469985358712
0 0.0390625 0.33821376281112736 0.046875 0.08345534407027819
0 0.0791015625 0.0951683748169839 0.03125 0.055636896046852125
0 0.099609375 0.020497803806734993 0.0234375 0.040995607613469986
0 0.0546875 0.01171303074670571 0.021484375 0.02342606149341142
0 0.0478515625 0.11566617862371889 0.0166015625 0.043923865300146414
0 0.1396484375 0.07759882869692533 0.0234375 0.0527086383601757
0 0.34765625 0.24890190336749635 0.0244140625 0.07759882869692533
0 0.041015625 0.03074670571010249 0.029296875 0.043923865300146414
0 0.0634765625 0.2518301610541728 0.048828125 0.06881405563689605
0 0.1044921875 0.31332357247437775 0.0302734375 0.07613469985358712
0 0.90234375 0.3279648609077599 0.0546875 0.09224011713030747
0 0.68359375 0.07759882869692533 0.037109375 0.06734992679355783
0 0.7353515625 0.1376281112737921 0.037109375 0.06149341142020498
0 0.4150390625 0.9692532942898975 0.056640625 0.060029282576866766