0 0.490234375 0.6479713603818615 0.0478515625 0.07995226730310262
0 0.8603515625 0.29952267303102625 0.0498046875 0.07398568019093078
0 0.8037109375 0.1909307875894988 0.044921875 0.06921241050119331
0 0.720703125 0.17780429594272076 0.0439453125 0.06324582338902147
0 0.6328125 0.22792362768496421 0.046875 0.06801909307875895
0 0.4951171875 0.2840095465393795 0.046875 0.07637231503579953
0 0.58203125 0.14439140811455847 0.0380859375 0.06205250596658711
0 0.4443359375 0.1801909307875895 0.0517578125 0.060859188544152745
0 0.35546875 0.18615751789976134 0.041015625 0.06563245823389022
0 0.3525390625 0.28878281622911695 0.0400390625 0.07517899761336516
0 0.224609375 0.2732696897374702 0.0478515625 0.06801909307875895
0 0.1064453125 0.28042959427207637 0.0537109375 0.07875894988066826