0 0.1435546875 0.4976452119309262 0.0234375 0.04709576138147567
0 0.2890625 0.5588697017268446 0.0205078125 0.0423861852433281
0 0.4365234375 0.5729984301412873 0.0224609375 0.05023547880690738
0 0.234375 0.7723704866562009 0.0244140625 0.04866562009419152
0 0.0771484375 0.7032967032967034 0.0185546875 0.05023547880690738
0 0.0791015625 0.8194662480376766 0.0205078125 0.04395604395604396
0 0.1025390625 0.8618524332810047 0.0244140625 0.05023547880690738
0 0.068359375 0.967032967032967 0.021484375 0.04552590266875981
0 0.6640625 0.49921507064364207 0.0185546875 0.03924646781789639
0 0.5 0.2967032967032967 0.021484375 0.0423861852433281
0 0.4404296875 0.18995290423861852 0.0185546875 0.04395604395604396
0 0.541015625 0.27629513343799056 0.01953125 0.05023547880690738
0 0.6572265625 0.792778649921507 0.0283203125 0.03924646781789639
0 0.9501953125 0.20565149136577707 0.017578125 0.0423861852433281
0 0.84765625 0.1271585557299843 0.0166015625 0.03924646781789639
0 0.8974609375 0.14442700156985872 0.01953125 0.04552590266875981
0 0.5947265625 0.4301412872841444 0.0205078125 0.04395604395604396