0 0.3251953125 0.20759837177747625 0.0751953125 0.12890094979647218
0 0.5205078125 0.5563093622795116 0.0341796875 0.05698778833107191
0 0.5224609375 0.20081411126187246 0.005859375 0.010854816824966078
0 0.478515625 0.21166892808683854 0.005859375 0.009497964721845319
0 0.919921875 0.14111261872455902 0.005859375 0.012211668928086838
0 0.9287109375 0.13432835820895522 0.0048828125 0.005427408412483039
0 0.9677734375 0.1383989145183175 0.0068359375 0.013568521031207599
0 0.8291015625 0.1546811397557666 0.0068359375 0.008141112618724558
0 0.9921875 0.12754409769335143 0.0068359375 0.012211668928086838
0 0.908203125 0.09633649932157395 0.0048828125 0.009497964721845319
0 0.4375 0.2265943012211669 0.0068359375 0.012211668928086838
0 0.939453125 0.14111261872455902 0.0087890625 0.010854816824966078
0 0.8505859375 0.1519674355495251 0.0068359375 0.010854816824966078