0 0.158203125 0.5844346549192364 0.0693359375 0.11894273127753303
0 0.232421875 0.5066079295154186 0.0615234375 0.11013215859030837
0 0.287109375 0.3641703377386197 0.0634765625 0.12041116005873716
0 0.3798828125 0.302496328928047 0.068359375 0.10572687224669604
0 0.470703125 0.32305433186490456 0.0712890625 0.11600587371512482
0 0.5986328125 0.2790014684287812 0.0517578125 0.10572687224669604
0 0.658203125 0.28487518355359764 0.0576171875 0.1130690161527166
0 0.712890625 0.2687224669603524 0.056640625 0.11013215859030837
0 0.8193359375 0.3245227606461087 0.0634765625 0.1130690161527166
0 0.8642578125 0.29809104258443464 0.0390625 0.10425844346549193
0 0.896484375 0.3054331864904552 0.0478515625 0.11747430249632893
0 0.9267578125 0.24375917767988253 0.052734375 0.11013215859030837
0 0.00390625 0.4566813509544787 0.0087890625 0.11013215859030837