0 0.072265625 0.22616033755274262 0.03125 0.029535864978902954
0 0.162109375 0.22025316455696203 0.0341796875 0.029535864978902954
0 0.2509765625 0.1729957805907173 0.0263671875 0.02531645569620253
0 0.0908203125 0.1569620253164557 0.0263671875 0.02531645569620253
0 0.166015625 0.12827004219409283 0.0263671875 0.031223628691983123
0 0.3515625 0.1350210970464135 0.0205078125 0.0270042194092827
0 0.5009765625 0.1257383966244726 0.060546875 0.04472573839662447
0 0.7255859375 0.08354430379746836 0.0302734375 0.031223628691983123
0 0.8134765625 0.08354430379746836 0.033203125 0.03375527426160337
0 0.7685546875 0.24050632911392406 0.029296875 0.036286919831223625
0 0.794921875 0.3080168776371308 0.0361328125 0.036286919831223625
0 0.572265625 0.189873417721519 0.0302734375 0.03459915611814346
0 0.4677734375 0.22784810126582278 0.0244140625 0.02278481012658228
0 0.3896484375 0.29451476793248943 0.0380859375 0.036286919831223625
0 0.279296875 0.3206751054852321 0.033203125 0.03459915611814346
0 0.5791015625 0.32236286919831225 0.0361328125 0.04050632911392405
0 0.5947265625 0.26244725738396624 0.033203125 0.031223628691983123
0 0.6142578125 0.37721518987341773 0.0439453125 0.03375527426160337
0 0.09765625 0.47932489451476795 0.0322265625 0.032067510548523206
0 0.1904296875 0.4911392405063291 0.0302734375 0.032067510548523206
0 0.2255859375 0.4008438818565401 0.0322265625 0.027848101265822784
0 0.265625 0.48270042194092827 0.037109375 0.036286919831223625
0 0.212890625 0.5443037974683544 0.033203125 0.03713080168776371
0 0.2138671875 0.6135021097046414 0.033203125 0.03291139240506329
0 0.48828125 0.4649789029535865 0.0390625 0.036286919831223625
0 0.9638671875 0.12320675105485232 0.03125 0.035443037974683546
0 0.7041015625 0.490295358649789 0.076171875 0.039662447257383965
0 0.44921875 0.7611814345991561 0.0634765625 0.036286919831223625
0 0.494140625 0.20253164556962025 0.0234375 0.0270042194092827
0 0.01171875 0.570464135021097 0.01953125 0.0379746835443038
0 0.9873046875 0.4312236286919831 0.025390625 0.03459915611814346