0 0.595703125 0.3841145833333333 0.0732421875 0.051432291666666664
0 0.8095703125 0.404296875 0.0546875 0.042317708333333336
0 0.927734375 0.4388020833333333 0.05078125 0.04296875
0 0.841796875 0.5026041666666666 0.0478515625 0.041015625
0 0.9677734375 0.3899739583333333 0.015625 0.016276041666666668
0 0.9580078125 0.3821614583333333 0.015625 0.01171875
0 0.9296875 0.3854166666666667 0.0166015625 0.013671875
0 0.8759765625 0.3880208333333333 0.01953125 0.014322916666666666
0 0.8544921875 0.37890625 0.0146484375 0.009765625
0 0.9169921875 0.3704427083333333 0.015625 0.013671875
0 0.7568359375 0.40234375 0.0205078125 0.012369791666666666
0 0.732421875 0.384765625 0.017578125 0.011067708333333334
0 0.6982421875 0.3873697916666667 0.01953125 0.016276041666666668
0 0.681640625 0.380859375 0.0205078125 0.021484375
0 0.9091796875 0.3470052083333333 0.0107421875 0.008463541666666666
0 0.86328125 0.3268229166666667 0.0126953125 0.011067708333333334
0 0.7978515625 0.3040364583333333 0.0126953125 0.009765625
0 0.7529296875 0.2936197916666667 0.01171875 0.009765625
0 0.751953125 0.3782552083333333 0.015625 0.012369791666666666
0 0.6982421875 0.341796875 0.013671875 0.010416666666666666
0 0.5830078125 0.3040364583333333 0.013671875 0.012369791666666666
0 0.45703125 0.25390625 0.083984375 0.06380208333333333
0 0.40234375 0.3795572916666667 0.0185546875 0.014322916666666666
0 0.3564453125 0.3932291666666667 0.017578125 0.013671875
0 0.296875 0.3893229166666667 0.0185546875 0.015625
0 0.3583984375 0.34765625 0.013671875 0.012369791666666666
0 0.3369140625 0.3509114583333333 0.01171875 0.009114583333333334
0 0.3095703125 0.3391927083333333 0.0107421875 0.009114583333333334
0 0.287109375 0.3548177083333333 0.0146484375 0.011067708333333334
0 0.255859375 0.349609375 0.01171875 0.010416666666666666
0 0.2041015625 0.35546875 0.015625 0.012369791666666666
0 0.203125 0.33984375 0.0126953125 0.010416666666666666
0 0.203125 0.4055989583333333 0.0146484375 0.009765625
0 0.1220703125 0.4049479166666667 0.0263671875 0.030598958333333332
0 0.12890625 0.5104166666666666 0.0244140625 0.034505208333333336
0 0.1982421875 0.5084635416666666 0.0498046875 0.0390625
0 0.103515625 0.3430989583333333 0.013671875 0.010416666666666666