0 0.3212890625 0.18448023426061494 0.03515625 0.07027818448023426
0 0.3037109375 0.3206442166910688 0.0361328125 0.06734992679355783
0 0.3857421875 0.30161054172767204 0.033203125 0.0629575402635432
0 0.4814453125 0.29282576866764276 0.0341796875 0.07027818448023426
0 0.57421875 0.31332357247437775 0.0322265625 0.060029282576866766
0 0.6171875 0.22693997071742314 0.03515625 0.060029282576866766
0 0.6650390625 0.32503660322108346 0.03125 0.06149341142020498
0 0.673828125 0.4582723279648609 0.03515625 0.06442166910688141
0 0.5771484375 0.4494875549048316 0.037109375 0.06734992679355783
0 0.494140625 0.46412884333821375 0.0361328125 0.06881405563689605
0 0.39453125 0.4612005856515373 0.0341796875 0.06442166910688141
0 0.3134765625 0.4743777452415813 0.0322265625 0.060029282576866766