0 0.544921875 0.30453879941434847 0.06640625 0.12005856515373353
0 0.2626953125 0.1376281112737921 0.0234375 0.04685212298682284
0 0.2255859375 0.14202049780380674 0.0244140625 0.03953147877013177
0 0.1953125 0.1800878477306003 0.0234375 0.03953147877013177
0 0.1533203125 0.14055636896046853 0.025390625 0.04538799414348463
0 0.14453125 0.2562225475841874 0.0302734375 0.05417276720351391
0 0.1044921875 0.21669106881405564 0.029296875 0.0527086383601757
0 0.0634765625 0.1595900439238653 0.0263671875 0.048316251830161056
0 0.056640625 0.2225475841874085 0.0263671875 0.05124450951683748
0 0.029296875 0.18887262079062958 0.0205078125 0.05856515373352855
0 0.078125 0.2445095168374817 0.017578125 0.04978038067349927
0 0.783203125 0.1478770131771596 0.0185546875 0.03513909224011713
0 0.8408203125 0.08784773060029283 0.0205078125 0.03953147877013177
0 0.875 0.1171303074670571 0.0263671875 0.043923865300146414
0 0.908203125 0.14202049780380674 0.0283203125 0.05417276720351391
0 0.9443359375 0.17569546120058566 0.025390625 0.0424597364568082