0 0.51171875 0.2 0.0400390625 0.023958333333333335
0 0.4140625 0.14895833333333333 0.0341796875 0.018229166666666668
0 0.2705078125 0.14322916666666666 0.03515625 0.019791666666666666
0 0.134765625 0.19479166666666667 0.037109375 0.022395833333333334
0 0.474609375 0.0796875 0.0322265625 0.022395833333333334
0 0.5537109375 0.07916666666666666 0.037109375 0.022916666666666665
0 0.5986328125 0.15416666666666667 0.0322265625 0.019270833333333334
0 0.73046875 0.14427083333333332 0.0361328125 0.0203125
0 0.8779296875 0.190625 0.0341796875 0.026041666666666668
0 0.4287109375 0.38125 0.0537109375 0.030729166666666665
0 0.6181640625 0.35572916666666665 0.0517578125 0.03333333333333333
0 0.51953125 0.4265625 0.06640625 0.03802083333333333
0 0.6220703125 0.4588541666666667 0.0732421875 0.03854166666666667
0 0.7861328125 0.4401041666666667 0.0576171875 0.03333333333333333
0 0.5185546875 0.5411458333333333 0.0888671875 0.058854166666666666
0 0.359375 0.33489583333333334 0.009765625 0.0067708333333333336
0 0.869140625 0.36666666666666664 0.0078125 0.00625