0 0.0908203125 0.40625 0.0361328125 0.052083333333333336
0 0.2421875 0.33984375 0.0341796875 0.053385416666666664
0 0.3837890625 0.2682291666666667 0.0341796875 0.055989583333333336
0 0.515625 0.2734375 0.0322265625 0.049479166666666664
0 0.009765625 0.484375 0.0166015625 0.037760416666666664
0 0.1328125 0.44921875 0.01953125 0.032552083333333336
0 0.6484375 0.3229166666666667 0.029296875 0.044270833333333336
0 0.7880859375 0.3450520833333333 0.029296875 0.049479166666666664
0 0.6875 0.2877604166666667 0.0185546875 0.036458333333333336
0 0.927734375 0.3776041666666667 0.02734375 0.049479166666666664
0 0.79296875 0.2747395833333333 0.01171875 0.022135416666666668
0 0.857421875 0.3307291666666667 0.015625 0.026041666666666668
0 0.8701171875 0.26171875 0.0146484375 0.024739583333333332
0 0.755859375 0.2838541666666667 0.0146484375 0.022135416666666668