0 0.275390625 0.11747430249632893 0.044921875 0.0881057268722467
0 0.416015625 0.09397944199706314 0.0458984375 0.08663729809104258
0 0.5341796875 0.12187958883994127 0.046875 0.07929515418502203
0 0.673828125 0.11013215859030837 0.041015625 0.08076358296622614
0 0.1640625 0.37738619676945667 0.0458984375 0.07782672540381791
0 0.3681640625 0.33480176211453744 0.0498046875 0.0881057268722467
0 0.6083984375 0.3054331864904552 0.0458984375 0.09104258443465492
0 0.814453125 0.32158590308370044 0.0419921875 0.07929515418502203
0 0.677734375 0.49632892804698975 0.044921875 0.08223201174743025
0 0.5 0.5007342143906021 0.044921875 0.08957415565345081
0 0.3046875 0.5374449339207048 0.0498046875 0.08663729809104258