0 0.171875 0.3951537744641193 0.0341796875 0.0391425908667288
0 0.2666015625 0.412861136999068 0.0302734375 0.032618825722273995
0 0.3515625 0.4082013047530289 0.0322265625 0.03168685927306617
0 0.4462890625 0.4082013047530289 0.033203125 0.03727865796831314
0 0.5390625 0.3895619757688723 0.033203125 0.03821062441752097
0 0.62890625 0.39422180801491147 0.0322265625 0.03727865796831314
0 0.720703125 0.4109972041006524 0.0302734375 0.032618825722273995
0 0.82421875 0.4026095060577819 0.0283203125 0.036346691519105315
0 0.2099609375 0.48835041938490215 0.0380859375 0.03821062441752097
0 0.3408203125 0.47809878844361603 0.0380859375 0.04473438956197577
0 0.4365234375 0.47157502329916123 0.0341796875 0.045666356011183594
0 0.5439453125 0.47996272134203166 0.037109375 0.04193849021435228
0 0.6513671875 0.48555452003727867 0.037109375 0.04100652376514446
0 0.75 0.4790307548928239 0.0380859375 0.04380242311276794
0 0.822265625 0.48835041938490215 0.03515625 0.04287045666356011
0 0.853515625 0.6197576887232059 0.046875 0.046598322460391424
0 0.6552734375 0.5992544268406338 0.0390625 0.0521901211556384
0 0.521484375 0.5992544268406338 0.0400390625 0.0521901211556384
0 0.33203125 0.6057781919850885 0.0400390625 0.049394221808014914
0 0.1728515625 0.5834109972041006 0.041015625 0.047530288909599254