0 0.5478515625 0.7613469985358712 0.0146484375 0.032210834553440704
0 0.5400390625 0.6852122986822841 0.0107421875 0.024890190336749635
0 0.5498046875 0.6383601756954612 0.01171875 0.020497803806734993
0 0.3046875 0.6383601756954612 0.0107421875 0.01903367496339678
0 0.65625 0.767203513909224 0.0146484375 0.020497803806734993
0 0.6884765625 0.7628111273792094 0.0126953125 0.02342606149341142
0 0.7197265625 0.7642752562225475 0.01171875 0.021961932650073207
0 0.9873046875 0.6383601756954612 0.0126953125 0.020497803806734993
0 0.9814453125 0.616398243045388 0.01171875 0.017569546120058566
0 0.99609375 0.7320644216691069 0.0068359375 0.032210834553440704
0 0.9921875 0.48755490483162517 0.0107421875 0.02342606149341142
0 0.208984375 0.7613469985358712 0.0068359375 0.017569546120058566
0 0.849609375 0.7540263543191801 0.013671875 0.02635431918008785
0 0.705078125 0.49194729136163984 0.0087890625 0.020497803806734993
0 0.7255859375 0.5021961932650073 0.009765625 0.020497803806734993
0 0.7314453125 0.541727672035139 0.0126953125 0.02342606149341142
0 0.744140625 0.575402635431918 0.009765625 0.016105417276720352
0 0.8525390625 0.424597364568082 0.0078125 0.01903367496339678
0 0.880859375 0.7247437774524158 0.0126953125 0.027818448023426062
0 0.916015625 0.6939970717423133 0.013671875 0.02635431918008785
0 0.9296875 0.7247437774524158 0.0146484375 0.027818448023426062
0 0.91015625 0.7613469985358712 0.0146484375 0.02342606149341142
0 0.9560546875 0.7642752562225475 0.015625 0.024890190336749635
0 0.9765625 0.7276720351390923 0.0126953125 0.02342606149341142
0 0.953125 0.6896046852122987 0.01171875 0.02342606149341142
0 0.9375 0.657393850658858 0.0126953125 0.027818448023426062
0 0.908203125 0.6632503660322109 0.0126953125 0.021961932650073207
0 0.8974609375 0.5885797950219619 0.0126953125 0.02342606149341142
0 0.919921875 0.582723279648609 0.01171875 0.021961932650073207
0 0.92578125 0.5490483162518301 0.0107421875 0.014641288433382138
0 0.9541015625 0.5329428989751098 0.013671875 0.02342606149341142
0 0.921875 0.48316251830161056 0.0107421875 0.016105417276720352
0 0.96484375 0.6310395314787701 0.01171875 0.02635431918008785
0 0.75390625 0.4582723279648609 0.0107421875 0.01171303074670571
0 0.71484375 0.4480234260614934 0.0126953125 0.016105417276720352
0 0.80078125 0.5710102489019033 0.009765625 0.01903367496339678
0 0.4052734375 0.6471449487554904 0.017578125 0.03953147877013177
0 0.359375 0.3850658857979502 0.0390625 0.07027818448023426
0 0.4755859375 0.3411420204978038 0.0439453125 0.07759882869692533
0 0.5859375 0.3513909224011713 0.0400390625 0.07320644216691069
0 0.0478515625 0.6222547584187409 0.009765625 0.017569546120058566
0 0.115234375 0.6339677891654466 0.0087890625 0.016105417276720352
0 0.1513671875 0.6383601756954612 0.005859375 0.014641288433382138
0 0.013671875 0.6515373352855052 0.0087890625 0.01903367496339678
0 0.7001953125 0.6134699853587116 0.0107421875 0.01903367496339678
0 0.6826171875 0.5344070278184481 0.01171875 0.01903367496339678
0 0.6630859375 0.49487554904831627 0.0107421875 0.021961932650073207
0 0.05859375 0.6559297218155198 0.01171875 0.017569546120058566
0 0.087890625 0.6676427525622255 0.0087890625 0.016105417276720352
0 0.11328125 0.6661786237188873 0.0068359375 0.010248901903367497
0 0.1240234375 0.6837481698389458 0.009765625 0.014641288433382138
0 0.146484375 0.6837481698389458 0.009765625 0.01903367496339678
0 0.18359375 0.6661786237188873 0.01171875 0.020497803806734993
0 0.1064453125 0.7071742313323572 0.01171875 0.021961932650073207
0 0.216796875 0.6383601756954612 0.0107421875 0.021961932650073207
0 0.2294921875 0.6925329428989752 0.0107421875 0.021961932650073207
0 0.26953125 0.6456808199121523 0.0107421875 0.014641288433382138
0 0.197265625 0.6603221083455344 0.009765625 0.01903367496339678
0 0.0068359375 0.7335285505124451 0.0078125 0.016105417276720352
0 0.0283203125 0.718887262079063 0.0146484375 0.029282576866764276
0 0.068359375 0.7071742313323572 0.0107421875 0.020497803806734993
0 0.1494140625 0.7130307467057101 0.01171875 0.017569546120058566
0 0.2861328125 0.705710102489019 0.0146484375 0.02635431918008785
0 0.2783203125 0.6881405563689604 0.009765625 0.021961932650073207
0 0.31640625 0.6954612005856515 0.0107421875 0.020497803806734993
0 0.4287109375 0.7101024890190337 0.013671875 0.03074670571010249
0 0.5234375 0.7657393850658858 0.0107421875 0.024890190336749635