0 0.44921875 0.4505208333333333 0.046875 0.0703125
0 0.1904296875 0.33984375 0.0703125 0.12630208333333334
0 0.0693359375 0.2864583333333333 0.0224609375 0.032552083333333336
0 0.0283203125 0.3098958333333333 0.0166015625 0.026041666666666668
0 0.013671875 0.2799479166666667 0.0146484375 0.0234375
0 0.2666015625 0.3255208333333333 0.033203125 0.044270833333333336
0 0.6845703125 0.3723958333333333 0.041015625 0.06770833333333333
0 0.5546875 0.4036458333333333 0.021484375 0.036458333333333336
0 0.455078125 0.3177083333333333 0.0263671875 0.046875
0 0.4130859375 0.3268229166666667 0.015625 0.0234375
0 0.3134765625 0.33984375 0.015625 0.0234375
0 0.302734375 0.3736979166666667 0.0185546875 0.029947916666666668
0 0.359375 0.2877604166666667 0.015625 0.0234375
0 0.3173828125 0.2825520833333333 0.01171875 0.016927083333333332
0 0.4931640625 0.2903645833333333 0.01953125 0.032552083333333336
0 0.5498046875 0.3450520833333333 0.009765625 0.018229166666666668
0 0.58984375 0.2864583333333333 0.017578125 0.02734375
0 0.4052734375 0.27734375 0.015625 0.026041666666666668
0 0.5322265625 0.28515625 0.01171875 0.020833333333333332
0 0.7900390625 0.5989583333333334 0.0283203125 0.061197916666666664
0 0.830078125 0.5638020833333334 0.0361328125 0.052083333333333336
0 0.89453125 0.3515625 0.0185546875 0.03125
0 0.8154296875 0.2981770833333333 0.021484375 0.04296875
0 0.716796875 0.3072916666666667 0.015625 0.032552083333333336
0 0.7431640625 0.2942708333333333 0.013671875 0.022135416666666668
0 0.6142578125 0.2877604166666667 0.0107421875 0.01953125
0 0.958984375 0.3177083333333333 0.017578125 0.028645833333333332
0 0.84375 0.3033854166666667 0.017578125 0.02734375
0 0.8974609375 0.2838541666666667 0.0107421875 0.015625
0 0.833984375 0.2643229166666667 0.0078125 0.014322916666666666
0 0.7822265625 0.2526041666666667 0.0078125 0.01171875
0 0.7314453125 0.26953125 0.0078125 0.01171875