0 0.4306640625 0.4008810572687225 0.0205078125 0.03671071953010279
0 0.4658203125 0.3891336270190896 0.0205078125 0.039647577092511016
0 0.513671875 0.37738619676945667 0.0234375 0.041116005873715125
0 0.0380859375 0.42584434654919234 0.013671875 0.027900146842878122
0 0.0576171875 0.39794419970631423 0.0205078125 0.039647577092511016
0 0.248046875 0.37591776798825255 0.0205078125 0.03671071953010279
0 0.1416015625 0.3876651982378855 0.013671875 0.027900146842878122
0 0.43359375 0.631424375917768 0.0859375 0.1130690161527166
0 0.9169921875 0.3964757709251101 0.0224609375 0.041116005873715125
0 0.802734375 0.4052863436123348 0.0244140625 0.03524229074889868
0 0.76171875 0.39060205580029367 0.021484375 0.042584434654919234
0 0.7275390625 0.36123348017621143 0.0205078125 0.041116005873715125
0 0.67578125 0.38179148311306904 0.0205078125 0.0381791483113069
0 0.6337890625 0.39500734214390604 0.0185546875 0.033773861967694566
0 0.3828125 0.434654919236417 0.021484375 0.03524229074889868