0 0.083984375 0.5572916666666666 0.01953125 0.029947916666666668
0 0.10546875 0.7005208333333334 0.0224609375 0.033854166666666664
0 0.2275390625 0.5182291666666666 0.017578125 0.02734375
0 0.2197265625 0.6484375 0.0185546875 0.028645833333333332
0 0.3408203125 0.4921875 0.0146484375 0.026041666666666668
0 0.2763671875 0.78515625 0.0234375 0.037760416666666664
0 0.2001953125 0.76953125 0.0185546875 0.026041666666666668
0 0.4619140625 0.6861979166666666 0.021484375 0.03515625
0 0.4384765625 0.6588541666666666 0.017578125 0.029947916666666668
0 0.46875 0.5690104166666666 0.0146484375 0.01953125
0 0.53515625 0.375 0.017578125 0.02734375
0 0.6015625 0.3541666666666667 0.0166015625 0.028645833333333332
0 0.685546875 0.53515625 0.0166015625 0.029947916666666668
0 0.666015625 0.66015625 0.01953125 0.03125
0 0.5966796875 0.7473958333333334 0.015625 0.0234375
0 0.734375 0.453125 0.017578125 0.03515625
0 0.8740234375 0.5390625 0.01953125 0.02734375
0 0.8388671875 0.6705729166666666 0.0205078125 0.03515625