0 0.1767578125 0.4334661354581673 0.0126953125 0.013545816733067729
0 0.0654296875 0.5625498007968127 0.0205078125 0.023107569721115537
0 0.18359375 0.6191235059760957 0.0224609375 0.02549800796812749
0 0.16015625 0.6215139442231076 0.015625 0.019123505976095617
0 0.69140625 0.45179282868525894 0.01171875 0.013545816733067729
0 0.34375 0.6972111553784861 0.0244140625 0.02549800796812749
0 0.73828125 0.6302788844621514 0.021484375 0.018326693227091632
0 0.6142578125 0.6844621513944223 0.0263671875 0.022310756972111555
0 0.751953125 0.4366533864541833 0.0107421875 0.010358565737051793
0 0.2919921875 0.4796812749003984 0.0087890625 0.010358565737051793
0 0.279296875 0.46772908366533866 0.0107421875 0.009561752988047808
0 0.2578125 0.36573705179282867 0.009765625 0.008764940239043825
0 0.587890625 0.46294820717131474 0.0087890625 0.011155378486055778
0 0.982421875 0.38725099601593627 0.0068359375 0.007171314741035857
0 0.9140625 0.4294820717131474 0.0078125 0.009561752988047808