0 0.365234375 0.4609375 0.0078125 0.01171875
0 0.3828125 0.4596354166666667 0.0078125 0.013020833333333334
0 0.4990234375 0.4934895833333333 0.01171875 0.020833333333333332
0 0.58203125 0.4375 0.0078125 0.013020833333333334
0 0.7099609375 0.5911458333333334 0.0146484375 0.032552083333333336
0 0.90625 0.5221354166666666 0.0126953125 0.022135416666666668
0 0.5712890625 0.5026041666666666 0.0087890625 0.016927083333333332
0 0.609375 0.5182291666666666 0.0068359375 0.016927083333333332
0 0.3291015625 0.421875 0.0048828125 0.010416666666666666
0 0.7802734375 0.3268229166666667 0.0048828125 0.009114583333333334
0 0.759765625 0.453125 0.0068359375 0.009114583333333334
0 0.8525390625 0.42578125 0.0068359375 0.01171875