0 0.076171875 0.21522693997071743 0.033203125 0.05856515373352855
0 0.1279296875 0.25768667642752563 0.041015625 0.07906295754026355
0 0.2041015625 0.21522693997071743 0.037109375 0.07027818448023426
0 0.2275390625 0.1698389458272328 0.029296875 0.05710102489019034
0 0.271484375 0.212298682284041 0.03515625 0.06149341142020498
0 0.3212890625 0.20351390922401172 0.0283203125 0.06734992679355783
0 0.244140625 0.30600292825768666 0.037109375 0.07759882869692533
0 0.330078125 0.32210834553440704 0.0380859375 0.08052708638360176
0 0.3623046875 0.2108345534407028 0.0322265625 0.06442166910688141
0 0.4248046875 0.20351390922401172 0.03125 0.055636896046852125
0 0.5302734375 0.1800878477306003 0.02734375 0.06149341142020498
0 0.5048828125 0.3191800878477306 0.0341796875 0.0629575402635432
0 0.43359375 0.34553440702781846 0.0341796875 0.07027818448023426
0 0.0869140625 0.42313323572474376 0.0400390625 0.06734992679355783
0 0.1748046875 0.4743777452415813 0.0439453125 0.07906295754026355
0 0.2880859375 0.47291361639824303 0.0361328125 0.07320644216691069
0 0.3974609375 0.4568081991215227 0.0390625 0.08345534407027819
0 0.6103515625 0.2108345534407028 0.03125 0.06588579795021962
0 0.6025390625 0.2972181551976574 0.03515625 0.07027818448023426
0 0.6552734375 0.32650073206442165 0.03515625 0.07320644216691069
0 0.5009765625 0.5021961932650073 0.0390625 0.07759882869692533
0 0.603515625 0.4773060029282577 0.0380859375 0.0746705710102489
0 0.7041015625 0.1581259150805271 0.03125 0.06149341142020498
0 0.81640625 0.22108345534407028 0.0322265625 0.0629575402635432
0 0.73046875 0.3206442166910688 0.0302734375 0.06881405563689605
0 0.8203125 0.32210834553440704 0.0380859375 0.07174231332357248
0 0.8916015625 0.3206442166910688 0.0419921875 0.08199121522693997
0 0.6884765625 0.4890190336749634 0.0361328125 0.0746705710102489
0 0.76953125 0.48316251830161056 0.0390625 0.07027818448023426
0 0.859375 0.4699853587115666 0.0390625 0.07320644216691069