0 0.0830078125 0.15815485996705106 0.0341796875 0.085667215815486
0 0.14453125 0.1812191103789127 0.0361328125 0.08072487644151564
0 0.2041015625 0.14827018121911037 0.029296875 0.07084019769357495
0 0.2265625 0.37397034596375617 0.03515625 0.06260296540362438
0 0.2587890625 0.1630971993410214 0.0263671875 0.05271828665568369
0 0.302734375 0.14332784184514002 0.0263671875 0.06919275123558484
0 0.3623046875 0.08401976935749589 0.0302734375 0.05601317957166392
0 0.4580078125 0.051070840197693576 0.0283203125 0.0642504118616145
0 0.4365234375 0.12685337726523888 0.033203125 0.07907742998352553
0 0.501953125 0.12026359143327842 0.025390625 0.0642504118616145
0 0.154296875 0.5189456342668863 0.0400390625 0.08237232289950576
0 0.328125 0.3772652388797364 0.033203125 0.06754530477759473
0 0.3115234375 0.5403624382207578 0.0400390625 0.10214168039538715
0 0.44140625 0.37397034596375617 0.03125 0.057660626029654036
0 0.5126953125 0.3542009884678748 0.0302734375 0.07413509060955518
0 0.45703125 0.5387149917627677 0.0390625 0.08731466227347612
0 0.564453125 0.10378912685337727 0.02734375 0.06919275123558484
0 0.6083984375 0.07907742998352553 0.0263671875 0.060955518945634266
0 0.6484375 0.08401976935749589 0.0234375 0.05601317957166392
0 0.7001953125 0.09225700164744646 0.02734375 0.06260296540362438
0 0.7626953125 0.11202635914332784 0.0283203125 0.05930807248764415
0 0.802734375 0.11367380560131796 0.0341796875 0.06919275123558484
0 0.9013671875 0.08072487644151564 0.0361328125 0.08072487644151564
0 0.6171875 0.3311367380560132 0.03125 0.07742998352553541
0 0.685546875 0.3212520593080725 0.03125 0.07084019769357495
0 0.62109375 0.4958813838550247 0.041015625 0.09225700164744646
0 0.7529296875 0.28665568369028005 0.033203125 0.07248764415156507
0 0.796875 0.49093904448105435 0.0390625 0.07742998352553541
0 0.9052734375 0.4464579901153213 0.04296875 0.085667215815486