0 0.2412109375 0.65234375 0.0068359375 0.015625
0 0.27734375 0.6536458333333334 0.0078125 0.010416666666666666
0 0.30859375 0.66796875 0.0087890625 0.015625
0 0.4189453125 0.66796875 0.009765625 0.014322916666666666
0 0.4970703125 0.5520833333333334 0.0078125 0.016927083333333332
0 0.3017578125 0.5794270833333334 0.005859375 0.009114583333333334
0 0.3916015625 0.58203125 0.0048828125 0.009114583333333334
0 0.1025390625 0.61328125 0.0078125 0.010416666666666666
0 0.939453125 0.4544270833333333 0.0048828125 0.0078125
0 0.64453125 0.62890625 0.0107421875 0.015625
0 0.6806640625 0.6171875 0.01171875 0.015625
0 0.7822265625 0.6380208333333334 0.0087890625 0.01171875
0 0.7841796875 0.7760416666666666 0.0146484375 0.0234375
0 0.93359375 0.7317708333333334 0.009765625 0.013020833333333334
0 0.97265625 0.75 0.01171875 0.016927083333333332
0 0.9794921875 0.7252604166666666 0.0107421875 0.01171875
0 0.041015625 0.8736979166666666 0.0224609375 0.03515625
0 0.189453125 0.8984375 0.0224609375 0.04296875
0 0.12890625 0.9348958333333334 0.01953125 0.0390625
0 0.9208984375 0.64453125 0.0048828125 0.006510416666666667
0 0.0390625 0.5989583333333334 0.0107421875 0.018229166666666668
0 0.3515625 0.3463541666666667 0.00390625 0.0078125
0 0.3271484375 0.33203125 0.00390625 0.006510416666666667
0 0.3095703125 0.3359375 0.0029296875 0.0078125
0 0.388671875 0.3580729166666667 0.0048828125 0.009114583333333334
0 0.0478515625 0.296875 0.0048828125 0.006510416666666667
0 0.123046875 0.62109375 0.005859375 0.009114583333333334