0 0.5068359375 0.5182291666666666 0.009765625 0.015625
0 0.2333984375 0.48046875 0.0400390625 0.07291666666666667
0 0.341796875 0.4205729166666667 0.005859375 0.014322916666666666
0 0.3115234375 0.4466145833333333 0.0068359375 0.010416666666666666
0 0.326171875 0.48828125 0.0263671875 0.044270833333333336
0 0.3515625 0.4934895833333333 0.015625 0.032552083333333336
0 0.3828125 0.50390625 0.013671875 0.029947916666666668
0 0.431640625 0.5104166666666666 0.0166015625 0.028645833333333332
0 0.447265625 0.4947916666666667 0.01171875 0.03125
0 0.416015625 0.44921875 0.005859375 0.014322916666666666
0 0.49609375 0.5247395833333334 0.015625 0.022135416666666668
0 0.412109375 0.4973958333333333 0.01171875 0.0234375
0 0.5185546875 0.5091145833333334 0.0107421875 0.01953125
0 0.5302734375 0.5052083333333334 0.0087890625 0.013020833333333334
0 0.5439453125 0.5078125 0.01171875 0.01953125
0 0.5703125 0.4973958333333333 0.0107421875 0.016927083333333332
0 0.48046875 0.5104166666666666 0.0087890625 0.016927083333333332
0 0.560546875 0.5208333333333334 0.009765625 0.014322916666666666
0 0.634765625 0.5052083333333334 0.0078125 0.01171875
0 0.94921875 0.4973958333333333 0.005859375 0.014322916666666666
0 0.951171875 0.5143229166666666 0.0068359375 0.013020833333333334
0 0.990234375 0.5013020833333334 0.0048828125 0.01171875
0 0.9697265625 0.4869791666666667 0.00390625 0.01171875
0 0.0166015625 0.5221354166666666 0.0283203125 0.059895833333333336
0 0.0986328125 0.53125 0.02734375 0.052083333333333336
0 0.068359375 0.4791666666666667 0.01171875 0.02734375
0 0.16015625 0.3919270833333333 0.0126953125 0.022135416666666668
0 0.1865234375 0.4361979166666667 0.0078125 0.014322916666666666
0 0.203125 0.4973958333333333 0.0185546875 0.032552083333333336
0 0.583984375 0.5130208333333334 0.005859375 0.01171875
0 0.6015625 0.5013020833333334 0.0048828125 0.010416666666666666
0 0.7255859375 0.5052083333333334 0.0078125 0.0078125
0 0.7509765625 0.5104166666666666 0.0068359375 0.009114583333333334
0 0.701171875 0.5052083333333334 0.005859375 0.0078125
0 0.6884765625 0.5078125 0.0078125 0.01171875
0 0.8837890625 0.5078125 0.00390625 0.009114583333333334
0 0.849609375 0.50390625 0.0048828125 0.0078125
0 0.8076171875 0.5013020833333334 0.0048828125 0.006510416666666667
0 0.6669921875 0.5078125 0.005859375 0.009114583333333334
0 0.6162109375 0.5091145833333334 0.0048828125 0.009114583333333334
0 0.7099609375 0.53125 0.0078125 0.01171875