0 0.0068359375 0.3836805555555556 0.013671875 0.029513888888888888
0 0.0439453125 0.3680555555555556 0.0185546875 0.027777777777777776
0 0.0830078125 0.3836805555555556 0.0166015625 0.034722222222222224
0 0.1259765625 0.375 0.0185546875 0.036458333333333336
0 0.171875 0.3802083333333333 0.01953125 0.03993055555555555
0 0.2080078125 0.3975694444444444 0.0244140625 0.03993055555555555
0 0.26171875 0.3541666666666667 0.0224609375 0.04513888888888889
0 0.3232421875 0.3628472222222222 0.0234375 0.04861111111111111
0 0.376953125 0.3680555555555556 0.0224609375 0.050347222222222224
0 0.4287109375 0.40625 0.0283203125 0.04861111111111111
0 0.486328125 0.3767361111111111 0.021484375 0.046875
0 0.56640625 0.4045138888888889 0.0234375 0.052083333333333336
0 0.587890625 0.4097222222222222 0.015625 0.050347222222222224
0 0.6416015625 0.453125 0.0205078125 0.041666666666666664
0 0.6572265625 0.3854166666666667 0.021484375 0.046875
0 0.7177734375 0.4270833333333333 0.015625 0.03298611111111111
0 0.76171875 0.4392361111111111 0.0087890625 0.017361111111111112
0 0.869140625 0.4305555555555556 0.01171875 0.019097222222222224
0 0.80859375 0.4322916666666667 0.0126953125 0.022569444444444444
0 0.8330078125 0.4340277777777778 0.0126953125 0.024305555555555556
0 0.9013671875 0.4322916666666667 0.015625 0.027777777777777776
0 0.7333984375 0.4166666666666667 0.01171875 0.029513888888888888
0 0.69140625 0.4270833333333333 0.0107421875 0.026041666666666668
0 0.7412109375 0.4270833333333333 0.0078125 0.017361111111111112
0 0.927734375 0.4236111111111111 0.0166015625 0.03125
0 0.421875 0.5833333333333334 0.021484375 0.04861111111111111