0 0.3759765625 0.1337890625 0.0078125 0.0107421875
0 0.3447265625 0.2607421875 0.0078125 0.013671875
0 0.5634765625 0.2294921875 0.009765625 0.0126953125
0 0.6142578125 0.2275390625 0.009765625 0.0126953125
0 0.6845703125 0.267578125 0.009765625 0.013671875
0 0.693359375 0.17578125 0.009765625 0.0146484375
0 0.6396484375 0.1572265625 0.01171875 0.013671875
0 0.607421875 0.1884765625 0.009765625 0.013671875
0 0.5791015625 0.193359375 0.009765625 0.0126953125
0 0.5966796875 0.21484375 0.0068359375 0.0107421875
0 0.6484375 0.20703125 0.0087890625 0.0107421875
0 0.6357421875 0.1865234375 0.0068359375 0.0068359375
0 0.62109375 0.171875 0.0078125 0.0078125
0 0.6650390625 0.2216796875 0.009765625 0.0087890625
0 0.630859375 0.2578125 0.009765625 0.0078125
0 0.6416015625 0.2919921875 0.0107421875 0.015625
0 0.72265625 0.349609375 0.009765625 0.0146484375
0 0.580078125 0.302734375 0.0107421875 0.0126953125
0 0.58203125 0.2685546875 0.0068359375 0.009765625
0 0.662109375 0.3291015625 0.0126953125 0.0107421875
0 0.7021484375 0.2490234375 0.0087890625 0.0087890625
0 0.763671875 0.185546875 0.0068359375 0.0107421875
0 0.4404296875 0.125 0.0126953125 0.01171875
0 0.48828125 0.154296875 0.013671875 0.0146484375
0 0.458984375 0.1806640625 0.009765625 0.009765625
0 0.4267578125 0.220703125 0.009765625 0.0126953125
0 0.400390625 0.2548828125 0.0087890625 0.0126953125
0 0.3388671875 0.5556640625 0.009765625 0.013671875
0 0.32421875 0.62890625 0.009765625 0.0126953125
0 0.296875 0.6181640625 0.0126953125 0.01171875
0 0.2919921875 0.65234375 0.01171875 0.015625
0 0.2685546875 0.6474609375 0.009765625 0.0107421875
0 0.4189453125 0.6787109375 0.013671875 0.015625
0 0.3974609375 0.6630859375 0.009765625 0.015625
0 0.4208984375 0.66015625 0.009765625 0.013671875
0 0.3125 0.51953125 0.013671875 0.0146484375
0 0.3427734375 0.68359375 0.009765625 0.017578125
0 0.37109375 0.669921875 0.0087890625 0.0166015625
0 0.7783203125 0.4306640625 0.0126953125 0.0146484375
0 0.5673828125 0.4326171875 0.01171875 0.0146484375
0 0.5537109375 0.447265625 0.009765625 0.0146484375
0 0.548828125 0.4736328125 0.01171875 0.017578125
0 0.578125 0.453125 0.0107421875 0.015625
0 0.578125 0.4697265625 0.0146484375 0.0166015625
0 0.619140625 0.4765625 0.0126953125 0.0166015625
0 0.3740234375 0.2451171875 0.009765625 0.0126953125
0 0.373046875 0.2216796875 0.0107421875 0.01171875
0 0.3349609375 0.2138671875 0.01171875 0.0126953125
0 0.3994140625 0.1416015625 0.0087890625 0.01171875
0 0.3798828125 0.1162109375 0.0126953125 0.0126953125
0 0.5517578125 0.6533203125 0.013671875 0.017578125
0 0.533203125 0.611328125 0.0146484375 0.0166015625
0 0.4833984375 0.6416015625 0.0107421875 0.0166015625
0 0.4990234375 0.5869140625 0.009765625 0.0205078125
0 0.4931640625 0.6767578125 0.015625 0.01953125
0 0.474609375 0.701171875 0.0126953125 0.01171875
0 0.5048828125 0.7568359375 0.0107421875 0.013671875
0 0.529296875 0.7353515625 0.0146484375 0.0146484375
0 0.5224609375 0.71484375 0.0146484375 0.0185546875
0 0.56640625 0.72265625 0.01171875 0.0166015625
0 0.62109375 0.7529296875 0.0107421875 0.0146484375
0 0.6611328125 0.7314453125 0.013671875 0.0126953125
0 0.6572265625 0.7001953125 0.01171875 0.015625
0 0.6376953125 0.65234375 0.01171875 0.0166015625
0 0.724609375 0.6416015625 0.0146484375 0.01171875
0 0.69140625 0.689453125 0.01171875 0.0146484375
0 0.697265625 0.7294921875 0.0078125 0.0126953125
0 0.697265625 0.705078125 0.01171875 0.0146484375
0 0.6162109375 0.6357421875 0.01171875 0.0224609375
0 0.76171875 0.55078125 0.009765625 0.0185546875
0 0.4609375 0.71484375 0.0078125 0.017578125
0 0.4560546875 0.623046875 0.009765625 0.0185546875
0 0.3154296875 0.28515625 0.01171875 0.01171875
0 0.646484375 0.4814453125 0.0107421875 0.015625
0 0.6669921875 0.46484375 0.01171875 0.013671875
0 0.7041015625 0.5205078125 0.01171875 0.01171875
0 0.66796875 0.513671875 0.0107421875 0.0166015625
0 0.6396484375 0.525390625 0.015625 0.01953125
0 0.6025390625 0.5009765625 0.0146484375 0.0166015625
0 0.603515625 0.703125 0.0146484375 0.0185546875
0 0.681640625 0.6435546875 0.0146484375 0.0205078125
0 0.5966796875 0.630859375 0.013671875 0.0205078125
0 0.6748046875 0.7861328125 0.0126953125 0.0146484375
0 0.5673828125 0.724609375 0.013671875 0.0205078125
0 0.3984375 0.4912109375 0.0107421875 0.015625
0 0.4892578125 0.611328125 0.0107421875 0.0146484375
0 0.416015625 0.283203125 0.0107421875 0.013671875
0 0.720703125 0.2021484375 0.005859375 0.0078125
0 0.69140625 0.193359375 0.0068359375 0.0078125
0 0.7373046875 0.263671875 0.005859375 0.0068359375
0 0.72265625 0.310546875 0.009765625 0.0126953125
0 0.509765625 0.2060546875 0.0087890625 0.01171875
0 0.4912109375 0.2255859375 0.0087890625 0.009765625
0 0.4404296875 0.2412109375 0.0107421875 0.01171875
0 0.427734375 0.265625 0.009765625 0.0126953125
0 0.4765625 0.24609375 0.0107421875 0.01171875
0 0.4658203125 0.267578125 0.0087890625 0.01171875
0 0.4912109375 0.2646484375 0.0087890625 0.0126953125
0 0.4013671875 0.30078125 0.009765625 0.0126953125
0 0.3857421875 0.279296875 0.0107421875 0.0107421875
0 0.36328125 0.30078125 0.0107421875 0.009765625
0 0.3798828125 0.2607421875 0.009765625 0.0107421875
0 0.31640625 0.501953125 0.013671875 0.013671875
0 0.2705078125 0.55078125 0.009765625 0.0185546875
0 0.2802734375 0.568359375 0.01171875 0.01171875
0 0.2587890625 0.58984375 0.0126953125 0.0166015625
0 0.2314453125 0.67578125 0.0126953125 0.0146484375
0 0.3125 0.6025390625 0.0107421875 0.01171875
0 0.5712890625 0.4912109375 0.01171875 0.0146484375
0 0.52734375 0.4912109375 0.009765625 0.0166015625
0 0.53125 0.5146484375 0.009765625 0.017578125
0 0.5712890625 0.5390625 0.0107421875 0.0185546875
0 0.5888671875 0.5224609375 0.01171875 0.0146484375
0 0.54296875 0.53515625 0.009765625 0.0166015625
0 0.5693359375 0.56640625 0.0126953125 0.017578125
0 0.607421875 0.544921875 0.0146484375 0.0205078125
0 0.6357421875 0.576171875 0.01171875 0.01171875
0 0.6650390625 0.5947265625 0.013671875 0.0146484375
0 0.7099609375 0.587890625 0.013671875 0.0146484375
0 0.7392578125 0.568359375 0.01171875 0.0107421875
0 0.708984375 0.5439453125 0.013671875 0.0146484375
0 0.54296875 0.6279296875 0.009765625 0.01953125
0 0.58203125 0.609375 0.0126953125 0.015625
0 0.5966796875 0.5849609375 0.01171875 0.015625
0 0.6767578125 0.6630859375 0.013671875 0.0166015625
0 0.298828125 0.279296875 0.0087890625 0.0185546875
0 0.7109375 0.3388671875 0.0126953125 0.0146484375
0 0.6484375 0.2646484375 0.01171875 0.01171875
0 0.7529296875 0.2353515625 0.0126953125 0.0146484375
0 0.6181640625 0.2041015625 0.0107421875 0.01171875
0 0.623046875 0.7744140625 0.0146484375 0.0166015625
0 0.59375 0.767578125 0.0146484375 0.0146484375
0 0.4296875 0.427734375 0.0126953125 0.013671875
0 0.4423828125 0.4111328125 0.0087890625 0.0126953125
0 0.4755859375 0.4189453125 0.009765625 0.01171875
0 0.50390625 0.423828125 0.013671875 0.009765625
0 0.48046875 0.4453125 0.0107421875 0.0146484375
0 0.50390625 0.466796875 0.0078125 0.009765625
0 0.5126953125 0.4501953125 0.0087890625 0.0107421875
0 0.435546875 0.521484375 0.009765625 0.015625
0 0.4609375 0.5126953125 0.009765625 0.01171875
0 0.4326171875 0.48046875 0.01171875 0.0146484375
0 0.494140625 0.513671875 0.005859375 0.015625
0 0.416015625 0.5537109375 0.0146484375 0.0166015625
0 0.396484375 0.5498046875 0.0126953125 0.0166015625
0 0.4482421875 0.5791015625 0.0107421875 0.0146484375
0 0.40234375 0.59375 0.009765625 0.01171875
0 0.35546875 0.59765625 0.017578125 0.0126953125
0 0.388671875 0.6171875 0.013671875 0.0126953125
0 0.4375 0.64453125 0.015625 0.0166015625
0 0.359375 0.6494140625 0.013671875 0.0146484375
0 0.3154296875 0.671875 0.01171875 0.0146484375
0 0.302734375 0.6982421875 0.01171875 0.0146484375
0 0.3427734375 0.712890625 0.013671875 0.015625
0 0.3876953125 0.708984375 0.01171875 0.0146484375
0 0.4140625 0.578125 0.0126953125 0.0126953125
0 0.7158203125 0.458984375 0.0146484375 0.0146484375
0 0.7568359375 0.5009765625 0.0087890625 0.01171875
0 0.7685546875 0.4814453125 0.0146484375 0.0126953125
0 0.7265625 0.49609375 0.013671875 0.0146484375
0 0.4375 0.29296875 0.0078125 0.009765625
0 0.4033203125 0.1728515625 0.009765625 0.0078125
0 0.416015625 0.1572265625 0.0068359375 0.0087890625
0 0.46484375 0.1435546875 0.005859375 0.0107421875
0 0.587890625 0.23828125 0.009765625 0.0126953125
0 0.55078125 0.259765625 0.009765625 0.0107421875
0 0.7724609375 0.21875 0.0087890625 0.01171875
0 0.3125 0.435546875 0.009765625 0.01171875
0 0.3544921875 0.419921875 0.0126953125 0.01171875
0 0.3310546875 0.416015625 0.0126953125 0.009765625
0 0.3759765625 0.40234375 0.0107421875 0.0146484375
0 0.3955078125 0.4072265625 0.01171875 0.0146484375
0 0.396484375 0.431640625 0.0107421875 0.01171875
0 0.357421875 0.4443359375 0.01171875 0.0146484375
0 0.3623046875 0.466796875 0.0126953125 0.017578125
0 0.31640625 0.45703125 0.009765625 0.0146484375
0 0.306640625 0.482421875 0.0107421875 0.0126953125
0 0.55859375 0.6748046875 0.0126953125 0.017578125
0 0.5791015625 0.6494140625 0.009765625 0.0166015625
0 0.609375 0.6748046875 0.0107421875 0.0166015625
0 0.52734375 0.69140625 0.0166015625 0.0185546875
0 0.5107421875 0.642578125 0.01171875 0.015625
0 0.73828125 0.1728515625 0.0087890625 0.0078125
0 0.6201171875 0.3251953125 0.0087890625 0.0107421875
0 0.361328125 0.27734375 0.009765625 0.009765625
0 0.36328125 0.1943359375 0.009765625 0.009765625
0 0.3388671875 0.1884765625 0.0087890625 0.0107421875
0 0.3603515625 0.154296875 0.0068359375 0.0126953125
0 0.4375 0.1435546875 0.0078125 0.01171875
0 0.4892578125 0.1884765625 0.009765625 0.01171875
0 0.6767578125 0.7626953125 0.013671875 0.0146484375
0 0.685546875 0.560546875 0.01171875 0.0146484375
0 0.388671875 0.451171875 0.0107421875 0.013671875
0 0.3466796875 0.51171875 0.01171875 0.013671875
0 0.396484375 0.513671875 0.0107421875 0.01171875
0 0.3095703125 0.5546875 0.009765625 0.01171875
0 0.2900390625 0.537109375 0.01171875 0.013671875
0 0.27734375 0.51953125 0.0087890625 0.0146484375
0 0.7236328125 0.23828125 0.009765625 0.01171875
0 0.60546875 0.1455078125 0.009765625 0.0107421875