0 0.052734375 0.048316251830161056 0.009765625 0.014641288433382138
0 0.1005859375 0.06734992679355783 0.0166015625 0.024890190336749635
0 0.0927734375 0.043923865300146414 0.01171875 0.017569546120058566
0 0.158203125 0.03367496339677892 0.0126953125 0.020497803806734993
0 0.15234375 0.06442166910688141 0.0107421875 0.02635431918008785
0 0.0869140625 0.18301610541727673 0.009765625 0.021961932650073207
0 0.0927734375 0.13323572474377746 0.0146484375 0.027818448023426062
0 0.294921875 0.12005856515373353 0.015625 0.027818448023426062
0 0.2998046875 0.04685212298682284 0.0068359375 0.024890190336749635
0 0.310546875 0.04685212298682284 0.0078125 0.02342606149341142
0 0.3564453125 0.010248901903367497 0.017578125 0.017569546120058566
0 0.37109375 0.0527086383601757 0.0126953125 0.020497803806734993
0 0.349609375 0.13616398243045388 0.0107421875 0.021961932650073207
0 0.41015625 0.08931185944363104 0.0146484375 0.02342606149341142
0 0.4287109375 0.05710102489019034 0.01171875 0.02635431918008785
0 0.421875 0.036603221083455345 0.015625 0.02635431918008785
0 0.4541015625 0.010248901903367497 0.0107421875 0.020497803806734993
0 0.4921875 0.05856515373352855 0.0126953125 0.024890190336749635
0 0.5107421875 0.0527086383601757 0.01171875 0.024890190336749635
0 0.5478515625 0.05856515373352855 0.013671875 0.032210834553440704
0 0.6044921875 0.0746705710102489 0.0126953125 0.020497803806734993
0 0.5576171875 0.1054172767203514 0.0107421875 0.020497803806734993
0 0.4921875 0.10102489019033675 0.0185546875 0.024890190336749635
0 0.5849609375 0.15080527086383602 0.009765625 0.014641288433382138
0 0.625 0.11273792093704246 0.0126953125 0.032210834553440704
0 0.6533203125 0.14055636896046853 0.0126953125 0.021961932650073207
0 0.6943359375 0.10834553440702782 0.0107421875 0.01903367496339678
0 0.70703125 0.13469985358711567 0.0126953125 0.024890190336749635
0 0.6923828125 0.007320644216691069 0.0146484375 0.014641288433382138
0 0.7685546875 0.020497803806734993 0.0107421875 0.016105417276720352
0 0.794921875 0.08931185944363104 0.0107421875 0.01903367496339678
0 0.822265625 0.12005856515373353 0.0107421875 0.020497803806734993
0 0.9130859375 0.08638360175695461 0.01171875 0.01903367496339678
0 0.939453125 0.02342606149341142 0.0107421875 0.020497803806734993
0 0.9794921875 0.032210834553440704 0.01171875 0.02342606149341142
0 0.99609375 0.11127379209370425 0.0078125 0.03367496339677892
0 0.2041015625 0.2781844802342606 0.01953125 0.032210834553440704
0 0.2255859375 0.040995607613469986 0.009765625 0.02635431918008785
0 0.744140625 0.17715959004392387 0.0126953125 0.017569546120058566
0 0.4345703125 0.13469985358711567 0.0146484375 0.027818448023426062
0 0.478515625 0.13323572474377746 0.015625 0.02635431918008785
0 0.759765625 0.05124450951683748 0.0107421875 0.02342606149341142