0 0.6220703125 0.5943952802359882 0.041015625 0.07374631268436578
0 0.8134765625 0.5088495575221239 0.0380859375 0.08997050147492626
0 0.34765625 0.9410029498525073 0.033203125 0.06932153392330384
0 0.421875 0.8967551622418879 0.029296875 0.06784660766961652
0 0.513671875 0.8938053097345132 0.033203125 0.061946902654867256
0 0.4580078125 0.9203539823008849 0.03125 0.058997050147492625
0 0.4365234375 0.9749262536873157 0.0283203125 0.05014749262536873
0 0.193359375 0.9631268436578171 0.0322265625 0.06637168141592921
0 0.265625 0.9616519174041298 0.0283203125 0.05604719764011799
0 0.9677734375 0.8731563421828908 0.04296875 0.09587020648967552
0 0.765625 0.7551622418879056 0.03515625 0.07669616519174041
0 0.689453125 0.9188790560471977 0.03125 0.06932153392330384
0 0.72265625 0.9616519174041298 0.0478515625 0.0752212389380531
0 0.7890625 0.6224188790560472 0.0146484375 0.032448377581120944
0 0.99609375 0.6696165191740413 0.0078125 0.05752212389380531
0 0.99609375 0.5988200589970502 0.005859375 0.05457227138643068
0 0.5546875 0.8761061946902655 0.0185546875 0.05752212389380531
0 0.26171875 0.8967551622418879 0.0166015625 0.038348082595870206
0 0.4208984375 0.7610619469026548 0.0185546875 0.038348082595870206
0 0.3115234375 0.855457227138643 0.013671875 0.035398230088495575
0 0.74609375 0.7079646017699115 0.0263671875 0.061946902654867256