0 0.3486328125 0.1724137931034483 0.033203125 0.04518430439952437
0 0.1416015625 0.2080856123662307 0.029296875 0.039239001189060645
0 0.072265625 0.24613555291319858 0.037109375 0.04875148632580262
0 0.0380859375 0.1961950059453032 0.029296875 0.04518430439952437
0 0.0859375 0.19976218787158145 0.021484375 0.03329369797859691
0 0.3798828125 0.17360285374554102 0.03125 0.04756242568370987
0 0.53515625 0.19143876337693222 0.0224609375 0.04994054696789536
0 0.9931640625 0.16409036860879905 0.013671875 0.04637336504161712
0 0.96484375 0.007134363852556481 0.0126953125 0.015457788347205707
0 0.9111328125 0.0035671819262782403 0.013671875 0.008323424494649227
0 0.7568359375 0.2140309155766944 0.08984375 0.1724137931034483
0 0.2158203125 0.19500594530321047 0.1103515625 0.15695600475624258
0 0.93359375 0.2211652794292509 0.03515625 0.05112960760998811
0 0.916015625 0.16765755053507728 0.0283203125 0.04280618311533888
0 0.6982421875 0.2116527942925089 0.0341796875 0.04280618311533888
0 0.498046875 0.1700356718192628 0.02734375 0.04399524375743163
0 0.4248046875 0.17717003567181927 0.03125 0.04756242568370987
0 0.109375 0.2235434007134364 0.0244140625 0.026159334126040427
0 0.6640625 0.12960760998810938 0.0166015625 0.028537455410225922