0 0.3173828125 0.1514705882352941 0.0048828125 0.011764705882352941
0 0.3505859375 0.1338235294117647 0.0078125 0.016176470588235296
0 0.4501953125 0.18529411764705883 0.013671875 0.030882352941176472
0 0.5234375 0.09264705882352942 0.017578125 0.03529411764705882
0 0.521484375 0.09264705882352942 0.0166015625 0.03676470588235294
0 0.0380859375 0.18823529411764706 0.009765625 0.020588235294117647
0 0.1669921875 0.1514705882352941 0.0029296875 0.011764705882352941
0 0.2353515625 0.17205882352941176 0.0048828125 0.011764705882352941
0 0.2666015625 0.1411764705882353 0.0048828125 0.013235294117647059
0 0.8974609375 0.175 0.009765625 0.01764705882352941
0 0.111328125 0.38823529411764707 0.013671875 0.023529411764705882
0 0.1337890625 0.4426470588235294 0.0126953125 0.020588235294117647
0 0.1220703125 0.4970588235294118 0.0166015625 0.026470588235294117
0 0.14453125 0.48823529411764705 0.013671875 0.022058823529411766