0 0.86328125 0.4290171606864275 0.01171875 0.0124804992199688
0 0.2021484375 0.093603744149766 0.0107421875 0.0218408736349454
0 0.330078125 0.08580343213728549 0.0087890625 0.0218408736349454
0 0.373046875 0.0717628705148206 0.009765625 0.0218408736349454
0 0.419921875 0.057722308892355696 0.0087890625 0.0218408736349454
0 0.4658203125 0.054602184087363496 0.0087890625 0.0234009360374415
0 0.5224609375 0.0405616224648986 0.01171875 0.0249609984399376
0 0.56640625 0.054602184087363496 0.009765625 0.0202808112324493
0 0.6171875 0.0530421216848674 0.0107421875 0.0218408736349454
0 0.6728515625 0.0374414976599064 0.01171875 0.0249609984399376
0 0.7900390625 0.3993759750390016 0.013671875 0.0343213728549142