0 0.2685546875 0.3733528550512445 0.0341796875 0.05124450951683748
0 0.3916015625 0.2547584187408492 0.0205078125 0.03806734992679356
0 0.5986328125 0.2430453879941435 0.013671875 0.02342606149341142
0 0.658203125 0.21961932650073207 0.0107421875 0.020497803806734993
0 0.6630859375 0.26939970717423134 0.0107421875 0.021961932650073207
0 0.6875 0.29428989751098095 0.0205078125 0.03806734992679356
0 0.7138671875 0.232796486090776 0.0107421875 0.020497803806734993
0 0.76171875 0.2547584187408492 0.015625 0.03074670571010249
0 0.83203125 0.25768667642752563 0.0107421875 0.02635431918008785
0 0.869140625 0.27232796486090777 0.0126953125 0.021961932650073207
0 0.431640625 0.2108345534407028 0.025390625 0.04538799414348463
0 0.615234375 0.26939970717423134 0.0087890625 0.016105417276720352