0 0.33984375 0.5060034305317325 0.0244140625 0.07718696397941681
0 0.357421875 0.44768439108061747 0.0205078125 0.04974271012006861
0 0.517578125 0.5008576329331046 0.0283203125 0.0548885077186964
0 0.619140625 0.41852487135506006 0.0224609375 0.06174957118353345
0 0.6572265625 0.4614065180102916 0.0234375 0.06174957118353345
0 0.72265625 0.4305317324185249 0.0126953125 0.04288164665523156
0 0.7265625 0.3876500857632933 0.015625 0.04631217838765009
0 0.8310546875 0.3670668953687822 0.0185546875 0.048027444253859346
0 0.8505859375 0.4322469982847341 0.01953125 0.04288164665523156
0 0.947265625 0.40480274442538594 0.0185546875 0.04288164665523156
0 0.9365234375 0.34991423670668953 0.017578125 0.036020583190394515
0 0.1806640625 0.5317324185248714 0.025390625 0.0411663807890223