0 0.8466796875 0.5674486803519062 0.0185546875 0.036656891495601175
0 0.8310546875 0.533724340175953 0.013671875 0.02785923753665689
0 0.7314453125 0.5175953079178885 0.0126953125 0.02785923753665689
0 0.708984375 0.5762463343108505 0.0166015625 0.03812316715542522
0 0.904296875 0.436950146627566 0.0078125 0.016129032258064516
0 0.90625 0.47947214076246336 0.0078125 0.010263929618768328
0 0.8291015625 0.38269794721407624 0.0068359375 0.01466275659824047
0 0.5478515625 0.5821114369501467 0.015625 0.03225806451612903
0 0.54296875 0.5249266862170088 0.0146484375 0.026392961876832845
0 0.578125 0.501466275659824 0.013671875 0.026392961876832845
0 0.587890625 0.46774193548387094 0.0107421875 0.021994134897360705
0 0.451171875 0.4868035190615836 0.013671875 0.02346041055718475
0 0.453125 0.593841642228739 0.0146484375 0.030791788856304986
0 0.4130859375 0.5058651026392962 0.01171875 0.026392961876832845
0 0.3740234375 0.5865102639296188 0.0185546875 0.036656891495601175
0 0.3291015625 0.5703812316715543 0.0126953125 0.02785923753665689
0 0.6748046875 0.4472140762463343 0.0078125 0.017595307917888565
0 0.2705078125 0.5967741935483871 0.0166015625 0.030791788856304986
0 0.28125 0.4912023460410557 0.01171875 0.024926686217008796
0 0.111328125 0.6202346041055719 0.01171875 0.03225806451612903
0 0.0380859375 0.7067448680351907 0.0185546875 0.039589442815249266
0 0.4150390625 0.7404692082111437 0.013671875 0.04398826979472141