0 0.966796875 0.3763020833333333 0.0205078125 0.033854166666666664
0 0.814453125 0.3541666666666667 0.0205078125 0.03125
0 0.7705078125 0.3932291666666667 0.01171875 0.044270833333333336
0 0.9267578125 0.4075520833333333 0.015625 0.044270833333333336
0 0.646484375 0.3815104166666667 0.01953125 0.041666666666666664
0 0.5986328125 0.4036458333333333 0.0244140625 0.05078125
0 0.5048828125 0.3841145833333333 0.015625 0.032552083333333336
0 0.4306640625 0.4075520833333333 0.04296875 0.10807291666666667
0 0.2265625 0.41015625 0.0390625 0.055989583333333336
0 0.181640625 0.3958333333333333 0.0234375 0.03515625
0 0.0771484375 0.41015625 0.0126953125 0.020833333333333332