0 0.5234375 0.38342696629213485 0.015625 0.03089887640449438
0 0.5849609375 0.3960674157303371 0.01171875 0.02247191011235955
0 0.68359375 0.41151685393258425 0.0107421875 0.016853932584269662
0 0.5361328125 0.42837078651685395 0.0078125 0.016853932584269662
0 0.451171875 0.42275280898876405 0.0107421875 0.018258426966292134
0 0.2919921875 0.4157303370786517 0.01171875 0.021067415730337078
0 0.142578125 0.4297752808988764 0.0126953125 0.018258426966292134
0 0.08984375 0.3707865168539326 0.017578125 0.037921348314606744
0 0.0732421875 0.31320224719101125 0.0302734375 0.06601123595505617
0 0.373046875 0.37359550561797755 0.0185546875 0.032303370786516857
0 0.9345703125 0.18398876404494383 0.052734375 0.0997191011235955