0 0.9384765625 0.4199706314243759 0.0087890625 0.01908957415565345
0 0.8525390625 0.4243759177679883 0.0048828125 0.011747430249632892
0 0.806640625 0.5315712187958884 0.0078125 0.016152716593245228
0 0.8076171875 0.5227606461086637 0.0078125 0.011747430249632892
0 0.8408203125 0.5124816446402349 0.005859375 0.011747430249632892
0 0.6728515625 0.5301027900146843 0.0068359375 0.01762114537444934
0 0.6826171875 0.5066079295154186 0.005859375 0.00881057268722467
0 0.490234375 0.5726872246696035 0.0087890625 0.01908957415565345
0 0.5859375 0.55359765051395 0.0068359375 0.016152716593245228
0 0.58203125 0.580029368575624 0.01171875 0.023494860499265784
0 0.1767578125 0.6417033773861968 0.015625 0.033773861967694566
0 0.326171875 0.6226138032305433 0.0107421875 0.02643171806167401
0 0.4140625 0.6813509544787077 0.015625 0.03524229074889868
0 0.3720703125 0.45374449339207046 0.0029296875 0.007342143906020558
0 0.34375 0.5095447870778267 0.0048828125 0.00881057268722467
0 0.724609375 0.5829662261380323 0.005859375 0.01762114537444934
0 0.849609375 0.5315712187958884 0.00390625 0.013215859030837005
0 0.1787109375 0.44493392070484583 0.0029296875 0.007342143906020558
0 0.2783203125 0.5095447870778267 0.00390625 0.010279001468428781
0 0.3056640625 0.5433186490455213 0.0048828125 0.010279001468428781