0 0.9111328125 0.2880116959064328 0.0361328125 0.06725146198830409
0 0.8193359375 0.2909356725146199 0.0322265625 0.07456140350877193
0 0.7041015625 0.2777777777777778 0.0322265625 0.06578947368421052
0 0.8095703125 0.4605263157894737 0.03125 0.06432748538011696
0 0.69140625 0.4649122807017544 0.0361328125 0.06871345029239766
0 0.603515625 0.45760233918128657 0.033203125 0.06578947368421052
0 0.5986328125 0.29239766081871343 0.033203125 0.05847953216374269
0 0.5107421875 0.28654970760233917 0.0322265625 0.06578947368421052
0 0.4951171875 0.45321637426900585 0.03125 0.06871345029239766
0 0.396484375 0.45760233918128657 0.0341796875 0.06578947368421052
0 0.4130859375 0.25292397660818716 0.03125 0.07017543859649122
0 0.287109375 0.4590643274853801 0.0341796875 0.06871345029239766
0 0.197265625 0.4444444444444444 0.0341796875 0.06578947368421052
0 0.1162109375 0.4590643274853801 0.0322265625 0.07017543859649122
0 0.12109375 0.2821637426900585 0.0322265625 0.06432748538011696
0 0.21875 0.2777777777777778 0.0302734375 0.06432748538011696
0 0.3125 0.27631578947368424 0.029296875 0.06578947368421052
0 0.470703125 0.631578947368421 0.0361328125 0.07017543859649122