0 0.873046875 0.4635416666666667 0.009765625 0.013020833333333334
0 0.861328125 0.5169270833333334 0.01171875 0.022135416666666668
0 0.8017578125 0.50390625 0.0078125 0.009114583333333334
0 0.791015625 0.4609375 0.009765625 0.015625
0 0.7783203125 0.44140625 0.0087890625 0.010416666666666666
0 0.716796875 0.4544270833333333 0.0078125 0.01171875
0 0.7060546875 0.4908854166666667 0.009765625 0.014322916666666666
0 0.646484375 0.45703125 0.009765625 0.01171875
0 0.61328125 0.4778645833333333 0.0087890625 0.01953125
0 0.5869140625 0.4427083333333333 0.0087890625 0.013020833333333334
0 0.607421875 0.41796875 0.0087890625 0.013020833333333334
0 0.6044921875 0.5377604166666666 0.0126953125 0.018229166666666668
0 0.697265625 0.5442708333333334 0.01171875 0.020833333333333332
0 0.5537109375 0.5481770833333334 0.0107421875 0.015625
0 0.4755859375 0.55078125 0.01171875 0.013020833333333334
0 0.517578125 0.484375 0.0087890625 0.014322916666666666
0 0.509765625 0.4466145833333333 0.009765625 0.015625
0 0.443359375 0.4765625 0.009765625 0.013020833333333334
0 0.396484375 0.55859375 0.01171875 0.022135416666666668
0 0.375 0.5221354166666666 0.009765625 0.018229166666666668
0 0.373046875 0.4817708333333333 0.0107421875 0.018229166666666668
0 0.4423828125 0.4375 0.0068359375 0.010416666666666666
0 0.416015625 0.42578125 0.005859375 0.0078125
0 0.3291015625 0.5611979166666666 0.01171875 0.018229166666666668
0 0.271484375 0.5559895833333334 0.009765625 0.01953125
0 0.34375 0.45703125 0.0087890625 0.015625
0 0.306640625 0.4713541666666667 0.0068359375 0.010416666666666666
0 0.3193359375 0.42578125 0.005859375 0.013020833333333334
0 0.8017578125 0.5559895833333334 0.0087890625 0.013020833333333334
0 0.4560546875 0.4986979166666667 0.0078125 0.013020833333333334