0 0.9150390625 0.30307467057101023 0.01953125 0.03806734992679356
0 0.8369140625 0.2664714494875549 0.02734375 0.05417276720351391
0 0.7421875 0.22547584187408493 0.03125 0.06149341142020498
0 0.7138671875 0.2957540263543192 0.0185546875 0.03367496339677892
0 0.5458984375 0.09663250366032211 0.0390625 0.08931185944363104
0 0.4931640625 0.2767203513909224 0.025390625 0.05710102489019034
0 0.66796875 0.29282576866764276 0.0185546875 0.04685212298682284
0 0.443359375 0.3616398243045388 0.017578125 0.032210834553440704
0 0.3203125 0.3074670571010249 0.01171875 0.04978038067349927
0 0.419921875 0.3953147877013177 0.0087890625 0.021961932650073207
0 0.4052734375 0.4480234260614934 0.0078125 0.013177159590043924
0 0.2880859375 0.37481698389458273 0.009765625 0.024890190336749635
0 0.5517578125 0.43191800878477304 0.0078125 0.014641288433382138
0 0.564453125 0.3484626647144949 0.0146484375 0.027818448023426062
0 0.091796875 0.42020497803806733 0.01171875 0.02635431918008785
0 0.1220703125 0.4465592972181552 0.01171875 0.024890190336749635