0 0.927734375 0.5821114369501467 0.0263671875 0.045454545454545456
0 0.984375 0.5806451612903226 0.0185546875 0.03372434017595308
0 0.84765625 0.5439882697947214 0.0166015625 0.02932551319648094
0 0.7685546875 0.5395894428152492 0.0126953125 0.030791788856304986
0 0.7021484375 0.5293255131964809 0.015625 0.021994134897360705
0 0.6435546875 0.5278592375366569 0.017578125 0.030791788856304986
0 0.611328125 0.533724340175953 0.03125 0.04985337243401759
0 0.5771484375 0.5190615835777126 0.0107421875 0.024926686217008796
0 0.4541015625 0.4941348973607038 0.0126953125 0.021994134897360705
0 0.408203125 0.5087976539589443 0.0146484375 0.026392961876832845
0 0.236328125 0.532258064516129 0.0263671875 0.054252199413489736