0 0.8623046875 0.3546511627906977 0.0341796875 0.059593023255813955
0 0.8193359375 0.40261627906976744 0.0234375 0.046511627906976744
0 0.6884765625 0.4636627906976744 0.0185546875 0.040697674418604654
0 0.5966796875 0.4273255813953488 0.0234375 0.046511627906976744
0 0.5244140625 0.2936046511627907 0.0322265625 0.06686046511627906
0 0.31640625 0.4811046511627907 0.01953125 0.040697674418604654
0 0.404296875 0.38953488372093026 0.0234375 0.056686046511627904
0 0.4599609375 0.4127906976744186 0.0234375 0.036337209302325583
0 0.2421875 0.3938953488372093 0.0224609375 0.050872093023255814
0 0.1904296875 0.4738372093023256 0.0185546875 0.036337209302325583
0 0.1162109375 0.41569767441860467 0.025390625 0.04796511627906977
0 0.0537109375 0.46511627906976744 0.0205078125 0.04215116279069767