0 0.4775390625 0.3333333333333333 0.01171875 0.025252525252525252
0 0.375 0.26515151515151514 0.0087890625 0.015151515151515152
0 0.37890625 0.29419191919191917 0.0126953125 0.021464646464646464
0 0.4140625 0.255050505050505 0.0087890625 0.015151515151515152
0 0.4482421875 0.3333333333333333 0.0126953125 0.01893939393939394
0 0.4716796875 0.2676767676767677 0.0078125 0.011363636363636364
0 0.443359375 0.28914141414141414 0.009765625 0.015151515151515152
0 0.56640625 0.2916666666666667 0.009765625 0.017676767676767676
0 0.533203125 0.28535353535353536 0.0068359375 0.011363636363636364
0 0.591796875 0.2916666666666667 0.0078125 0.015151515151515152
0 0.513671875 0.255050505050505 0.0087890625 0.012626262626262626
0 0.880859375 0.41792929292929293 0.0078125 0.013888888888888888
0 0.572265625 0.32196969696969696 0.009765625 0.020202020202020204
0 0.6064453125 0.2803030303030303 0.01171875 0.01893939393939394
0 0.5673828125 0.2727272727272727 0.0078125 0.011363636363636364
0 0.5693359375 0.37752525252525254 0.013671875 0.041666666666666664