0 0.4775390625 0.2972181551976574 0.048828125 0.11127379209370425
0 0.658203125 0.3850658857979502 0.048828125 0.10688140556368961
0 0.806640625 0.41142020497803805 0.0224609375 0.043923865300146414
0 0.7548828125 0.43923865300146414 0.0185546875 0.03513909224011713
0 0.92578125 0.383601756954612 0.0263671875 0.04685212298682284
0 0.9609375 0.4011713030746706 0.017578125 0.032210834553440704
0 0.859375 0.4172767203513909 0.017578125 0.03074670571010249
0 0.0185546875 0.39824304538799415 0.015625 0.03953147877013177
0 0.0498046875 0.3923865300146413 0.0166015625 0.032210834553440704
0 0.076171875 0.3923865300146413 0.013671875 0.03074670571010249
0 0.115234375 0.3689604685212299 0.0185546875 0.040995607613469986
0 0.1513671875 0.3821376281112738 0.017578125 0.0424597364568082
0 0.22265625 0.4143484626647145 0.017578125 0.029282576866764276
0 0.2265625 0.3806734992679356 0.0166015625 0.029282576866764276
0 0.275390625 0.3645680819912152 0.015625 0.036603221083455345
0 0.9912109375 0.40995607613469986 0.017578125 0.040995607613469986
0 0.6259765625 0.3923865300146413 0.0146484375 0.029282576866764276
0 0.5693359375 0.37920937042459735 0.0166015625 0.03513909224011713
0 0.5888671875 0.39092240117130306 0.015625 0.03074670571010249
0 0.3388671875 0.3806734992679356 0.0146484375 0.020497803806734993