0 0.904296875 0.6934306569343066 0.01953125 0.04671532846715328
0 0.951171875 0.5985401459854015 0.0126953125 0.02335766423357664
0 0.9111328125 0.527007299270073 0.01171875 0.016058394160583942
0 0.8486328125 0.6204379562043796 0.0166015625 0.032116788321167884
0 0.8359375 0.5970802919708029 0.01171875 0.021897810218978103
0 0.814453125 0.5868613138686132 0.009765625 0.021897810218978103
0 0.7822265625 0.5708029197080292 0.0107421875 0.017518248175182483
0 0.734375 0.5766423357664233 0.009765625 0.020437956204379562
0 0.78515625 0.49635036496350365 0.0068359375 0.014598540145985401
0 0.802734375 0.5007299270072992 0.005859375 0.01167883211678832
0 0.615234375 0.5124087591240876 0.0078125 0.014598540145985401
0 0.5673828125 0.4992700729927007 0.0068359375 0.013138686131386862
0 0.53125 0.5401459854014599 0.005859375 0.016058394160583942
0 0.556640625 0.5343065693430656 0.0068359375 0.017518248175182483
0 0.4990234375 0.5766423357664233 0.009765625 0.01897810218978102
0 0.22265625 0.5970802919708029 0.013671875 0.027737226277372264
0 0.2646484375 0.6481751824817519 0.01171875 0.035036496350364967
0 0.2021484375 0.5080291970802919 0.009765625 0.013138686131386862
0 0.2158203125 0.48905109489051096 0.0078125 0.014598540145985401
0 0.283203125 0.4948905109489051 0.0078125 0.013138686131386862
0 0.2578125 0.4992700729927007 0.005859375 0.013138686131386862
0 0.119140625 0.5153284671532846 0.0078125 0.016058394160583942
0 0.09765625 0.4832116788321168 0.005859375 0.01167883211678832
0 0.0986328125 0.5167883211678832 0.005859375 0.013138686131386862
0 0.025390625 0.7255474452554744 0.017578125 0.030656934306569343
0 0.0380859375 0.7343065693430657 0.0146484375 0.030656934306569343
0 0.3115234375 0.6408759124087591 0.0146484375 0.029197080291970802
0 0.3232421875 0.545985401459854 0.0087890625 0.01897810218978102
0 0.267578125 0.5386861313868613 0.0068359375 0.014598540145985401
0 0.3916015625 0.6861313868613139 0.01171875 0.027737226277372264
0 0.443359375 0.6846715328467153 0.0126953125 0.033576642335766425
0 0.53515625 0.6627737226277373 0.0126953125 0.021897810218978103
0 0.634765625 0.6992700729927007 0.0107421875 0.029197080291970802
0 0.662109375 0.6291970802919709 0.0126953125 0.026277372262773723
0 0.5380859375 0.5357664233576642 0.005859375 0.013138686131386862
0 0.72265625 0.5416058394160584 0.0078125 0.01897810218978102
0 0.7548828125 0.5255474452554745 0.0068359375 0.014598540145985401
0 0.349609375 0.4978102189781022 0.0068359375 0.014598540145985401
0 0.2275390625 0.454014598540146 0.0048828125 0.008759124087591242
0 0.216796875 0.46131386861313867 0.005859375 0.010218978102189781
0 0.123046875 0.46715328467153283 0.005859375 0.01167883211678832
0 0.2041015625 0.4656934306569343 0.0048828125 0.008759124087591242
0 0.2314453125 0.48175182481751827 0.0078125 0.016058394160583942
0 0.6396484375 0.5211678832116788 0.0068359375 0.01167883211678832
0 0.6826171875 0.47737226277372263 0.0048828125 0.010218978102189781
0 0.716796875 0.5065693430656935 0.005859375 0.013138686131386862
0 0.7392578125 0.48613138686131385 0.0078125 0.01167883211678832
0 0.7265625 0.44379562043795623 0.0068359375 0.014598540145985401
0 0.490234375 0.4686131386861314 0.005859375 0.01167883211678832
0 0.47265625 0.5751824817518248 0.009765625 0.017518248175182483
0 0.55078125 0.5489051094890511 0.0068359375 0.013138686131386862
0 0.1357421875 0.5985401459854015 0.009765625 0.017518248175182483
0 0.2509765625 0.4802919708029197 0.005859375 0.013138686131386862
0 0.314453125 0.46131386861313867 0.005859375 0.013138686131386862
0 0.2978515625 0.4554744525547445 0.005859375 0.010218978102189781
0 0.0556640625 0.7124087591240876 0.017578125 0.040875912408759124
0 0.8291015625 0.5109489051094891 0.005859375 0.01167883211678832
0 0.68359375 0.527007299270073 0.0068359375 0.01167883211678832
0 0.8935546875 0.5313868613138686 0.0068359375 0.016058394160583942