0 0.66796875 0.2251655629139073 0.037109375 0.0728476821192053
0 0.78515625 0.21357615894039736 0.037109375 0.08443708609271523
0 0.7451171875 0.1986754966887417 0.0302734375 0.06291390728476821
0 0.8212890625 0.10596026490066225 0.0244140625 0.041390728476821195
0 0.892578125 0.25662251655629137 0.0380859375 0.08278145695364239
0 0.814453125 0.37251655629139074 0.0439453125 0.08774834437086093
0 0.5712890625 0.10099337748344371 0.0263671875 0.04966887417218543
0 0.5048828125 0.13741721854304637 0.025390625 0.046357615894039736
0 0.447265625 0.10099337748344371 0.0263671875 0.04470198675496689
0 0.3671875 0.14072847682119205 0.0234375 0.0380794701986755
0 0.3017578125 0.15562913907284767 0.0244140625 0.046357615894039736
0 0.044921875 0.12748344370860928 0.0244140625 0.04304635761589404
0 0.18359375 0.152317880794702 0.0234375 0.048013245033112585
0 0.109375 0.28807947019867547 0.0263671875 0.048013245033112585
0 0.134765625 0.27980132450331124 0.0263671875 0.052980132450331126
0 0.1826171875 0.25165562913907286 0.0380859375 0.08278145695364239
0 0.298828125 0.39403973509933776 0.037109375 0.07947019867549669
0 0.275390625 0.2533112582781457 0.0361328125 0.08112582781456953
0 0.373046875 0.2185430463576159 0.0361328125 0.08278145695364239
0 0.4677734375 0.2433774834437086 0.0390625 0.08112582781456953
0 0.421875 0.3758278145695364 0.0400390625 0.07947019867549669
0 0.529296875 0.3990066225165563 0.0439453125 0.09105960264900662
0 0.6767578125 0.38079470198675497 0.0439453125 0.09271523178807947
0 0.5654296875 0.2533112582781457 0.037109375 0.07450331125827815