0 0.96484375 0.4341906202723147 0.0146484375 0.036308623298033284
0 0.990234375 0.41603630862329805 0.0146484375 0.03479576399394856
0 0.9052734375 0.42208774583963693 0.01953125 0.037821482602118005
0 0.8896484375 0.4523449319213313 0.013671875 0.028744326777609682
0 0.8935546875 0.14674735249621784 0.0146484375 0.036308623298033284
0 0.943359375 0.04236006051437216 0.017578125 0.036308623298033284
0 0.90234375 0.05446293494704992 0.0146484375 0.02723146747352496
0 0.8056640625 0.18305597579425115 0.01171875 0.024205748865355523
0 0.923828125 0.12556732223903178 0.013671875 0.028744326777609682
0 0.802734375 0.08774583963691376 0.013671875 0.03177004538577912
0 0.7919921875 0.329803328290469 0.015625 0.030257186081694403
0 0.7275390625 0.25416036308623297 0.013671875 0.028744326777609682
0 0.755859375 0.17246596066565809 0.013671875 0.028744326777609682
0 0.7802734375 0.16944024205748864 0.0126953125 0.02723146747352496
0 0.6591796875 0.13767019667170954 0.0146484375 0.02723146747352496
0 0.6767578125 0.14826021180030258 0.0146484375 0.02723146747352496
0 0.6904296875 0.1437216338880484 0.0146484375 0.03328290468986384
0 0.48046875 0.11195158850226929 0.0390625 0.08623298033282904
0 0.3857421875 0.07413010590015129 0.0146484375 0.03177004538577912
0 0.3427734375 0.02118003025718608 0.013671875 0.030257186081694403
0 0.2412109375 0.31316187594553707 0.017578125 0.03479576399394856
0 0.28125 0.3388804841149773 0.017578125 0.037821482602118005
0 0.166015625 0.25416036308623297 0.015625 0.03328290468986384
0 0.2705078125 0.1875945537065053 0.0146484375 0.036308623298033284
0 0.2578125 0.12405446293494705 0.01171875 0.03479576399394856
0 0.2392578125 0.08623298033282904 0.0087890625 0.018154311649016642
0 0.2109375 0.264750378214826 0.0146484375 0.028744326777609682
0 0.171875 0.35703479576399394 0.017578125 0.04236006051437216
0 0.306640625 0.11951588502269289 0.0126953125 0.025718608169440244
0 0.2666015625 0.08774583963691376 0.01171875 0.0226928895612708
0 0.15625 0.13161875945537066 0.01171875 0.030257186081694403
0 0.0791015625 0.3751891074130106 0.021484375 0.03328290468986384
0 0.068359375 0.2405446293494705 0.0185546875 0.036308623298033284
0 0.0517578125 0.11951588502269289 0.015625 0.028744326777609682
0 0.099609375 0.12405446293494705 0.0146484375 0.03479576399394856
0 0.0283203125 0.05446293494704992 0.0126953125 0.024205748865355523
0 0.0615234375 0.08472012102874432 0.0126953125 0.030257186081694403
0 0.1201171875 0.03328290468986384 0.009765625 0.02118003025718608
0 0.17578125 0.08169440242057488 0.01171875 0.02118003025718608
0 0.0625 0.018154311649016642 0.0126953125 0.028744326777609682
0 0.2763671875 0.03479576399394856 0.013671875 0.028744326777609682