0 0.9052734375 0.32723279648609077 0.013671875 0.01171303074670571
0 0.66015625 0.33162518301610544 0.0126953125 0.012445095168374817
0 0.6767578125 0.30380673499267935 0.0078125 0.007320644216691069
0 0.5810546875 0.3206442166910688 0.0146484375 0.016105417276720352
0 0.552734375 0.390190336749634 0.02734375 0.02855051244509517
0 0.51953125 0.36603221083455345 0.01171875 0.012445095168374817
0 0.6162109375 0.36603221083455345 0.01171875 0.010248901903367497
0 0.4970703125 0.36822840409956076 0.0126953125 0.013177159590043924
0 0.380859375 0.36822840409956076 0.01171875 0.013177159590043924
0 0.3330078125 0.33382137628111275 0.0087890625 0.012445095168374817
0 0.3046875 0.3191800878477306 0.0087890625 0.00951683748169839
0 0.2880859375 0.3609077598828697 0.0087890625 0.010980966325036604
0 0.212890625 0.3323572474377745 0.01171875 0.013177159590043924
0 0.2236328125 0.36530014641288433 0.0107421875 0.010980966325036604
0 0.16015625 0.3623718887262079 0.009765625 0.010980966325036604
0 0.119140625 0.3404099560761347 0.0107421875 0.013909224011713031
0 0.0205078125 0.33528550512445093 0.0146484375 0.010248901903367497
0 0.9072265625 0.3689604685212299 0.0166015625 0.01683748169838946
0 0.4326171875 0.3601756954612006 0.0107421875 0.010980966325036604