0 0.3271484375 0.3022922636103152 0.046875 0.05157593123209169
0 0.2412109375 0.2664756446991404 0.0166015625 0.0329512893982808
0 0.8564453125 0.3237822349570201 0.0185546875 0.03151862464183381
0 0.916015625 0.335243553008596 0.015625 0.03581661891117478
0 0.833984375 0.1346704871060172 0.013671875 0.0329512893982808
0 0.8681640625 0.014326647564469915 0.017578125 0.03008595988538682
0 0.919921875 0.022922636103151862 0.0166015625 0.03151862464183381
0 0.7001953125 0.07020057306590258 0.015625 0.02865329512893983
0 0.6640625 0.06160458452722063 0.0146484375 0.03581661891117478
0 0.6787109375 0.017191977077363897 0.015625 0.03008595988538682
0 0.6123046875 0.0329512893982808 0.0107421875 0.01862464183381089
0 0.5849609375 0.04011461318051576 0.0185546875 0.0329512893982808
0 0.2021484375 0.1174785100286533 0.015625 0.034383954154727794
0 0.5595703125 0.015759312320916905 0.0146484375 0.017191977077363897
0 0.994140625 0.03868194842406877 0.01171875 0.04011461318051576