0 0.955078125 0.15789473684210525 0.0185546875 0.03070175438596491
0 0.9052734375 0.16666666666666666 0.0146484375 0.029239766081871343
0 0.8212890625 0.17543859649122806 0.0185546875 0.038011695906432746
0 0.8251953125 0.049707602339181284 0.0126953125 0.024853801169590642
0 0.71484375 0.15497076023391812 0.0185546875 0.04093567251461988
0 0.763671875 0.0935672514619883 0.0146484375 0.03216374269005848
0 0.732421875 0.12719298245614036 0.0107421875 0.021929824561403508
0 0.7060546875 0.0891812865497076 0.017578125 0.039473684210526314
0 0.64453125 0.1739766081871345 0.01953125 0.038011695906432746
0 0.591796875 0.1871345029239766 0.0185546875 0.04093567251461988
0 0.5087890625 0.4342105263157895 0.0244140625 0.05263157894736842
0 0.5 0.21929824561403508 0.0185546875 0.03508771929824561
0 0.451171875 0.21929824561403508 0.01953125 0.038011695906432746
0 0.3974609375 0.21929824561403508 0.0166015625 0.033625730994152045
0 0.447265625 0.11403508771929824 0.01953125 0.03216374269005848
0 0.509765625 0.033625730994152045 0.013671875 0.02631578947368421
0 0.4384765625 0.04239766081871345 0.015625 0.03216374269005848
0 0.3974609375 0.03070175438596491 0.021484375 0.033625730994152045
0 0.3876953125 0.09210526315789473 0.01953125 0.039473684210526314
0 0.4140625 0.1286549707602339 0.013671875 0.02631578947368421
0 0.37109375 0.17982456140350878 0.0205078125 0.04093567251461988
0 0.3388671875 0.02046783625730994 0.025390625 0.04239766081871345
0 0.3203125 0.20029239766081872 0.0234375 0.043859649122807015
0 0.275390625 0.2046783625730994 0.0263671875 0.04678362573099415
0 0.302734375 0.0935672514619883 0.01953125 0.03654970760233918
0 0.2294921875 0.024853801169590642 0.017578125 0.029239766081871343
0 0.22265625 0.17105263157894737 0.01953125 0.039473684210526314
0 0.21484375 0.19736842105263158 0.01953125 0.03508771929824561
0 0.1455078125 0.1111111111111111 0.01953125 0.03654970760233918
0 0.1474609375 0.033625730994152045 0.01953125 0.03654970760233918
0 0.125 0.03654970760233918 0.0205078125 0.04239766081871345
0 0.0654296875 0.17543859649122806 0.017578125 0.038011695906432746
0 0.0478515625 0.24853801169590642 0.01171875 0.03216374269005848
0 0.01953125 0.03070175438596491 0.0205078125 0.038011695906432746