0 0.9853515625 0.15104166666666666 0.017578125 0.03125
0 0.7880859375 0.13020833333333334 0.0234375 0.03515625
0 0.6884765625 0.13671875 0.017578125 0.028645833333333332
0 0.6328125 0.11979166666666667 0.021484375 0.03515625
0 0.58984375 0.11979166666666667 0.0224609375 0.029947916666666668
0 0.5625 0.11197916666666667 0.0146484375 0.02734375
0 0.4931640625 0.12109375 0.021484375 0.03125
0 0.4072265625 0.11328125 0.0205078125 0.040364583333333336
0 0.388671875 0.11588541666666667 0.0205078125 0.03515625
0 0.34375 0.11197916666666667 0.0244140625 0.029947916666666668
0 0.318359375 0.08333333333333333 0.005859375 0.010416666666666666
0 0.255859375 0.09635416666666667 0.0244140625 0.053385416666666664
0 0.1357421875 0.06510416666666667 0.0224609375 0.036458333333333336
0 0.076171875 0.10026041666666667 0.0244140625 0.037760416666666664
0 0.052734375 0.08333333333333333 0.0185546875 0.029947916666666668