0 0.9912109375 0.07421875 0.0166015625 0.040364583333333336
0 0.9453125 0.07552083333333333 0.021484375 0.033854166666666664
0 0.8759765625 0.09114583333333333 0.01953125 0.03125
0 0.8564453125 0.17838541666666666 0.021484375 0.037760416666666664
0 0.8857421875 0.01171875 0.0224609375 0.0234375
0 0.8212890625 0.08203125 0.025390625 0.0390625
0 0.814453125 0.013020833333333334 0.021484375 0.026041666666666668
0 0.7900390625 0.1875 0.02734375 0.0390625
0 0.671875 0.2643229166666667 0.0224609375 0.03125
0 0.7392578125 0.009114583333333334 0.0185546875 0.018229166666666668
0 0.662109375 0.013020833333333334 0.021484375 0.02734375
0 0.5009765625 0.053385416666666664 0.021484375 0.032552083333333336
0 0.4462890625 0.28515625 0.021484375 0.03515625
0 0.28125 0.3151041666666667 0.0234375 0.03125
0 0.2216796875 0.3111979166666667 0.01953125 0.029947916666666668
0 0.197265625 0.2109375 0.0234375 0.04296875
0 0.1318359375 0.1953125 0.0244140625 0.040364583333333336
0 0.0791015625 0.20572916666666666 0.0234375 0.04296875
0 0.0185546875 0.2109375 0.01953125 0.0390625
0 0.0654296875 0.09244791666666667 0.025390625 0.036458333333333336
0 0.1279296875 0.10677083333333333 0.021484375 0.048177083333333336
0 0.10546875 0.01953125 0.0205078125 0.03125
0 0.0126953125 0.11067708333333333 0.0126953125 0.05078125
0 0.0283203125 0.052083333333333336 0.01953125 0.022135416666666668