0 0.97265625 0.08333333333333333 0.04296875 0.06770833333333333
0 0.8681640625 0.08463541666666667 0.03125 0.061197916666666664
0 0.8193359375 0.06640625 0.0361328125 0.05859375
0 0.7802734375 0.0859375 0.04296875 0.06510416666666667
0 0.701171875 0.09765625 0.044921875 0.059895833333333336
0 0.5673828125 0.09244791666666667 0.0361328125 0.06510416666666667
0 0.5712890625 0.020833333333333332 0.037109375 0.041666666666666664
0 0.498046875 0.08854166666666667 0.037109375 0.08203125
0 0.5009765625 0.01953125 0.0224609375 0.0390625
0 0.3837890625 0.109375 0.0390625 0.055989583333333336
0 0.3935546875 0.04296875 0.041015625 0.05859375
0 0.34375 0.048177083333333336 0.029296875 0.049479166666666664
0 0.296875 0.1015625 0.048828125 0.0703125
0 0.1083984375 0.05859375 0.03515625 0.06510416666666667
0 0.048828125 0.0703125 0.037109375 0.08984375
0 0.9482421875 0.0625 0.017578125 0.048177083333333336