0 0.193359375 0.2824858757062147 0.02734375 0.07062146892655367
0 0.173828125 0.09887005649717515 0.0205078125 0.046610169491525424
0 0.1171875 0.1228813559322034 0.0224609375 0.0480225988700565
0 0.048828125 0.12146892655367232 0.0263671875 0.0423728813559322
0 0.44921875 0.10734463276836158 0.0224609375 0.052259887005649715
0 0.337890625 0.08898305084745763 0.0302734375 0.05649717514124294
0 0.263671875 0.1228813559322034 0.0283203125 0.03954802259887006
0 0.8515625 0.1172316384180791 0.0283203125 0.05790960451977401
0 0.708984375 0.08192090395480225 0.0283203125 0.06073446327683616
0 0.6865234375 0.11299435028248588 0.015625 0.02401129943502825
0 0.8779296875 0.10451977401129943 0.0224609375 0.05367231638418079
0 0.9951171875 0.1016949152542373 0.009765625 0.059322033898305086