0 0.951171875 0.2877604166666667 0.013671875 0.01953125
0 0.8916015625 0.22265625 0.013671875 0.024739583333333332
0 0.7783203125 0.20833333333333334 0.0107421875 0.01953125
0 0.7646484375 0.20833333333333334 0.013671875 0.020833333333333332
0 0.5654296875 0.22786458333333334 0.013671875 0.02734375
0 0.537109375 0.16145833333333334 0.0107421875 0.018229166666666668
0 0.484375 0.15755208333333334 0.009765625 0.020833333333333332
0 0.4345703125 0.2955729166666667 0.0166015625 0.020833333333333332
0 0.66796875 0.16796875 0.009765625 0.01171875
0 0.681640625 0.13671875 0.0078125 0.013020833333333334
0 0.4140625 0.234375 0.0107421875 0.01953125
0 0.33984375 0.2955729166666667 0.01171875 0.022135416666666668
0 0.296875 0.22526041666666666 0.0107421875 0.01953125
0 0.26171875 0.23828125 0.0107421875 0.0234375
0 0.17578125 0.3046875 0.013671875 0.022135416666666668
0 0.158203125 0.17317708333333334 0.0107421875 0.01953125
0 0.06640625 0.2877604166666667 0.0107421875 0.018229166666666668
0 0.1015625 0.23828125 0.0126953125 0.024739583333333332
0 0.046875 0.21223958333333334 0.013671875 0.0234375
0 0.0205078125 0.3059895833333333 0.013671875 0.020833333333333332
0 0.03515625 0.2955729166666667 0.01171875 0.016927083333333332
0 0.3857421875 0.2513020833333333 0.0107421875 0.01953125
0 0.3603515625 0.2513020833333333 0.0068359375 0.015625