0 0.767578125 0.5425867507886435 0.025390625 0.05362776025236593
0 0.94921875 0.1529968454258675 0.017578125 0.04258675078864353
0 0.8515625 0.23817034700315456 0.025390625 0.052050473186119876
0 0.88671875 0.0473186119873817 0.0185546875 0.03785488958990536
0 0.8173828125 0.050473186119873815 0.0166015625 0.02996845425867508
0 0.994140625 0.24605678233438485 0.01171875 0.031545741324921134
0 0.8447265625 0.1277602523659306 0.0146484375 0.04574132492113565
0 0.673828125 0.050473186119873815 0.015625 0.031545741324921134
0 0.421875 0.167192429022082 0.01953125 0.03943217665615142
0 0.5546875 0.052050473186119876 0.025390625 0.026813880126182965
0 0.45703125 0.01892744479495268 0.0244140625 0.03785488958990536
0 0.3232421875 0.1277602523659306 0.0224609375 0.05362776025236593
0 0.357421875 0.015772870662460567 0.021484375 0.033123028391167195
0 0.2626953125 0.01892744479495268 0.0205078125 0.03785488958990536
0 0.171875 0.012618296529968454 0.0185546875 0.026813880126182965
0 0.1572265625 0.0583596214511041 0.017578125 0.03470031545741325
0 0.056640625 0.01892744479495268 0.0205078125 0.03943217665615142
0 0.029296875 0.2192429022082019 0.0205078125 0.056782334384858045