0 0.4619140625 0.3330893118594436 0.0283203125 0.0212298682284041
0 0.5322265625 0.3374816983894583 0.0224609375 0.020497803806734993
0 0.4462890625 0.2547584187408492 0.0234375 0.02635431918008785
0 0.357421875 0.2759882869692533 0.0234375 0.02855051244509517
0 0.357421875 0.33821376281112736 0.01953125 0.0212298682284041
0 0.37890625 0.3374816983894583 0.01953125 0.018301610541727673
0 0.306640625 0.34480234260614934 0.0234375 0.022693997071742314
0 0.494140625 0.42972181551976574 0.0712890625 0.08638360175695461
0 0.3974609375 0.34260614934114203 0.017578125 0.015373352855051245
0 0.1962890625 0.33528550512445093 0.0244140625 0.024158125915080528
0 0.1083984375 0.34773060029282576 0.025390625 0.024890190336749635
0 0.0087890625 0.3008784773060029 0.013671875 0.013909224011713031