0 0.958984375 0.28515625 0.0224609375 0.03515625
0 0.87890625 0.2942708333333333 0.021484375 0.033854166666666664
0 0.8271484375 0.296875 0.021484375 0.033854166666666664
0 0.8447265625 0.2421875 0.021484375 0.028645833333333332
0 0.8134765625 0.2526041666666667 0.013671875 0.016927083333333332
0 0.7626953125 0.2890625 0.02734375 0.040364583333333336
0 0.7119140625 0.2864583333333333 0.025390625 0.032552083333333336
0 0.7470703125 0.29296875 0.0087890625 0.013020833333333334
0 0.7861328125 0.24348958333333334 0.0205078125 0.029947916666666668
0 0.6611328125 0.296875 0.0224609375 0.032552083333333336
0 0.66015625 0.2565104166666667 0.0224609375 0.03515625
0 0.587890625 0.24869791666666666 0.0224609375 0.028645833333333332
0 0.5517578125 0.2682291666666667 0.0234375 0.033854166666666664
0 0.587890625 0.3216145833333333 0.044921875 0.055989583333333336
0 0.4580078125 0.296875 0.0205078125 0.029947916666666668
0 0.5009765625 0.25 0.01953125 0.029947916666666668
0 0.4638671875 0.25 0.021484375 0.03125
0 0.4189453125 0.2526041666666667 0.0224609375 0.036458333333333336
0 0.3857421875 0.2903645833333333 0.0234375 0.041666666666666664
0 0.361328125 0.2526041666666667 0.0205078125 0.036458333333333336
0 0.326171875 0.2721354166666667 0.025390625 0.055989583333333336
0 0.306640625 0.23958333333333334 0.0205078125 0.036458333333333336
0 0.185546875 0.23828125 0.0234375 0.03515625
0 0.0458984375 0.23697916666666666 0.029296875 0.046875
0 0.224609375 0.24739583333333334 0.0185546875 0.024739583333333332