0 0.1259765625 0.6897546897546898 0.017578125 0.04040404040404041
0 0.1025390625 0.6132756132756133 0.013671875 0.031746031746031744
0 0.205078125 0.4906204906204906 0.0087890625 0.023088023088023088
0 0.2138671875 0.47619047619047616 0.0126953125 0.02886002886002886
0 0.25 0.4199134199134199 0.01171875 0.01875901875901876
0 0.416015625 0.5526695526695526 0.009765625 0.024531024531024532
0 0.396484375 0.7344877344877345 0.0166015625 0.04040404040404041
0 0.583984375 0.8715728715728716 0.0263671875 0.03463203463203463
0 0.5595703125 0.7835497835497836 0.01953125 0.03896103896103896
0 0.6044921875 0.3088023088023088 0.009765625 0.01875901875901876
0 0.6796875 0.3823953823953824 0.0146484375 0.023088023088023088
0 0.6279296875 0.27994227994227994 0.0068359375 0.01443001443001443
0 0.62109375 0.27705627705627706 0.005859375 0.020202020202020204
0 0.072265625 0.7445887445887446 0.015625 0.03896103896103896
0 0.4345703125 0.4227994227994228 0.009765625 0.020202020202020204
0 0.2421875 0.4458874458874459 0.005859375 0.012987012987012988
0 0.2294921875 0.4444444444444444 0.0126953125 0.020202020202020204
0 0.384765625 0.6868686868686869 0.0185546875 0.03463203463203463
0 0.4541015625 0.5800865800865801 0.015625 0.03463203463203463
0 0.4609375 0.4963924963924964 0.009765625 0.030303030303030304
0 0.19921875 0.7157287157287158 0.021484375 0.03318903318903319