0 0.2080078125 0.30656934306569344 0.0283203125 0.04671532846715328
0 0.30078125 0.31386861313868614 0.0224609375 0.043795620437956206
0 0.392578125 0.3051094890510949 0.025390625 0.043795620437956206
0 0.4990234375 0.30656934306569344 0.0224609375 0.04525547445255475
0 0.5869140625 0.30656934306569344 0.0244140625 0.04525547445255475
0 0.6865234375 0.2948905109489051 0.025390625 0.04525547445255475
0 0.7744140625 0.30656934306569344 0.025390625 0.04525547445255475
0 0.8916015625 0.2773722627737226 0.0302734375 0.03941605839416058
0 0.1669921875 0.5094890510948905 0.025390625 0.049635036496350364
0 0.3056640625 0.49343065693430654 0.025390625 0.052554744525547446
0 0.4375 0.48613138686131385 0.02734375 0.049635036496350364
0 0.5615234375 0.491970802919708 0.0283203125 0.04671532846715328
0 0.681640625 0.48905109489051096 0.02734375 0.04817518248175182
0 0.8203125 0.49635036496350365 0.029296875 0.05401459854014599
0 0.107421875 0.28613138686131384 0.02734375 0.04671532846715328