0 0.79296875 0.2216796875 0.0791015625 0.0869140625
0 0.7568359375 0.109375 0.0625 0.0859375
0 0.88671875 0.5703125 0.0478515625 0.0537109375
0 0.6865234375 0.5927734375 0.0390625 0.060546875
0 0.5185546875 0.19921875 0.037109375 0.041015625
0 0.5029296875 0.1357421875 0.0390625 0.0498046875
0 0.451171875 0.154296875 0.0400390625 0.0546875
0 0.365234375 0.1083984375 0.072265625 0.08984375
0 0.5361328125 0.03125 0.0283203125 0.03515625
0 0.2021484375 0.2001953125 0.0390625 0.046875
0 0.1650390625 0.171875 0.03515625 0.04296875
0 0.1259765625 0.1650390625 0.0380859375 0.044921875
0 0.0849609375 0.1513671875 0.03515625 0.0439453125
0 0.09375 0.2138671875 0.0361328125 0.041015625
0 0.13671875 0.3916015625 0.0361328125 0.0478515625
0 0.029296875 0.3759765625 0.0400390625 0.0537109375
0 0.0419921875 0.1728515625 0.0361328125 0.044921875
0 0.009765625 0.1767578125 0.0205078125 0.0419921875
0 0.7373046875 0.64453125 0.0263671875 0.037109375
0 0.8056640625 0.6630859375 0.01171875 0.017578125
0 0.7939453125 0.6357421875 0.0126953125 0.015625
0 0.84375 0.6171875 0.0126953125 0.017578125
0 0.76171875 0.6298828125 0.01171875 0.0166015625
0 0.5537109375 0.181640625 0.0341796875 0.05078125
0 0.46484375 0.34765625 0.0390625 0.0576171875
0 0.978515625 0.6142578125 0.015625 0.0205078125
0 0.23828125 0.4072265625 0.03515625 0.046875
0 0.7060546875 0.634765625 0.0322265625 0.0390625