0 0.197265625 0.6932471264367817 0.037109375 0.032327586206896554
0 0.443359375 0.6889367816091954 0.0400390625 0.035201149425287355
0 0.5078125 0.6824712643678161 0.0322265625 0.03089080459770115
0 0.5849609375 0.584051724137931 0.0341796875 0.032327586206896554
0 0.71875 0.7061781609195402 0.0419921875 0.03879310344827586
0 0.49609375 0.5890804597701149 0.0263671875 0.03017241379310345
0 0.421875 0.5653735632183908 0.0146484375 0.014367816091954023
0 0.3466796875 0.6142241379310345 0.03515625 0.032327586206896554
0 0.16796875 0.6932471264367817 0.02734375 0.03017241379310345
0 0.853515625 0.6077586206896551 0.0341796875 0.033764367816091954
0 0.71875 0.5675287356321839 0.0322265625 0.032327586206896554
0 0.8193359375 0.5423850574712644 0.0302734375 0.03089080459770115
0 0.8798828125 0.6063218390804598 0.0234375 0.031609195402298854
0 0.7744140625 0.6882183908045977 0.0341796875 0.031609195402298854
0 0.2099609375 0.4051724137931034 0.0166015625 0.017959770114942528
0 0.1865234375 0.40948275862068967 0.0146484375 0.014367816091954023
0 0.59375 0.39080459770114945 0.015625 0.011494252873563218
0 0.53515625 0.35272988505747127 0.0146484375 0.014367816091954023
0 0.6005859375 0.2995689655172414 0.01171875 0.016522988505747127
0 0.6416015625 0.37787356321839083 0.013671875 0.015086206896551725
0 0.5205078125 0.4051724137931034 0.015625 0.013649425287356323
0 0.28515625 0.3635057471264368 0.0185546875 0.015086206896551725
0 0.107421875 0.3692528735632184 0.01171875 0.013649425287356323
0 0.7353515625 0.27873563218390807 0.0126953125 0.010775862068965518
0 0.7744140625 0.27155172413793105 0.0107421875 0.010775862068965518
0 0.8671875 0.3110632183908046 0.01171875 0.014367816091954023
0 0.83984375 0.31896551724137934 0.0107421875 0.013649425287356323
0 0.6083984375 0.32112068965517243 0.0126953125 0.01221264367816092
0 0.6015625 0.35272988505747127 0.009765625 0.01221264367816092
0 0.474609375 0.5660919540229885 0.0224609375 0.02586206896551724
0 0.544921875 0.5739942528735632 0.02734375 0.032327586206896554
0 0.794921875 0.5344827586206896 0.0234375 0.029454022988505746
0 0.263671875 0.6350574712643678 0.015625 0.015086206896551725