0 0.5927734375 0.4426470588235294 0.0341796875 0.057352941176470586
0 0.6796875 0.5 0.0283203125 0.06911764705882353
0 0.162109375 0.4485294117647059 0.0322265625 0.07794117647058824
0 0.0556640625 0.40588235294117647 0.0302734375 0.1264705882352941
0 0.1171875 0.4308823529411765 0.02734375 0.047058823529411764
0 0.490234375 0.4441176470588235 0.0283203125 0.07352941176470588
0 0.4150390625 0.43970588235294117 0.03125 0.061764705882352944
0 0.328125 0.45441176470588235 0.0283203125 0.051470588235294115
0 0.35546875 0.4485294117647059 0.009765625 0.01911764705882353
0 0.328125 0.40147058823529413 0.009765625 0.016176470588235296
0 0.240234375 0.475 0.0244140625 0.04411764705882353
0 0.7197265625 0.4323529411764706 0.01953125 0.03529411764705882
0 0.66796875 0.46911764705882353 0.0283203125 0.05588235294117647
0 0.5380859375 0.4676470588235294 0.0302734375 0.054411764705882354
0 0.9716796875 0.4308823529411765 0.01953125 0.03529411764705882
0 0.94140625 0.4588235294117647 0.0205078125 0.030882352941176472
0 0.12890625 0.43676470588235294 0.0146484375 0.030882352941176472
0 0.732421875 0.4661764705882353 0.017578125 0.0661764705882353