0 0.2158203125 0.664714494875549 0.009765625 0.016105417276720352
0 0.2021484375 0.6134699853587116 0.0107421875 0.020497803806734993
0 0.0419921875 0.6310395314787701 0.01171875 0.020497803806734993
0 0.0546875 0.6149341142020498 0.0107421875 0.01903367496339678
0 0.0888671875 0.5973645680819912 0.01171875 0.017569546120058566
0 0.103515625 0.5915080527086384 0.009765625 0.016105417276720352
0 0.0478515625 0.6705710102489019 0.0185546875 0.03367496339677892
0 0.02734375 0.7027818448023426 0.0166015625 0.02342606149341142
0 0.2919921875 0.6090775988286969 0.0087890625 0.017569546120058566
0 0.3134765625 0.6500732064421669 0.009765625 0.016105417276720352
0 0.302734375 0.6734992679355783 0.0146484375 0.029282576866764276
0 0.3154296875 0.6310395314787701 0.009765625 0.014641288433382138
0 0.30859375 0.5973645680819912 0.0087890625 0.013177159590043924
0 0.9072265625 0.5666178623718887 0.005859375 0.01171303074670571
0 0.9111328125 0.5490483162518301 0.0068359375 0.013177159590043924
0 0.7861328125 0.6090775988286969 0.0078125 0.013177159590043924
0 0.7890625 0.5900439238653001 0.005859375 0.01171303074670571
0 0.7822265625 0.5783308931185944 0.0078125 0.013177159590043924
0 0.763671875 0.5622254758418741 0.0068359375 0.013177159590043924
0 0.6318359375 0.486090775988287 0.005859375 0.008784773060029283
0 0.650390625 0.49487554904831627 0.0048828125 0.008784773060029283
0 0.833984375 0.5519765739385066 0.005859375 0.01171303074670571
0 0.837890625 0.5812591508052709 0.0068359375 0.013177159590043924
0 0.962890625 0.5666178623718887 0.005859375 0.01171303074670571
0 0.9306640625 0.5973645680819912 0.0078125 0.01171303074670571
0 0.1337890625 0.6281112737920937 0.01171875 0.017569546120058566
0 0.3408203125 0.657393850658858 0.017578125 0.029282576866764276
0 0.39453125 0.6559297218155198 0.0205078125 0.027818448023426062
0 0.4521484375 0.6325036603221084 0.0126953125 0.024890190336749635
0 0.39453125 0.6076134699853587 0.0107421875 0.01903367496339678
0 0.357421875 0.6310395314787701 0.0107421875 0.017569546120058566
0 0.787109375 0.5534407027818448 0.005859375 0.010248901903367497
0 0.94921875 0.5724743777452416 0.0078125 0.01171303074670571
0 0.291015625 0.5944363103953147 0.009765625 0.014641288433382138
0 0.1298828125 0.4787701317715959 0.0068359375 0.013177159590043924
0 0.0986328125 0.49487554904831627 0.0048828125 0.01171303074670571
0 0.044921875 0.4890190336749634 0.005859375 0.010248901903367497
0 0.0751953125 0.4773060029282577 0.005859375 0.010248901903367497
0 0.603515625 0.4890190336749634 0.0048828125 0.007320644216691069
0 0.232421875 0.5724743777452416 0.0078125 0.014641288433382138
0 0.146484375 0.6251830161054173 0.0087890625 0.016105417276720352
0 0.0634765625 0.6061493411420205 0.005859375 0.01171303074670571
0 0.337890625 0.623718887262079 0.01171875 0.017569546120058566
0 0.3857421875 0.5768667642752562 0.0078125 0.013177159590043924
0 0.3798828125 0.595900439238653 0.0068359375 0.010248901903367497
0 0.4384765625 0.5329428989751098 0.0048828125 0.010248901903367497
0 0.4384765625 0.5168374816983895 0.0048828125 0.010248901903367497
0 0.31640625 0.4699853587115666 0.005859375 0.01171303074670571
0 0.4765625 0.3557833089311859 0.02734375 0.05710102489019034
0 0.1669921875 0.664714494875549 0.0185546875 0.03367496339677892
0 0.115234375 0.6705710102489019 0.01953125 0.036603221083455345
0 0.384765625 0.5461200585651538 0.005859375 0.01171303074670571
0 0.38671875 0.486090775988287 0.005859375 0.010248901903367497
0 0.3994140625 0.5505124450951684 0.005859375 0.01171303074670571
0 0.4052734375 0.5900439238653001 0.0068359375 0.010248901903367497
0 0.41015625 0.6383601756954612 0.009765625 0.01903367496339678
0 0.2666015625 0.5856515373352855 0.0068359375 0.013177159590043924
0 0.55859375 0.5285505124450952 0.005859375 0.010248901903367497
0 0.3759765625 0.5197657393850659 0.0068359375 0.01171303074670571
0 0.4404296875 0.47584187408491946 0.005859375 0.010248901903367497
0 0.4013671875 0.4904831625183016 0.0048828125 0.010248901903367497
0 0.3125 0.5622254758418741 0.0068359375 0.013177159590043924
0 0.17578125 0.6149341142020498 0.0126953125 0.017569546120058566
0 0.1630859375 0.5768667642752562 0.0087890625 0.013177159590043924
0 0.1123046875 0.636896046852123 0.0107421875 0.010248901903367497
0 0.1123046875 0.6061493411420205 0.009765625 0.014641288433382138
0 0.0205078125 0.6310395314787701 0.0078125 0.013177159590043924
0 0.05078125 0.5812591508052709 0.0107421875 0.016105417276720352
0 0.025390625 0.6017569546120058 0.0107421875 0.016105417276720352
0 0.6591796875 0.5944363103953147 0.0068359375 0.01171303074670571
0 0.537109375 0.5329428989751098 0.0068359375 0.01903367496339678
0 0.5693359375 0.5080527086383602 0.0068359375 0.013177159590043924
0 0.5693359375 0.48755490483162517 0.0068359375 0.01171303074670571
0 0.6455078125 0.5592972181551976 0.0078125 0.010248901903367497
0 0.615234375 0.5051244509516838 0.005859375 0.010248901903367497
0 0.7158203125 0.5256222547584187 0.0068359375 0.01171303074670571
0 0.7177734375 0.6222547584187409 0.0107421875 0.01903367496339678
0 0.564453125 0.5739385065885798 0.0087890625 0.013177159590043924
0 0.7109375 0.5095168374816984 0.0068359375 0.008784773060029283
0 0.6494140625 0.5358711566617862 0.0048828125 0.01171303074670571
0 0.7578125 0.6076134699853587 0.01171875 0.020497803806734993
0 0.7451171875 0.6339677891654466 0.0126953125 0.020497803806734993
0 0.822265625 0.6178623718887262 0.01171875 0.02342606149341142
0 0.8046875 0.6002928257686676 0.0126953125 0.027818448023426062
0 0.841796875 0.6105417276720352 0.013671875 0.02342606149341142
0 0.9609375 0.595900439238653 0.0107421875 0.017569546120058566
0 0.97265625 0.5651537335285505 0.0078125 0.016105417276720352
0 0.8603515625 0.6120058565153733 0.0087890625 0.017569546120058566
0 0.76171875 0.582723279648609 0.0068359375 0.014641288433382138
0 0.908203125 0.5929721815519766 0.009765625 0.01903367496339678
0 0.8935546875 0.6061493411420205 0.0078125 0.014641288433382138
0 0.814453125 0.5344070278184481 0.005859375 0.010248901903367497
0 0.8349609375 0.5344070278184481 0.005859375 0.008784773060029283
0 0.4248046875 0.5168374816983895 0.0048828125 0.010248901903367497
0 0.3583984375 0.47584187408491946 0.0048828125 0.010248901903367497
0 0.421875 0.49633967789165445 0.005859375 0.008784773060029283
0 0.408203125 0.513909224011713 0.005859375 0.010248901903367497
0 0.4189453125 0.45095168374816985 0.0048828125 0.008784773060029283
0 0.3837890625 0.4407027818448023 0.0048828125 0.008784773060029283
0 0.3369140625 0.45534407027818447 0.005859375 0.010248901903367497
0 0.38671875 0.5168374816983895 0.0048828125 0.010248901903367497
0 0.3349609375 0.48316251830161056 0.0048828125 0.010248901903367497
0 0.4345703125 0.43484626647144947 0.0048828125 0.008784773060029283
0 0.423828125 0.4743777452415813 0.005859375 0.008784773060029283
0 0.322265625 0.4260614934114202 0.005859375 0.008784773060029283
0 0.3505859375 0.4802342606149341 0.0068359375 0.01171303074670571
0 0.6923828125 0.5812591508052709 0.0068359375 0.01171303074670571
0 0.6875 0.6061493411420205 0.0068359375 0.010248901903367497
0 0.2724609375 0.6354319180087847 0.0126953125 0.02342606149341142
0 0.2216796875 0.657393850658858 0.009765625 0.016105417276720352
0 0.1650390625 0.5944363103953147 0.0078125 0.014641288433382138
0 0.130859375 0.5900439238653001 0.0078125 0.014641288433382138
0 0.0634765625 0.6046852122986823 0.005859375 0.008784773060029283
0 0.3486328125 0.5724743777452416 0.0087890625 0.013177159590043924
0 0.365234375 0.575402635431918 0.0087890625 0.014641288433382138
0 0.54296875 0.6471449487554904 0.0146484375 0.024890190336749635
0 0.5869140625 0.6295754026354319 0.015625 0.02342606149341142
0 0.6708984375 0.6061493411420205 0.0107421875 0.01903367496339678
0 0.689453125 0.6251830161054173 0.0107421875 0.01903367496339678
0 0.6787109375 0.636896046852123 0.01171875 0.02342606149341142
0 0.638671875 0.6017569546120058 0.0146484375 0.024890190336749635
0 0.6171875 0.6017569546120058 0.009765625 0.01903367496339678
0 0.55078125 0.6266471449487555 0.0126953125 0.02342606149341142
0 0.541015625 0.616398243045388 0.01171875 0.021961932650073207
0 0.6806640625 0.5871156661786238 0.0078125 0.014641288433382138
0 0.6220703125 0.575402635431918 0.005859375 0.01171303074670571
0 0.5830078125 0.5710102489019033 0.0068359375 0.010248901903367497
0 0.578125 0.6134699853587116 0.01171875 0.016105417276720352
0 0.6904296875 0.5373352855051244 0.005859375 0.010248901903367497
0 0.6923828125 0.5592972181551976 0.0068359375 0.013177159590043924
0 0.5537109375 0.6032210834553441 0.0107421875 0.01171303074670571
0 0.5703125 0.5519765739385066 0.005859375 0.01171303074670571
0 0.56640625 0.5300146412884333 0.005859375 0.01171303074670571
0 0.5849609375 0.5241581259150805 0.0048828125 0.008784773060029283
0 0.6015625 0.5285505124450952 0.005859375 0.010248901903367497
0 0.58984375 0.5490483162518301 0.005859375 0.01171303074670571
0 0.5751953125 0.5695461200585652 0.005859375 0.013177159590043924
0 0.6357421875 0.5168374816983895 0.005859375 0.010248901903367497
0 0.6484375 0.5153733528550513 0.0068359375 0.01171303074670571
0 0.6533203125 0.5783308931185944 0.005859375 0.01171303074670571