0 0.818359375 0.5387994143484627 0.072265625 0.1390922401171303
0 0.619140625 0.5226939970717424 0.0517578125 0.07613469985358712
0 0.5 0.4333821376281113 0.0400390625 0.07320644216691069
0 0.5380859375 0.4011713030746706 0.0263671875 0.04538799414348463
0 0.4287109375 0.4260614934114202 0.0302734375 0.05124450951683748
0 0.396484375 0.5007320644216691 0.0576171875 0.09663250366032211
0 0.19140625 0.575402635431918 0.072265625 0.08345534407027819
0 0.099609375 0.4465592972181552 0.0361328125 0.05856515373352855
0 0.2724609375 0.4333821376281113 0.0146484375 0.029282576866764276
0 0.2470703125 0.4055636896046852 0.025390625 0.03074670571010249
0 0.30078125 0.33821376281112736 0.01171875 0.027818448023426062
0 0.3388671875 0.36749633967789164 0.01171875 0.020497803806734993
0 0.3232421875 0.36749633967789164 0.009765625 0.01903367496339678
0 0.1455078125 0.2869692532942899 0.0205078125 0.027818448023426062
0 0.140625 0.36603221083455345 0.01171875 0.02635431918008785
0 0.091796875 0.39824304538799415 0.0224609375 0.048316251830161056
0 0.3759765625 0.3967789165446559 0.029296875 0.048316251830161056
0 0.4501953125 0.383601756954612 0.0263671875 0.048316251830161056
0 0.568359375 0.3733528550512445 0.021484375 0.03513909224011713
0 0.533203125 0.3440702781844802 0.0146484375 0.029282576866764276
0 0.4326171875 0.3396778916544656 0.0087890625 0.021961932650073207
0 0.3818359375 0.2635431918008785 0.0107421875 0.02635431918008785
0 0.626953125 0.35724743777452417 0.0146484375 0.024890190336749635
0 0.646484375 0.3294289897510981 0.01171875 0.02635431918008785
0 0.6708984375 0.31332357247437775 0.0087890625 0.020497803806734993
0 0.5986328125 0.3762811127379209 0.0146484375 0.029282576866764276
0 0.7568359375 0.46412884333821375 0.025390625 0.04538799414348463
0 0.7021484375 0.43484626647144947 0.01953125 0.04978038067349927
0 0.70703125 0.3938506588579795 0.025390625 0.05417276720351391
0 0.724609375 0.3850658857979502 0.0166015625 0.036603221083455345
0 0.73046875 0.3484626647144949 0.013671875 0.02635431918008785
0 0.759765625 0.3440702781844802 0.013671875 0.021961932650073207
0 0.80078125 0.34992679355783307 0.017578125 0.02635431918008785
0 0.796875 0.31771595900439237 0.0107421875 0.021961932650073207
0 0.7841796875 0.3089311859443631 0.0068359375 0.014641288433382138
0 0.7392578125 0.31771595900439237 0.01171875 0.021961932650073207
0 0.697265625 0.32210834553440704 0.0107421875 0.020497803806734993
0 0.861328125 0.3718887262079063 0.013671875 0.029282576866764276
0 0.81640625 0.42752562225475843 0.041015625 0.07906295754026355
0 0.9326171875 0.3528550512445095 0.0185546875 0.03953147877013177
0 0.8662109375 0.3162518301610542 0.0126953125 0.02635431918008785
0 0.8798828125 0.3103953147877013 0.005859375 0.013177159590043924
0 0.8974609375 0.2518301610541728 0.009765625 0.016105417276720352
0 0.4951171875 0.37481698389458273 0.0205078125 0.03806734992679356
0 0.8369140625 0.34260614934114203 0.0126953125 0.032210834553440704
0 0.9228515625 0.3279648609077599 0.01171875 0.029282576866764276