0 0.44921875 0.30453879941434847 0.041015625 0.08931185944363104
0 0.568359375 0.21669106881405564 0.0400390625 0.08784773060029283
0 0.0751953125 0.3191800878477306 0.0244140625 0.04978038067349927
0 0.1201171875 0.3206442166910688 0.0244140625 0.043923865300146414
0 0.1748046875 0.3001464128843338 0.0224609375 0.040995607613469986
0 0.283203125 0.28550512445095166 0.01953125 0.0424597364568082
0 0.3349609375 0.29428989751098095 0.01953125 0.03953147877013177
0 0.2490234375 0.30307467057101023 0.0205078125 0.04538799414348463
0 0.205078125 0.3089311859443631 0.01953125 0.043923865300146414
0 0.2890625 0.10395314787701318 0.0185546875 0.03806734992679356
0 0.828125 0.2591508052708638 0.0205078125 0.03806734992679356
0 0.876953125 0.25768667642752563 0.0146484375 0.03074670571010249
0 0.130859375 0.2591508052708638 0.0205078125 0.03953147877013177
0 0.7666015625 0.2708638360175695 0.0126953125 0.032210834553440704