0 0.515625 0.3377926421404682 0.056640625 0.07525083612040134
0 0.0849609375 0.2140468227424749 0.033203125 0.07190635451505016
0 0.2548828125 0.18729096989966554 0.025390625 0.04180602006688963
0 0.2060546875 0.17725752508361203 0.013671875 0.03177257525083612
0 0.37890625 0.2508361204013378 0.0380859375 0.07525083612040134
0 0.3984375 0.20735785953177258 0.0185546875 0.04180602006688963
0 0.6220703125 0.18227424749163879 0.0185546875 0.043478260869565216
0 0.71875 0.20234113712374582 0.0244140625 0.06020066889632107
0 0.7958984375 0.24247491638795987 0.037109375 0.07525083612040134
0 0.9130859375 0.22073578595317725 0.0263671875 0.06020066889632107
0 0.1328125 0.17725752508361203 0.0166015625 0.04013377926421405
0 0.466796875 0.17391304347826086 0.009765625 0.023411371237458192
0 0.671875 0.17892976588628762 0.013671875 0.03177257525083612
0 0.9501953125 0.18394648829431437 0.0146484375 0.03678929765886288
0 0.875 0.17224080267558528 0.0126953125 0.023411371237458192