0 0.30859375 0.2677165354330709 0.0400390625 0.06299212598425197
0 0.18359375 0.2283464566929134 0.04296875 0.08661417322834646
0 0.7783203125 0.2031496062992126 0.04296875 0.03779527559055118
0 0.7431640625 0.415748031496063 0.04296875 0.05354330708661417
0 0.6162109375 0.4519685039370079 0.017578125 0.03622047244094488
0 0.689453125 0.49763779527559054 0.01953125 0.03937007874015748
0 0.8623046875 0.5007874015748032 0.0205078125 0.047244094488188976
0 0.90625 0.49763779527559054 0.0234375 0.047244094488188976
0 0.955078125 0.5196850393700787 0.021484375 0.04566929133858268
0 0.44140625 0.2409448818897638 0.01953125 0.03937007874015748
0 0.416015625 0.2551181102362205 0.015625 0.04094488188976378
0 0.66015625 0.4519685039370079 0.0166015625 0.03779527559055118
0 0.970703125 0.4 0.0166015625 0.03622047244094488
0 0.9873046875 0.47874015748031495 0.0166015625 0.03622047244094488
0 0.8876953125 0.4377952755905512 0.0185546875 0.03622047244094488
0 0.8896484375 0.32598425196850395 0.0146484375 0.031496062992125984