0 0.158203125 0.10546875 0.0556640625 0.08984375
0 0.4775390625 0.125 0.0654296875 0.12630208333333334
0 0.693359375 0.14322916666666666 0.060546875 0.125
0 0.80078125 0.15364583333333334 0.080078125 0.13020833333333334
0 0.765625 0.4322916666666667 0.0478515625 0.07942708333333333
0 0.8271484375 0.4622395833333333 0.0439453125 0.08463541666666667
0 0.4560546875 0.7994791666666666 0.0810546875 0.10416666666666667
0 0.5107421875 0.7981770833333334 0.05859375 0.09765625
0 0.1298828125 0.8177083333333334 0.099609375 0.16145833333333334
0 0.2568359375 0.12760416666666666 0.03515625 0.08203125
0 0.5693359375 0.4049479166666667 0.0087890625 0.022135416666666668
0 0.5302734375 0.4791666666666667 0.0146484375 0.015625