0 0.6533203125 0.20351390922401172 0.06640625 0.12005856515373353
0 0.2431640625 0.4084919472913616 0.0361328125 0.07174231332357248
0 0.2490234375 0.6222547584187409 0.04296875 0.0849194729136164
0 0.107421875 0.6310395314787701 0.037109375 0.06734992679355783
0 0.7978515625 0.6251830161054173 0.029296875 0.0746705710102489
0 0.5478515625 0.4333821376281113 0.0322265625 0.06881405563689605
0 0.5458984375 0.6427525622254758 0.0341796875 0.07027818448023426
0 0.84765625 0.44216691068814057 0.0302734375 0.06149341142020498
0 0.7900390625 0.4363103953147877 0.03125 0.08052708638360176
0 0.9560546875 0.4143484626647145 0.0380859375 0.08199121522693997
0 0.029296875 0.3821376281112738 0.0185546875 0.03806734992679356
0 0.0693359375 0.3206442166910688 0.021484375 0.0424597364568082
0 0.0439453125 0.3074670571010249 0.017578125 0.03953147877013177
0 0.107421875 0.3001464128843338 0.01953125 0.03806734992679356
0 0.1123046875 0.36749633967789164 0.0205078125 0.036603221083455345
0 0.1455078125 0.3103953147877013 0.015625 0.03513909224011713
0 0.1572265625 0.37481698389458273 0.0185546875 0.032210834553440704
0 0.0634765625 0.48755490483162517 0.0244140625 0.03806734992679356
0 0.0927734375 0.4773060029282577 0.015625 0.03806734992679356
0 0.1865234375 0.44216691068814057 0.0166015625 0.040995607613469986
0 0.287109375 0.4377745241581259 0.0166015625 0.03367496339677892
0 0.505859375 0.33528550512445093 0.0146484375 0.03367496339677892
0 0.5244140625 0.31478770131771594 0.0185546875 0.03367496339677892
0 0.541015625 0.3821376281112738 0.0146484375 0.029282576866764276
0 0.166015625 0.29282576866764276 0.0146484375 0.03367496339677892
0 0.255859375 0.28989751098096633 0.015625 0.03367496339677892
0 0.2314453125 0.28989751098096633 0.0146484375 0.03513909224011713
0 0.2109375 0.3001464128843338 0.017578125 0.036603221083455345
0 0.1962890625 0.30307467057101023 0.015625 0.03806734992679356
0 0.5908203125 0.3821376281112738 0.0185546875 0.04538799414348463
0 0.4375 0.25768667642752563 0.0556640625 0.1259150805270864
0 0.1962890625 0.26939970717423134 0.0166015625 0.027818448023426062