0 0.1298828125 0.20535714285714285 0.0595703125 0.11862244897959184
0 0.1826171875 0.2461734693877551 0.048828125 0.09821428571428571
0 0.3388671875 0.22066326530612246 0.0576171875 0.08545918367346939
0 0.509765625 0.20918367346938777 0.0712890625 0.11989795918367346
0 0.859375 0.21301020408163265 0.052734375 0.09056122448979592
0 0.6474609375 0.17219387755102042 0.046875 0.07270408163265306
0 0.1181640625 0.05357142857142857 0.0283203125 0.04974489795918367
0 0.0185546875 0.16709183673469388 0.0361328125 0.06505102040816327
0 0.1953125 0.03443877551020408 0.02734375 0.047193877551020405
0 0.26171875 0.1288265306122449 0.029296875 0.058673469387755105
0 0.40625 0.044642857142857144 0.03125 0.05739795918367347
0 0.4453125 0.18239795918367346 0.0302734375 0.0548469387755102
0 0.724609375 0.3596938775510204 0.0546875 0.07015306122448979
0 0.724609375 0.22959183673469388 0.0224609375 0.04846938775510204
0 0.765625 0.2385204081632653 0.025390625 0.044642857142857144
0 0.546875 0.14540816326530612 0.0224609375 0.04336734693877551
0 0.6474609375 0.10076530612244898 0.02734375 0.04081632653061224
0 0.8271484375 0.10714285714285714 0.0166015625 0.030612244897959183
0 0.9267578125 0.1326530612244898 0.03125 0.044642857142857144
0 0.95703125 0.3163265306122449 0.0380859375 0.061224489795918366
0 0.9765625 0.22448979591836735 0.021484375 0.039540816326530615
0 0.6103515625 0.31760204081632654 0.033203125 0.07270408163265306
0 0.931640625 0.1989795918367347 0.0224609375 0.02806122448979592
0 0.8037109375 0.19005102040816327 0.0224609375 0.039540816326530615
0 0.3828125 0.17857142857142858 0.0302734375 0.05739795918367347
0 0.6884765625 0.16581632653061223 0.025390625 0.04974489795918367
0 0.8837890625 0.04081632653061224 0.0185546875 0.03316326530612245
0 0.876953125 0.10841836734693877 0.0185546875 0.03316326530612245