0 0.1240234375 0.23598435462842243 0.015625 0.028683181225554105
0 0.2138671875 0.2607561929595828 0.0185546875 0.027379400260756193
0 0.3056640625 0.29335071707953064 0.0146484375 0.02607561929595828
0 0.3291015625 0.27640156453715775 0.0126953125 0.024771838331160364
0 0.408203125 0.27509778357235987 0.0146484375 0.02216427640156454
0 0.3857421875 0.31421121251629724 0.0126953125 0.027379400260756193
0 0.4619140625 0.3259452411994785 0.0126953125 0.02346805736636245
0 0.4580078125 0.288135593220339 0.0126953125 0.02346805736636245
0 0.4794921875 0.28552803129074317 0.013671875 0.02216427640156454
0 0.7314453125 0.35723598435462844 0.013671875 0.02607561929595828
0 0.7158203125 0.45241199478487615 0.0146484375 0.02607561929595828
0 0.6083984375 0.4680573663624511 0.0205078125 0.03911342894393742
0 0.6181640625 0.3350717079530639 0.013671875 0.020860495436766623
0 0.5478515625 0.3350717079530639 0.01171875 0.02216427640156454
0 0.578125 0.29726205997392435 0.0126953125 0.020860495436766623
0 0.5009765625 0.3285528031290743 0.01171875 0.02346805736636245
0 0.6767578125 0.37027379400260757 0.0107421875 0.020860495436766623
0 0.5908203125 0.3428943937418514 0.0107421875 0.020860495436766623
0 0.5107421875 0.30638852672750977 0.01171875 0.02216427640156454