0 0.0859375 0.5377604166666666 0.0126953125 0.0234375
0 0.1328125 0.5104166666666666 0.005859375 0.009114583333333334
0 0.265625 0.546875 0.01171875 0.01953125
0 0.35546875 0.5234375 0.0126953125 0.026041666666666668
0 0.3447265625 0.5143229166666666 0.00390625 0.009114583333333334
0 0.27734375 0.5091145833333334 0.001953125 0.0026041666666666665
0 0.267578125 0.5091145833333334 0.0029296875 0.005208333333333333
0 0.3701171875 0.5208333333333334 0.013671875 0.018229166666666668
0 0.447265625 0.5546875 0.0087890625 0.01171875
0 0.419921875 0.55078125 0.0078125 0.013020833333333334
0 0.5869140625 0.5078125 0.0048828125 0.0078125
0 0.87890625 0.5364583333333334 0.02734375 0.036458333333333336
0 0.8115234375 0.5520833333333334 0.02734375 0.05078125
0 0.515625 0.5065104166666666 0.0048828125 0.0078125
0 0.3193359375 0.5182291666666666 0.0048828125 0.006510416666666667
0 0.5390625 0.5143229166666666 0.0048828125 0.0078125