0 0.8388671875 0.94921875 0.0068359375 0.014322916666666666
0 0.3330078125 0.4869791666666667 0.0068359375 0.015625
0 0.44921875 0.4192708333333333 0.0048828125 0.009114583333333334
0 0.4345703125 0.41796875 0.0048828125 0.009114583333333334
0 0.517578125 0.43359375 0.005859375 0.010416666666666666
0 0.498046875 0.41796875 0.0068359375 0.010416666666666666
0 0.5498046875 0.41015625 0.005859375 0.01171875
0 0.5712890625 0.4140625 0.0048828125 0.010416666666666666
0 0.5947265625 0.4192708333333333 0.0048828125 0.009114583333333334
0 0.6123046875 0.4205729166666667 0.0048828125 0.010416666666666666
0 0.3193359375 0.2578125 0.00390625 0.0078125
0 0.3544921875 0.25 0.005859375 0.010416666666666666
0 0.4580078125 0.2630208333333333 0.005859375 0.009114583333333334
0 0.4443359375 0.2591145833333333 0.0048828125 0.0078125
0 0.501953125 0.2604166666666667 0.0078125 0.010416666666666666
0 0.486328125 0.2578125 0.005859375 0.009114583333333334
0 0.505859375 0.23958333333333334 0.005859375 0.009114583333333334
0 0.5654296875 0.2591145833333333 0.0068359375 0.009114583333333334
0 0.7666015625 0.2591145833333333 0.0048828125 0.0078125
0 0.693359375 0.4856770833333333 0.0078125 0.015625
0 0.4111328125 0.765625 0.0087890625 0.013020833333333334
0 0.1416015625 0.92578125 0.0087890625 0.010416666666666666
0 0.0849609375 0.9322916666666666 0.0087890625 0.014322916666666666
0 0.1875 0.9205729166666666 0.005859375 0.010416666666666666
0 0.1904296875 0.90234375 0.005859375 0.014322916666666666
0 0.232421875 0.8645833333333334 0.0087890625 0.013020833333333334
0 0.2529296875 0.87109375 0.0078125 0.013020833333333334
0 0.287109375 0.89453125 0.0087890625 0.015625
0 0.27734375 0.8411458333333334 0.0068359375 0.013020833333333334
0 0.353515625 0.8229166666666666 0.0068359375 0.01171875
0 0.4013671875 0.8020833333333334 0.0087890625 0.01171875
0 0.4033203125 0.7890625 0.0068359375 0.01171875
0 0.4677734375 0.8216145833333334 0.0087890625 0.014322916666666666
0 0.5244140625 0.79296875 0.0048828125 0.010416666666666666
0 0.5068359375 0.8111979166666666 0.0068359375 0.01171875
0 0.5400390625 0.77734375 0.0078125 0.010416666666666666
0 0.623046875 0.796875 0.0068359375 0.009114583333333334
0 0.779296875 0.8932291666666666 0.0087890625 0.01171875
0 0.708984375 0.8359375 0.0068359375 0.010416666666666666
0 0.900390625 0.9505208333333334 0.009765625 0.014322916666666666
0 0.7705078125 0.91796875 0.0068359375 0.013020833333333334
0 0.6708984375 0.8268229166666666 0.0087890625 0.01171875
0 0.556640625 0.7864583333333334 0.0068359375 0.014322916666666666
0 0.1474609375 0.9036458333333334 0.0068359375 0.014322916666666666
0 0.2705078125 0.875 0.0078125 0.01171875
0 0.646484375 0.4908854166666667 0.0068359375 0.013020833333333334
0 0.8076171875 0.4856770833333333 0.005859375 0.013020833333333334
0 0.8349609375 0.4921875 0.0078125 0.013020833333333334
0 0.51171875 0.4075520833333333 0.0068359375 0.01171875
0 0.40234375 0.4088541666666667 0.0068359375 0.009114583333333334
0 0.4130859375 0.4192708333333333 0.005859375 0.0078125
0 0.6630859375 0.3411458333333333 0.005859375 0.010416666666666666
0 0.361328125 0.29296875 0.0078125 0.01171875
0 0.7216796875 0.9153645833333334 0.01171875 0.014322916666666666