0 0.14453125 0.4088541666666667 0.02734375 0.0390625
0 0.1796875 0.38671875 0.033203125 0.05078125
0 0.255859375 0.3880208333333333 0.0361328125 0.053385416666666664
0 0.337890625 0.4283854166666667 0.0244140625 0.05078125
0 0.2646484375 0.2565104166666667 0.021484375 0.03515625
0 0.3349609375 0.3372395833333333 0.0234375 0.040364583333333336
0 0.408203125 0.3177083333333333 0.021484375 0.036458333333333336
0 0.44140625 0.2591145833333333 0.021484375 0.037760416666666664
0 0.4716796875 0.2942708333333333 0.025390625 0.041666666666666664
0 0.5361328125 0.3151041666666667 0.0263671875 0.046875
0 0.6533203125 0.4453125 0.0224609375 0.06380208333333333
0 0.626953125 0.3346354166666667 0.0302734375 0.055989583333333336
0 0.5537109375 0.2708333333333333 0.02734375 0.044270833333333336
0 0.5947265625 0.2669270833333333 0.017578125 0.033854166666666664
0 0.935546875 0.3424479166666667 0.03515625 0.05859375
0 0.7529296875 0.29296875 0.0205078125 0.032552083333333336
0 0.935546875 0.29296875 0.0205078125 0.033854166666666664
0 0.3486328125 0.2825520833333333 0.015625 0.032552083333333336