0 0.142578125 0.7027818448023426 0.0400390625 0.05124450951683748
0 0.009765625 0.5944363103953147 0.01953125 0.03953147877013177
0 0.2763671875 0.5944363103953147 0.029296875 0.0424597364568082
0 0.306640625 0.5578330893118595 0.0224609375 0.040995607613469986
0 0.330078125 0.6456808199121523 0.0283203125 0.04978038067349927
0 0.345703125 0.5988286969253295 0.0234375 0.04685212298682284
0 0.3759765625 0.6295754026354319 0.0234375 0.043923865300146414
0 0.505859375 0.8257686676427526 0.0419921875 0.09077598828696926
0 0.361328125 0.47291361639824303 0.0146484375 0.03074670571010249
0 0.439453125 0.48316251830161056 0.015625 0.03074670571010249
0 0.3759765625 0.527086383601757 0.01953125 0.03513909224011713
0 0.5048828125 0.7335285505124451 0.05078125 0.07759882869692533
0 0.390625 0.4055636896046852 0.01171875 0.021961932650073207
0 0.4150390625 0.43045387994143486 0.0107421875 0.021961932650073207
0 0.294921875 0.44216691068814057 0.015625 0.021961932650073207
0 0.3701171875 0.43045387994143486 0.01171875 0.02342606149341142
0 0.453125 0.43923865300146414 0.013671875 0.021961932650073207
0 0.251953125 0.4802342606149341 0.0205078125 0.032210834553440704
0 0.3505859375 0.5300146412884333 0.015625 0.029282576866764276
0 0.4697265625 0.4172767203513909 0.01171875 0.01903367496339678
0 0.5732421875 0.39092240117130306 0.0126953125 0.01903367496339678
0 0.666015625 0.6896046852122987 0.0419921875 0.06442166910688141
0 0.6533203125 0.4670571010248902 0.0166015625 0.032210834553440704
0 0.7548828125 0.5021961932650073 0.025390625 0.036603221083455345
0 0.69921875 0.6105417276720352 0.0322265625 0.06149341142020498
0 0.572265625 0.5651537335285505 0.0224609375 0.04978038067349927
0 0.6171875 0.5724743777452416 0.017578125 0.043923865300146414
0 0.693359375 0.4143484626647145 0.0126953125 0.02635431918008785
0 0.8349609375 0.47291361639824303 0.0244140625 0.0424597364568082
0 0.8330078125 0.43923865300146414 0.017578125 0.024890190336749635
0 0.6396484375 0.4480234260614934 0.0166015625 0.029282576866764276
0 0.7080078125 0.5183016105417276 0.0224609375 0.036603221083455345
0 0.5322265625 0.4538799414348463 0.009765625 0.017569546120058566
0 0.5263671875 0.4128843338213763 0.0146484375 0.021961932650073207
0 0.9755859375 0.4773060029282577 0.0302734375 0.036603221083455345
0 0.890625 0.541727672035139 0.021484375 0.040995607613469986
0 0.90625 0.6046852122986823 0.03125 0.05124450951683748
0 0.4033203125 0.9736456808199122 0.046875 0.05124450951683748
0 0.20703125 0.5007320644216691 0.015625 0.03074670571010249
0 0.310546875 0.40995607613469986 0.0107421875 0.01903367496339678
0 0.1064453125 0.7452415812591509 0.0244140625 0.04685212298682284
0 0.2060546875 0.6896046852122987 0.0234375 0.0629575402635432
0 0.080078125 0.5622254758418741 0.01953125 0.032210834553440704
0 0.08984375 0.5988286969253295 0.021484375 0.04978038067349927
0 0.634765625 0.3821376281112738 0.009765625 0.01903367496339678
0 0.4970703125 0.38799414348462663 0.0078125 0.01171303074670571
0 0.59375 0.5036603221083455 0.017578125 0.03953147877013177
0 0.974609375 0.35724743777452417 0.009765625 0.017569546120058566
0 0.400390625 0.5065885797950219 0.0146484375 0.02635431918008785
0 0.45703125 0.5915080527086384 0.0126953125 0.029282576866764276
0 0.451171875 0.4743777452415813 0.0126953125 0.02635431918008785
0 0.2939453125 0.4787701317715959 0.0107421875 0.02342606149341142
0 0.27734375 0.5197657393850659 0.013671875 0.029282576866764276
0 0.234375 0.5505124450951684 0.0146484375 0.03074670571010249