0 0.8671875 0.5417298937784522 0.037109375 0.07890743550834597
0 0.509765625 0.5326251896813353 0.0361328125 0.06980273141122914
0 0.400390625 0.575113808801214 0.03125 0.0622154779969651
0 0.498046875 0.424886191198786 0.017578125 0.03490136570561457
0 0.5419921875 0.40515933232169954 0.017578125 0.03490136570561457
0 0.1904296875 0.661608497723824 0.0634765625 0.08649468892261002
0 0.2177734375 0.6236722306525038 0.0283203125 0.06676783004552352
0 0.2353515625 0.6024279210925645 0.033203125 0.06828528072837632
0 0.4287109375 0.47192716236722304 0.021484375 0.03338391502276176
0 0.376953125 0.3626707132018209 0.013671875 0.024279210925644917
0 0.2900390625 0.4628224582701062 0.021484375 0.048558421851289835
0 0.0537109375 0.6980273141122914 0.0849609375 0.09863429438543247
0 0.1455078125 0.8755690440060698 0.0712890625 0.1471927162367223
0 0.2041015625 0.7905918057663126 0.0419921875 0.10015174506828528
0 0.3330078125 0.8543247344461306 0.0673828125 0.12139605462822459
0 0.5703125 0.7496206373292867 0.0634765625 0.1274658573596358
0 0.546875 0.6251896813353566 0.03515625 0.05918057663125948
0 0.9365234375 0.424886191198786 0.02734375 0.048558421851289835
0 0.904296875 0.44157814871016693 0.0263671875 0.048558421851289835
0 0.9482421875 0.6084977238239757 0.046875 0.07890743550834597
0 0.837890625 0.716236722306525 0.046875 0.09104704097116843
0 0.56640625 0.4992412746585736 0.0263671875 0.05311077389984825
0 0.6767578125 0.48558421851289835 0.0302734375 0.05311077389984825
0 0.77734375 0.44461305007587254 0.0283203125 0.051593323216995446
0 0.8134765625 0.47192716236722304 0.0302734375 0.048558421851289835
0 0.912109375 0.5022761760242792 0.03125 0.05614567526555387
0 0.9248046875 0.8558421851289834 0.052734375 0.11836115326251896
0 0.6123046875 0.5978755690440061 0.0302734375 0.05311077389984825
0 0.5859375 0.4400606980273141 0.0234375 0.04552352048558422
0 0.6142578125 0.4537177541729894 0.0224609375 0.042488619119878605
0 0.6787109375 0.5948406676783005 0.052734375 0.08649468892261002
0 0.82421875 0.4294385432473445 0.0234375 0.04704097116843703
0 0.75390625 0.38088012139605465 0.0146484375 0.025796661608497723
0 0.5751953125 0.38391502276176026 0.0146484375 0.03186646433990895
0 0.6513671875 0.4279210925644917 0.0166015625 0.0409711684370258
0 0.5859375 0.3566009104704097 0.0107421875 0.02276176024279211
0 0.1357421875 0.5083459787556904 0.01953125 0.05007587253414264
0 0.27734375 0.37329286798179057 0.0107421875 0.021244309559939303
0 0.208984375 0.543247344461305 0.03125 0.06069802731411229
0 0.7119140625 0.5538694992412747 0.0439453125 0.07435508345978756
0 0.41015625 0.3535660091047041 0.0146484375 0.019726858877086494
0 0.470703125 0.4400606980273141 0.0205078125 0.036418816388467376
0 0.2509765625 0.40667678300455234 0.0126953125 0.02276176024279211
0 0.5322265625 0.4977238239757208 0.0224609375 0.05918057663125948
0 0.4794921875 0.4992412746585736 0.015625 0.054628224582701064
0 0.330078125 0.36570561456752654 0.01171875 0.02276176024279211
0 0.5546875 0.3990895295902883 0.015625 0.03793626707132018
0 0.240234375 0.36874051593323215 0.0166015625 0.027314112291350532
0 0.1904296875 0.46889226100151743 0.0263671875 0.036418816388467376
0 0.14453125 0.4370257966616085 0.0185546875 0.03945371775417299
0 0.619140625 0.511380880121396 0.0205078125 0.0409711684370258
0 0.8486328125 0.4294385432473445 0.01953125 0.042488619119878605