0 0.3466796875 0.5166498486377397 0.0224609375 0.028254288597376387
0 0.1796875 0.6064581231079718 0.009765625 0.013118062563067608
0 0.24609375 0.520686175580222 0.0322265625 0.04944500504540868
0 0.1416015625 0.49747729566094856 0.0107421875 0.013118062563067608
0 0.3291015625 0.4581231079717457 0.015625 0.01917255297679112
0 0.6552734375 0.7376387487386479 0.0185546875 0.010090817356205853
0 0.32421875 0.18062563067608475 0.0078125 0.009081735620585268
0 0.44140625 0.23713420787083753 0.0078125 0.011099899091826439
0 0.4189453125 0.2401614530776993 0.0087890625 0.011099899091826439
0 0.5400390625 0.31786074672048437 0.0244140625 0.030272452068617558
0 0.3310546875 0.31786074672048437 0.0205078125 0.03229061553985873
0 0.6650390625 0.18869828456104945 0.0126953125 0.024217961654894045
0 0.5263671875 0.46215943491422806 0.0146484375 0.015136226034308779
0 0.2451171875 0.3007063572149344 0.0048828125 0.010090817356205853
0 0.1826171875 0.04036326942482341 0.0048828125 0.006054490413723511
0 0.32421875 0.05751765893037336 0.005859375 0.007063572149344097
0 0.4208984375 0.13420787083753785 0.0078125 0.009081735620585268
0 0.4375 0.13723511604439959 0.0078125 0.009081735620585268