0 0.56640625 0.5679542203147353 0.080078125 0.15593705293276108
0 0.484375 0.4234620886981402 0.0751953125 0.13876967095851217
0 0.6318359375 0.47353361945636624 0.0634765625 0.12303290414878398
0 0.3583984375 0.5121602288984263 0.0859375 0.1430615164520744
0 0.201171875 0.3133047210300429 0.041015625 0.07868383404864092
0 0.822265625 0.39914163090128757 0.0263671875 0.04864091559370529
0 0.294921875 0.28183118741058655 0.0283203125 0.05150214592274678
0 0.0224609375 0.3061516452074392 0.0439453125 0.10586552217453506
0 0.1591796875 0.3547925608011445 0.0263671875 0.05722460658082976
0 0.9208984375 0.26895565092989987 0.0126953125 0.024320457796852647
0 0.9189453125 0.48068669527896996 0.015625 0.024320457796852647