0 0.177734375 0.54296875 0.01171875 0.028645833333333332
0 0.1171875 0.5611979166666666 0.0126953125 0.020833333333333332
0 0.0830078125 0.5651041666666666 0.0185546875 0.032552083333333336
0 0.0390625 0.55859375 0.0166015625 0.033854166666666664
0 0.2998046875 0.5052083333333334 0.009765625 0.01953125
0 0.287109375 0.4973958333333333 0.0078125 0.01953125
0 0.3828125 0.5104166666666666 0.0068359375 0.01953125
0 0.3994140625 0.4895833333333333 0.0087890625 0.022135416666666668
0 0.3916015625 0.5611979166666666 0.009765625 0.018229166666666668
0 0.3994140625 0.609375 0.015625 0.0546875
0 0.3623046875 0.5885416666666666 0.015625 0.028645833333333332
0 0.453125 0.4908854166666667 0.0087890625 0.01953125
0 0.421875 0.4934895833333333 0.009765625 0.022135416666666668
0 0.43359375 0.5651041666666666 0.0185546875 0.040364583333333336
0 0.4326171875 0.49609375 0.0078125 0.01953125
0 0.6201171875 0.5963541666666666 0.021484375 0.037760416666666664
0 0.5517578125 0.625 0.03125 0.06380208333333333
0 0.5859375 0.5546875 0.01171875 0.024739583333333332
0 0.8076171875 0.6067708333333334 0.0146484375 0.032552083333333336
0 0.7958984375 0.5690104166666666 0.0078125 0.020833333333333332
0 0.74609375 0.5611979166666666 0.013671875 0.024739583333333332
0 0.388671875 0.54296875 0.013671875 0.01953125
0 0.416015625 0.5625 0.0078125 0.014322916666666666
0 0.470703125 0.5104166666666666 0.0078125 0.014322916666666666
0 0.7705078125 0.54296875 0.01171875 0.01953125
0 0.94921875 0.5768229166666666 0.0146484375 0.03125
0 0.9892578125 0.5846354166666666 0.015625 0.03125