0 0.1572265625 0.390279823269514 0.0361328125 0.060382916053019146
0 0.3134765625 0.41973490427098675 0.0341796875 0.05891016200294551
0 0.0634765625 0.3946980854197349 0.0380859375 0.053019145802650956
0 0.2265625 0.5802650957290133 0.041015625 0.06921944035346098
0 0.236328125 0.4167893961708395 0.037109375 0.06774668630338733
0 0.2939453125 0.35787923416789397 0.0322265625 0.060382916053019146
0 0.373046875 0.3446244477172312 0.0322265625 0.05891016200294551
0 0.39453125 0.42415316642120765 0.0380859375 0.06480117820324006
0 0.4345703125 0.3858615611192931 0.0322265625 0.060382916053019146
0 0.41015625 0.33726067746686306 0.029296875 0.053019145802650956
0 0.46875 0.35198821796759944 0.0341796875 0.06332842415316642
0 0.53515625 0.2768777614138439 0.0322265625 0.06921944035346098
0 0.8466796875 0.37260677466863035 0.04296875 0.08100147275405008
0 0.7666015625 0.3593519882179676 0.0361328125 0.07363770250368189
0 0.6943359375 0.3711340206185567 0.03515625 0.0662739322533137
0 0.5205078125 0.406480117820324 0.0322265625 0.06332842415316642
0 0.5087890625 0.5758468335787923 0.041015625 0.07952871870397643
0 0.5927734375 0.43151693667157587 0.0341796875 0.060382916053019146
0 0.6474609375 0.4727540500736377 0.0341796875 0.07216494845360824
0 0.71875 0.47717231222385864 0.0341796875 0.06332842415316642
0 0.6083984375 0.561119293078056 0.041015625 0.07952871870397643
0 0.712890625 0.6494845360824743 0.0439453125 0.08836524300441827
0 0.6318359375 0.24594992636229748 0.0361328125 0.07511045655375552
0 0.4052734375 0.5787923416789397 0.044921875 0.08836524300441827
0 0.6884765625 0.792341678939617 0.048828125 0.08689248895434462
0 0.607421875 0.7643593519882179 0.046875 0.08247422680412371
0 0.53125 0.8085419734904271 0.0439453125 0.07952871870397643
0 0.4453125 0.8055964653902798 0.041015625 0.0780559646539028
0 0.353515625 0.8144329896907216 0.0400390625 0.0780559646539028