0 0.12890625 0.34945054945054943 0.0244140625 0.027106227106227107
0 0.19140625 0.3355311355311355 0.017578125 0.02271062271062271
0 0.7060546875 0.3758241758241758 0.0234375 0.023443223443223443
0 0.6650390625 0.3663003663003663 0.0185546875 0.015384615384615385
0 0.380859375 0.49157509157509155 0.0224609375 0.029304029304029304
0 0.400390625 0.48131868131868133 0.0380859375 0.02783882783882784
0 0.44921875 0.47326007326007324 0.0400390625 0.04322344322344322
0 0.4970703125 0.5172161172161173 0.046875 0.046886446886446886
0 0.767578125 0.589010989010989 0.080078125 0.09963369963369964
0 0.8466796875 0.3758241758241758 0.0263671875 0.027106227106227107
0 0.9375 0.44761904761904764 0.0302734375 0.0336996336996337
0 0.1142578125 0.5472527472527473 0.0654296875 0.060073260073260075
0 0.1142578125 0.46007326007326005 0.029296875 0.0315018315018315
0 0.1142578125 0.7567765567765568 0.1162109375 0.11868131868131868