0 0.841796875 0.6500732064421669 0.078125 0.13323572474377746
0 0.8125 0.5871156661786238 0.046875 0.1273792093704246
0 0.7236328125 0.5402635431918009 0.041015625 0.08638360175695461
0 0.09375 0.5695461200585652 0.091796875 0.18594436310395315
0 0.275390625 0.5183016105417276 0.06640625 0.11127379209370425
0 0.33984375 0.45241581259150804 0.048828125 0.0849194729136164
0 0.189453125 0.5929721815519766 0.041015625 0.08345534407027819
0 0.2978515625 0.9633967789165446 0.10546875 0.05124450951683748
0 0.0859375 0.3806734992679356 0.052734375 0.07906295754026355
0 0.068359375 0.32503660322108346 0.0419921875 0.07759882869692533
0 0.2294921875 0.35871156661786235 0.0458984375 0.08052708638360176
0 0.287109375 0.3440702781844802 0.0390625 0.06881405563689605
0 0.3955078125 0.30600292825768666 0.033203125 0.05710102489019034
0 0.111328125 0.26500732064421667 0.0380859375 0.07027818448023426
0 0.056640625 0.23133235724743778 0.02734375 0.04538799414348463
0 0.2412109375 0.2342606149341142 0.0166015625 0.04978038067349927
0 0.544921875 0.13030746705710103 0.0234375 0.05124450951683748
0 0.3701171875 0.2840409956076135 0.0322265625 0.05124450951683748
0 0.3095703125 0.6749633967789166 0.06640625 0.10248901903367497
0 0.248046875 0.18594436310395315 0.0234375 0.04685212298682284
0 0.33984375 0.19765739385065886 0.0166015625 0.03513909224011713
0 0.3203125 0.20497803806734993 0.0185546875 0.043923865300146414