0 0.1708984375 0.5169270833333334 0.0361328125 0.0546875
0 0.3564453125 0.7513020833333334 0.1220703125 0.15234375
0 0.4599609375 0.4518229166666667 0.03125 0.041666666666666664
0 0.3681640625 0.42578125 0.0400390625 0.055989583333333336
0 0.5595703125 0.4375 0.0224609375 0.040364583333333336
0 0.8974609375 0.4479166666666667 0.0224609375 0.041666666666666664
0 0.78125 0.4375 0.0234375 0.041666666666666664
0 0.6884765625 0.4114583333333333 0.0205078125 0.036458333333333336
0 0.81640625 0.3190104166666667 0.0087890625 0.014322916666666666
0 0.611328125 0.3229166666666667 0.0087890625 0.015625
0 0.578125 0.3125 0.01171875 0.018229166666666668
0 0.6767578125 0.3098958333333333 0.0087890625 0.015625
0 0.5537109375 0.3307291666666667 0.01171875 0.015625
0 0.5927734375 0.3359375 0.0126953125 0.018229166666666668
0 0.69921875 0.3020833333333333 0.01171875 0.022135416666666668
0 0.69140625 0.33203125 0.0126953125 0.0234375
0 0.8583984375 0.31640625 0.013671875 0.01953125