0 0.9228515625 0.31510791366906477 0.052734375 0.08920863309352518
0 0.8603515625 0.25611510791366904 0.0458984375 0.08920863309352518
0 0.791015625 0.14676258992805755 0.0498046875 0.10215827338129496
0 0.6611328125 0.06762589928057554 0.0517578125 0.09784172661870504
0 0.5263671875 0.2733812949640288 0.0478515625 0.09640287769784173
0 0.453125 0.18273381294964028 0.0546875 0.09496402877697842
0 0.37109375 0.16258992805755396 0.0546875 0.09496402877697842
0 0.3154296875 0.09928057553956834 0.0419921875 0.09928057553956834
0 0.3115234375 0.04460431654676259 0.044921875 0.08345323741007195
0 0.1005859375 0.3366906474820144 0.046875 0.0920863309352518
0 0.033203125 0.26618705035971224 0.048828125 0.09928057553956834
0 0.041015625 0.03884892086330935 0.052734375 0.0776978417266187
0 0.7685546875 0.04316546762589928 0.044921875 0.08776978417266187