0 0.912109375 0.2421875 0.083984375 0.12239583333333333
0 0.822265625 0.3216145833333333 0.0654296875 0.09765625
0 0.775390625 0.3528645833333333 0.046875 0.09244791666666667
0 0.625 0.40625 0.0576171875 0.09244791666666667
0 0.4404296875 0.4388020833333333 0.052734375 0.08463541666666667
0 0.3408203125 0.4908854166666667 0.0517578125 0.07291666666666667
0 0.2958984375 0.4674479166666667 0.0341796875 0.06380208333333333
0 0.1982421875 0.50390625 0.0341796875 0.048177083333333336
0 0.25 0.5221354166666666 0.0322265625 0.059895833333333336
0 0.1181640625 0.53125 0.037109375 0.0546875
0 0.0654296875 0.5859375 0.02734375 0.0390625
0 0.162109375 0.5611979166666666 0.0224609375 0.037760416666666664
0 0.029296875 0.54296875 0.01171875 0.026041666666666668