0 0.423828125 0.17816527672479152 0.0908203125 0.08718726307808947
0 0.5537109375 0.13646702047005307 0.0859375 0.08718726307808947
0 0.716796875 0.19332827899924185 0.033203125 0.0356330553449583
0 0.6494140625 0.19939347990902198 0.0283203125 0.034874905231235785
0 0.83203125 0.06747536012130402 0.0302734375 0.03411675511751327
0 0.8984375 0.06899166034874905 0.03515625 0.03335860500379075
0 0.8974609375 0.02122820318423048 0.037109375 0.0310841546626232
0 0.9853515625 0.11448066717210008 0.0283203125 0.03639120545868082
0 0.384765625 0.0758150113722517 0.041015625 0.043214556482183475
0 0.1826171875 0.0712661106899166 0.0400390625 0.03639120545868082
0 0.0625 0.07354056103108415 0.0419921875 0.039423805913570885
0 0.064453125 0.15693707354056102 0.0537109375 0.058377558756633814
0 0.6630859375 0.13115996967399546 0.0078125 0.008339651250947688
0 0.6494140625 0.052312357846853674 0.0166015625 0.028051554207733132
0 0.6923828125 0.05458680818802123 0.0224609375 0.027293404094010616
0 0.12890625 0.12357846853677028 0.0537109375 0.05534495830174375
0 0.208984375 0.21076573161485973 0.0615234375 0.056103108415466264
0 0.2509765625 0.15845337376800606 0.0537109375 0.05155420773313116