0 0.0341796875 0.23313782991202345 0.03515625 0.054252199413489736
0 0.3056640625 0.24926686217008798 0.0263671875 0.05865102639296188
0 0.2724609375 0.21407624633431085 0.0185546875 0.039589442815249266
0 0.1513671875 0.2829912023460411 0.021484375 0.04398826979472141
0 0.43359375 0.2595307917888563 0.0380859375 0.06304985337243402
0 0.5302734375 0.24633431085043989 0.0224609375 0.04105571847507331
0 0.4970703125 0.22140762463343108 0.0185546875 0.030791788856304986
0 0.634765625 0.2287390029325513 0.0205078125 0.04105571847507331
0 0.734375 0.19208211143695014 0.025390625 0.04398826979472141
0 0.7939453125 0.2668621700879765 0.017578125 0.02932551319648094
0 0.958984375 0.1935483870967742 0.017578125 0.04398826979472141
0 0.3525390625 0.2316715542521994 0.0244140625 0.04398826979472141
0 0.478515625 0.22434017595307917 0.0146484375 0.02932551319648094
0 0.4599609375 0.2434017595307918 0.01171875 0.024926686217008796
0 0.1875 0.2785923753665689 0.0166015625 0.03225806451612903