0 0.181640625 0.44617784711388453 0.013671875 0.0249609984399376
0 0.5029296875 0.6474258970358814 0.0126953125 0.029641185647425898
0 0.5732421875 0.672386895475819 0.013671875 0.028081123244929798
0 0.109375 0.6848673946957878 0.01171875 0.028081123244929798
0 0.2578125 0.7254290171606864 0.013671875 0.0327613104524181
0 0.5380859375 0.46489859594383776 0.0107421875 0.0093603744149766
0 0.052734375 0.4040561622464899 0.0068359375 0.0202808112324493
0 0.1708984375 0.3712948517940718 0.0068359375 0.014040561622464899
0 0.1943359375 0.38533541341653665 0.0078125 0.0171606864274571
0 0.8603515625 0.48829953198127923 0.0107421875 0.0249609984399376
0 0.1259765625 0.078003120124805 0.0068359375 0.014040561622464899
0 0.052734375 0.093603744149766 0.0068359375 0.015600624024960999