0 0.7099609375 0.3411420204978038 0.0380859375 0.06881405563689605
0 0.5908203125 0.42313323572474376 0.021484375 0.03367496339677892
0 0.630859375 0.43045387994143486 0.0166015625 0.03074670571010249
0 0.6689453125 0.3923865300146413 0.0224609375 0.036603221083455345
0 0.830078125 0.42313323572474376 0.01171875 0.02635431918008785
0 0.8310546875 0.4568081991215227 0.0126953125 0.029282576866764276
0 0.80078125 0.42313323572474376 0.0166015625 0.03513909224011713
0 0.8955078125 0.41874084919472915 0.015625 0.03367496339677892
0 0.935546875 0.3938506588579795 0.0185546875 0.03367496339677892
0 0.0546875 0.4538799414348463 0.0185546875 0.027818448023426062
0 0.1083984375 0.40263543191800877 0.021484375 0.03367496339677892
0 0.1650390625 0.4363103953147877 0.01953125 0.036603221083455345
0 0.2177734375 0.4494875549048316 0.01953125 0.03367496339677892
0 0.2421875 0.41142020497803805 0.0146484375 0.03367496339677892
0 0.3017578125 0.4216691068814056 0.0224609375 0.03513909224011713
0 0.3779296875 0.44216691068814057 0.021484375 0.03806734992679356
0 0.470703125 0.41142020497803805 0.021484375 0.032210834553440704
0 0.404296875 0.4084919472913616 0.0126953125 0.027818448023426062
0 0.98046875 0.41142020497803805 0.015625 0.02342606149341142
0 0.6044921875 0.445095168374817 0.0126953125 0.029282576866764276
0 0.517578125 0.41874084919472915 0.0126953125 0.02342606149341142
0 0.4951171875 0.42752562225475843 0.0126953125 0.02342606149341142