0 0.53515625 0.5013054830287206 0.044921875 0.07702349869451697
0 0.6689453125 0.5352480417754569 0.005859375 0.013054830287206266
0 0.609375 0.5339425587467362 0.0068359375 0.01174934725848564
0 0.7421875 0.5300261096605744 0.013671875 0.02741514360313316
0 0.8115234375 0.54177545691906 0.0126953125 0.02349869451697128
0 0.947265625 0.5718015665796344 0.01171875 0.02349869451697128
0 0.0126953125 0.5065274151436031 0.015625 0.03524804177545692
0 0.05078125 0.4556135770234987 0.0146484375 0.024804177545691905
0 0.111328125 0.5039164490861618 0.01953125 0.033942558746736295
0 0.3427734375 0.5052219321148825 0.0048828125 0.009138381201044387
0 0.6943359375 0.5287206266318538 0.005859375 0.01174934725848564
0 0.802734375 0.5522193211488251 0.0107421875 0.018276762402088774
0 0.5703125 0.5404699738903395 0.0107421875 0.01174934725848564