0 0.869140625 0.3241206030150754 0.015625 0.028894472361809045
0 0.8671875 0.30025125628140703 0.01171875 0.013819095477386936
0 0.943359375 0.3165829145728643 0.009765625 0.018844221105527637
0 0.931640625 0.3128140703517588 0.009765625 0.016331658291457288
0 0.673828125 0.05778894472361809 0.017578125 0.06030150753768844
0 0.3251953125 0.06658291457286432 0.03125 0.0678391959798995
0 0.576171875 0.026381909547738693 0.02734375 0.04648241206030151
0 0.8193359375 0.052763819095477386 0.0068359375 0.017587939698492462
0 0.9208984375 0.07412060301507538 0.0087890625 0.017587939698492462
0 0.9501953125 0.07914572864321608 0.0078125 0.018844221105527637
0 0.837890625 0.30527638190954776 0.009765625 0.020100502512562814
0 0.4775390625 0.3316582914572864 0.005859375 0.008793969849246231
0 0.1796875 0.32160804020100503 0.0078125 0.011306532663316583
0 0.20703125 0.35175879396984927 0.013671875 0.02135678391959799
0 0.8427734375 0.05527638190954774 0.005859375 0.013819095477386936
0 0.71875 0.2914572864321608 0.0341796875 0.05025125628140704