0 0.16015625 0.6133720930232558 0.017578125 0.06831395348837209
0 0.8203125 0.3430232558139535 0.015625 0.03343023255813953
0 0.8056640625 0.33430232558139533 0.013671875 0.030523255813953487
0 0.76171875 0.32994186046511625 0.017578125 0.03343023255813953
0 0.708984375 0.35319767441860467 0.0166015625 0.03924418604651163
0 0.736328125 0.33575581395348836 0.0126953125 0.02616279069767442
0 0.6767578125 0.3706395348837209 0.0166015625 0.03343023255813953
0 0.630859375 0.376453488372093 0.0166015625 0.03488372093023256
0 0.587890625 0.3808139534883721 0.0166015625 0.03488372093023256
0 0.662109375 0.30523255813953487 0.01171875 0.024709302325581394
0 0.6796875 0.313953488372093 0.009765625 0.02180232558139535
0 0.5693359375 0.36773255813953487 0.015625 0.030523255813953487
0 0.0830078125 0.43023255813953487 0.0146484375 0.027616279069767442
0 0.0703125 0.31976744186046513 0.0146484375 0.024709302325581394
0 0.0908203125 0.29651162790697677 0.01171875 0.024709302325581394
0 0.1015625 0.33430232558139533 0.01171875 0.024709302325581394
0 0.2646484375 0.34011627906976744 0.009765625 0.023255813953488372
0 0.2822265625 0.3226744186046512 0.0107421875 0.024709302325581394
0 0.2978515625 0.3488372093023256 0.0146484375 0.03343023255813953
0 0.3203125 0.3808139534883721 0.0166015625 0.0436046511627907
0 0.3720703125 0.3706395348837209 0.015625 0.0377906976744186
0 0.400390625 0.37209302325581395 0.0185546875 0.036337209302325583
0 0.4609375 0.3430232558139535 0.0166015625 0.04215116279069767
0 0.5263671875 0.3808139534883721 0.015625 0.03197674418604651
0 0.2841796875 0.40261627906976744 0.021484375 0.03924418604651163
0 0.2373046875 0.36191860465116277 0.013671875 0.03488372093023256
0 0.2021484375 0.37790697674418605 0.0205078125 0.0377906976744186
0 0.173828125 0.3488372093023256 0.0205078125 0.029069767441860465
0 0.314453125 0.31976744186046513 0.0107421875 0.020348837209302327
0 0.3388671875 0.34011627906976744 0.01171875 0.023255813953488372
0 0.365234375 0.3125 0.009765625 0.023255813953488372
0 0.3916015625 0.32703488372093026 0.01171875 0.027616279069767442
0 0.5517578125 0.3386627906976744 0.01171875 0.023255813953488372
0 0.5205078125 0.3183139534883721 0.0126953125 0.023255813953488372
0 0.486328125 0.3313953488372093 0.009765625 0.0188953488372093
0 0.4306640625 0.34593023255813954 0.0166015625 0.03197674418604651
0 0.4521484375 0.3488372093023256 0.015625 0.03343023255813953
0 0.328125 0.35755813953488375 0.0146484375 0.03343023255813953
0 0.2783203125 0.30377906976744184 0.01171875 0.02616279069767442
0 0.4248046875 0.3125 0.0078125 0.02616279069767442
0 0.5810546875 0.31976744186046513 0.0087890625 0.023255813953488372
0 0.5634765625 0.32703488372093026 0.0068359375 0.024709302325581394
0 0.6142578125 0.3372093023255814 0.01171875 0.030523255813953487