0 0.2119140625 0.46484375 0.0146484375 0.024739583333333332
0 0.2744140625 0.4947916666666667 0.005859375 0.009114583333333334
0 0.25 0.5 0.0048828125 0.0078125
0 0.7578125 0.5 0.0087890625 0.018229166666666668
0 0.77734375 0.4947916666666667 0.0078125 0.014322916666666666
0 0.69921875 0.48828125 0.005859375 0.0078125
0 0.5263671875 0.4986979166666667 0.00390625 0.00390625
0 0.5498046875 0.4986979166666667 0.0048828125 0.006510416666666667
0 0.568359375 0.5 0.005859375 0.006510416666666667
0 0.6669921875 0.48828125 0.005859375 0.01171875
0 0.6611328125 0.4973958333333333 0.0068359375 0.010416666666666666
0 0.642578125 0.4934895833333333 0.0048828125 0.0078125
0 0.6181640625 0.4908854166666667 0.005859375 0.006510416666666667
0 0.68359375 0.48828125 0.0048828125 0.01171875
0 0.67578125 0.4908854166666667 0.0068359375 0.010416666666666666
0 0.6484375 0.48828125 0.0068359375 0.0078125
0 0.8271484375 0.49609375 0.005859375 0.010416666666666666
0 0.712890625 0.484375 0.0048828125 0.006510416666666667
0 0.75 0.48828125 0.005859375 0.006510416666666667
0 0.5869140625 0.4973958333333333 0.00390625 0.005208333333333333
0 0.61328125 0.5013020833333334 0.0029296875 0.005208333333333333
0 0.07421875 0.4609375 0.0048828125 0.006510416666666667
0 0.2431640625 0.4921875 0.00390625 0.006510416666666667
0 0.6005859375 0.5 0.001953125 0.00390625
0 0.794921875 0.4947916666666667 0.005859375 0.014322916666666666
0 0.7392578125 0.48828125 0.005859375 0.013020833333333334
0 0.7353515625 0.4947916666666667 0.0078125 0.009114583333333334
0 0.6904296875 0.48828125 0.005859375 0.010416666666666666
0 0.1982421875 0.4622395833333333 0.0078125 0.018229166666666668