0 0.099609375 0.4326241134751773 0.0263671875 0.03900709219858156
0 0.0859375 0.4716312056737589 0.021484375 0.03546099290780142
0 0.1005859375 0.3947990543735225 0.0107421875 0.018912529550827423
0 0.1875 0.4148936170212766 0.033203125 0.03900709219858156
0 0.408203125 0.4432624113475177 0.0322265625 0.0508274231678487
0 0.337890625 0.40543735224586286 0.017578125 0.024822695035460994
0 0.5322265625 0.48699763593380613 0.017578125 0.0425531914893617
0 0.5478515625 0.4562647754137116 0.029296875 0.04491725768321513
0 0.63671875 0.3888888888888889 0.017578125 0.01773049645390071
0 0.65234375 0.43617021276595747 0.0263671875 0.04491725768321513
0 0.7119140625 0.524822695035461 0.03125 0.05555555555555555
0 0.7236328125 0.46099290780141844 0.0244140625 0.03900709219858156
0 0.6796875 0.44208037825059104 0.0185546875 0.037825059101654845
0 0.798828125 0.42671394799054374 0.017578125 0.022458628841607566
0 0.80859375 0.4397163120567376 0.0185546875 0.02955082742316785
0 0.859375 0.44208037825059104 0.021484375 0.027186761229314422
0 0.845703125 0.48699763593380613 0.021484375 0.0508274231678487
0 0.9228515625 0.44799054373522457 0.0205078125 0.03309692671394799
0 0.5849609375 0.41962174940898345 0.0126953125 0.01182033096926714
0 0.0478515625 0.3628841607565012 0.0078125 0.010638297872340425
0 0.51953125 0.4385342789598109 0.0234375 0.034278959810874705
0 0.935546875 0.47754137115839246 0.021484375 0.03664302600472813