0 0.1142578125 0.4853700516351119 0.0478515625 0.10154905335628227
0 0.1767578125 0.4612736660929432 0.0390625 0.12736660929432014
0 0.009765625 0.5645438898450946 0.017578125 0.11359724612736662
0 0.025390625 0.45611015490533563 0.0322265625 0.10843373493975904
0 0.1484375 0.46471600688468157 0.0283203125 0.09466437177280551
0 0.0712890625 0.46815834767641995 0.0302734375 0.0757314974182444
0 0.240234375 0.47160068846815834 0.0205078125 0.06884681583476764
0 0.283203125 0.4612736660929432 0.0205078125 0.058519793459552494
0 0.33984375 0.44922547332185886 0.017578125 0.06884681583476764
0 0.142578125 0.3855421686746988 0.015625 0.043029259896729774
0 0.158203125 0.3407917383820998 0.0107421875 0.0378657487091222
0 0.1708984375 0.3407917383820998 0.0126953125 0.0378657487091222
0 0.1064453125 0.3528399311531842 0.017578125 0.039586919104991396
0 0.123046875 0.3442340791738382 0.017578125 0.04475043029259897
0 0.0390625 0.31669535283993117 0.0185546875 0.03270223752151463
0 0.0615234375 0.30120481927710846 0.0126953125 0.043029259896729774
0 0.1005859375 0.306368330464716 0.015625 0.03270223752151463
0 0.2197265625 0.35111876075731496 0.015625 0.04130808950086059
0 0.3623046875 0.42168674698795183 0.021484375 0.06712564543889846
0 0.478515625 0.38209982788296043 0.0244140625 0.058519793459552494
0 0.443359375 0.4199655765920826 0.01171875 0.04647160068846816
0 0.447265625 0.3993115318416523 0.0107421875 0.0378657487091222
0 0.4599609375 0.3889845094664372 0.01171875 0.029259896729776247
0 0.427734375 0.3769363166953528 0.0146484375 0.03098106712564544
0 0.4248046875 0.423407917383821 0.0126953125 0.05335628227194492
0 0.466796875 0.3407917383820998 0.0126953125 0.027538726333907058
0 0.517578125 0.4027538726333907 0.017578125 0.03270223752151463
0 0.53125 0.39414802065404475 0.009765625 0.04475043029259897
0 0.560546875 0.36316695352839934 0.01171875 0.03270223752151463
0 0.5712890625 0.37865748709122204 0.0146484375 0.029259896729776247
0 0.583984375 0.3648881239242685 0.0087890625 0.024096385542168676
0 0.6259765625 0.3855421686746988 0.0068359375 0.024096385542168676
0 0.748046875 0.37865748709122204 0.0244140625 0.060240963855421686
0 0.69921875 0.35628227194492257 0.0146484375 0.025817555938037865
0 0.80078125 0.3648881239242685 0.0107421875 0.024096385542168676
0 0.81640625 0.33562822719449226 0.0107421875 0.020654044750430294
0 0.8818359375 0.3442340791738382 0.0087890625 0.025817555938037865
0 0.8896484375 0.35972461273666095 0.0078125 0.024096385542168676
0 0.8974609375 0.35800344234079173 0.0107421875 0.024096385542168676
0 0.9404296875 0.37005163511187605 0.0087890625 0.0189328743545611
0 0.9580078125 0.3459552495697074 0.0107421875 0.022375215146299483
0 0.982421875 0.35111876075731496 0.01171875 0.020654044750430294