0 0.9658203125 0.6533546325878594 0.02734375 0.0670926517571885
0 0.14453125 0.3753993610223642 0.03515625 0.06230031948881789
0 0.3125 0.34185303514376997 0.0390625 0.06549520766773163
0 0.2587890625 0.26198083067092653 0.0283203125 0.04313099041533546
0 0.3447265625 0.610223642172524 0.044921875 0.07348242811501597
0 0.3671875 0.45527156549520764 0.04296875 0.07827476038338659
0 0.5966796875 0.2571884984025559 0.0390625 0.054313099041533544
0 0.572265625 0.7364217252396166 0.0654296875 0.0926517571884984
0 0.98046875 0.2124600638977636 0.025390625 0.03194888178913738
0 0.0380859375 0.35942492012779553 0.0341796875 0.06389776357827476
0 0.458984375 0.25878594249201275 0.0224609375 0.036741214057507986
0 0.595703125 0.44568690095846647 0.044921875 0.07188498402555911
0 0.837890625 0.26996805111821087 0.02734375 0.05591054313099041