0 0.03515625 0.5529411764705883 0.00390625 0.007352941176470588
0 0.12109375 0.525 0.0087890625 0.01764705882352941
0 0.1484375 0.5588235294117647 0.0029296875 0.010294117647058823
0 0.1728515625 0.5426470588235294 0.0078125 0.014705882352941176
0 0.1904296875 0.5191176470588236 0.0087890625 0.01911764705882353
0 0.16796875 0.5338235294117647 0.00390625 0.008823529411764706
0 0.1826171875 0.5323529411764706 0.0048828125 0.011764705882352941
0 0.2109375 0.5102941176470588 0.0068359375 0.013235294117647059
0 0.236328125 0.5073529411764706 0.0068359375 0.020588235294117647
0 0.2607421875 0.49117647058823527 0.009765625 0.020588235294117647
0 0.2822265625 0.4808823529411765 0.0087890625 0.027941176470588237
0 0.3125 0.5 0.0107421875 0.023529411764705882
0 0.3525390625 0.4852941176470588 0.0087890625 0.026470588235294117
0 0.390625 0.4823529411764706 0.009765625 0.025
0 0.421875 0.45 0.015625 0.03235294117647059
0 0.4921875 0.47058823529411764 0.0166015625 0.03529411764705882
0 0.53125 0.48676470588235293 0.015625 0.026470588235294117
0 0.5810546875 0.475 0.015625 0.033823529411764704
0 0.62109375 0.475 0.013671875 0.03235294117647059
0 0.6787109375 0.4838235294117647 0.015625 0.030882352941176472
0 0.7255859375 0.43529411764705883 0.0185546875 0.03676470588235294
0 0.8369140625 0.43676470588235294 0.0185546875 0.030882352941176472
0 0.7763671875 0.475 0.0166015625 0.026470588235294117
0 0.970703125 0.47058823529411764 0.01953125 0.03235294117647059
0 0.927734375 0.4602941176470588 0.0185546875 0.03235294117647059
0 0.8828125 0.4632352941176471 0.015625 0.025