0 0.814453125 0.3385416666666667 0.013671875 0.0234375
0 0.7724609375 0.3385416666666667 0.015625 0.024739583333333332
0 0.6552734375 0.4114583333333333 0.0166015625 0.02734375
0 0.625 0.3763020833333333 0.017578125 0.028645833333333332
0 0.666015625 0.3502604166666667 0.0205078125 0.029947916666666668
0 0.5625 0.3736979166666667 0.0146484375 0.022135416666666668
0 0.51171875 0.41796875 0.0166015625 0.029947916666666668
0 0.541015625 0.4440104166666667 0.017578125 0.026041666666666668
0 0.49609375 0.296875 0.0126953125 0.028645833333333332
0 0.517578125 0.3763020833333333 0.0224609375 0.02734375
0 0.53515625 0.3268229166666667 0.0146484375 0.020833333333333332
0 0.4677734375 0.2825520833333333 0.013671875 0.020833333333333332
0 0.5439453125 0.2552083333333333 0.0107421875 0.024739583333333332
0 0.576171875 0.3111979166666667 0.0126953125 0.026041666666666668
0 0.55859375 0.3046875 0.01171875 0.020833333333333332
0 0.615234375 0.32421875 0.0185546875 0.020833333333333332
0 0.982421875 0.26171875 0.009765625 0.016927083333333332
0 0.1064453125 0.5325520833333334 0.0302734375 0.046875
0 0.1162109375 0.6145833333333334 0.0283203125 0.055989583333333336
0 0.1923828125 0.5520833333333334 0.0302734375 0.046875
0 0.078125 0.3190104166666667 0.05078125 0.13020833333333334
0 0.3955078125 0.40625 0.033203125 0.046875
0 0.4326171875 0.3372395833333333 0.0185546875 0.044270833333333336
0 0.162109375 0.3502604166666667 0.0126953125 0.018229166666666668
0 0.1943359375 0.3411458333333333 0.01171875 0.015625
0 0.1767578125 0.3333333333333333 0.0107421875 0.01953125
0 0.373046875 0.24088541666666666 0.01171875 0.018229166666666668
0 0.392578125 0.2565104166666667 0.0107421875 0.016927083333333332
0 0.4326171875 0.24088541666666666 0.01171875 0.01953125
0 0.513671875 0.3020833333333333 0.013671875 0.020833333333333332
0 0.1044921875 0.23958333333333334 0.0087890625 0.016927083333333332
0 0.5712890625 0.0625 0.00390625 0.0078125
0 0.0205078125 0.15625 0.00390625 0.006510416666666667
0 0.6298828125 0.33203125 0.013671875 0.02734375
0 0.681640625 0.3489583333333333 0.0166015625 0.024739583333333332
0 0.7041015625 0.3346354166666667 0.0166015625 0.020833333333333332
0 0.6845703125 0.3359375 0.0126953125 0.020833333333333332
0 0.7119140625 0.37890625 0.015625 0.026041666666666668
0 0.7314453125 0.3346354166666667 0.0146484375 0.024739583333333332
0 0.595703125 0.3046875 0.0126953125 0.020833333333333332
0 0.7763671875 0.2916666666666667 0.0087890625 0.010416666666666666
0 0.771484375 0.2565104166666667 0.0068359375 0.010416666666666666
0 0.8017578125 0.2630208333333333 0.0068359375 0.009114583333333334
0 0.8115234375 0.2799479166666667 0.0078125 0.009114583333333334
0 0.8583984375 0.2669270833333333 0.0078125 0.01171875
0 0.8642578125 0.28125 0.0078125 0.01171875
0 0.908203125 0.2760416666666667 0.0087890625 0.01171875
0 0.8955078125 0.25390625 0.0078125 0.010416666666666666
0 0.9375 0.2682291666666667 0.0078125 0.013020833333333334
0 0.9443359375 0.2825520833333333 0.009765625 0.014322916666666666
0 0.96875 0.28125 0.0107421875 0.016927083333333332
0 0.5810546875 0.234375 0.0087890625 0.016927083333333332
0 0.607421875 0.23828125 0.01171875 0.018229166666666668
0 0.623046875 0.2682291666666667 0.01171875 0.016927083333333332
0 0.6640625 0.23958333333333334 0.015625 0.020833333333333332
0 0.7138671875 0.2565104166666667 0.01171875 0.022135416666666668
0 0.7431640625 0.2604166666666667 0.01171875 0.01953125
0 0.7587890625 0.3776041666666667 0.01171875 0.018229166666666668
0 0.728515625 0.36328125 0.0146484375 0.01953125
0 0.4912109375 0.34375 0.013671875 0.022135416666666668
0 0.552734375 0.33984375 0.013671875 0.020833333333333332
0 0.59375 0.32421875 0.013671875 0.024739583333333332
0 0.50390625 0.23567708333333334 0.0107421875 0.015625
0 0.4892578125 0.23697916666666666 0.01171875 0.015625
0 0.529296875 0.24609375 0.01171875 0.01953125
0 0.447265625 0.234375 0.01171875 0.016927083333333332
0 0.4677734375 0.23697916666666666 0.0107421875 0.020833333333333332
0 0.4189453125 0.24348958333333334 0.0107421875 0.01953125
0 0.408203125 0.25390625 0.0107421875 0.022135416666666668
0 0.353515625 0.2513020833333333 0.01171875 0.018229166666666668
0 0.3193359375 0.36328125 0.0263671875 0.045572916666666664
0 0.3193359375 0.24739583333333334 0.0107421875 0.016927083333333332
0 0.2958984375 0.25390625 0.0087890625 0.015625
0 0.2529296875 0.24348958333333334 0.01171875 0.01953125
0 0.20703125 0.24348958333333334 0.0146484375 0.016927083333333332
0 0.1123046875 0.23958333333333334 0.009765625 0.015625
0 0.138671875 0.24609375 0.0107421875 0.016927083333333332
0 0.1494140625 0.2421875 0.0087890625 0.015625
0 0.1787109375 0.22135416666666666 0.0107421875 0.01953125
0 0.1220703125 0.33984375 0.0126953125 0.01953125