0 0.6513671875 0.44709388971684055 0.025390625 0.05365126676602087
0 0.630859375 0.45007451564828616 0.0205078125 0.06110283159463487
0 0.7685546875 0.4247391952309985 0.0390625 0.08345752608047691
0 0.71484375 0.3830104321907601 0.0361328125 0.07153502235469449
0 0.6640625 0.37257824143070045 0.0185546875 0.038748137108792845
0 0.8310546875 0.4068554396423249 0.0283203125 0.05365126676602087
0 0.8095703125 0.3293591654247392 0.0234375 0.041728763040238454
0 0.681640625 0.3859910581222057 0.013671875 0.028315946348733235
0 0.634765625 0.35171385991058124 0.017578125 0.03129657228017884
0 0.896484375 0.3830104321907601 0.0185546875 0.040238450074515646
0 0.9326171875 0.3651266766020864 0.017578125 0.03576751117734724
0 0.94921875 0.34873323397913564 0.015625 0.029806259314456036
0 0.9794921875 0.39642324888226527 0.0146484375 0.020864381520119227
0 0.9853515625 0.6005961251862891 0.029296875 0.18479880774962743
0 0.037109375 0.3204172876304024 0.017578125 0.05216095380029806
0 0.984375 0.35767511177347244 0.0185546875 0.026825633383010434
0 0.3544921875 0.5096870342771982 0.091796875 0.19076005961251863
0 0.5068359375 0.4858420268256334 0.0908203125 0.18032786885245902
0 0.140625 0.4977645305514158 0.0751953125 0.17287630402384502
0 0.2841796875 0.46050670640834573 0.0859375 0.15201192250372578
0 0.224609375 0.37853949329359166 0.048828125 0.09090909090909091
0 0.4677734375 0.40536512667660207 0.0478515625 0.11773472429210134
0 0.6953125 0.7630402384500745 0.07421875 0.16989567809239942
0 0.6875 0.46795827123695977 0.03125 0.05961251862891207
0 0.8603515625 0.3859910581222057 0.0234375 0.040238450074515646
0 0.462890625 0.14307004470938897 0.01171875 0.02533532041728763
0 0.751953125 0.39642324888226527 0.0283203125 0.04769001490312966