0 0.685546875 0.4619140625 0.0224609375 0.025390625
0 0.82421875 0.408203125 0.017578125 0.0205078125
0 0.1513671875 0.4130859375 0.0244140625 0.03125
0 0.1494140625 0.4599609375 0.0302734375 0.03125
0 0.1689453125 0.439453125 0.0234375 0.029296875
0 0.298828125 0.4248046875 0.0283203125 0.0361328125
0 0.328125 0.4443359375 0.021484375 0.0283203125
0 0.3525390625 0.435546875 0.02734375 0.037109375
0 0.482421875 0.435546875 0.0234375 0.0341796875
0 0.505859375 0.416015625 0.0234375 0.0244140625
0 0.62890625 0.423828125 0.015625 0.0224609375
0 0.6513671875 0.4462890625 0.0185546875 0.0166015625
0 0.6484375 0.41796875 0.0185546875 0.0185546875
0 0.6796875 0.41796875 0.021484375 0.0244140625