0 0.43359375 0.12379110251450677 0.0263671875 0.011992263056092843
0 0.4833984375 0.1276595744680851 0.03125 0.013926499032882012
0 0.578125 0.2615087040618955 0.0419921875 0.023597678916827854
0 0.26171875 0.41353965183752417 0.0517578125 0.027079303675048357
0 0.564453125 0.43868471953578336 0.037109375 0.01586073500967118
0 0.4482421875 0.7431334622823984 0.060546875 0.02553191489361702
0 0.4990234375 0.7431334622823984 0.0498046875 0.027852998065764023
0 0.6865234375 0.781431334622824 0.05078125 0.02011605415860735
0 0.716796875 0.10367504835589941 0.0517578125 0.02862669245647969
0 0.5859375 0.1253384912959381 0.041015625 0.015473887814313346
0 0.615234375 0.15203094777562862 0.0361328125 0.016247582205029015
0 0.427734375 0.1829787234042553 0.044921875 0.01818181818181818
0 0.3779296875 0.13346228239845262 0.0361328125 0.016247582205029015
0 0.3310546875 0.13423597678916827 0.03515625 0.015087040618955513