0 0.9189453125 0.3648255813953488 0.0244140625 0.04215116279069767
0 0.9609375 0.373546511627907 0.0244140625 0.036337209302325583
0 0.912109375 0.44476744186046513 0.0146484375 0.030523255813953487
0 0.712890625 0.39825581395348836 0.01171875 0.030523255813953487
0 0.6357421875 0.35755813953488375 0.01953125 0.04215116279069767
0 0.7177734375 0.43023255813953487 0.0126953125 0.030523255813953487
0 0.5 0.22965116279069767 0.0546875 0.08430232558139535
0 0.279296875 0.45494186046511625 0.0107421875 0.02180232558139535
0 0.3427734375 0.5406976744186046 0.01171875 0.0188953488372093
0 0.146484375 0.2311046511627907 0.0302734375 0.056686046511627904
0 0.3564453125 0.5828488372093024 0.0068359375 0.010174418604651164
0 0.34375 0.5799418604651163 0.0078125 0.015988372093023256
0 0.9326171875 0.3706395348837209 0.015625 0.03197674418604651