0 0.1181640625 0.33152909336941816 0.0615234375 0.12313937753721245
0 0.5712890625 0.2936400541271989 0.09765625 0.15561569688768606
0 0.388671875 0.19350473612990526 0.056640625 0.10419485791610285
0 0.1279296875 0.18673883626522328 0.060546875 0.08119079837618404
0 0.0185546875 0.08795669824086604 0.0380859375 0.08660351826792964
0 0.080078125 0.13937753721244925 0.04296875 0.07577807848443843
0 0.40234375 0.05277401894451962 0.048828125 0.06630581867388363
0 0.2451171875 0.06901217861975643 0.046875 0.07171853856562922
0 0.7099609375 0.15020297699594046 0.0712890625 0.10554803788903924
0 0.92578125 0.19079837618403248 0.0556640625 0.10825439783491204
0 0.240234375 0.2638700947225981 0.080078125 0.13261163734776726
0 0.4736328125 0.401894451962111 0.06640625 0.12584573748308525
0 0.837890625 0.20568335588633288 0.0869140625 0.11502029769959404
0 0.7431640625 0.3017591339648173 0.0888671875 0.12719891745602166
0 0.689453125 0.2313937753721245 0.0537109375 0.08660351826792964
0 0.30078125 0.2070365358592693 0.0576171875 0.09336941813261164