0 0.171875 0.3940182054616385 0.0234375 0.0377113133940182
0 0.080078125 0.4213263979193758 0.0185546875 0.035110533159947985
0 0.0322265625 0.435630689206762 0.0166015625 0.031209362808842653
0 0.2998046875 0.41092327698309494 0.0146484375 0.031209362808842653
0 0.3955078125 0.4928478543563069 0.0205078125 0.033810143042912875
0 0.4521484375 0.435630689206762 0.01953125 0.0377113133940182
0 0.5517578125 0.3953185955786736 0.025390625 0.045513654096228866
0 0.7109375 0.41092327698309494 0.0263671875 0.04811443433029909
0 0.818359375 0.4447334200260078 0.0224609375 0.044213263979193757
0 0.91796875 0.4226267880364109 0.021484375 0.04161248374512354
0 0.28515625 0.42002600780234073 0.017578125 0.032509752925877766