0 0.10546875 0.25513196480938416 0.04296875 0.07771260997067449
0 0.220703125 0.2375366568914956 0.0400390625 0.0747800586510264
0 0.2548828125 0.29178885630498536 0.0419921875 0.0718475073313783
0 0.3203125 0.2536656891495601 0.0361328125 0.06451612903225806
0 0.376953125 0.2903225806451613 0.041015625 0.06598240469208211
0 0.357421875 0.4912023460410557 0.0517578125 0.10410557184750734
0 0.427734375 0.2536656891495601 0.0322265625 0.06744868035190615
0 0.4775390625 0.3152492668621701 0.0400390625 0.07624633431085044
0 0.5234375 0.4530791788856305 0.048828125 0.08797653958944282
0 0.5126953125 0.23607038123167157 0.0322265625 0.06744868035190615
0 0.5771484375 0.34457478005865105 0.0419921875 0.08797653958944282
0 0.6328125 0.24486803519061584 0.0361328125 0.06158357771260997
0 0.6484375 0.3357771260997067 0.0517578125 0.07917888563049853
0 0.7197265625 0.2536656891495601 0.0458984375 0.08357771260997067
0 0.8212890625 0.23313782991202345 0.03515625 0.0718475073313783
0 0.87109375 0.25806451612903225 0.04296875 0.07331378299120235
0 0.6875 0.5439882697947214 0.05859375 0.0967741935483871