0 0.4560546875 0.37058823529411766 0.0205078125 0.03235294117647059
0 0.4970703125 0.3588235294117647 0.015625 0.029411764705882353
0 0.5126953125 0.3588235294117647 0.01953125 0.030882352941176472
0 0.5703125 0.41323529411764703 0.0341796875 0.052941176470588235
0 0.62109375 0.3735294117647059 0.01953125 0.03529411764705882
0 0.65234375 0.3573529411764706 0.0166015625 0.033823529411764704
0 0.638671875 0.3720588235294118 0.0166015625 0.033823529411764704
0 0.736328125 0.38235294117647056 0.0263671875 0.039705882352941174
0 0.6875 0.38088235294117645 0.01953125 0.03235294117647059
0 0.923828125 0.2985294117647059 0.03125 0.057352941176470586
0 0.869140625 0.3735294117647059 0.0205078125 0.029411764705882353
0 0.796875 0.40441176470588236 0.0146484375 0.03529411764705882
0 0.984375 0.38382352941176473 0.0126953125 0.026470588235294117
0 0.25 0.27941176470588236 0.013671875 0.026470588235294117