0 0.46484375 0.46218487394957986 0.0234375 0.05714285714285714
0 0.2412109375 0.48403361344537815 0.0263671875 0.06890756302521009
0 0.26171875 0.4991596638655462 0.01953125 0.04873949579831933
0 0.732421875 0.32941176470588235 0.0107421875 0.020168067226890758
0 0.826171875 0.42857142857142855 0.02734375 0.04873949579831933
0 0.7998046875 0.32941176470588235 0.0087890625 0.020168067226890758
0 0.822265625 0.3411764705882353 0.0087890625 0.018487394957983194
0 0.8408203125 0.3310924369747899 0.0107421875 0.015126050420168067
0 0.3486328125 0.49747899159663866 0.03125 0.043697478991596636
0 0.1337890625 0.3798319327731092 0.02734375 0.058823529411764705
0 0.21875 0.17142857142857143 0.0244140625 0.06890756302521009
0 0.26171875 0.23025210084033612 0.02734375 0.04873949579831933
0 0.439453125 0.20168067226890757 0.029296875 0.05042016806722689
0 0.5537109375 0.4 0.033203125 0.07226890756302522
0 0.6357421875 0.3495798319327731 0.0302734375 0.06218487394957983
0 0.662109375 0.42857142857142855 0.03125 0.06218487394957983