0 0.458984375 0.3446054750402576 0.015625 0.02576489533011272
0 0.4287109375 0.2995169082125604 0.013671875 0.020933977455716585
0 0.3837890625 0.4718196457326892 0.0205078125 0.027375201288244767
0 0.404296875 0.4138486312399356 0.0146484375 0.02254428341384863
0 0.501953125 0.2286634460547504 0.015625 0.020933977455716585
0 0.5537109375 0.1610305958132045 0.0126953125 0.017713365539452495
0 0.5927734375 0.15619967793880837 0.0146484375 0.01932367149758454
0 0.634765625 0.07246376811594203 0.0078125 0.017713365539452495
0 0.6416015625 0.10144927536231885 0.009765625 0.014492753623188406
0 0.6611328125 0.008051529790660225 0.0078125 0.01610305958132045
0 0.712890625 0.05636070853462158 0.0087890625 0.01610305958132045
0 0.765625 0.12721417069243157 0.0068359375 0.01288244766505636
0 0.7822265625 0.12721417069243157 0.0048828125 0.011272141706924315
0 0.7919921875 0.143317230273752 0.0048828125 0.01288244766505636