0 0.6455078125 0.39011703511053314 0.0390625 0.07022106631989597
0 0.6337890625 0.45253576072821844 0.021484375 0.02990897269180754
0 0.568359375 0.4447334200260078 0.0205078125 0.0377113133940182
0 0.52734375 0.4304291287386216 0.021484375 0.031209362808842653
0 0.4716796875 0.45123537061118335 0.0205078125 0.02860858257477243
0 0.4423828125 0.42522756827048114 0.021484375 0.02860858257477243
0 0.408203125 0.43302990897269183 0.017578125 0.02990897269180754
0 0.3447265625 0.4434330299089727 0.0205078125 0.035110533159947985
0 0.2919921875 0.4720416124837451 0.017578125 0.02990897269180754
0 0.2431640625 0.5019505851755527 0.0234375 0.03901170351105332
0 0.2529296875 0.459037711313394 0.0166015625 0.02990897269180754
0 0.1708984375 0.47464239271781533 0.0234375 0.032509752925877766
0 0.119140625 0.49154746423927176 0.017578125 0.02990897269180754
0 0.1044921875 0.611183355006502 0.03515625 0.055916775032509754
0 0.048828125 0.5084525357607282 0.0263671875 0.05071521456436931
0 0.0322265625 0.4460338101430429 0.017578125 0.02600780234070221
0 0.1376953125 0.46553966189856955 0.013671875 0.02340702210663199
0 0.19140625 0.459037711313394 0.015625 0.0247074122236671
0 0.248046875 0.47854356306892065 0.0146484375 0.02340702210663199
0 0.18359375 0.4759427828348505 0.0126953125 0.02340702210663199
0 0.15234375 0.4616384915474642 0.0126953125 0.02080624187256177
0 0.12109375 0.4759427828348505 0.0146484375 0.022106631989596878