0 0.37109375 0.1638655462184874 0.01953125 0.04061624649859944
0 0.3505859375 0.18347338935574228 0.01953125 0.028011204481792718
0 0.4208984375 0.17647058823529413 0.0185546875 0.03361344537815126
0 0.4521484375 0.17086834733893558 0.01953125 0.0350140056022409
0 0.4892578125 0.16526610644257703 0.0224609375 0.04201680672268908
0 0.546875 0.16666666666666666 0.01953125 0.0350140056022409
0 0.5361328125 0.1568627450980392 0.01953125 0.036414565826330535
0 0.5888671875 0.16666666666666666 0.0185546875 0.03361344537815126
0 0.59765625 0.1330532212885154 0.015625 0.028011204481792718
0 0.57421875 0.16666666666666666 0.0146484375 0.03081232492997199
0 0.7451171875 0.1092436974789916 0.0322265625 0.07563025210084033
0 0.7255859375 0.09103641456582633 0.0224609375 0.056022408963585436
0 0.62109375 0.12324929971988796 0.0224609375 0.04481792717086835
0 0.7578125 0.0196078431372549 0.009765625 0.01680672268907563
0 0.77734375 0.008403361344537815 0.0126953125 0.01680672268907563
0 0.7041015625 0.037815126050420166 0.01171875 0.01680672268907563
0 0.68359375 0.04341736694677871 0.009765625 0.01680672268907563
0 0.8427734375 0.08123249299719888 0.03515625 0.06022408963585434
0 0.0361328125 0.08683473389355742 0.0126953125 0.03081232492997199
0 0.515625 0.3557422969187675 0.0732421875 0.10644257703081232
0 0.6572265625 0.3333333333333333 0.107421875 0.16526610644257703
0 0.8046875 0.1876750700280112 0.0673828125 0.12885154061624648
0 0.93359375 0.226890756302521 0.0546875 0.08123249299719888
0 0.92578125 0.1092436974789916 0.0400390625 0.06162464985994398
0 0.96875 0.1400560224089636 0.033203125 0.05182072829131653
0 0.5771484375 0.2703081232492997 0.064453125 0.11064425770308123
0 0.0361328125 0.15266106442577032 0.03515625 0.07142857142857142
0 0.0927734375 0.0700280112044818 0.015625 0.04061624649859944
0 0.1650390625 0.1092436974789916 0.037109375 0.06022408963585434
0 0.2138671875 0.0896358543417367 0.0205078125 0.037815126050420166
0 0.2333984375 0.18487394957983194 0.0185546875 0.03081232492997199
0 0.2509765625 0.14565826330532214 0.0185546875 0.029411764705882353
0 0.3154296875 0.15966386554621848 0.015625 0.04061624649859944