0 0.3779296875 0.7487001733102253 0.0830078125 0.15771230502599654
0 0.0087890625 0.7417677642980935 0.0185546875 0.0779896013864818
0 0.455078125 0.7001733102253033 0.037109375 0.06759098786828423
0 0.63671875 0.6967071057192374 0.0478515625 0.10051993067590988
0 0.890625 0.5580589254766031 0.0361328125 0.09012131715771231
0 0.970703125 0.5008665511265165 0.0234375 0.04679376083188908
0 0.662109375 0.4783362218370884 0.017578125 0.036395147313691506
0 0.4951171875 0.38128249566724437 0.0185546875 0.0415944540727903
0 0.4482421875 0.5008665511265165 0.025390625 0.07452339688041594
0 0.3798828125 0.464471403812825 0.0166015625 0.03466204506065858
0 0.265625 0.462738301559792 0.015625 0.03119584055459272
0 0.314453125 0.48700173310225303 0.0146484375 0.024263431542461005
0 0.16015625 0.48353552859618715 0.0166015625 0.03292894280762565