0 0.61328125 0.15942028985507245 0.0166015625 0.04589371980676329
0 0.634765625 0.20531400966183574 0.0185546875 0.04830917874396135
0 0.66015625 0.14009661835748793 0.013671875 0.04589371980676329
0 0.673828125 0.13285024154589373 0.0185546875 0.04830917874396135
0 0.7509765625 0.11835748792270531 0.0166015625 0.05314009661835749
0 0.74609375 0.17391304347826086 0.01953125 0.050724637681159424
0 0.7919921875 0.13285024154589373 0.01953125 0.04106280193236715
0 0.78515625 0.32367149758454106 0.0205078125 0.050724637681159424
0 0.822265625 0.3285024154589372 0.0205078125 0.050724637681159424
0 0.8857421875 0.4033816425120773 0.017578125 0.043478260869565216
0 0.9462890625 0.43478260869565216 0.01953125 0.050724637681159424
0 0.5595703125 0.5893719806763285 0.0166015625 0.043478260869565216
0 0.55859375 0.5217391304347826 0.0146484375 0.036231884057971016
0 0.109375 0.18357487922705315 0.0146484375 0.036231884057971016
0 0.0810546875 0.15217391304347827 0.0126953125 0.036231884057971016
0 0.1552734375 0.16666666666666666 0.0146484375 0.036231884057971016
0 0.1875 0.1642512077294686 0.0185546875 0.04589371980676329
0 0.1826171875 0.4323671497584541 0.0166015625 0.04830917874396135
0 0.265625 0.20048309178743962 0.0185546875 0.04106280193236715
0 0.2421875 0.37681159420289856 0.01953125 0.05555555555555555
0 0.287109375 0.4033816425120773 0.015625 0.04589371980676329
0 0.37109375 0.4106280193236715 0.015625 0.050724637681159424
0 0.3466796875 0.606280193236715 0.017578125 0.04830917874396135
0 0.287109375 0.6352657004830918 0.017578125 0.04589371980676329
0 0.34375 0.14492753623188406 0.015625 0.043478260869565216
0 0.3017578125 0.13768115942028986 0.0166015625 0.04589371980676329
0 0.2978515625 0.1859903381642512 0.0146484375 0.04589371980676329
0 0.3935546875 0.14492753623188406 0.015625 0.04106280193236715
0 0.416015625 0.36231884057971014 0.0185546875 0.057971014492753624
0 0.3935546875 0.6159420289855072 0.015625 0.04830917874396135
0 0.46875 0.5434782608695652 0.017578125 0.04589371980676329
0 0.404296875 0.1642512077294686 0.0126953125 0.036231884057971016
0 0.44140625 0.15942028985507245 0.015625 0.04589371980676329
0 0.4697265625 0.14492753623188406 0.015625 0.050724637681159424
0 0.4990234375 0.18840579710144928 0.015625 0.043478260869565216
0 0.509765625 0.15217391304347827 0.0146484375 0.043478260869565216
0 0.560546875 0.6859903381642513 0.0166015625 0.050724637681159424
0 0.65625 0.644927536231884 0.0185546875 0.05314009661835749
0 0.7705078125 0.6859903381642513 0.0224609375 0.06280193236714976
0 0.673828125 0.5483091787439613 0.0185546875 0.04106280193236715
0 0.7197265625 0.5676328502415459 0.017578125 0.03864734299516908
0 0.7607421875 0.49516908212560384 0.01953125 0.06280193236714976
0 0.5361328125 0.178743961352657 0.0166015625 0.043478260869565216
0 0.5498046875 0.11594202898550725 0.0185546875 0.04830917874396135
0 0.576171875 0.13768115942028986 0.015625 0.04830917874396135
0 0.5986328125 0.10869565217391304 0.013671875 0.04589371980676329
0 0.5732421875 0.2222222222222222 0.0126953125 0.036231884057971016