0 0.330078125 0.43364928909952605 0.017578125 0.07109004739336493
0 0.3994140625 0.43838862559241704 0.0185546875 0.054502369668246446
0 0.5478515625 0.4099526066350711 0.0185546875 0.06635071090047394
0 0.60546875 0.4099526066350711 0.0185546875 0.06635071090047394
0 0.6611328125 0.4052132701421801 0.0205078125 0.061611374407582936
0 0.728515625 0.4075829383886256 0.0185546875 0.06872037914691943
0 0.314453125 0.7985781990521327 0.0205078125 0.06872037914691943
0 0.3837890625 0.6990521327014217 0.0205078125 0.06398104265402843
0 0.62890625 0.7298578199052133 0.0205078125 0.06872037914691943
0 0.7197265625 0.7985781990521327 0.0234375 0.06872037914691943
0 0.47265625 0.4075829383886256 0.01953125 0.061611374407582936