0 0.095703125 0.020527859237536656 0.0234375 0.030791788856304986
0 0.0625 0.10263929618768329 0.02734375 0.03519061583577713
0 0.0244140625 0.20087976539589442 0.02734375 0.039589442815249266
0 0.1064453125 0.23900293255131966 0.02734375 0.036656891495601175
0 0.1845703125 0.1187683284457478 0.0263671875 0.03812316715542522
0 0.20703125 0.02932551319648094 0.0234375 0.036656891495601175
0 0.306640625 0.10997067448680352 0.0205078125 0.036656891495601175
0 0.1416015625 0.2873900293255132 0.033203125 0.039589442815249266
0 0.30078125 0.01466275659824047 0.0185546875 0.024926686217008796
0 0.3837890625 0.030791788856304986 0.01953125 0.026392961876832845
0 0.4091796875 0.0747800586510264 0.01953125 0.04252199413489736
0 0.4365234375 0.05571847507331378 0.017578125 0.030791788856304986
0 0.490234375 0.026392961876832845 0.015625 0.030791788856304986
0 0.5380859375 0.030791788856304986 0.0126953125 0.030791788856304986
0 0.59765625 0.05865102639296188 0.0146484375 0.03225806451612903
0 0.6796875 0.08797653958944282 0.0146484375 0.03519061583577713
0 0.6650390625 0.0689149560117302 0.013671875 0.02346041055718475
0 0.7548828125 0.051319648093841645 0.015625 0.03519061583577713
0 0.7421875 0.14809384164222875 0.0166015625 0.03812316715542522
0 0.658203125 0.19501466275659823 0.0185546875 0.039589442815249266
0 0.4951171875 0.1378299120234604 0.017578125 0.03519061583577713
0 0.5634765625 0.1217008797653959 0.0166015625 0.03225806451612903
0 0.6279296875 0.22727272727272727 0.01953125 0.03372434017595308
0 0.60546875 0.2697947214076246 0.01953125 0.039589442815249266
0 0.45703125 0.2434017595307918 0.025390625 0.039589442815249266
0 0.5517578125 0.2785923753665689 0.017578125 0.03372434017595308
0 0.4912109375 0.37390029325513197 0.0283203125 0.04838709677419355
0 0.6484375 0.3724340175953079 0.02734375 0.04985337243401759
0 0.724609375 0.22287390029325513 0.0205078125 0.03812316715542522
0 0.728515625 0.2932551319648094 0.0224609375 0.039589442815249266
0 0.1826171875 0.3621700879765396 0.0341796875 0.04985337243401759
0 0.2314453125 0.4149560117302053 0.0390625 0.051319648093841645
0 0.3525390625 0.4002932551319648 0.03515625 0.054252199413489736
0 0.1767578125 0.6422287390029325 0.0498046875 0.05865102639296188
0 0.55859375 0.5043988269794721 0.0302734375 0.051319648093841645
0 0.0078125 0.3489736070381232 0.0166015625 0.054252199413489736
0 0.0107421875 0.45454545454545453 0.021484375 0.0469208211143695
0 0.83203125 0.06451612903225806 0.0146484375 0.02932551319648094
0 0.916015625 0.09530791788856305 0.017578125 0.030791788856304986
0 0.7666015625 0.09970674486803519 0.0166015625 0.030791788856304986
0 0.8642578125 0.19501466275659823 0.0234375 0.04105571847507331
0 0.9091796875 0.20674486803519063 0.0224609375 0.03372434017595308
0 0.9697265625 0.21114369501466276 0.0205078125 0.04105571847507331
0 0.8095703125 0.3255131964809384 0.0224609375 0.02346041055718475
0 0.953125 0.3489736070381232 0.0283203125 0.03225806451612903
0 0.7744140625 0.39589442815249265 0.0263671875 0.04398826979472141
0 0.865234375 0.4706744868035191 0.0380859375 0.04838709677419355
0 0.974609375 0.46480938416422285 0.0361328125 0.039589442815249266
0 0.74609375 0.5645161290322581 0.037109375 0.060117302052785926