0 0.0283203125 0.3878048780487805 0.0205078125 0.05365853658536585
0 0.1494140625 0.3951219512195122 0.0205078125 0.08048780487804878
0 0.2236328125 0.3463414634146341 0.0166015625 0.05609756097560976
0 0.19140625 0.32195121951219513 0.0185546875 0.05609756097560976
0 0.3193359375 0.32195121951219513 0.0166015625 0.05609756097560976
0 0.3984375 0.2951219512195122 0.017578125 0.03902439024390244
0 0.4658203125 0.32682926829268294 0.0166015625 0.046341463414634146
0 0.5439453125 0.3024390243902439 0.013671875 0.03902439024390244
0 0.5537109375 0.2707317073170732 0.0185546875 0.06341463414634146
0 0.623046875 0.275609756097561 0.015625 0.041463414634146344
0 0.70703125 0.23902439024390243 0.015625 0.05609756097560976
0 0.84765625 0.26097560975609757 0.017578125 0.08048780487804878
0 0.9140625 0.3 0.017578125 0.07073170731707316
0 0.95703125 0.23170731707317074 0.0224609375 0.1073170731707317
0 0.119140625 0.3951219512195122 0.015625 0.06829268292682927