0 0.9462890625 0.12643678160919541 0.021484375 0.034482758620689655
0 0.6953125 0.11781609195402298 0.0205078125 0.04454022988505747
0 0.4990234375 0.2686781609195402 0.015625 0.03017241379310345
0 0.4794921875 0.3089080459770115 0.0166015625 0.031609195402298854
0 0.373046875 0.28879310344827586 0.013671875 0.033045977011494254
0 0.2822265625 0.3175287356321839 0.017578125 0.03017241379310345
0 0.2197265625 0.3505747126436782 0.0185546875 0.04454022988505747
0 0.1689453125 0.3735632183908046 0.0234375 0.04741379310344827
0 0.130859375 0.3103448275862069 0.01953125 0.041666666666666664
0 0.2275390625 0.41235632183908044 0.021484375 0.04741379310344827
0 0.1142578125 0.47844827586206895 0.0302734375 0.06896551724137931
0 0.9609375 0.3793103448275862 0.0244140625 0.05028735632183908