0 0.625 0.42613636363636365 0.017578125 0.03125
0 0.6416015625 0.6051136363636364 0.021484375 0.03551136363636364
0 0.6884765625 0.42613636363636365 0.0205078125 0.03551136363636364
0 0.728515625 0.6193181818181818 0.0234375 0.032670454545454544
0 0.744140625 0.43892045454545453 0.021484375 0.036931818181818184
0 0.7861328125 0.44176136363636365 0.021484375 0.03551136363636364
0 0.80078125 0.6122159090909091 0.021484375 0.03835227272727273
0 0.8486328125 0.45170454545454547 0.0185546875 0.032670454545454544
0 0.91015625 0.40625 0.021484375 0.03551136363636364
0 0.875 0.6079545454545454 0.0244140625 0.032670454545454544
0 0.0830078125 0.4502840909090909 0.0224609375 0.03409090909090909
0 0.1318359375 0.4758522727272727 0.0234375 0.03977272727272727
0 0.1533203125 0.42329545454545453 0.021484375 0.036931818181818184
0 0.1923828125 0.43607954545454547 0.0224609375 0.036931818181818184
0 0.2373046875 0.43892045454545453 0.0205078125 0.03409090909090909
0 0.2626953125 0.4616477272727273 0.0205078125 0.036931818181818184
0 0.3125 0.4815340909090909 0.0185546875 0.036931818181818184
0 0.31640625 0.4275568181818182 0.01953125 0.032670454545454544
0 0.29296875 0.5994318181818182 0.0244140625 0.04261363636363636
0 0.3564453125 0.4772727272727273 0.01953125 0.03835227272727273
0 0.3984375 0.4431818181818182 0.017578125 0.03409090909090909
0 0.3935546875 0.6051136363636364 0.017578125 0.03551136363636364
0 0.4404296875 0.45454545454545453 0.01953125 0.029829545454545456
0 0.4697265625 0.5852272727272727 0.0205078125 0.036931818181818184
0 0.484375 0.4559659090909091 0.01953125 0.029829545454545456
0 0.5205078125 0.4446022727272727 0.01953125 0.03125
0 0.5556640625 0.453125 0.0166015625 0.032670454545454544
0 0.5556640625 0.5994318181818182 0.0224609375 0.03551136363636364