0 0.3466796875 0.27235772357723576 0.033203125 0.06233062330623306
0 0.2529296875 0.2791327913279133 0.0380859375 0.06639566395663957
0 0.1494140625 0.26287262872628725 0.037109375 0.06233062330623306
0 0.3251953125 0.524390243902439 0.0400390625 0.06639566395663957
0 0.2197265625 0.508130081300813 0.0439453125 0.07181571815718157
0 0.09765625 0.513550135501355 0.05078125 0.07859078590785908
0 0.833984375 0.2682926829268293 0.03515625 0.06639566395663957
0 0.7265625 0.22764227642276422 0.0380859375 0.07181571815718157
0 0.62890625 0.2669376693766938 0.0361328125 0.06504065040650407
0 0.5234375 0.24525745257452575 0.03515625 0.06097560975609756
0 0.423828125 0.28184281842818426 0.0341796875 0.058265582655826556
0 0.4287109375 0.497289972899729 0.037109375 0.07181571815718157
0 0.52734375 0.5013550135501355 0.0419921875 0.07588075880758807
0 0.638671875 0.5271002710027101 0.0419921875 0.07452574525745258
0 0.76953125 0.5582655826558266 0.044921875 0.07181571815718157
0 0.8955078125 0.5271002710027101 0.052734375 0.08672086720867209