0 0.060546875 0.38671875 0.0078125 0.014322916666666666
0 0.1279296875 0.40625 0.0078125 0.01171875
0 0.11328125 0.484375 0.0087890625 0.010416666666666666
0 0.0927734375 0.41796875 0.0048828125 0.006510416666666667
0 0.25 0.24609375 0.0556640625 0.09244791666666667
0 0.3837890625 0.4153645833333333 0.0439453125 0.057291666666666664
0 0.517578125 0.2838541666666667 0.0390625 0.059895833333333336
0 0.48828125 0.4635416666666667 0.0380859375 0.061197916666666664
0 0.5751953125 0.3893229166666667 0.0439453125 0.06770833333333333
0 0.6728515625 0.3932291666666667 0.04296875 0.06510416666666667
0 0.9716796875 0.3958333333333333 0.0234375 0.029947916666666668
0 0.1044921875 0.4140625 0.0078125 0.013020833333333334