0 0.353515625 0.32646048109965636 0.01953125 0.044673539518900345
0 0.4287109375 0.23711340206185566 0.0166015625 0.03608247422680412
0 0.49609375 0.22508591065292097 0.0107421875 0.022336769759450172
0 0.1708984375 0.3711340206185567 0.0087890625 0.015463917525773196
0 0.1484375 0.3865979381443299 0.0078125 0.013745704467353952
0 0.1376953125 0.35051546391752575 0.0068359375 0.015463917525773196
0 0.1552734375 0.3470790378006873 0.0048828125 0.013745704467353952
0 0.177734375 0.3316151202749141 0.00390625 0.012027491408934709
0 0.1591796875 0.21477663230240548 0.005859375 0.015463917525773196
0 0.65234375 0.25945017182130586 0.0107421875 0.024054982817869417
0 0.583984375 0.30584192439862545 0.015625 0.03264604810996564
0 0.6669921875 0.3006872852233677 0.0146484375 0.03608247422680412
0 0.857421875 0.31443298969072164 0.029296875 0.06357388316151202
0 0.6591796875 0.563573883161512 0.0146484375 0.054982817869415807
0 0.296875 0.6924398625429553 0.0205078125 0.05154639175257732
0 0.2119140625 0.35223367697594504 0.0068359375 0.015463917525773196
0 0.232421875 0.20618556701030927 0.00390625 0.00859106529209622
0 0.1943359375 0.2027491408934708 0.00390625 0.010309278350515464
0 0.63671875 0.29037800687285226 0.009765625 0.018900343642611683