0 0.125 0.7446300715990454 0.033203125 0.10501193317422435
0 0.236328125 0.5704057279236276 0.0263671875 0.081145584725537
0 0.27734375 0.5155131264916468 0.025390625 0.050119331742243436
0 0.3759765625 0.5966587112171837 0.0224609375 0.06921241050119331
0 0.4736328125 0.60381861575179 0.0205078125 0.08353221957040573
0 0.4892578125 0.1431980906921241 0.037109375 0.10739856801909307
0 0.6162109375 0.4128878281622912 0.0244140625 0.0954653937947494
0 0.6650390625 0.4821002386634845 0.025390625 0.07875894988066826
0 0.80859375 0.60381861575179 0.029296875 0.0883054892601432
0 0.720703125 0.7088305489260143 0.0234375 0.09069212410501193
0 0.59375 0.5632458233890215 0.0263671875 0.081145584725537