0 0.1806640625 0.5146627565982405 0.0439453125 0.08211143695014662
0 0.1865234375 0.4442815249266862 0.025390625 0.045454545454545456
0 0.3330078125 0.43255131964809385 0.08203125 0.1598240469208211
0 0.5078125 0.43548387096774194 0.0703125 0.13929618768328444
0 0.42578125 0.48826979472140764 0.0283203125 0.05278592375366569
0 0.5673828125 0.4780058651026393 0.03125 0.05718475073313783
0 0.6015625 0.4838709677419355 0.0166015625 0.04838709677419355
0 0.6201171875 0.532258064516129 0.025390625 0.051319648093841645
0 0.6875 0.46774193548387094 0.06640625 0.1378299120234604
0 0.787109375 0.5527859237536656 0.0322265625 0.07624633431085044
0 0.759765625 0.4809384164222874 0.0244140625 0.05718475073313783
0 0.8154296875 0.46480938416422285 0.0263671875 0.04838709677419355
0 0.8974609375 0.4780058651026393 0.048828125 0.09237536656891496
0 0.8310546875 0.48240469208211145 0.0126953125 0.026392961876832845
0 0.3642578125 0.4897360703812317 0.0400390625 0.09090909090909091