0 0.2783203125 0.5804020100502513 0.0185546875 0.06030150753768844
0 0.3095703125 0.49748743718592964 0.01953125 0.05527638190954774
0 0.3046875 0.4296482412060301 0.017578125 0.052763819095477386
0 0.265625 0.4321608040201005 0.0146484375 0.05527638190954774
0 0.23046875 0.49246231155778897 0.017578125 0.06030150753768844
0 0.19921875 0.5201005025125628 0.0185546875 0.07035175879396985
0 0.146484375 0.5125628140703518 0.0224609375 0.06030150753768844
0 0.103515625 0.4723618090452261 0.021484375 0.0678391959798995
0 0.0517578125 0.507537688442211 0.0205078125 0.052763819095477386
0 0.0625 0.4296482412060301 0.0205078125 0.06281407035175879
0 0.0068359375 0.40703517587939697 0.01171875 0.0678391959798995
0 0.146484375 0.4045226130653266 0.017578125 0.05778894472361809
0 0.1064453125 0.33668341708542715 0.0224609375 0.06030150753768844
0 0.166015625 0.3542713567839196 0.015625 0.05025125628140704
0 0.224609375 0.4271356783919598 0.0166015625 0.05527638190954774
0 0.19140625 0.3391959798994975 0.013671875 0.035175879396984924
0 0.220703125 0.33668341708542715 0.015625 0.04522613065326633
0 0.255859375 0.314070351758794 0.0107421875 0.05025125628140704
0 0.2880859375 0.31909547738693467 0.013671875 0.04522613065326633
0 0.3193359375 0.3316582914572864 0.009765625 0.04020100502512563
0 0.30859375 0.25879396984924624 0.009765625 0.04522613065326633
0 0.34375 0.5301507537688442 0.017578125 0.06281407035175879
0 0.4052734375 0.5251256281407035 0.01953125 0.05778894472361809
0 0.4755859375 0.5678391959798995 0.01953125 0.05527638190954774
0 0.4658203125 0.4547738693467337 0.013671875 0.05025125628140704
0 0.4365234375 0.4296482412060301 0.0146484375 0.04773869346733668
0 0.3828125 0.3969849246231156 0.015625 0.04773869346733668
0 0.3779296875 0.4798994974874372 0.0146484375 0.05025125628140704
0 0.353515625 0.4271356783919598 0.015625 0.05025125628140704
0 0.3984375 0.38944723618090454 0.013671875 0.04522613065326633
0 0.3603515625 0.31155778894472363 0.013671875 0.04271356783919598
0 0.3486328125 0.27386934673366836 0.013671875 0.04271356783919598
0 0.3408203125 0.17336683417085427 0.0126953125 0.04773869346733668
0 0.3837890625 0.22110552763819097 0.0166015625 0.052763819095477386
0 0.416015625 0.32914572864321606 0.0146484375 0.052763819095477386
0 0.4287109375 0.26884422110552764 0.0166015625 0.05025125628140704
0 0.4521484375 0.1934673366834171 0.013671875 0.04773869346733668
0 0.513671875 0.20603015075376885 0.01171875 0.04522613065326633
0 0.529296875 0.2663316582914573 0.0126953125 0.052763819095477386
0 0.54296875 0.5150753768844221 0.015625 0.06281407035175879
0 0.564453125 0.21608040201005024 0.01171875 0.04271356783919598
0 0.580078125 0.24874371859296482 0.017578125 0.05778894472361809
0 0.626953125 0.1984924623115578 0.013671875 0.04020100502512563
0 0.5625 0.49246231155778897 0.013671875 0.05527638190954774
0 0.5947265625 0.5150753768844221 0.0146484375 0.04773869346733668
0 0.619140625 0.5301507537688442 0.0146484375 0.04773869346733668
0 0.6533203125 0.4371859296482412 0.015625 0.052763819095477386
0 0.728515625 0.17336683417085427 0.015625 0.05778894472361809
0 0.7431640625 0.3391959798994975 0.0146484375 0.04773869346733668
0 0.71484375 0.5376884422110553 0.015625 0.05778894472361809
0 0.7607421875 0.535175879396985 0.017578125 0.05527638190954774
0 0.765625 0.36180904522613067 0.017578125 0.06030150753768844
0 0.783203125 0.2638190954773869 0.0126953125 0.04020100502512563
0 0.806640625 0.3391959798994975 0.0185546875 0.05527638190954774
0 0.794921875 0.43467336683417085 0.013671875 0.052763819095477386
0 0.8232421875 0.5552763819095478 0.015625 0.05025125628140704
0 0.849609375 0.47738693467336685 0.01953125 0.06030150753768844
0 0.8701171875 0.5527638190954773 0.015625 0.05778894472361809
0 0.9091796875 0.5477386934673367 0.0146484375 0.06030150753768844
0 0.9326171875 0.5527638190954773 0.01953125 0.07035175879396985
0 0.9755859375 0.49246231155778897 0.0205078125 0.06281407035175879
0 0.955078125 0.37185929648241206 0.0185546875 0.0678391959798995
0 0.8974609375 0.35175879396984927 0.01953125 0.05778894472361809
0 0.8642578125 0.3844221105527638 0.0166015625 0.05527638190954774
0 0.8994140625 0.2613065326633166 0.015625 0.04773869346733668
0 0.8359375 0.3065326633165829 0.0126953125 0.04020100502512563
0 0.9921875 0.40954773869346733 0.0146484375 0.04773869346733668
0 0.6650390625 0.5778894472361809 0.0126953125 0.04773869346733668