0 0.095703125 0.65234375 0.0068359375 0.01171875
0 0.2421875 0.62890625 0.0068359375 0.01171875
0 0.2587890625 0.7044270833333334 0.0478515625 0.07161458333333333
0 0.369140625 0.6927083333333334 0.048828125 0.0703125
0 0.4375 0.6692708333333334 0.048828125 0.07161458333333333
0 0.5078125 0.6588541666666666 0.046875 0.06510416666666667
0 0.5810546875 0.5325520833333334 0.048828125 0.078125
0 0.572265625 0.7604166666666666 0.044921875 0.06640625
0 0.6259765625 0.7421875 0.041015625 0.06640625
0 0.6904296875 0.7565104166666666 0.044921875 0.0703125
0 0.7646484375 0.60546875 0.0048828125 0.009114583333333334
0 0.791015625 0.6158854166666666 0.0048828125 0.006510416666666667
0 0.8134765625 0.61328125 0.0048828125 0.006510416666666667
0 0.8486328125 0.6028645833333334 0.005859375 0.0078125
0 0.8837890625 0.6236979166666666 0.005859375 0.010416666666666666
0 0.0712890625 0.62890625 0.0087890625 0.01171875
0 0.9453125 0.5755208333333334 0.0048828125 0.006510416666666667
0 0.91015625 0.5833333333333334 0.0068359375 0.0078125