0 0.525390625 0.4225 0.095703125 0.16625
0 0.4375 0.50375 0.091796875 0.1575
0 0.41796875 0.275 0.1025390625 0.17375
0 0.2529296875 0.2825 0.109375 0.1325
0 0.173828125 0.29125 0.087890625 0.145
0 0.8916015625 0.28 0.1015625 0.15375
0 0.6767578125 0.3625 0.07421875 0.17
0 0.146484375 0.0975 0.0234375 0.03875
0 0.1787109375 0.10625 0.017578125 0.0375
0 0.0673828125 0.1125 0.01953125 0.03375
0 0.01953125 0.09125 0.0146484375 0.04
0 0.333984375 0.1175 0.0205078125 0.03625
0 0.4912109375 0.24875 0.025390625 0.035
0 0.474609375 0.21125 0.0166015625 0.035
0 0.5166015625 0.185 0.01953125 0.03625
0 0.5419921875 0.22 0.01953125 0.035
0 0.55859375 0.26625 0.0205078125 0.035
0 0.58984375 0.26125 0.0185546875 0.03375
0 0.595703125 0.38375 0.0205078125 0.03375
0 0.599609375 0.22625 0.0205078125 0.03125
0 0.6220703125 0.1875 0.01953125 0.0325
0 0.5771484375 0.16375 0.0205078125 0.03375
0 0.6298828125 0.12875 0.0166015625 0.03375
0 0.591796875 0.12375 0.0185546875 0.03375
0 0.513671875 0.13125 0.01953125 0.0375
0 0.4658203125 0.12 0.01953125 0.035
0 0.8310546875 0.1575 0.0224609375 0.04125
0 0.7529296875 0.12875 0.01953125 0.03375
0 0.6845703125 0.14125 0.01953125 0.0325
0 0.9521484375 0.085 0.017578125 0.02875
0 0.9619140625 0.04375 0.0185546875 0.0325
0 0.837890625 0.0325 0.017578125 0.02875
0 0.912109375 0.0825 0.017578125 0.03125
0 0.62109375 0.34375 0.0205078125 0.04
0 0.67578125 0.41 0.029296875 0.04875