0 0.0234375 0.7642752562225475 0.015625 0.027818448023426062
0 0.1416015625 0.698389458272328 0.013671875 0.021961932650073207
0 0.080078125 0.6383601756954612 0.0107421875 0.021961932650073207
0 0.3935546875 0.8008784773060029 0.0126953125 0.032210834553440704
0 0.30078125 0.5929721815519766 0.0087890625 0.024890190336749635
0 0.353515625 0.5944363103953147 0.009765625 0.02342606149341142
0 0.41796875 0.6032210834553441 0.0126953125 0.02342606149341142
0 0.65234375 0.5695461200585652 0.009765625 0.01903367496339678
0 0.603515625 0.5592972181551976 0.0078125 0.020497803806734993
0 0.9404296875 0.465592972181552 0.0068359375 0.014641288433382138
0 0.962890625 0.46412884333821375 0.0078125 0.014641288433382138
0 0.935546875 0.4978038067349927 0.005859375 0.013177159590043924
0 0.837890625 0.5314787701317716 0.0068359375 0.016105417276720352
0 0.12109375 0.6412884333821376 0.01171875 0.017569546120058566
0 0.2470703125 0.1698389458272328 0.01171875 0.024890190336749635
0 0.400390625 0.18594436310395315 0.009765625 0.024890190336749635
0 0.4384765625 0.1595900439238653 0.01171875 0.024890190336749635
0 0.48828125 0.1815519765739385 0.01171875 0.024890190336749635
0 0.5087890625 0.15519765739385066 0.009765625 0.020497803806734993
0 0.5390625 0.15373352855051245 0.0107421875 0.02635431918008785
0 0.7294921875 0.16105417276720352 0.0087890625 0.01903367496339678
0 0.7392578125 0.17276720351390923 0.0068359375 0.016105417276720352
0 0.8486328125 0.16691068814055637 0.0068359375 0.01903367496339678
0 0.880859375 0.15373352855051245 0.0078125 0.016105417276720352
0 0.900390625 0.18448023426061494 0.0078125 0.014641288433382138
0 0.853515625 0.15519765739385066 0.0068359375 0.016105417276720352
0 0.94921875 0.1698389458272328 0.0078125 0.01903367496339678
0 0.9638671875 0.1581259150805271 0.0068359375 0.014641288433382138
0 0.697265625 0.17423133235724744 0.0087890625 0.01903367496339678
0 0.6650390625 0.1683748169838946 0.01171875 0.020497803806734993
0 0.4794921875 0.1683748169838946 0.0087890625 0.017569546120058566
0 0.384765625 0.1376281112737921 0.0087890625 0.020497803806734993
0 0.34375 0.17276720351390923 0.01171875 0.021961932650073207
0 0.3193359375 0.18301610541727673 0.0078125 0.016105417276720352
0 0.294921875 0.15519765739385066 0.009765625 0.024890190336749635
0 0.203125 0.16251830161054173 0.01171875 0.02342606149341142
0 0.140625 0.17569546120058566 0.0126953125 0.02342606149341142
0 0.1025390625 0.17862371888726208 0.01171875 0.021961932650073207
0 0.994140625 0.4699853587115666 0.0068359375 0.014641288433382138
0 0.806640625 0.5065885797950219 0.009765625 0.014641288433382138
0 0.8359375 0.5051244509516838 0.0087890625 0.014641288433382138
0 0.7080078125 0.5241581259150805 0.009765625 0.017569546120058566
0 0.6201171875 0.5636896046852123 0.009765625 0.020497803806734993
0 0.546875 0.5856515373352855 0.0087890625 0.01903367496339678
0 0.509765625 0.5929721815519766 0.0107421875 0.017569546120058566
0 0.470703125 0.6046852122986823 0.0107421875 0.01903367496339678
0 0.462890625 0.6456808199121523 0.0107421875 0.016105417276720352
0 0.4697265625 0.7759882869692533 0.017578125 0.029282576866764276
0 0.2724609375 0.6134699853587116 0.013671875 0.02342606149341142
0 0.236328125 0.6398243045387995 0.009765625 0.01903367496339678
0 0.173828125 0.6427525622254758 0.0126953125 0.024890190336749635
0 0.1806640625 0.7818448023426061 0.0146484375 0.02342606149341142
0 0.1708984375 0.8682284040995608 0.015625 0.03367496339677892
0 0.244140625 0.7657393850658858 0.015625 0.020497803806734993
0 0.3056640625 0.7452415812591509 0.01171875 0.021961932650073207
0 0.5849609375 0.8052708638360175 0.017578125 0.029282576866764276
0 0.5908203125 0.8448023426061494 0.015625 0.03074670571010249
0 0.68359375 0.808199121522694 0.0126953125 0.029282576866764276
0 0.7998046875 0.7232796486090776 0.0166015625 0.029282576866764276
0 0.765625 0.8535871156661786 0.0166015625 0.03367496339677892
0 0.880859375 0.8477306002928258 0.0126953125 0.02635431918008785
0 0.9169921875 0.7408491947291361 0.013671875 0.027818448023426062
0 0.974609375 0.91800878477306 0.0205078125 0.03513909224011713
0 0.6015625 0.16398243045387995 0.0107421875 0.021961932650073207