0 0.294921875 0.2727272727272727 0.052734375 0.13636363636363635
0 0.4091796875 0.27972027972027974 0.03125 0.0979020979020979
0 0.3740234375 0.2744755244755245 0.041015625 0.0979020979020979
0 0.1689453125 0.3269230769230769 0.0498046875 0.11713286713286714
0 0.111328125 0.32167832167832167 0.037109375 0.07167832167832168
0 0.0283203125 0.26573426573426573 0.0390625 0.08216783216783216
0 0.0625 0.291958041958042 0.0224609375 0.055944055944055944
0 0.544921875 0.32167832167832167 0.0517578125 0.13986013986013987
0 0.6103515625 0.2744755244755245 0.037109375 0.10139860139860139
0 0.6962890625 0.2692307692307692 0.029296875 0.09615384615384616
0 0.767578125 0.291958041958042 0.048828125 0.09090909090909091
0 0.7880859375 0.38461538461538464 0.0458984375 0.1346153846153846
0 0.8564453125 0.3723776223776224 0.0478515625 0.1451048951048951
0 0.859375 0.21853146853146854 0.0439453125 0.08916083916083917
0 0.98046875 0.3129370629370629 0.0341796875 0.1451048951048951
0 0.49609375 0.4423076923076923 0.033203125 0.0944055944055944