0 0.83984375 0.3761467889908257 0.015625 0.03669724770642202
0 0.9296875 0.3440366972477064 0.013671875 0.03211009174311927
0 0.6103515625 0.25076452599388377 0.0126953125 0.022935779816513763
0 0.263671875 0.24464831804281345 0.0126953125 0.02599388379204893
0 0.30859375 0.2308868501529052 0.013671875 0.02599388379204893
0 0.369140625 0.2324159021406728 0.0126953125 0.027522935779816515
0 0.404296875 0.21559633027522937 0.009765625 0.022935779816513763
0 0.580078125 0.16055045871559634 0.0087890625 0.019877675840978593
0 0.603515625 0.15137614678899083 0.0068359375 0.016819571865443424
0 0.623046875 0.13608562691131498 0.0068359375 0.016819571865443424
0 0.6396484375 0.14067278287461774 0.0078125 0.016819571865443424
0 0.0556640625 0.12996941896024464 0.009765625 0.01834862385321101
0 0.181640625 0.11314984709480122 0.0078125 0.013761467889908258
0 0.0869140625 0.13149847094801223 0.0078125 0.01834862385321101
0 0.318359375 0.08103975535168195 0.0068359375 0.01529051987767584