0 0.7587890625 0.1376281112737921 0.0791015625 0.17569546120058566
0 0.9541015625 0.15519765739385066 0.0810546875 0.1581259150805271
0 0.5615234375 0.14641288433382138 0.0654296875 0.11859443631039532
0 0.3935546875 0.16105417276720352 0.0517578125 0.1054172767203514
0 0.1748046875 0.08052708638360176 0.0322265625 0.07320644216691069
0 0.2958984375 0.1698389458272328 0.0380859375 0.06442166910688141
0 0.3154296875 0.1259150805270864 0.0302734375 0.0629575402635432
0 0.0380859375 0.040995607613469986 0.0771484375 0.08345534407027819
0 0.482421875 0.1171303074670571 0.0224609375 0.07027818448023426
0 0.650390625 0.09224011713030747 0.01171875 0.03806734992679356
0 0.8662109375 0.17130307467057102 0.01953125 0.04685212298682284
0 0.5361328125 0.09224011713030747 0.03125 0.060029282576866766