0 0.8046875 0.36617842876165113 0.01953125 0.02796271637816245
0 0.8525390625 0.3355525965379494 0.017578125 0.03062583222370173
0 0.888671875 0.34354194407456723 0.017578125 0.037283621837549935
0 0.748046875 0.36351531291611183 0.01953125 0.02663115845539281
0 0.7158203125 0.3621837549933422 0.015625 0.03062583222370173
0 0.330078125 0.40612516644474034 0.01953125 0.03462050599201065
0 0.525390625 0.36750998668442075 0.0126953125 0.02929427430093209
0 0.1181640625 0.4420772303595206 0.0224609375 0.02796271637816245
0 0.1611328125 0.4380825565912117 0.0224609375 0.02796271637816245
0 0.2060546875 0.459387483355526 0.009765625 0.023968042609853527
0 0.2333984375 0.4620505992010652 0.0166015625 0.02130492676431425
0 0.0615234375 0.4394141145139814 0.0126953125 0.03062583222370173