0 0.2841796875 0.3045045045045045 0.03125 0.10990990990990991
0 0.1484375 0.3009009009009009 0.0283203125 0.08648648648648649
0 0.0625 0.3279279279279279 0.0322265625 0.08828828828828829
0 0.44921875 0.42702702702702705 0.0419921875 0.12432432432432433
0 0.490234375 0.3045045045045045 0.0234375 0.08468468468468468
0 0.7158203125 0.3387387387387387 0.025390625 0.06486486486486487
0 0.755859375 0.32972972972972975 0.021484375 0.05045045045045045
0 0.9580078125 0.3837837837837838 0.0283203125 0.07927927927927927
0 0.9814453125 0.3063063063063063 0.02734375 0.05945945945945946
0 0.9150390625 0.3027027027027027 0.0234375 0.05405405405405406
0 0.8193359375 0.2882882882882883 0.0166015625 0.032432432432432434
0 0.81640625 0.21621621621621623 0.01953125 0.04504504504504504
0 0.732421875 0.21441441441441442 0.0146484375 0.03783783783783784
0 0.6474609375 0.2036036036036036 0.0107421875 0.02882882882882883
0 0.68359375 0.22522522522522523 0.0107421875 0.025225225225225224
0 0.6259765625 0.20540540540540542 0.0068359375 0.021621621621621623
0 0.5908203125 0.1945945945945946 0.0078125 0.021621621621621623
0 0.5654296875 0.17657657657657658 0.0068359375 0.023423423423423424
0 0.5439453125 0.1963963963963964 0.0087890625 0.023423423423423424
0 0.556640625 0.1963963963963964 0.0078125 0.025225225225225224
0 0.51171875 0.1783783783783784 0.009765625 0.021621621621621623
0 0.4990234375 0.16396396396396395 0.0068359375 0.014414414414414415
0 0.4697265625 0.16936936936936936 0.0078125 0.014414414414414415
0 0.296875 0.16216216216216217 0.0068359375 0.016216216216216217
0 0.779296875 0.25585585585585585 0.015625 0.03423423423423423