0 0.0888671875 0.21578099838969403 0.0400390625 0.0821256038647343
0 0.1455078125 0.19484702093397746 0.0400390625 0.0966183574879227
0 0.1962890625 0.21578099838969403 0.046875 0.0966183574879227
0 0.2529296875 0.23027375201288244 0.04296875 0.09822866344605476
0 0.296875 0.2560386473429952 0.0556640625 0.11916264090177134
0 0.98828125 0.5603864734299517 0.013671875 0.024154589371980676
0 0.66015625 0.4669887278582931 0.0986328125 0.21256038647342995
0 0.7744140625 0.38486312399355876 0.12890625 0.2753623188405797
0 0.8623046875 0.5845410628019324 0.1240234375 0.2431561996779388
0 0.3779296875 0.2028985507246377 0.0498046875 0.11916264090177134
0 0.435546875 0.2995169082125604 0.0654296875 0.1497584541062802
0 0.48828125 0.3462157809983897 0.07421875 0.1642512077294686
0 0.58984375 0.3607085346215781 0.078125 0.1932367149758454
0 0.6796875 0.26247987117552335 0.078125 0.17713365539452497
0 0.044921875 0.19001610305958133 0.03515625 0.08051529790660225