0 0.453125 0.16985645933014354 0.123046875 0.22248803827751196
0 0.62109375 0.3373205741626794 0.111328125 0.18181818181818182
0 0.244140625 0.2834928229665072 0.0400390625 0.08133971291866028
0 0.0810546875 0.3229665071770335 0.0234375 0.04066985645933014
0 0.015625 0.3588516746411483 0.0146484375 0.028708133971291867
0 0.91796875 0.31100478468899523 0.0244140625 0.0430622009569378
0 0.8583984375 0.33133971291866027 0.0146484375 0.03708133971291866
0 0.755859375 0.31220095693779903 0.0166015625 0.034688995215311005
0 0.791015625 0.3014354066985646 0.0146484375 0.022727272727272728
0 0.541015625 0.30861244019138756 0.0205078125 0.04665071770334928
0 0.697265625 0.3229665071770335 0.0224609375 0.04904306220095694
0 0.1025390625 0.3241626794258373 0.013671875 0.023923444976076555
0 0.1435546875 0.3576555023923445 0.0087890625 0.02033492822966507