0 0.6796875 0.41602465331278893 0.052734375 0.11710323574730354
0 0.908203125 0.21879815100154082 0.03515625 0.0724191063174114
0 0.947265625 0.4268104776579353 0.0283203125 0.09090909090909091
0 0.40625 0.2773497688751926 0.03125 0.08012326656394453
0 0.2890625 0.26194144838212635 0.0322265625 0.07550077041602465
0 0.1630859375 0.22033898305084745 0.021484375 0.040061633281972264
0 0.1943359375 0.19106317411402157 0.0185546875 0.03697996918335902
0 0.228515625 0.18798151001540833 0.0146484375 0.03543913713405239
0 0.2705078125 0.20184899845916796 0.0224609375 0.04930662557781202
0 0.072265625 0.2172573189522342 0.0185546875 0.04314329738058552
0 0.046875 0.19568567026194145 0.0107421875 0.029275808936825885
0 0.1025390625 0.2049306625577812 0.013671875 0.02773497688751926
0 0.0517578125 0.1679506933744222 0.0107421875 0.023112480739599383
0 0.212890625 0.16640986132511557 0.0087890625 0.02157164869029276
0 0.13671875 0.18798151001540833 0.0087890625 0.020030816640986132
0 0.296875 0.15408320493066255 0.0087890625 0.02157164869029276
0 0.5947265625 0.12172573189522343 0.0068359375 0.015408320493066256