0 0.228515625 0.14430379746835442 0.0166015625 0.024050632911392405
0 0.021484375 0.6075949367088608 0.01953125 0.027848101265822784
0 0.05078125 0.6886075949367089 0.0224609375 0.02531645569620253
0 0.6220703125 0.6544303797468355 0.01953125 0.03291139240506329
0 0.5625 0.649367088607595 0.0205078125 0.030379746835443037
0 0.5322265625 0.649367088607595 0.0126953125 0.035443037974683546
0 0.3876953125 0.5531645569620253 0.017578125 0.02911392405063291
0 0.421875 0.6430379746835443 0.013671875 0.024050632911392405
0 0.8115234375 0.6924050632911393 0.01953125 0.03670886075949367
0 0.2509765625 0.5873417721518988 0.015625 0.026582278481012658
0 0.291015625 0.5810126582278481 0.0166015625 0.02911392405063291
0 0.544921875 0.3468354430379747 0.0087890625 0.016455696202531647
0 0.455078125 0.3658227848101266 0.013671875 0.017721518987341773
0 0.953125 0.7164556962025317 0.021484375 0.027848101265822784
0 0.181640625 0.1379746835443038 0.0166015625 0.03164556962025317