0 0.505859375 0.5609375 0.0048828125 0.009375
0 0.49609375 0.5375 0.0078125 0.0109375
0 0.5224609375 0.571875 0.005859375 0.0109375
0 0.5322265625 0.5828125 0.0068359375 0.0125
0 0.583984375 0.6828125 0.0029296875 0.0078125
0 0.587890625 0.684375 0.0029296875 0.009375
0 0.46875 0.5109375 0.005859375 0.015625
0 0.443359375 0.475 0.0068359375 0.01875
0 0.701171875 0.7609375 0.0048828125 0.0078125
0 0.7109375 0.759375 0.0048828125 0.009375
0 0.0732421875 0.3015625 0.017578125 0.0328125
0 0.095703125 0.25625 0.017578125 0.03125
0 0.1181640625 0.290625 0.015625 0.0328125
0 0.10546875 0.3203125 0.017578125 0.0328125
0 0.1494140625 0.278125 0.0166015625 0.0265625
0 0.171875 0.2953125 0.01171875 0.034375
0 0.197265625 0.3265625 0.01171875 0.0296875
0 0.033203125 0.24375 0.0224609375 0.03125
0 0.2314453125 0.3015625 0.0107421875 0.03125
0 0.31640625 0.365625 0.01171875 0.028125
0 0.275390625 0.3375 0.0107421875 0.0234375
0 0.2890625 0.334375 0.0107421875 0.025
0 0.333984375 0.4078125 0.009765625 0.0203125
0 0.35546875 0.396875 0.0087890625 0.021875
0 0.4111328125 0.453125 0.0107421875 0.01875
0 0.4248046875 0.4546875 0.0078125 0.015625
0 0.39453125 0.434375 0.01171875 0.0171875
0 0.43359375 0.5125 0.0087890625 0.0078125
0 0.45703125 0.4953125 0.0107421875 0.015625
0 0.5498046875 0.59375 0.005859375 0.0109375