0 0.8662109375 0.40175953079178883 0.033203125 0.05865102639296188
0 0.4794921875 0.36363636363636365 0.041015625 0.051319648093841645
0 0.25390625 0.36656891495601174 0.033203125 0.060117302052785926
0 0.72265625 0.06304985337243402 0.0224609375 0.03225806451612903
0 0.642578125 0.07331378299120235 0.0244140625 0.030791788856304986
0 0.89453125 0.010263929618768328 0.021484375 0.01466275659824047
0 0.36328125 0.09530791788856305 0.0224609375 0.03372434017595308
0 0.318359375 0.10703812316715543 0.0205078125 0.030791788856304986
0 0.2392578125 0.10263929618768329 0.0205078125 0.030791788856304986
0 0.1484375 0.1158357771260997 0.021484375 0.02932551319648094
0 0.06640625 0.10703812316715543 0.0234375 0.02932551319648094
0 0.421875 0.1187683284457478 0.0224609375 0.030791788856304986
0 0.5185546875 0.13049853372434017 0.0205078125 0.03372434017595308