0 0.8935546875 0.14630681818181818 0.0380859375 0.07244318181818182
0 0.8701171875 0.16477272727272727 0.02734375 0.04971590909090909
0 0.7548828125 0.05113636363636364 0.037109375 0.07528409090909091
0 0.697265625 0.03551136363636364 0.0322265625 0.04403409090909091
0 0.697265625 0.18181818181818182 0.033203125 0.08522727272727272
0 0.8095703125 0.265625 0.05078125 0.061079545454545456
0 0.6611328125 0.16761363636363635 0.0380859375 0.07244318181818182
0 0.60546875 0.046875 0.0302734375 0.052556818181818184
0 0.5400390625 0.23579545454545456 0.0390625 0.078125
0 0.5361328125 0.08664772727272728 0.0390625 0.0625
0 0.5283203125 0.029829545454545456 0.0322265625 0.04971590909090909
0 0.4775390625 0.109375 0.0361328125 0.05113636363636364
0 0.9755859375 0.10511363636363637 0.02734375 0.07386363636363637
0 0.2724609375 0.14772727272727273 0.0302734375 0.04403409090909091
0 0.283203125 0.2556818181818182 0.0302734375 0.056818181818181816
0 0.365234375 0.09659090909090909 0.037109375 0.05965909090909091
0 0.2529296875 0.03125 0.033203125 0.04403409090909091
0 0.228515625 0.11079545454545454 0.0341796875 0.0625
0 0.13671875 0.26136363636363635 0.03125 0.04403409090909091
0 0.18359375 0.23295454545454544 0.029296875 0.052556818181818184
0 0.1328125 0.09659090909090909 0.02734375 0.046875
0 0.1748046875 0.026988636363636364 0.0322265625 0.046875
0 0.0654296875 0.06960227272727272 0.0322265625 0.03977272727272727
0 0.048828125 0.18607954545454544 0.0390625 0.061079545454545456
0 0.3798828125 0.171875 0.0380859375 0.08238636363636363
0 0.4033203125 0.05539772727272727 0.03515625 0.06392045454545454
0 0.8486328125 0.04971590909090909 0.0302734375 0.045454545454545456