0 0.9072265625 0.3908701854493581 0.0244140625 0.04136947218259629
0 0.8349609375 0.39372325249643364 0.0224609375 0.037089871611982884
0 0.7724609375 0.4992867332382311 0.0234375 0.037089871611982884
0 0.7802734375 0.3908701854493581 0.0224609375 0.04136947218259629
0 0.728515625 0.3880171184022825 0.021484375 0.034236804564907276
0 0.6923828125 0.4864479315263909 0.0205078125 0.037089871611982884
0 0.6748046875 0.3651925820256776 0.021484375 0.0442225392296719
0 0.6201171875 0.3637660485021398 0.0234375 0.042796005706134094
0 0.6201171875 0.4950071326676177 0.025390625 0.04850213980028531
0 0.5673828125 0.37660485021398005 0.021484375 0.042796005706134094
0 0.533203125 0.48359486447931527 0.0205078125 0.047075606276747506
0 0.416015625 0.38088445078459343 0.0224609375 0.039942938659058486
0 0.4501953125 0.5007132667617689 0.0244140625 0.0442225392296719
0 0.3701171875 0.4964336661911555 0.0244140625 0.03851640513552068
0 0.27734375 0.38373751783166904 0.0224609375 0.0456490727532097
0 0.3466796875 0.37660485021398005 0.0205078125 0.03851640513552068
0 0.2109375 0.41797432239657634 0.025390625 0.037089871611982884
0 0.1591796875 0.39229671897289586 0.0234375 0.037089871611982884
0 0.0654296875 0.42082738944365194 0.0263671875 0.039942938659058486
0 0.4951171875 0.3666191155492154 0.01953125 0.03851640513552068