0 0.5576171875 0.37774524158125916 0.0419921875 0.08784773060029283
0 0.533203125 0.2518301610541728 0.0263671875 0.040995607613469986
0 0.6572265625 0.22108345534407028 0.0234375 0.03367496339677892
0 0.7578125 0.1698389458272328 0.03125 0.060029282576866766
0 0.5341796875 0.10395314787701318 0.0146484375 0.02342606149341142
0 0.5771484375 0.13323572474377746 0.0205078125 0.032210834553440704
0 0.57421875 0.08052708638360176 0.0166015625 0.021961932650073207
0 0.5947265625 0.05124450951683748 0.015625 0.029282576866764276
0 0.5107421875 0.04978038067349927 0.017578125 0.02635431918008785
0 0.4150390625 0.09663250366032211 0.0166015625 0.029282576866764276
0 0.408203125 0.14494875549048317 0.015625 0.027818448023426062
0 0.4580078125 0.19619326500732065 0.017578125 0.03074670571010249
0 0.4072265625 0.04978038067349927 0.013671875 0.02635431918008785
0 0.3623046875 0.0951683748169839 0.017578125 0.027818448023426062
0 0.3623046875 0.0527086383601757 0.0146484375 0.032210834553440704
0 0.3193359375 0.08638360175695461 0.0166015625 0.029282576866764276
0 0.275390625 0.03806734992679356 0.017578125 0.024890190336749635
0 0.3203125 0.048316251830161056 0.015625 0.02342606149341142
0 0.1689453125 0.1815519765739385 0.017578125 0.02635431918008785
0 0.17578125 0.232796486090776 0.0166015625 0.029282576866764276
0 0.130859375 0.12884333821376281 0.0185546875 0.036603221083455345
0 0.154296875 0.07759882869692533 0.015625 0.027818448023426062
0 0.1181640625 0.029282576866764276 0.0166015625 0.03513909224011713
0 0.099609375 0.08345534407027819 0.013671875 0.02342606149341142
0 0.080078125 0.12884333821376281 0.017578125 0.032210834553440704
0 0.037109375 0.12884333821376281 0.015625 0.024890190336749635
0 0.0458984375 0.09663250366032211 0.013671875 0.027818448023426062
0 0.060546875 0.043923865300146414 0.013671875 0.021961932650073207
0 0.0126953125 0.03806734992679356 0.0166015625 0.02635431918008785
0 0.060546875 0.24158125915080528 0.0166015625 0.029282576866764276
0 0.2001953125 0.13323572474377746 0.0146484375 0.027818448023426062
0 0.0078125 0.23865300146412885 0.0078125 0.03367496339677892
0 0.0654296875 0.18740849194729137 0.0126953125 0.021961932650073207
0 0.3427734375 0.14202049780380674 0.0166015625 0.027818448023426062
0 0.517578125 0.017569546120058566 0.01171875 0.021961932650073207
0 0.4189453125 0.013177159590043924 0.015625 0.021961932650073207
0 0.5546875 0.05417276720351391 0.015625 0.02635431918008785
0 0.5576171875 0.017569546120058566 0.017578125 0.024890190336749635
0 0.5986328125 0.14202049780380674 0.0146484375 0.02635431918008785
0 0.5048828125 0.0849194729136164 0.01953125 0.020497803806734993
0 0.8564453125 0.2005856515373353 0.0166015625 0.027818448023426062
0 0.2216796875 0.2445095168374817 0.044921875 0.07174231332357248
0 0.0830078125 0.23572474377745242 0.025390625 0.040995607613469986
0 0.9794921875 0.2240117130307467 0.0146484375 0.02635431918008785
0 0.931640625 0.22547584187408493 0.015625 0.02342606149341142
0 0.884765625 0.14202049780380674 0.015625 0.029282576866764276
0 0.904296875 0.14494875549048317 0.0166015625 0.024890190336749635
0 0.9365234375 0.1478770131771596 0.0166015625 0.02635431918008785
0 0.9462890625 0.10688140556368961 0.01171875 0.024890190336749635
0 0.9716796875 0.09663250366032211 0.009765625 0.024890190336749635
0 0.9560546875 0.14494875549048317 0.015625 0.024890190336749635
0 0.8876953125 0.05856515373352855 0.01171875 0.024890190336749635
0 0.8642578125 0.0849194729136164 0.0146484375 0.027818448023426062
0 0.822265625 0.14641288433382138 0.017578125 0.02635431918008785
0 0.8173828125 0.05856515373352855 0.015625 0.029282576866764276
0 0.931640625 0.06149341142020498 0.01171875 0.024890190336749635
0 0.9677734375 0.05856515373352855 0.013671875 0.021961932650073207
0 0.806640625 0.027818448023426062 0.0126953125 0.02342606149341142
0 0.8916015625 0.027818448023426062 0.01171875 0.021961932650073207
0 0.955078125 0.032210834553440704 0.0146484375 0.01903367496339678
0 0.9189453125 0.02635431918008785 0.015625 0.02635431918008785
0 0.9931640625 0.02342606149341142 0.01171875 0.021961932650073207
0 0.6630859375 0.14348462664714495 0.015625 0.03367496339677892
0 0.681640625 0.15519765739385066 0.0146484375 0.02635431918008785
0 0.705078125 0.14494875549048317 0.0146484375 0.029282576866764276
0 0.724609375 0.1595900439238653 0.0166015625 0.03367496339677892
0 0.6298828125 0.09956076134699854 0.015625 0.027818448023426062
0 0.6396484375 0.16251830161054173 0.0185546875 0.02342606149341142
0 0.513671875 0.15519765739385066 0.0185546875 0.03074670571010249
0 0.5048828125 0.11273792093704246 0.017578125 0.024890190336749635