0 0.787109375 0.3323727185398655 0.0302734375 0.03650336215177714
0 0.72265625 0.42363112391930835 0.03515625 0.07204610951008646
0 0.833984375 0.3016330451488953 0.0224609375 0.027857829010566763
0 0.8173828125 0.3266090297790586 0.0244140625 0.0345821325648415
0 0.8583984375 0.2920268972142171 0.01171875 0.01536983669548511
0 0.5244140625 0.2228626320845341 0.0625 0.08549471661863593
0 0.4326171875 0.23919308357348704 0.0390625 0.049951969260326606
0 0.4912109375 0.16810758885686838 0.0341796875 0.05475504322766571
0 0.447265625 0.27761767531219983 0.0322265625 0.06051873198847262
0 0.1650390625 0.17579250720461095 0.076171875 0.11623439000960614
0 0.3447265625 0.1844380403458213 0.0478515625 0.05187319884726225
0 0.435546875 0.15081652257444764 0.0107421875 0.01536983669548511
0 0.4287109375 0.13544668587896252 0.009765625 0.01440922190201729
0 0.435546875 0.1239193083573487 0.009765625 0.011527377521613832
0 0.416015625 0.1143131604226705 0.0107421875 0.01536983669548511
0 0.359375 0.10566762728146013 0.0107421875 0.010566762728146013
0 0.921875 0.38808837656099904 0.0234375 0.029779058597502402
0 0.7568359375 0.31316042267050914 0.0185546875 0.029779058597502402
0 0.0576171875 0.01440922190201729 0.0166015625 0.01729106628242075
0 0.3720703125 0.24687800192122958 0.060546875 0.07300672430355427
0 0.4638671875 0.12584053794428435 0.0087890625 0.012487992315081652
0 0.251953125 0.12103746397694524 0.0126953125 0.025936599423631124