0 0.92578125 0.2375366568914956 0.0322265625 0.05865102639296188
0 0.818359375 0.21700879765395895 0.03125 0.05278592375366569
0 0.6630859375 0.1217008797653959 0.0283203125 0.0747800586510264
0 0.6376953125 0.16422287390029325 0.0380859375 0.06451612903225806
0 0.544921875 0.14076246334310852 0.0390625 0.08504398826979472
0 0.7880859375 0.4750733137829912 0.0537109375 0.10410557184750734
0 0.5048828125 0.5161290322580645 0.0517578125 0.10997067448680352
0 0.384765625 0.13196480938416422 0.0546875 0.09970674486803519
0 0.408203125 0.15395894428152493 0.025390625 0.05865102639296188
0 0.14453125 0.15835777126099707 0.0322265625 0.0689149560117302
0 0.1083984375 0.01906158357771261 0.025390625 0.03372434017595308
0 0.0478515625 0.09530791788856305 0.025390625 0.039589442815249266
0 0.0634765625 0.16862170087976538 0.0244140625 0.05865102639296188
0 0.0751953125 0.5703812316715543 0.0322265625 0.10557184750733138