0 0.7802734375 0.36257309941520466 0.0419921875 0.06286549707602339
0 0.705078125 0.2777777777777778 0.0478515625 0.08625730994152046
0 0.6142578125 0.2412280701754386 0.041015625 0.07163742690058479
0 0.5146484375 0.2236842105263158 0.0361328125 0.0804093567251462
0 0.400390625 0.3830409356725146 0.0419921875 0.06725146198830409
0 0.3193359375 0.38742690058479534 0.046875 0.09210526315789473
0 0.3203125 0.1739766081871345 0.017578125 0.033625730994152045
0 0.4775390625 0.1783625730994152 0.0244140625 0.03654970760233918
0 0.8681640625 0.2777777777777778 0.0234375 0.04824561403508772
0 0.810546875 0.19883040935672514 0.0283203125 0.054093567251461985
0 0.83984375 0.1608187134502924 0.01953125 0.02631578947368421
0 0.751953125 0.16812865497076024 0.01953125 0.029239766081871343
0 0.7509765625 0.24853801169590642 0.0185546875 0.05555555555555555
0 0.94921875 0.21198830409356725 0.0341796875 0.049707602339181284
0 0.9931640625 0.16228070175438597 0.0087890625 0.03070175438596491
0 0.9375 0.10526315789473684 0.01171875 0.021929824561403508
0 0.9716796875 0.08187134502923976 0.009765625 0.02046783625730994
0 0.935546875 0.07602339181286549 0.0087890625 0.017543859649122806
0 0.798828125 0.13742690058479531 0.0146484375 0.024853801169590642
0 0.833984375 0.10087719298245613 0.0078125 0.019005847953216373
0 0.8828125 0.11842105263157894 0.009765625 0.019005847953216373
0 0.8857421875 0.097953216374269 0.0087890625 0.011695906432748537
0 0.75390625 0.11988304093567251 0.01171875 0.019005847953216373
0 0.759765625 0.1023391812865497 0.0107421875 0.023391812865497075
0 0.7705078125 0.0935672514619883 0.0087890625 0.013157894736842105
0 0.73828125 0.11257309941520467 0.0078125 0.014619883040935672
0 0.7080078125 0.10380116959064327 0.0078125 0.01608187134502924
0 0.67578125 0.1154970760233918 0.0166015625 0.02631578947368421
0 0.654296875 0.10087719298245613 0.009765625 0.017543859649122806
0 0.6435546875 0.09941520467836257 0.0068359375 0.02046783625730994
0 0.373046875 0.14181286549707603 0.01953125 0.03654970760233918
0 0.392578125 0.12280701754385964 0.013671875 0.02631578947368421
0 0.4052734375 0.14327485380116958 0.0166015625 0.029239766081871343
0 0.4580078125 0.1695906432748538 0.0146484375 0.029239766081871343
0 0.505859375 0.09941520467836257 0.0078125 0.011695906432748537
0 0.4111328125 0.10964912280701754 0.01171875 0.019005847953216373
0 0.375 0.09649122807017543 0.0107421875 0.01608187134502924
0 0.345703125 0.10526315789473684 0.01171875 0.021929824561403508
0 0.24609375 0.1067251461988304 0.009765625 0.017543859649122806
0 0.21484375 0.17251461988304093 0.0126953125 0.03216374269005848
0 0.1669921875 0.2134502923976608 0.02734375 0.049707602339181284
0 0.13671875 0.2222222222222222 0.037109375 0.06286549707602339
0 0.08203125 0.24415204678362573 0.0322265625 0.04824561403508772
0 0.0595703125 0.17543859649122806 0.015625 0.033625730994152045
0 0.0361328125 0.12719298245614036 0.0068359375 0.021929824561403508
0 0.0966796875 0.10818713450292397 0.0068359375 0.014619883040935672
0 0.14453125 0.10380116959064327 0.009765625 0.017543859649122806
0 0.154296875 0.1154970760233918 0.0078125 0.019005847953216373
0 0.4326171875 0.11988304093567251 0.013671875 0.02631578947368421
0 0.6171875 0.09649122807017543 0.0087890625 0.017543859649122806
0 0.626953125 0.10087719298245613 0.0078125 0.014619883040935672
0 0.689453125 0.09941520467836257 0.0087890625 0.02046783625730994
0 0.74609375 0.0847953216374269 0.0078125 0.014619883040935672