0 0.837890625 0.4055636896046852 0.0419921875 0.07906295754026355
0 0.8046875 0.3089311859443631 0.037109375 0.07174231332357248
0 0.83984375 0.1683748169838946 0.0361328125 0.0746705710102489
0 0.7451171875 0.3806734992679356 0.041015625 0.08931185944363104
0 0.65234375 0.3074670571010249 0.041015625 0.0629575402635432
0 0.615234375 0.40263543191800877 0.04296875 0.07759882869692533
0 0.56640625 0.26061493411420206 0.044921875 0.07759882869692533
0 0.8720703125 0.1376281112737921 0.015625 0.03513909224011713
0 0.9912109375 0.12884333821376281 0.017578125 0.04685212298682284
0 0.7333984375 0.17276720351390923 0.0361328125 0.06881405563689605
0 0.603515625 0.09077598828696926 0.0380859375 0.07759882869692533
0 0.4970703125 0.37920937042459735 0.0390625 0.08345534407027819
0 0.455078125 0.404099560761347 0.0419921875 0.07613469985358712
0 0.4189453125 0.2972181551976574 0.0400390625 0.07320644216691069
0 0.3525390625 0.3308931185944363 0.044921875 0.08052708638360176
0 0.3203125 0.2240117130307467 0.0390625 0.07027818448023426
0 0.27734375 0.383601756954612 0.04296875 0.08345534407027819
0 0.2587890625 0.28550512445095166 0.041015625 0.08052708638360176
0 0.380859375 0.08199121522693997 0.044921875 0.09077598828696926
0 0.1552734375 0.26061493411420206 0.03515625 0.07320644216691069
0 0.1181640625 0.30453879941434847 0.0419921875 0.06588579795021962
0 0.07421875 0.3953147877013177 0.052734375 0.09956076134699854
0 0.1044921875 0.4158125915080527 0.037109375 0.08784773060029283
0 0.140625 0.3601756954612006 0.0439453125 0.07174231332357248
0 0.3505859375 0.6222547584187409 0.04296875 0.08052708638360176