0 0.8583984375 0.6036585365853658 0.0302734375 0.045121951219512194
0 0.7490234375 0.6036585365853658 0.02734375 0.042682926829268296
0 0.634765625 0.6073170731707317 0.029296875 0.03170731707317073
0 0.53125 0.6682926829268293 0.03515625 0.05731707317073171
0 0.4365234375 0.6414634146341464 0.0302734375 0.04390243902439024
0 0.353515625 0.6487804878048781 0.03125 0.0475609756097561
0 0.26171875 0.6536585365853659 0.03125 0.05121951219512195
0 0.912109375 0.47317073170731705 0.02734375 0.04390243902439024
0 0.8125 0.4695121951219512 0.02734375 0.046341463414634146
0 0.7236328125 0.4585365853658537 0.02734375 0.0475609756097561
0 0.626953125 0.4695121951219512 0.0263671875 0.03780487804878049
0 0.5283203125 0.45975609756097563 0.0263671875 0.04878048780487805
0 0.412109375 0.4695121951219512 0.02734375 0.041463414634146344
0 0.3154296875 0.46463414634146344 0.02734375 0.041463414634146344
0 0.25 0.474390243902439 0.02734375 0.04024390243902439
0 0.16796875 0.4560975609756098 0.0283203125 0.046341463414634146
0 0.0859375 0.4719512195121951 0.03125 0.05121951219512195