0 0.7138671875 0.22265625 0.0703125 0.09114583333333333
0 0.3544921875 0.1796875 0.060546875 0.0859375
0 0.8291015625 0.08854166666666667 0.01953125 0.036458333333333336
0 0.88671875 0.078125 0.0234375 0.029947916666666668
0 0.890625 0.037760416666666664 0.0244140625 0.037760416666666664
0 0.9716796875 0.07552083333333333 0.0224609375 0.046875
0 0.9580078125 0.045572916666666664 0.01953125 0.032552083333333336
0 0.7626953125 0.06380208333333333 0.0244140625 0.0390625
0 0.6923828125 0.048177083333333336 0.0263671875 0.037760416666666664
0 0.61328125 0.06901041666666667 0.021484375 0.0390625
0 0.701171875 0.016927083333333332 0.0234375 0.024739583333333332
0 0.75 0.01171875 0.0244140625 0.0234375
0 0.46484375 0.12109375 0.0234375 0.041666666666666664
0 0.53125 0.1171875 0.0224609375 0.037760416666666664
0 0.541015625 0.055989583333333336 0.0234375 0.029947916666666668
0 0.4365234375 0.07161458333333333 0.025390625 0.029947916666666668
0 0.3994140625 0.037760416666666664 0.0234375 0.036458333333333336
0 0.28515625 0.109375 0.0205078125 0.036458333333333336
0 0.02734375 0.044270833333333336 0.0185546875 0.046875
0 0.8427734375 0.010416666666666666 0.0224609375 0.016927083333333332
0 0.9296875 0.009114583333333334 0.0234375 0.016927083333333332
0 0.009765625 0.08984375 0.0166015625 0.045572916666666664
0 0.7421875 0.061197916666666664 0.015625 0.03515625
0 0.623046875 0.014322916666666666 0.0224609375 0.024739583333333332