0 0.9033203125 0.1439509954058193 0.046875 0.08575803981623277
0 0.8056640625 0.14241960183767227 0.0419921875 0.08422664624808576
0 0.7060546875 0.10413476263399694 0.0419921875 0.08269525267993874
0 0.6875 0.35068912710566613 0.04296875 0.09647779479326186
0 0.5986328125 0.0903522205206738 0.0390625 0.0888208269525268
0 0.580078125 0.35068912710566613 0.0419921875 0.08116385911179173
0 0.458984375 0.22817764165390506 0.041015625 0.08269525267993874
0 0.4765625 0.07503828483920368 0.0380859375 0.08269525267993874
0 0.4169921875 0.3568147013782542 0.048828125 0.0995405819295559
0 0.306640625 0.3552833078101072 0.0439453125 0.09647779479326186
0 0.2802734375 0.10260336906584992 0.0419921875 0.09341500765696784
0 0.3671875 0.09188361408882083 0.0390625 0.08269525267993874
0 0.2119140625 0.3614088820826952 0.044921875 0.10413476263399694
0 0.1611328125 0.12098009188361408 0.041015625 0.07963246554364471
0 0.1083984375 0.13935681470137826 0.041015625 0.07963246554364471