0 0.6513671875 0.6744868035190615 0.041015625 0.06598240469208211
0 0.6923828125 0.5601173020527859 0.0380859375 0.060117302052785926
0 0.6396484375 0.45894428152492667 0.033203125 0.060117302052785926
0 0.595703125 0.5733137829912024 0.0341796875 0.051319648093841645
0 0.517578125 0.4912023460410557 0.0322265625 0.06451612903225806
0 0.51171875 0.6173020527859238 0.0341796875 0.06744868035190615
0 0.4599609375 0.6744868035190615 0.033203125 0.06158357771260997
0 0.412109375 0.6642228739002932 0.0380859375 0.06744868035190615
0 0.4345703125 0.4706744868035191 0.029296875 0.0469208211143695
0 0.2958984375 0.24780058651026393 0.02734375 0.0469208211143695
0 0.3115234375 0.3284457478005865 0.0322265625 0.05865102639296188
0 0.3515625 0.28152492668621704 0.0302734375 0.05278592375366569
0 0.4169921875 0.29178885630498536 0.033203125 0.05571847507331378
0 0.4853515625 0.3064516129032258 0.0322265625 0.05278592375366569
0 0.5791015625 0.28005865102639294 0.029296875 0.05865102639296188
0 0.560546875 0.24486803519061584 0.01953125 0.03372434017595308
0 0.53515625 0.3035190615835777 0.0185546875 0.03225806451612903
0 0.529296875 0.24486803519061584 0.017578125 0.039589442815249266
0 0.384765625 0.22434017595307917 0.0205078125 0.03812316715542522
0 0.671875 0.25806451612903225 0.017578125 0.03372434017595308
0 0.6953125 0.23607038123167157 0.0146484375 0.030791788856304986
0 0.71875 0.26392961876832843 0.0107421875 0.036656891495601175
0 0.2451171875 0.2961876832844575 0.0283203125 0.05865102639296188
0 0.1767578125 0.3181818181818182 0.029296875 0.05278592375366569
0 0.1533203125 0.29765395894428154 0.033203125 0.06158357771260997
0 0.7578125 0.20381231671554254 0.0224609375 0.03225806451612903
0 0.8037109375 0.07038123167155426 0.0185546875 0.02785923753665689
0 0.8623046875 0.11143695014662756 0.0126953125 0.02932551319648094
0 0.931640625 0.1187683284457478 0.013671875 0.020527859237536656
0 0.9765625 0.13343108504398826 0.0166015625 0.026392961876832845
0 0.982421875 0.18035190615835778 0.01953125 0.03225806451612903
0 0.9375 0.20087976539589442 0.0166015625 0.021994134897360705
0 0.9345703125 0.26832844574780057 0.0146484375 0.03372434017595308
0 0.8681640625 0.2932551319648094 0.0166015625 0.02932551319648094
0 0.9755859375 0.06158357771260997 0.0146484375 0.02346041055718475
0 0.6708984375 0.1774193548387097 0.0166015625 0.036656891495601175
0 0.6171875 0.15102639296187684 0.015625 0.02932551319648094
0 0.564453125 0.16129032258064516 0.01953125 0.03225806451612903
0 0.5576171875 0.13049853372434017 0.0146484375 0.02346041055718475
0 0.451171875 0.19208211143695014 0.0185546875 0.03225806451612903
0 0.443359375 0.12756598240469208 0.0166015625 0.02932551319648094
0 0.36328125 0.10263929618768329 0.017578125 0.030791788856304986
0 0.291015625 0.13343108504398826 0.017578125 0.03225806451612903
0 0.248046875 0.11730205278592376 0.0146484375 0.02932551319648094
0 0.2373046875 0.1348973607038123 0.013671875 0.026392961876832845
0 0.2021484375 0.20967741935483872 0.017578125 0.03372434017595308
0 0.2568359375 0.3313782991202346 0.0234375 0.04985337243401759
0 0.498046875 0.21994134897360704 0.01953125 0.03225806451612903
0 0.1728515625 0.1187683284457478 0.0166015625 0.03372434017595308
0 0.03125 0.3782991202346041 0.01953125 0.036656891495601175
0 0.041015625 0.41642228739002934 0.017578125 0.03519061583577713
0 0.0322265625 0.436950146627566 0.0185546875 0.039589442815249266