0 0.94921875 0.3727810650887574 0.015625 0.02485207100591716
0 0.9443359375 0.4236686390532544 0.0146484375 0.022485207100591716
0 0.8701171875 0.4236686390532544 0.0146484375 0.02485207100591716
0 0.892578125 0.3715976331360947 0.0146484375 0.02485207100591716
0 0.84375 0.36449704142011835 0.0146484375 0.021301775147928994
0 0.814453125 0.3337278106508876 0.013671875 0.01893491124260355
0 0.787109375 0.35502958579881655 0.013671875 0.021301775147928994
0 0.7490234375 0.32662721893491126 0.015625 0.023668639053254437
0 0.7236328125 0.3526627218934911 0.013671875 0.021301775147928994
0 0.7529296875 0.4307692307692308 0.0126953125 0.021301775147928994
0 0.810546875 0.42485207100591715 0.015625 0.023668639053254437
0 0.6982421875 0.4260355029585799 0.013671875 0.02603550295857988
0 0.6845703125 0.31952662721893493 0.0126953125 0.022485207100591716
0 0.6611328125 0.34911242603550297 0.0126953125 0.023668639053254437
0 0.6220703125 0.31242603550295855 0.0146484375 0.021301775147928994
0 0.64453125 0.4165680473372781 0.013671875 0.022485207100591716
0 0.5966796875 0.3455621301775148 0.0126953125 0.022485207100591716
0 0.595703125 0.42248520710059173 0.013671875 0.021301775147928994
0 0.5615234375 0.31242603550295855 0.0126953125 0.020118343195266272
0 0.5 0.4260355029585799 0.0126953125 0.022485207100591716
0 0.5498046875 0.4284023668639053 0.013671875 0.022485207100591716
0 0.5361328125 0.3467455621301775 0.013671875 0.021301775147928994
0 0.505859375 0.30650887573964497 0.0146484375 0.021301775147928994
0 0.4453125 0.3088757396449704 0.0146484375 0.020118343195266272
0 0.4697265625 0.3455621301775148 0.0126953125 0.022485207100591716
0 0.40625 0.3455621301775148 0.0126953125 0.01775147928994083
0 0.4482421875 0.4331360946745562 0.0146484375 0.023668639053254437
0 0.396484375 0.421301775147929 0.0146484375 0.023668639053254437
0 0.341796875 0.42248520710059173 0.013671875 0.020118343195266272
0 0.353515625 0.3479289940828402 0.013671875 0.022485207100591716
0 0.3369140625 0.31479289940828403 0.013671875 0.021301775147928994
0 0.3818359375 0.31005917159763313 0.015625 0.021301775147928994
0 0.283203125 0.31952662721893493 0.0146484375 0.022485207100591716
0 0.298828125 0.3502958579881657 0.0146484375 0.021301775147928994
0 0.287109375 0.4272189349112426 0.0146484375 0.022485207100591716
0 0.244140625 0.35976331360946745 0.0126953125 0.01893491124260355
0 0.23828125 0.3230769230769231 0.0146484375 0.020118343195266272
0 0.2353515625 0.4307692307692308 0.0146484375 0.021301775147928994
0 0.18359375 0.4260355029585799 0.013671875 0.020118343195266272
0 0.1962890625 0.36923076923076925 0.0146484375 0.023668639053254437
0 0.201171875 0.3230769230769231 0.0126953125 0.021301775147928994
0 0.1484375 0.3727810650887574 0.0146484375 0.021301775147928994
0 0.126953125 0.4165680473372781 0.015625 0.023668639053254437
0 0.0595703125 0.4165680473372781 0.013671875 0.022485207100591716