0 0.5 0.17551020408163265 0.06640625 0.09387755102040816
0 0.4404296875 0.05170068027210884 0.0341796875 0.0380952380952381
0 0.3955078125 0.05442176870748299 0.0224609375 0.029931972789115645
0 0.236328125 0.053061224489795916 0.0234375 0.04353741496598639
0 0.1591796875 0.08707482993197278 0.0419921875 0.07346938775510205
0 0.666015625 0.1360544217687075 0.021484375 0.0380952380952381
0 0.71484375 0.1346938775510204 0.0224609375 0.03537414965986395
0 0.7919921875 0.15510204081632653 0.01953125 0.02857142857142857
0 0.8369140625 0.1292517006802721 0.0166015625 0.03537414965986395
0 0.6435546875 0.04081632653061224 0.025390625 0.0326530612244898
0 0.591796875 0.08299319727891157 0.0205078125 0.024489795918367346