0 0.8427734375 0.33414634146341465 0.01953125 0.032926829268292684
0 0.876953125 0.28536585365853656 0.01953125 0.03170731707317073
0 0.9013671875 0.3548780487804878 0.017578125 0.02804878048780488
0 0.91796875 0.42317073170731706 0.01953125 0.03170731707317073
0 0.8310546875 0.42804878048780487 0.017578125 0.03048780487804878
0 0.7783203125 0.3329268292682927 0.01953125 0.03048780487804878
0 0.744140625 0.2841463414634146 0.0166015625 0.024390243902439025
0 0.7451171875 0.42804878048780487 0.01953125 0.03048780487804878
0 0.701171875 0.3378048780487805 0.017578125 0.02804878048780488
0 0.658203125 0.4268292682926829 0.0185546875 0.03780487804878049
0 0.58203125 0.4292682926829268 0.0185546875 0.03170731707317073
0 0.6220703125 0.33658536585365856 0.017578125 0.026829268292682926
0 0.55078125 0.33658536585365856 0.017578125 0.03048780487804878
0 0.6787109375 0.27195121951219514 0.0185546875 0.03170731707317073
0 0.6025390625 0.275609756097561 0.017578125 0.03048780487804878
0 0.52734375 0.27682926829268295 0.017578125 0.02926829268292683
0 0.451171875 0.2804878048780488 0.0166015625 0.024390243902439025
0 0.4775390625 0.3304878048780488 0.0166015625 0.02926829268292683
0 0.400390625 0.33658536585365856 0.0166015625 0.025609756097560974
0 0.3779296875 0.2841463414634146 0.017578125 0.02804878048780488
0 0.3251953125 0.34146341463414637 0.0185546875 0.025609756097560974
0 0.30859375 0.28536585365853656 0.017578125 0.025609756097560974
0 0.2529296875 0.34146341463414637 0.017578125 0.025609756097560974
0 0.2353515625 0.2804878048780488 0.017578125 0.03048780487804878
0 0.1689453125 0.29024390243902437 0.0166015625 0.026829268292682926
0 0.17578125 0.35 0.01953125 0.02926829268292683
0 0.1767578125 0.4304878048780488 0.0185546875 0.03170731707317073
0 0.265625 0.42804878048780487 0.017578125 0.03048780487804878
0 0.33984375 0.4304878048780488 0.0205078125 0.03414634146341464
0 0.421875 0.41829268292682925 0.0185546875 0.032926829268292684
0 0.5087890625 0.4378048780487805 0.0205078125 0.03170731707317073
0 0.091796875 0.42073170731707316 0.017578125 0.02804878048780488
0 0.1259765625 0.3524390243902439 0.0205078125 0.03048780487804878
0 0.0712890625 0.3463414634146341 0.0185546875 0.02804878048780488
0 0.8134765625 0.2841463414634146 0.01953125 0.024390243902439025