0 0.884765625 0.13177159590043924 0.0244140625 0.0424597364568082
0 0.95703125 0.1259150805270864 0.0322265625 0.05710102489019034
0 0.9912109375 0.08052708638360176 0.0166015625 0.040995607613469986
0 0.9658203125 0.28111273792093705 0.0283203125 0.055636896046852125
0 0.9404296875 0.2108345534407028 0.025390625 0.055636896046852125
0 0.88671875 0.2635431918008785 0.02734375 0.055636896046852125
0 0.8447265625 0.1800878477306003 0.03125 0.07027818448023426
0 0.845703125 0.07027818448023426 0.0263671875 0.04538799414348463
0 0.7880859375 0.11127379209370425 0.02734375 0.048316251830161056
0 0.7607421875 0.060029282576866766 0.0244140625 0.04685212298682284
0 0.73046875 0.14055636896046853 0.02734375 0.060029282576866766
0 0.70703125 0.09224011713030747 0.029296875 0.04978038067349927
0 0.6640625 0.2547584187408492 0.0263671875 0.036603221083455345
0 0.7197265625 0.31478770131771594 0.0361328125 0.06588579795021962
0 0.7841796875 0.22693997071742314 0.025390625 0.03513909224011713
0 0.62890625 0.13616398243045388 0.03125 0.04538799414348463
0 0.5322265625 0.29282576866764276 0.0302734375 0.060029282576866766
0 0.572265625 0.2225475841874085 0.029296875 0.040995607613469986
0 0.4658203125 0.2972181551976574 0.05078125 0.08931185944363104
0 0.2275390625 0.31478770131771594 0.0419921875 0.07174231332357248
0 0.271484375 0.20790629575402636 0.0244140625 0.048316251830161056
0 0.1953125 0.2020497803806735 0.0244140625 0.04538799414348463
0 0.3994140625 0.1259150805270864 0.025390625 0.0527086383601757
0 0.0078125 0.0629575402635432 0.0166015625 0.055636896046852125