0 0.9208984375 0.17398119122257052 0.0224609375 0.047021943573667714
0 0.8896484375 0.05329153605015674 0.01953125 0.03918495297805643
0 0.951171875 0.045454545454545456 0.0185546875 0.029780564263322883
0 0.9482421875 0.24921630094043887 0.0224609375 0.047021943573667714
0 0.8330078125 0.23824451410658307 0.033203125 0.05799373040752351
0 0.7880859375 0.18181818181818182 0.021484375 0.050156739811912224
0 0.421875 0.13479623824451412 0.03515625 0.06896551724137931
0 0.5546875 0.23197492163009403 0.0390625 0.07053291536050156
0 0.171875 0.17084639498432602 0.02734375 0.047021943573667714
0 0.1611328125 0.2601880877742947 0.025390625 0.048589341692789965
0 0.5625 0.014106583072100314 0.01953125 0.025078369905956112
0 0.443359375 0.012539184952978056 0.0185546875 0.018808777429467086
0 0.623046875 0.009404388714733543 0.01953125 0.017241379310344827