0 0.0126953125 0.9425837320574163 0.0205078125 0.03189792663476874
0 0.15234375 0.9473684210526315 0.0185546875 0.044657097288676235
0 0.296875 0.7192982456140351 0.017578125 0.023923444976076555
0 0.33984375 0.6586921850079744 0.0146484375 0.023923444976076555
0 0.37890625 0.7033492822966507 0.017578125 0.025518341307814992
0 0.3857421875 0.6220095693779905 0.0166015625 0.025518341307814992
0 0.34765625 0.5869218500797448 0.0146484375 0.02711323763955343
0 0.404296875 0.594896331738437 0.01171875 0.025518341307814992
0 0.447265625 0.6507177033492823 0.0166015625 0.03189792663476874
0 0.4814453125 0.6889952153110048 0.015625 0.03189792663476874
0 0.5166015625 0.6953748006379585 0.015625 0.023923444976076555
0 0.5732421875 0.6889952153110048 0.017578125 0.030303030303030304
0 0.595703125 0.6602870813397129 0.017578125 0.03668261562998405
0 0.435546875 0.5055821371610846 0.0126953125 0.023923444976076555
0 0.40234375 0.5406698564593302 0.013671875 0.02073365231259968
0 0.4677734375 0.5374800637958532 0.0126953125 0.025518341307814992
0 0.29296875 0.37161084529505584 0.0107421875 0.02073365231259968
0 0.3037109375 0.37320574162679426 0.0087890625 0.017543859649122806
0 0.3857421875 0.3652312599681021 0.009765625 0.019138755980861243
0 0.0908203125 0.2743221690590112 0.01171875 0.019138755980861243
0 0.2529296875 0.291866028708134 0.009765625 0.022328548644338118
0 0.173828125 0.16427432216905902 0.005859375 0.012759170653907496
0 0.1787109375 0.16586921850079744 0.0048828125 0.009569377990430622
0 0.6748046875 0.43381180223285487 0.01171875 0.019138755980861243
0 0.62109375 0.4433811802232855 0.009765625 0.019138755980861243
0 0.6259765625 0.31738437001594894 0.009765625 0.02073365231259968
0 0.474609375 0.31100478468899523 0.0107421875 0.01594896331738437
0 0.658203125 0.32057416267942584 0.0107421875 0.017543859649122806
0 0.6884765625 0.15789473684210525 0.0068359375 0.012759170653907496
0 0.62890625 0.1674641148325359 0.0068359375 0.011164274322169059
0 0.7861328125 0.4864433811802233 0.01171875 0.02073365231259968
0 0.728515625 0.3652312599681021 0.0107421875 0.01594896331738437
0 0.9072265625 0.4481658692185008 0.01171875 0.017543859649122806
0 0.8974609375 0.44019138755980863 0.009765625 0.019138755980861243
0 0.9619140625 0.2966507177033493 0.0087890625 0.01594896331738437
0 0.869140625 0.13237639553429026 0.005859375 0.014354066985645933
0 0.8505859375 0.09888357256778309 0.0068359375 0.012759170653907496
0 0.8798828125 0.15789473684210525 0.0078125 0.011164274322169059
0 0.6298828125 0.2631578947368421 0.0107421875 0.01594896331738437
0 0.23046875 0.7129186602870813 0.0166015625 0.03349282296650718