0 0.533203125 0.2838196286472148 0.015625 0.03050397877984085
0 0.4912109375 0.29310344827586204 0.01171875 0.014588859416445624
0 0.4736328125 0.34615384615384615 0.0126953125 0.022546419098143235
0 0.484375 0.41909814323607425 0.0224609375 0.04111405835543767
0 0.453125 0.26525198938992045 0.015625 0.03050397877984085
0 0.421875 0.3010610079575597 0.0078125 0.015915119363395226
0 0.3466796875 0.27851458885941643 0.0107421875 0.014588859416445624
0 0.3466796875 0.4376657824933687 0.01953125 0.04111405835543767
0 0.134765625 0.26657824933687 0.0087890625 0.017241379310344827
0 0.2568359375 0.27718832891246686 0.005859375 0.009283819628647215
0 0.2734375 0.28514588859416445 0.00390625 0.007957559681697613
0 0.74609375 0.3169761273209549 0.0068359375 0.011936339522546418
0 0.720703125 0.3169761273209549 0.0068359375 0.009283819628647215
0 0.6279296875 0.3328912466843501 0.005859375 0.010610079575596816
0 0.60546875 0.3302387267904509 0.0048828125 0.010610079575596816
0 0.876953125 0.3687002652519894 0.013671875 0.011936339522546418
0 0.0830078125 0.2612732095490716 0.0048828125 0.014588859416445624
0 0.1474609375 0.3010610079575597 0.0048828125 0.009283819628647215