0 0.02734375 0.4153645833333333 0.0126953125 0.018229166666666668
0 0.0947265625 0.41015625 0.009765625 0.014322916666666666
0 0.1044921875 0.40625 0.009765625 0.01953125
0 0.0830078125 0.37890625 0.009765625 0.016927083333333332
0 0.1259765625 0.4283854166666667 0.0068359375 0.014322916666666666
0 0.140625 0.41796875 0.0087890625 0.018229166666666668
0 0.1533203125 0.4231770833333333 0.0068359375 0.01953125
0 0.1318359375 0.4192708333333333 0.0087890625 0.015625
0 0.1650390625 0.3854166666666667 0.0078125 0.018229166666666668
0 0.1962890625 0.4244791666666667 0.009765625 0.01953125
0 0.2158203125 0.4596354166666667 0.009765625 0.020833333333333332
0 0.0869140625 0.3658854166666667 0.0087890625 0.01171875
0 0.2041015625 0.3919270833333333 0.005859375 0.014322916666666666
0 0.2099609375 0.38671875 0.0087890625 0.01953125
0 0.2177734375 0.4036458333333333 0.005859375 0.016927083333333332
0 0.2353515625 0.4140625 0.0107421875 0.016927083333333332
0 0.3876953125 0.4440104166666667 0.0234375 0.033854166666666664
0 0.33984375 0.3932291666666667 0.009765625 0.024739583333333332
0 0.279296875 0.4036458333333333 0.01171875 0.0234375
0 0.5068359375 0.4817708333333333 0.0224609375 0.03125
0 0.38671875 0.39453125 0.0087890625 0.013020833333333334
0 0.4072265625 0.3919270833333333 0.0048828125 0.015625
0 0.55859375 0.375 0.0234375 0.036458333333333336
0 0.7060546875 0.4153645833333333 0.009765625 0.015625
0 0.6337890625 0.36328125 0.0087890625 0.026041666666666668
0 0.7666015625 0.3697916666666667 0.0068359375 0.013020833333333334
0 0.7880859375 0.3919270833333333 0.0078125 0.013020833333333334
0 0.8173828125 0.40625 0.0078125 0.013020833333333334
0 0.978515625 0.4114583333333333 0.0078125 0.010416666666666666
0 0.98828125 0.4049479166666667 0.0078125 0.015625
0 0.6953125 0.4049479166666667 0.0078125 0.009114583333333334
0 0.06640625 0.4049479166666667 0.0078125 0.014322916666666666
0 0.0419921875 0.4049479166666667 0.005859375 0.01171875
0 0.2255859375 0.4322916666666667 0.0107421875 0.01953125