0 0.2744140625 0.25212121212121213 0.0146484375 0.03151515151515152
0 0.2978515625 0.24242424242424243 0.015625 0.019393939393939394
0 0.3203125 0.23393939393939395 0.021484375 0.027878787878787878
0 0.3486328125 0.2290909090909091 0.02734375 0.04
0 0.40234375 0.23272727272727273 0.0234375 0.030303030303030304
0 0.3740234375 0.2387878787878788 0.015625 0.02666666666666667
0 0.42578125 0.2509090909090909 0.0263671875 0.04
0 0.494140625 0.2690909090909091 0.0234375 0.02666666666666667
0 0.470703125 0.24 0.0146484375 0.020606060606060607
0 0.486328125 0.24 0.01953125 0.02303030303030303
0 0.529296875 0.2315151515151515 0.01953125 0.02666666666666667
0 0.6298828125 0.22787878787878788 0.0166015625 0.027878787878787878
0 0.66796875 0.24363636363636362 0.015625 0.024242424242424242