0 0.7734375 0.18859649122807018 0.0205078125 0.03508771929824561
0 0.6826171875 0.195906432748538 0.01953125 0.03654970760233918
0 0.37109375 0.15058479532163743 0.0185546875 0.033625730994152045
0 0.3349609375 0.17543859649122806 0.015625 0.027777777777777776
0 0.2666015625 0.18128654970760233 0.015625 0.03070175438596491
0 0.234375 0.20029239766081872 0.0166015625 0.033625730994152045
0 0.2236328125 0.1608187134502924 0.0146484375 0.024853801169590642
0 0.1123046875 0.20175438596491227 0.0166015625 0.029239766081871343
0 0.0576171875 0.1301169590643275 0.0166015625 0.03216374269005848
0 0.017578125 0.3815789473684211 0.017578125 0.03508771929824561
0 0.861328125 0.23684210526315788 0.0166015625 0.03508771929824561