0 0.0654296875 0.41015625 0.0107421875 0.01953125
0 0.2734375 0.41796875 0.0087890625 0.013020833333333334
0 0.220703125 0.37890625 0.0068359375 0.010416666666666666
0 0.8291015625 0.3997395833333333 0.005859375 0.01171875
0 0.1630859375 0.15625 0.0234375 0.033854166666666664
0 0.4951171875 0.12890625 0.025390625 0.04296875
0 0.5693359375 0.4140625 0.009765625 0.016927083333333332
0 0.5908203125 0.39453125 0.0087890625 0.014322916666666666
0 0.568359375 0.3763020833333333 0.0068359375 0.01171875
0 0.6240234375 0.390625 0.0087890625 0.015625
0 0.771484375 0.4244791666666667 0.0087890625 0.014322916666666666
0 0.8173828125 0.4153645833333333 0.01171875 0.018229166666666668
0 0.7529296875 0.4010416666666667 0.009765625 0.014322916666666666
0 0.7763671875 0.4010416666666667 0.0087890625 0.014322916666666666
0 0.7265625 0.3984375 0.0087890625 0.013020833333333334
0 0.8427734375 0.4075520833333333 0.009765625 0.014322916666666666
0 0.0458984375 0.4205729166666667 0.0146484375 0.02734375
0 0.091796875 0.4049479166666667 0.0107421875 0.020833333333333332
0 0.1884765625 0.3645833333333333 0.005859375 0.01171875
0 0.1689453125 0.359375 0.0068359375 0.01171875
0 0.150390625 0.3645833333333333 0.0068359375 0.013020833333333334
0 0.2109375 0.3880208333333333 0.0087890625 0.015625
0 0.2392578125 0.3919270833333333 0.005859375 0.010416666666666666
0 0.228515625 0.3658854166666667 0.0068359375 0.013020833333333334
0 0.318359375 0.40234375 0.0087890625 0.014322916666666666
0 0.376953125 0.4088541666666667 0.0107421875 0.015625
0 0.4052734375 0.4010416666666667 0.009765625 0.016927083333333332
0 0.4208984375 0.4205729166666667 0.0087890625 0.013020833333333334
0 0.4462890625 0.4075520833333333 0.009765625 0.018229166666666668
0 0.474609375 0.4088541666666667 0.01171875 0.018229166666666668
0 0.4873046875 0.3997395833333333 0.009765625 0.015625
0 0.533203125 0.40234375 0.0107421875 0.016927083333333332
0 0.4638671875 0.3984375 0.0087890625 0.018229166666666668
0 0.4658203125 0.38671875 0.0068359375 0.010416666666666666
0 0.6767578125 0.3841145833333333 0.0048828125 0.0078125
0 0.6787109375 0.3984375 0.009765625 0.01171875
0 0.7216796875 0.3815104166666667 0.005859375 0.010416666666666666
0 0.7177734375 0.3919270833333333 0.0048828125 0.0078125
0 0.8798828125 0.4075520833333333 0.0078125 0.010416666666666666
0 0.90234375 0.3723958333333333 0.0078125 0.013020833333333334
0 0.849609375 0.3880208333333333 0.0068359375 0.01171875