0 0.158203125 0.2719812426729191 0.0185546875 0.02579132473622509
0 0.2099609375 0.2719812426729191 0.015625 0.02579132473622509
0 0.2431640625 0.053927315357561546 0.017578125 0.029308323563892145
0 0.412109375 0.021101992966002344 0.0166015625 0.022274325908558032
0 0.5048828125 0.06096131301289566 0.0146484375 0.022274325908558032
0 0.556640625 0.1969519343493552 0.0185546875 0.03048065650644783
0 0.71484375 0.20281359906213364 0.0185546875 0.02813599062133646
0 0.8037109375 0.05627198124267292 0.0166015625 0.026963657678780773
0 0.634765625 0.10199296600234467 0.0146484375 0.021101992966002344
0 0.4619140625 0.652989449003517 0.0224609375 0.029308323563892145
0 0.68359375 0.7420867526377491 0.0205078125 0.02813599062133646
0 0.689453125 0.5978898007033998 0.017578125 0.02579132473622509
0 0.39453125 0.4912075029308324 0.017578125 0.01992966002344666
0 0.9658203125 0.3645955451348183 0.0107421875 0.01875732708089097
0 0.978515625 0.3634232121922626 0.01171875 0.01992966002344666
0 0.5888671875 0.011723329425556858 0.015625 0.021101992966002344
0 0.7265625 0.1406799531066823 0.0126953125 0.01875732708089097