0 0.1015625 0.5248447204968945 0.01171875 0.017080745341614908
0 0.142578125 0.4984472049689441 0.0107421875 0.020186335403726708
0 0.1865234375 0.5543478260869565 0.0107421875 0.024844720496894408
0 0.2373046875 0.5854037267080745 0.0126953125 0.023291925465838508
0 0.08984375 0.5217391304347826 0.0107421875 0.020186335403726708
0 0.529296875 0.5729813664596274 0.0126953125 0.023291925465838508
0 0.5546875 0.5357142857142857 0.013671875 0.021739130434782608
0 0.85546875 0.37267080745341613 0.005859375 0.012422360248447204
0 0.8740234375 0.3804347826086957 0.005859375 0.009316770186335404
0 0.890625 0.37732919254658387 0.0068359375 0.012422360248447204
0 0.9384765625 0.38509316770186336 0.0078125 0.013975155279503106
0 0.966796875 0.39596273291925466 0.0068359375 0.013975155279503106
0 0.958984375 0.39596273291925466 0.0068359375 0.013975155279503106
0 0.994140625 0.39285714285714285 0.0068359375 0.015527950310559006
0 0.9140625 0.45962732919254656 0.0107421875 0.017080745341614908
0 0.7919921875 0.6195652173913043 0.015625 0.029503105590062112
0 0.9619140625 0.5015527950310559 0.0087890625 0.017080745341614908
0 0.8271484375 0.6506211180124224 0.01171875 0.029503105590062112
0 0.380859375 0.5248447204968945 0.0107421875 0.020186335403726708
0 0.3818359375 0.4611801242236025 0.009765625 0.020186335403726708
0 0.4228515625 0.4472049689440994 0.009765625 0.017080745341614908
0 0.3837890625 0.44875776397515527 0.0087890625 0.017080745341614908
0 0.54296875 0.3695652173913043 0.005859375 0.012422360248447204
0 0.5283203125 0.36645962732919257 0.0048828125 0.010869565217391304
0 0.44921875 0.4052795031055901 0.0078125 0.015527950310559006
0 0.4375 0.3944099378881988 0.005859375 0.010869565217391304
0 0.451171875 0.34937888198757766 0.005859375 0.010869565217391304
0 0.9833984375 0.4301242236024845 0.0107421875 0.018633540372670808
0 0.9140625 0.38354037267080743 0.0078125 0.013975155279503106
0 0.505859375 0.36645962732919257 0.0048828125 0.010869565217391304
0 0.51171875 0.37111801242236025 0.0048828125 0.009316770186335404
0 0.47265625 0.37422360248447206 0.0068359375 0.012422360248447204
0 0.8427734375 0.5279503105590062 0.009765625 0.021739130434782608