0 0.4833984375 0.18686131386861313 0.0234375 0.021897810218978103
0 0.2958984375 0.6175182481751825 0.013671875 0.024817518248175182
0 0.3505859375 0.5854014598540146 0.0107421875 0.01897810218978102
0 0.40625 0.5708029197080292 0.013671875 0.024817518248175182
0 0.44921875 0.5503649635036496 0.0107421875 0.02335766423357664
0 0.494140625 0.5372262773722628 0.01171875 0.021897810218978103
0 0.5390625 0.5824817518248175 0.009765625 0.020437956204379562
0 0.5458984375 0.5751824817518248 0.0087890625 0.017518248175182483
0 0.568359375 0.564963503649635 0.0107421875 0.017518248175182483
0 0.591796875 0.5401459854014599 0.0107421875 0.01897810218978102
0 0.640625 0.5532846715328467 0.01171875 0.01897810218978102
0 0.6826171875 0.5313868613138686 0.009765625 0.01897810218978102
0 0.6923828125 0.5401459854014599 0.0068359375 0.013138686131386862
0 0.7138671875 0.5372262773722628 0.0087890625 0.017518248175182483
0 0.73828125 0.5532846715328467 0.0087890625 0.020437956204379562
0 0.7578125 0.5372262773722628 0.0078125 0.017518248175182483
0 0.7880859375 0.545985401459854 0.0078125 0.017518248175182483
0 0.8173828125 0.5635036496350365 0.0078125 0.014598540145985401
0 0.8427734375 0.5416058394160584 0.0068359375 0.014598540145985401
0 0.8818359375 0.4642335766423358 0.01171875 0.021897810218978103
0 0.1591796875 0.6394160583941606 0.0107421875 0.02335766423357664
0 0.603515625 0.5532846715328467 0.0078125 0.013138686131386862
0 0.220703125 0.6262773722627737 0.0107421875 0.024817518248175182
0 0.11328125 0.6802919708029197 0.0107421875 0.02335766423357664