0 0.5322265625 0.5026041666666666 0.015625 0.033854166666666664
0 0.5947265625 0.5065104166666666 0.0146484375 0.024739583333333332
0 0.359375 0.3580729166666667 0.01171875 0.01953125
0 0.2705078125 0.3580729166666667 0.0126953125 0.01953125
0 0.4052734375 0.3307291666666667 0.0146484375 0.01953125
0 0.26171875 0.4934895833333333 0.0146484375 0.020833333333333332
0 0.18359375 0.5572916666666666 0.0126953125 0.026041666666666668
0 0.0810546875 0.5403645833333334 0.0166015625 0.026041666666666668
0 0.0625 0.3854166666666667 0.0146484375 0.022135416666666668
0 0.109375 0.21875 0.013671875 0.01953125
0 0.4443359375 0.20442708333333334 0.013671875 0.022135416666666668