0 0.345703125 0.01948627103631532 0.0224609375 0.025686448184233834
0 0.1650390625 0.0141718334809566 0.0234375 0.023029229406554472
0 0.2333984375 0.026572187776793623 0.0205078125 0.023029229406554472
0 0.0498046875 0.025686448184233834 0.017578125 0.023029229406554472
0 0.02734375 0.02745792736935341 0.01953125 0.023914968999114262
0 0.4091796875 0.01771479185119575 0.017578125 0.021257750221434897
0 0.208984375 0.018600531443755536 0.0244140625 0.024800708591674048
0 0.2548828125 0.011514614703277236 0.0185546875 0.02037201062887511
0 0.294921875 0.011514614703277236 0.017578125 0.022143489813994686
0 0.2724609375 0.015943312666076175 0.0146484375 0.01682905225863596
0 0.31640625 0.012400354295837024 0.017578125 0.022143489813994686
0 0.384765625 0.0141718334809566 0.0234375 0.02745792736935341
0 0.119140625 0.011514614703277236 0.017578125 0.018600531443755536
0 0.4921875 0.01771479185119575 0.0205078125 0.02745792736935341
0 0.5615234375 0.025686448184233834 0.02734375 0.03188662533215235
0 0.6396484375 0.021257750221434897 0.0263671875 0.03277236492471213
0 0.703125 0.06023029229406555 0.0224609375 0.026572187776793623
0 0.7314453125 0.03100088573959256 0.025390625 0.025686448184233834
0 0.81640625 0.029229406554472984 0.0205078125 0.0283436669619132
0 0.8525390625 0.018600531443755536 0.029296875 0.03720106288751107
0 0.3466796875 0.021257750221434897 0.0205078125 0.023029229406554472
0 0.3681640625 0.015943312666076175 0.0166015625 0.01948627103631532
0 0.9658203125 0.06288751107174491 0.0478515625 0.045172719220549155
0 0.8818359375 0.03631532329495128 0.02734375 0.0283436669619132
0 0.9189453125 0.045172719220549155 0.025390625 0.026572187776793623