0 0.0380859375 0.18167701863354038 0.0322265625 0.059006211180124224
0 0.0107421875 0.19254658385093168 0.021484375 0.049689440993788817
0 0.0966796875 0.20341614906832298 0.01171875 0.021739130434782608
0 0.0634765625 0.1956521739130435 0.009765625 0.017080745341614908
0 0.115234375 0.21428571428571427 0.0078125 0.015527950310559006
0 0.1259765625 0.21583850931677018 0.0078125 0.017080745341614908
0 0.2431640625 0.2406832298136646 0.01953125 0.05745341614906832
0 0.6669921875 0.21583850931677018 0.0234375 0.04503105590062112
0 0.8525390625 0.18633540372670807 0.03125 0.06677018633540373
0 0.904296875 0.19099378881987578 0.02734375 0.06521739130434782
0 0.7177734375 0.22981366459627328 0.0302734375 0.08850931677018634
0 0.744140625 0.13198757763975155 0.025390625 0.06677018633540373