0 0.95703125 0.12369791666666667 0.0126953125 0.0234375
0 0.916015625 0.109375 0.0166015625 0.029947916666666668
0 0.8779296875 0.10546875 0.01953125 0.029947916666666668
0 0.7978515625 0.09635416666666667 0.0087890625 0.01953125
0 0.701171875 0.10416666666666667 0.0107421875 0.016927083333333332
0 0.62109375 0.109375 0.009765625 0.0234375
0 0.5390625 0.08203125 0.0185546875 0.040364583333333336
0 0.193359375 0.078125 0.0126953125 0.018229166666666668
0 0.03515625 0.13411458333333334 0.0380859375 0.06510416666666667
0 0.375 0.11979166666666667 0.01171875 0.01953125
0 0.2548828125 0.10807291666666667 0.005859375 0.01171875
0 0.298828125 0.10286458333333333 0.005859375 0.01171875
0 0.3486328125 0.10677083333333333 0.005859375 0.013020833333333334
0 0.4873046875 0.10807291666666667 0.0107421875 0.0234375
0 0.1669921875 0.10677083333333333 0.005859375 0.010416666666666666
0 0.1533203125 0.10416666666666667 0.0087890625 0.013020833333333334
0 0.2265625 0.10546875 0.0068359375 0.01171875