0 0.0595703125 0.29115853658536583 0.046875 0.11128048780487805
0 0.1533203125 0.23170731707317074 0.0537109375 0.12652439024390244
0 0.2265625 0.26676829268292684 0.0712890625 0.15701219512195122
0 0.3544921875 0.16310975609756098 0.0693359375 0.15396341463414634
0 0.4404296875 0.16615853658536586 0.076171875 0.16463414634146342
0 0.53515625 0.19359756097560976 0.08984375 0.18292682926829268
0 0.6083984375 0.18597560975609756 0.044921875 0.08841463414634146
0 0.673828125 0.17682926829268292 0.0439453125 0.10518292682926829
0 0.7666015625 0.2530487804878049 0.0556640625 0.12195121951219512
0 0.830078125 0.26371951219512196 0.0849609375 0.16615853658536586
0 0.9833984375 0.25914634146341464 0.033203125 0.14939024390243902
0 0.8046875 0.23932926829268292 0.0771484375 0.15548780487804878