0 0.09375 0.2505643340857788 0.052734375 0.07336343115124154
0 0.21875 0.30699774266365687 0.046875 0.06772009029345373
0 0.2646484375 0.2618510158013544 0.01171875 0.02144469525959368
0 0.26953125 0.29683972911963885 0.013671875 0.023702031602708805
0 0.39453125 0.27878103837471785 0.048828125 0.0744920993227991
0 0.4267578125 0.2325056433408578 0.025390625 0.040632054176072234
0 0.5234375 0.23589164785553046 0.0400390625 0.05869074492099323
0 0.474609375 0.2505643340857788 0.015625 0.020316027088036117
0 0.3349609375 0.25395033860045146 0.0078125 0.012415349887133182
0 0.6533203125 0.21331828442437922 0.05859375 0.06433408577878104
0 0.861328125 0.24830699774266365 0.0537109375 0.08465011286681716
0 0.97265625 0.2799097065462754 0.0244140625 0.05304740406320542
0 0.119140625 0.28103837471783294 0.0166015625 0.03160270880361174
0 0.1806640625 0.2652370203160271 0.0068359375 0.012415349887133182