0 0.0849609375 0.046875 0.0234375 0.06076388888888889
0 0.1328125 0.03993055555555555 0.0283203125 0.05381944444444445
0 0.2490234375 0.03125 0.03125 0.04513888888888889
0 0.3857421875 0.020833333333333332 0.025390625 0.03993055555555555
0 0.4150390625 0.024305555555555556 0.0205078125 0.03993055555555555
0 0.4541015625 0.03819444444444445 0.013671875 0.03993055555555555
0 0.5244140625 0.029513888888888888 0.013671875 0.03819444444444445
0 0.5380859375 0.019097222222222224 0.01953125 0.03993055555555555
0 0.556640625 0.013888888888888888 0.0126953125 0.027777777777777776
0 0.5966796875 0.015625 0.01953125 0.029513888888888888
0 0.62890625 0.024305555555555556 0.021484375 0.046875
0 0.6728515625 0.041666666666666664 0.021484375 0.05555555555555555
0 0.7021484375 0.03298611111111111 0.0205078125 0.043402777777777776
0 0.7392578125 0.04513888888888889 0.0234375 0.050347222222222224
0 0.7744140625 0.015625 0.017578125 0.026041666666666668
0 0.7919921875 0.057291666666666664 0.021484375 0.046875
0 0.814453125 0.05381944444444445 0.0244140625 0.057291666666666664
0 0.8330078125 0.034722222222222224 0.015625 0.043402777777777776
0 0.8623046875 0.019097222222222224 0.0205078125 0.03819444444444445
0 0.861328125 0.06770833333333333 0.0224609375 0.052083333333333336
0 0.8896484375 0.03993055555555555 0.0244140625 0.05555555555555555
0 0.9267578125 0.04513888888888889 0.025390625 0.05381944444444445
0 0.9541015625 0.05555555555555555 0.021484375 0.050347222222222224
0 0.978515625 0.036458333333333336 0.0263671875 0.057291666666666664
0 0.9541015625 0.010416666666666666 0.017578125 0.020833333333333332