0 0.0087890625 0.6649305555555556 0.017578125 0.05381944444444445
0 0.09375 0.6232638888888888 0.0263671875 0.043402777777777776
0 0.205078125 0.6458333333333334 0.0361328125 0.08333333333333333
0 0.4853515625 0.7395833333333334 0.0263671875 0.050347222222222224
0 0.5224609375 0.7222222222222222 0.0263671875 0.057291666666666664
0 0.6064453125 0.7430555555555556 0.0283203125 0.0625
0 0.7900390625 0.7395833333333334 0.02734375 0.06076388888888889
0 0.634765625 0.5954861111111112 0.009765625 0.022569444444444444
0 0.7197265625 0.6180555555555556 0.013671875 0.027777777777777776
0 0.5419921875 0.7013888888888888 0.0205078125 0.052083333333333336
0 0.55078125 0.6475694444444444 0.01171875 0.026041666666666668
0 0.3662109375 0.6128472222222222 0.01171875 0.03125
0 0.380859375 0.59375 0.0107421875 0.020833333333333332
0 0.3037109375 0.6163194444444444 0.0087890625 0.019097222222222224
0 0.384765625 0.6527777777777778 0.0126953125 0.03125
0 0.41796875 0.6302083333333334 0.009765625 0.026041666666666668
0 0.1552734375 0.5833333333333334 0.0107421875 0.029513888888888888
0 0.177734375 0.5815972222222222 0.013671875 0.029513888888888888
0 0.3203125 0.59375 0.009765625 0.024305555555555556
0 0.271484375 0.5659722222222222 0.0078125 0.017361111111111112
0 0.2880859375 0.5989583333333334 0.0068359375 0.019097222222222224
0 0.0302734375 0.5798611111111112 0.01171875 0.026041666666666668
0 0.017578125 0.5503472222222222 0.01171875 0.022569444444444444
0 0.0595703125 0.5659722222222222 0.017578125 0.036458333333333336
0 0.095703125 0.5364583333333334 0.009765625 0.019097222222222224
0 0.810546875 0.625 0.0087890625 0.017361111111111112
0 0.8388671875 0.640625 0.0068359375 0.015625
0 0.8662109375 0.6423611111111112 0.0078125 0.015625
0 0.8544921875 0.6180555555555556 0.0078125 0.015625
0 0.810546875 0.6076388888888888 0.005859375 0.015625
0 0.8037109375 0.609375 0.0068359375 0.015625
0 0.7607421875 0.6284722222222222 0.0068359375 0.019097222222222224
0 0.9091796875 0.6336805555555556 0.0078125 0.019097222222222224
0 0.9794921875 0.6475694444444444 0.0078125 0.017361111111111112
0 0.9619140625 0.6371527777777778 0.009765625 0.020833333333333332
0 0.921875 0.6319444444444444 0.0087890625 0.019097222222222224
0 0.736328125 0.7135416666666666 0.0244140625 0.08333333333333333
0 0.9873046875 0.7361111111111112 0.0205078125 0.05381944444444445
0 0.2294921875 0.6215277777777778 0.0205078125 0.052083333333333336