0 0.052734375 0.4244791666666667 0.015625 0.0234375
0 0.048828125 0.4791666666666667 0.015625 0.026041666666666668
0 0.0244140625 0.53125 0.0234375 0.041666666666666664
0 0.0908203125 0.5026041666666666 0.021484375 0.04296875
0 0.1494140625 0.4778645833333333 0.0107421875 0.0234375
0 0.2001953125 0.4270833333333333 0.0087890625 0.013020833333333334
0 0.1904296875 0.5338541666666666 0.0146484375 0.044270833333333336
0 0.2392578125 0.4856770833333333 0.0166015625 0.028645833333333332
0 0.2900390625 0.4752604166666667 0.0078125 0.016927083333333332
0 0.2744140625 0.4739583333333333 0.013671875 0.0234375
0 0.2783203125 0.5260416666666666 0.0185546875 0.048177083333333336
0 0.3076171875 0.5221354166666666 0.0146484375 0.03515625
0 0.248046875 0.4739583333333333 0.0087890625 0.015625
0 0.369140625 0.5013020833333334 0.0166015625 0.029947916666666668
0 0.4296875 0.4700520833333333 0.017578125 0.03125
0 0.4716796875 0.5403645833333334 0.021484375 0.0234375
0 0.513671875 0.5013020833333334 0.009765625 0.020833333333333332
0 0.4052734375 0.4895833333333333 0.0087890625 0.015625
0 0.36328125 0.4622395833333333 0.0068359375 0.013020833333333334
0 0.4951171875 0.4192708333333333 0.0048828125 0.010416666666666666
0 0.4775390625 0.4583333333333333 0.005859375 0.010416666666666666
0 0.5087890625 0.46875 0.005859375 0.013020833333333334
0 0.5048828125 0.47265625 0.0068359375 0.013020833333333334
0 0.5439453125 0.4765625 0.005859375 0.014322916666666666
0 0.5478515625 0.45703125 0.0068359375 0.009114583333333334
0 0.556640625 0.4244791666666667 0.005859375 0.010416666666666666
0 0.611328125 0.4375 0.0048828125 0.009114583333333334
0 0.6337890625 0.4348958333333333 0.00390625 0.009114583333333334
0 0.6611328125 0.4622395833333333 0.0068359375 0.010416666666666666
0 0.6533203125 0.4817708333333333 0.009765625 0.016927083333333332
0 0.6240234375 0.4830729166666667 0.0126953125 0.0234375
0 0.595703125 0.4778645833333333 0.0107421875 0.016927083333333332
0 0.5576171875 0.4791666666666667 0.0107421875 0.018229166666666668
0 0.5234375 0.4830729166666667 0.0107421875 0.015625
0 0.671875 0.4348958333333333 0.005859375 0.010416666666666666
0 0.677734375 0.47265625 0.0087890625 0.013020833333333334
0 0.693359375 0.47265625 0.0078125 0.01171875
0 0.703125 0.46484375 0.0078125 0.009114583333333334
0 0.716796875 0.4765625 0.0048828125 0.01171875
0 0.7314453125 0.4739583333333333 0.0087890625 0.014322916666666666
0 0.767578125 0.4609375 0.0087890625 0.015625
0 0.7861328125 0.4791666666666667 0.0087890625 0.015625
0 0.7958984375 0.47265625 0.0087890625 0.013020833333333334
0 0.8876953125 0.3307291666666667 0.0146484375 0.03125
0 0.9541015625 0.4661458333333333 0.0087890625 0.01171875
0 0.345703125 0.48828125 0.0146484375 0.024739583333333332
0 0.466796875 0.4674479166666667 0.009765625 0.020833333333333332
0 0.1748046875 0.5013020833333334 0.013671875 0.026041666666666668