0 0.791015625 0.3211805555555556 0.08984375 0.22743055555555555
0 0.251953125 0.3177083333333333 0.0361328125 0.08159722222222222
0 0.546875 0.10243055555555555 0.037109375 0.0954861111111111
0 0.6484375 0.21875 0.0244140625 0.06770833333333333
0 0.7080078125 0.1267361111111111 0.03125 0.07291666666666667
0 0.736328125 0.1076388888888889 0.0205078125 0.05555555555555555
0 0.7744140625 0.0642361111111111 0.0263671875 0.05555555555555555
0 0.853515625 0.059027777777777776 0.0244140625 0.05381944444444445
0 0.8193359375 0.09722222222222222 0.025390625 0.059027777777777776
0 0.021484375 0.11458333333333333 0.04296875 0.16666666666666666
0 0.1943359375 0.2777777777777778 0.0244140625 0.041666666666666664
0 0.3046875 0.3263888888888889 0.033203125 0.0798611111111111
0 0.689453125 0.059027777777777776 0.0185546875 0.03993055555555555
0 0.4560546875 0.4045138888888889 0.107421875 0.19444444444444445
0 0.2978515625 0.2309027777777778 0.0166015625 0.043402777777777776
0 0.3818359375 0.3020833333333333 0.029296875 0.06597222222222222
0 0.08984375 0.3506944444444444 0.0341796875 0.08680555555555555