0 0.0712890625 0.4172767203513909 0.01953125 0.03074670571010249
0 0.1455078125 0.4128843338213763 0.015625 0.02342606149341142
0 0.1201171875 0.4172767203513909 0.0126953125 0.021961932650073207
0 0.26953125 0.4011713030746706 0.009765625 0.021961932650073207
0 0.27734375 0.4363103953147877 0.009765625 0.01903367496339678
0 0.3828125 0.4260614934114202 0.0068359375 0.016105417276720352
0 0.4267578125 0.4377745241581259 0.00390625 0.010248901903367497
0 0.4453125 0.4363103953147877 0.00390625 0.01171303074670571
0 0.900390625 0.4363103953147877 0.00390625 0.010248901903367497
0 0.8955078125 0.4333821376281113 0.00390625 0.008784773060029283
0 0.955078125 0.4333821376281113 0.0048828125 0.010248901903367497