0 0.84765625 0.026779422128259338 0.05859375 0.05426356589147287
0 0.8525390625 0.21071176885130374 0.0771484375 0.06412966878083157
0 0.744140625 0.18886539816772374 0.046875 0.04369274136715997
0 0.6015625 0.2248062015503876 0.07421875 0.05919661733615222
0 0.4501953125 0.20014094432699084 0.1142578125 0.10500352360817478
0 0.255859375 0.19238900634249473 0.0634765625 0.05214940098661029
0 0.1923828125 0.22692036645525018 0.083984375 0.07610993657505286
0 0.033203125 0.22128259337561662 0.0654296875 0.06342494714587738
0 0.2099609375 0.04933051444679352 0.056640625 0.048625792811839326
0 0.375 0.036645525017618044 0.05859375 0.05214940098661029
0 0.599609375 0.023255813953488372 0.0673828125 0.04510218463706836
0 0.92578125 0.18534178999295278 0.03515625 0.03805496828752643
0 0.7587890625 0.07681465821000705 0.037109375 0.03171247357293869
0 0.67578125 0.06272022551092318 0.046875 0.04298801973220578
0 0.4560546875 0.07892882311486962 0.0263671875 0.02466525722339676
0 0.4140625 0.05637773079633545 0.03515625 0.03875968992248062
0 0.25 0.06342494714587738 0.0439453125 0.04510218463706836
0 0.3115234375 0.0916138125440451 0.0341796875 0.03241719520789288
0 0.2939453125 0.03875968992248062 0.0087890625 0.008456659619450317
0 0.3193359375 0.03171247357293869 0.0087890625 0.008456659619450317
0 0.2822265625 0.02255109231853418 0.009765625 0.007751937984496124
0 0.279296875 0.08104298801973221 0.009765625 0.008456659619450317
0 0.162109375 0.07188160676532769 0.0087890625 0.008456659619450317
0 0.125 0.08949964763918253 0.009765625 0.010570824524312896
0 0.1435546875 0.0817477096546864 0.009765625 0.007047216349541931
0 0.1318359375 0.06553911205073996 0.0068359375 0.007751937984496124
0 0.146484375 0.06412966878083157 0.0078125 0.007751937984496124
0 0.1201171875 0.05919661733615222 0.0068359375 0.006342494714587738
0 0.16796875 0.052854122621564484 0.009765625 0.007751937984496124
0 0.9228515625 0.06835799859055673 0.03515625 0.035940803382663845
0 0.42578125 0.010570824524312896 0.0126953125 0.010570824524312896
0 0.0869140625 0.08456659619450317 0.01953125 0.018322762508809022