0 0.2197265625 0.52734375 0.0224609375 0.036458333333333336
0 0.294921875 0.4973958333333333 0.01953125 0.036458333333333336
0 0.26171875 0.48828125 0.017578125 0.028645833333333332
0 0.1376953125 0.5247395833333334 0.017578125 0.037760416666666664
0 0.1650390625 0.48828125 0.013671875 0.024739583333333332
0 0.12109375 0.50390625 0.01953125 0.03515625
0 0.1904296875 0.4921875 0.0185546875 0.040364583333333336
0 0.2294921875 0.5 0.0146484375 0.022135416666666668
0 0.2451171875 0.48828125 0.0126953125 0.020833333333333332
0 0.2822265625 0.5026041666666666 0.015625 0.03125
0 0.3076171875 0.4791666666666667 0.013671875 0.024739583333333332
0 0.322265625 0.4700520833333333 0.013671875 0.0234375
0 0.345703125 0.4791666666666667 0.013671875 0.024739583333333332
0 0.3623046875 0.4752604166666667 0.0107421875 0.022135416666666668
0 0.216796875 0.47265625 0.017578125 0.028645833333333332
0 0.2001953125 0.4622395833333333 0.0126953125 0.01953125
0 0.224609375 0.4752604166666667 0.0087890625 0.015625
0 0.2275390625 0.4557291666666667 0.0078125 0.016927083333333332
0 0.2236328125 0.4518229166666667 0.0126953125 0.016927083333333332
0 0.1748046875 0.4856770833333333 0.0087890625 0.022135416666666668
0 0.15625 0.4830729166666667 0.0107421875 0.022135416666666668
0 0.140625 0.4791666666666667 0.0146484375 0.024739583333333332
0 0.111328125 0.48046875 0.01953125 0.033854166666666664
0 0.080078125 0.49609375 0.0126953125 0.0234375
0 0.0927734375 0.48046875 0.0068359375 0.013020833333333334
0 0.0751953125 0.4713541666666667 0.0078125 0.018229166666666668
0 0.0869140625 0.4518229166666667 0.0107421875 0.022135416666666668
0 0.078125 0.43359375 0.0078125 0.013020833333333334
0 0.1162109375 0.4635416666666667 0.0166015625 0.029947916666666668
0 0.1416015625 0.4635416666666667 0.01171875 0.010416666666666666
0 0.1328125 0.45703125 0.0068359375 0.009114583333333334
0 0.12890625 0.4778645833333333 0.0078125 0.015625
0 0.1611328125 0.4557291666666667 0.0126953125 0.01171875
0 0.173828125 0.4505208333333333 0.01171875 0.014322916666666666
0 0.185546875 0.453125 0.0078125 0.013020833333333334
0 0.1982421875 0.4401041666666667 0.0068359375 0.0078125
0 0.1416015625 0.4361979166666667 0.005859375 0.010416666666666666
0 0.2158203125 0.4388020833333333 0.0078125 0.013020833333333334
0 0.2255859375 0.4401041666666667 0.009765625 0.009114583333333334
0 0.224609375 0.4322916666666667 0.009765625 0.010416666666666666
0 0.23046875 0.4244791666666667 0.0068359375 0.013020833333333334
0 0.251953125 0.4375 0.009765625 0.018229166666666668
0 0.2392578125 0.4401041666666667 0.005859375 0.006510416666666667
0 0.24609375 0.4583333333333333 0.005859375 0.0078125
0 0.1865234375 0.421875 0.0087890625 0.009114583333333334
0 0.162109375 0.4296875 0.009765625 0.01171875
0 0.154296875 0.43359375 0.005859375 0.010416666666666666
0 0.146484375 0.4466145833333333 0.005859375 0.009114583333333334
0 0.1181640625 0.43359375 0.01171875 0.01171875
0 0.0751953125 0.45703125 0.0048828125 0.010416666666666666
0 0.10546875 0.4283854166666667 0.0107421875 0.014322916666666666
0 0.1279296875 0.421875 0.0078125 0.013020833333333334
0 0.1337890625 0.421875 0.0087890625 0.014322916666666666
0 0.2080078125 0.5 0.015625 0.020833333333333332
0 0.2060546875 0.484375 0.0107421875 0.013020833333333334
0 0.1005859375 0.4427083333333333 0.005859375 0.009114583333333334
0 0.1318359375 0.4088541666666667 0.0078125 0.010416666666666666
0 0.1455078125 0.4049479166666667 0.0048828125 0.0078125
0 0.15625 0.4153645833333333 0.0068359375 0.009114583333333334
0 0.1650390625 0.4231770833333333 0.009765625 0.009114583333333334
0 0.1806640625 0.4166666666666667 0.0087890625 0.013020833333333334
0 0.1923828125 0.4036458333333333 0.005859375 0.01171875
0 0.20703125 0.4088541666666667 0.0068359375 0.009114583333333334
0 0.2158203125 0.4140625 0.0068359375 0.009114583333333334
0 0.2109375 0.4244791666666667 0.0048828125 0.0078125
0 0.2314453125 0.4140625 0.0078125 0.009114583333333334
0 0.236328125 0.41015625 0.0048828125 0.006510416666666667
0 0.2509765625 0.4140625 0.0078125 0.013020833333333334
0 0.19921875 0.4296875 0.0087890625 0.009114583333333334
0 0.1767578125 0.4348958333333333 0.005859375 0.0078125
0 0.1533203125 0.3932291666666667 0.0029296875 0.00390625
0 0.1572265625 0.3958333333333333 0.0029296875 0.00390625
0 0.1396484375 0.4049479166666667 0.005859375 0.009114583333333334
0 0.1298828125 0.4375 0.0048828125 0.006510416666666667
0 0.0888671875 0.4075520833333333 0.0048828125 0.005208333333333333
0 0.1025390625 0.4036458333333333 0.005859375 0.00390625
0 0.095703125 0.39453125 0.0029296875 0.00390625
0 0.1005859375 0.3893229166666667 0.0068359375 0.0078125
0 0.08984375 0.3932291666666667 0.0048828125 0.006510416666666667
0 0.07421875 0.41015625 0.0048828125 0.006510416666666667
0 0.1142578125 0.390625 0.0068359375 0.009114583333333334
0 0.1259765625 0.3893229166666667 0.00390625 0.005208333333333333
0 0.1689453125 0.4127604166666667 0.00390625 0.006510416666666667
0 0.158203125 0.4075520833333333 0.00390625 0.006510416666666667
0 0.1630859375 0.4075520833333333 0.00390625 0.006510416666666667
0 0.17578125 0.3828125 0.0029296875 0.005208333333333333
0 0.0869140625 0.375 0.00390625 0.006510416666666667
0 0.080078125 0.375 0.0029296875 0.005208333333333333
0 0.107421875 0.3932291666666667 0.00390625 0.005208333333333333
0 0.109375 0.40625 0.0029296875 0.00390625
0 0.1044921875 0.3828125 0.0029296875 0.00390625
0 0.08203125 0.4036458333333333 0.0029296875 0.005208333333333333
0 0.0751953125 0.3880208333333333 0.001953125 0.0026041666666666665
0 0.1416015625 0.3841145833333333 0.0029296875 0.005208333333333333
0 0.1513671875 0.37890625 0.0029296875 0.00390625
0 0.1279296875 0.37890625 0.0029296875 0.00390625
0 0.134765625 0.375 0.0029296875 0.00390625
0 0.125 0.4036458333333333 0.0029296875 0.00390625
0 0.1337890625 0.3984375 0.00390625 0.00390625
0 0.12109375 0.4010416666666667 0.00390625 0.00390625
0 0.2744140625 0.4544270833333333 0.013671875 0.020833333333333332
0 0.283203125 0.4453125 0.0048828125 0.0078125
0 0.2958984375 0.4583333333333333 0.013671875 0.020833333333333332
0 0.2783203125 0.4752604166666667 0.0107421875 0.015625
0 0.263671875 0.43359375 0.0078125 0.013020833333333334
0 0.3125 0.4361979166666667 0.0126953125 0.018229166666666668
0 0.302734375 0.4309895833333333 0.009765625 0.013020833333333334
0 0.294921875 0.4114583333333333 0.009765625 0.014322916666666666
0 0.28515625 0.4088541666666667 0.0087890625 0.013020833333333334
0 0.2841796875 0.4205729166666667 0.009765625 0.01171875
0 0.265625 0.3893229166666667 0.0087890625 0.013020833333333334
0 0.2783203125 0.3893229166666667 0.0078125 0.009114583333333334
0 0.263671875 0.41015625 0.01171875 0.013020833333333334
0 0.271484375 0.4375 0.0078125 0.010416666666666666
0 0.2744140625 0.4166666666666667 0.005859375 0.009114583333333334
0 0.2568359375 0.4596354166666667 0.01171875 0.009114583333333334
0 0.2314453125 0.4036458333333333 0.0048828125 0.0078125
0 0.2587890625 0.3841145833333333 0.0068359375 0.01171875
0 0.291015625 0.3802083333333333 0.0078125 0.010416666666666666
0 0.3134765625 0.40625 0.0087890625 0.014322916666666666
0 0.314453125 0.3841145833333333 0.0068359375 0.01171875
0 0.3388671875 0.3854166666666667 0.0078125 0.014322916666666666
0 0.3271484375 0.3841145833333333 0.005859375 0.006510416666666667
0 0.240234375 0.3971354166666667 0.00390625 0.0078125
0 0.2236328125 0.4036458333333333 0.0048828125 0.0078125
0 0.216796875 0.3893229166666667 0.0029296875 0.006510416666666667
0 0.20703125 0.37890625 0.0048828125 0.006510416666666667
0 0.216796875 0.3815104166666667 0.00390625 0.006510416666666667
0 0.2236328125 0.3802083333333333 0.0048828125 0.0078125
0 0.2294921875 0.3815104166666667 0.00390625 0.006510416666666667
0 0.2119140625 0.3880208333333333 0.005859375 0.009114583333333334
0 0.17578125 0.3997395833333333 0.005859375 0.009114583333333334
0 0.171875 0.3854166666666667 0.00390625 0.006510416666666667
0 0.24609375 0.3802083333333333 0.00390625 0.005208333333333333
0 0.2998046875 0.3880208333333333 0.0048828125 0.0078125
0 0.306640625 0.38671875 0.00390625 0.009114583333333334
0 0.30078125 0.3763020833333333 0.0048828125 0.00390625
0 0.330078125 0.4127604166666667 0.0068359375 0.009114583333333334
0 0.337890625 0.4205729166666667 0.0078125 0.009114583333333334
0 0.333984375 0.4518229166666667 0.01171875 0.015625
0 0.3505859375 0.3776041666666667 0.00390625 0.00390625
0 0.3427734375 0.3854166666666667 0.0048828125 0.009114583333333334
0 0.3681640625 0.3828125 0.009765625 0.018229166666666668
0 0.390625 0.3723958333333333 0.005859375 0.009114583333333334
0 0.3984375 0.3723958333333333 0.005859375 0.009114583333333334
0 0.4130859375 0.3528645833333333 0.0048828125 0.010416666666666666
0 0.419921875 0.3723958333333333 0.009765625 0.016927083333333332
0 0.4453125 0.3736979166666667 0.009765625 0.015625
0 0.3837890625 0.3828125 0.0048828125 0.0078125
0 0.4052734375 0.375 0.00390625 0.005208333333333333
0 0.41015625 0.3763020833333333 0.0048828125 0.0078125
0 0.435546875 0.3723958333333333 0.00390625 0.006510416666666667
0 0.4267578125 0.37890625 0.0068359375 0.009114583333333334
0 0.455078125 0.3802083333333333 0.0087890625 0.014322916666666666
0 0.392578125 0.3880208333333333 0.0087890625 0.016927083333333332
0 0.404296875 0.38671875 0.0087890625 0.009114583333333334
0 0.46484375 0.3880208333333333 0.005859375 0.01171875
0 0.380859375 0.4231770833333333 0.01171875 0.013020833333333334
0 0.3515625 0.3997395833333333 0.005859375 0.01171875
0 0.443359375 0.3619791666666667 0.005859375 0.006510416666666667
0 0.447265625 0.3502604166666667 0.00390625 0.0078125
0 0.4853515625 0.4127604166666667 0.0087890625 0.015625
0 0.4755859375 0.4205729166666667 0.0087890625 0.013020833333333334
0 0.470703125 0.4427083333333333 0.01171875 0.013020833333333334
0 0.431640625 0.4544270833333333 0.0166015625 0.0234375
0 0.443359375 0.4427083333333333 0.0107421875 0.014322916666666666
0 0.419921875 0.4440104166666667 0.009765625 0.016927083333333332
0 0.4111328125 0.4505208333333333 0.013671875 0.015625
0 0.4052734375 0.4283854166666667 0.01171875 0.01171875
0 0.3984375 0.44140625 0.0107421875 0.022135416666666668
0 0.38671875 0.4427083333333333 0.01171875 0.018229166666666668
0 0.373046875 0.4518229166666667 0.0126953125 0.016927083333333332
0 0.3681640625 0.4361979166666667 0.01171875 0.013020833333333334
0 0.501953125 0.3763020833333333 0.00390625 0.006510416666666667
0 0.509765625 0.3763020833333333 0.00390625 0.006510416666666667
0 0.4951171875 0.38671875 0.0048828125 0.006510416666666667
0 0.50390625 0.3802083333333333 0.0029296875 0.006510416666666667
0 0.49609375 0.3658854166666667 0.005859375 0.00390625
0 0.4638671875 0.3723958333333333 0.0048828125 0.009114583333333334
0 0.5087890625 0.41015625 0.0107421875 0.015625
0 0.517578125 0.3932291666666667 0.0087890625 0.014322916666666666
0 0.537109375 0.3671875 0.0029296875 0.00390625
0 0.544921875 0.3958333333333333 0.0068359375 0.018229166666666668
0 0.53515625 0.37890625 0.0048828125 0.006510416666666667
0 0.52734375 0.39453125 0.0048828125 0.0078125
0 0.5361328125 0.3932291666666667 0.0048828125 0.006510416666666667
0 0.4970703125 0.4127604166666667 0.005859375 0.009114583333333334
0 0.51953125 0.4153645833333333 0.0078125 0.01171875
0 0.52734375 0.4075520833333333 0.00390625 0.005208333333333333
0 0.53515625 0.4114583333333333 0.0068359375 0.009114583333333334
0 0.552734375 0.3997395833333333 0.0078125 0.014322916666666666
0 0.54296875 0.4192708333333333 0.0087890625 0.01171875
0 0.55859375 0.4088541666666667 0.0087890625 0.013020833333333334
0 0.5673828125 0.3802083333333333 0.00390625 0.005208333333333333
0 0.548828125 0.3671875 0.0029296875 0.0026041666666666665
0 0.5673828125 0.3697916666666667 0.0029296875 0.005208333333333333
0 0.5751953125 0.3684895833333333 0.00390625 0.005208333333333333
0 0.6025390625 0.3893229166666667 0.005859375 0.006510416666666667
0 0.5830078125 0.3828125 0.00390625 0.006510416666666667
0 0.58984375 0.37890625 0.0029296875 0.005208333333333333
0 0.5908203125 0.3658854166666667 0.0029296875 0.00390625
0 0.564453125 0.3958333333333333 0.005859375 0.009114583333333334
0 0.609375 0.3815104166666667 0.00390625 0.006510416666666667
0 0.619140625 0.3776041666666667 0.0048828125 0.0078125
0 0.6162109375 0.3723958333333333 0.0029296875 0.005208333333333333
0 0.6103515625 0.3671875 0.0029296875 0.00390625
0 0.60546875 0.41015625 0.009765625 0.009114583333333334
0 0.591796875 0.4049479166666667 0.0078125 0.01171875
0 0.5869140625 0.3932291666666667 0.005859375 0.009114583333333334
0 0.5966796875 0.3815104166666667 0.00390625 0.006510416666666667
0 0.5712890625 0.3802083333333333 0.0048828125 0.006510416666666667
0 0.60546875 0.4348958333333333 0.009765625 0.01953125
0 0.5908203125 0.4231770833333333 0.009765625 0.015625
0 0.5771484375 0.4075520833333333 0.0078125 0.015625
0 0.57421875 0.3893229166666667 0.005859375 0.006510416666666667
0 0.5693359375 0.4244791666666667 0.009765625 0.0078125
0 0.5693359375 0.39453125 0.0048828125 0.009114583333333334
0 0.5595703125 0.3776041666666667 0.0029296875 0.005208333333333333
0 0.5556640625 0.4401041666666667 0.013671875 0.018229166666666668
0 0.5712890625 0.4153645833333333 0.01171875 0.01171875
0 0.6201171875 0.3893229166666667 0.005859375 0.0078125
0 0.6142578125 0.4075520833333333 0.0068359375 0.013020833333333334
0 0.615234375 0.3932291666666667 0.0048828125 0.005208333333333333
0 0.609375 0.3776041666666667 0.0048828125 0.006510416666666667
0 0.5234375 0.4348958333333333 0.0087890625 0.015625
0 0.5283203125 0.4192708333333333 0.0107421875 0.015625
0 0.53515625 0.40234375 0.0048828125 0.005208333333333333
0 0.546875 0.3828125 0.001953125 0.0026041666666666665
0 0.6376953125 0.3671875 0.0048828125 0.0078125
0 0.65625 0.3684895833333333 0.0029296875 0.00390625
0 0.6630859375 0.3684895833333333 0.0029296875 0.005208333333333333
0 0.646484375 0.3828125 0.0048828125 0.005208333333333333
0 0.650390625 0.390625 0.005859375 0.009114583333333334
0 0.6669921875 0.38671875 0.005859375 0.0078125
0 0.68359375 0.3723958333333333 0.00390625 0.005208333333333333
0 0.6328125 0.3684895833333333 0.0029296875 0.00390625
0 0.693359375 0.3723958333333333 0.001953125 0.00390625
0 0.6982421875 0.3736979166666667 0.00390625 0.006510416666666667
0 0.705078125 0.3723958333333333 0.00390625 0.006510416666666667
0 0.7138671875 0.37109375 0.00390625 0.006510416666666667
0 0.7197265625 0.3684895833333333 0.00390625 0.0078125
0 0.6875 0.3645833333333333 0.0029296875 0.005208333333333333
0 0.669921875 0.37109375 0.0029296875 0.00390625
0 0.736328125 0.375 0.0029296875 0.005208333333333333
0 0.7412109375 0.3684895833333333 0.0029296875 0.006510416666666667
0 0.751953125 0.3697916666666667 0.00390625 0.006510416666666667
0 0.759765625 0.3645833333333333 0.00390625 0.005208333333333333
0 0.7392578125 0.3841145833333333 0.00390625 0.005208333333333333
0 0.73046875 0.3854166666666667 0.0048828125 0.006510416666666667
0 0.705078125 0.38671875 0.0048828125 0.005208333333333333
0 0.708984375 0.3932291666666667 0.005859375 0.0078125
0 0.6904296875 0.3880208333333333 0.0048828125 0.006510416666666667
0 0.6943359375 0.39453125 0.005859375 0.009114583333333334
0 0.68359375 0.390625 0.0048828125 0.010416666666666666
0 0.67578125 0.4049479166666667 0.0048828125 0.006510416666666667
0 0.67578125 0.3893229166666667 0.005859375 0.0078125
0 0.7138671875 0.4049479166666667 0.0087890625 0.013020833333333334
0 0.71875 0.4036458333333333 0.005859375 0.01171875
0 0.7158203125 0.3958333333333333 0.0048828125 0.006510416666666667
0 0.7275390625 0.4036458333333333 0.0087890625 0.010416666666666666
0 0.7373046875 0.3971354166666667 0.005859375 0.010416666666666666
0 0.740234375 0.390625 0.005859375 0.009114583333333334
0 0.748046875 0.3932291666666667 0.0068359375 0.009114583333333334
0 0.75390625 0.4049479166666667 0.0048828125 0.0078125
0 0.7578125 0.4010416666666667 0.0048828125 0.01171875
0 0.7607421875 0.3763020833333333 0.0048828125 0.005208333333333333
0 0.76953125 0.3815104166666667 0.0068359375 0.010416666666666666
0 0.7802734375 0.37890625 0.0048828125 0.0078125
0 0.775390625 0.3984375 0.0068359375 0.006510416666666667
0 0.771484375 0.3723958333333333 0.0029296875 0.00390625
0 0.78515625 0.390625 0.0048828125 0.006510416666666667
0 0.7861328125 0.4075520833333333 0.009765625 0.014322916666666666
0 0.7666015625 0.4270833333333333 0.0087890625 0.015625
0 0.744140625 0.4244791666666667 0.013671875 0.016927083333333332
0 0.751953125 0.4205729166666667 0.0087890625 0.020833333333333332
0 0.72265625 0.4322916666666667 0.015625 0.018229166666666668
0 0.705078125 0.4192708333333333 0.0048828125 0.0078125
0 0.712890625 0.4309895833333333 0.005859375 0.015625
0 0.6650390625 0.4127604166666667 0.0107421875 0.016927083333333332
0 0.65625 0.4114583333333333 0.0087890625 0.014322916666666666
0 0.662109375 0.3971354166666667 0.0068359375 0.0078125
0 0.6591796875 0.3893229166666667 0.0048828125 0.005208333333333333
0 0.6396484375 0.4075520833333333 0.0078125 0.009114583333333334
0 0.64453125 0.4166666666666667 0.009765625 0.010416666666666666
0 0.623046875 0.4518229166666667 0.015625 0.022135416666666668
0 0.6376953125 0.3958333333333333 0.0087890625 0.010416666666666666
0 0.662109375 0.37890625 0.0029296875 0.00390625
0 0.7451171875 0.4557291666666667 0.0146484375 0.026041666666666668
0 0.7333984375 0.47265625 0.015625 0.028645833333333332
0 0.7001953125 0.4479166666666667 0.0107421875 0.020833333333333332
0 0.6962890625 0.42578125 0.0107421875 0.016927083333333332
0 0.6796875 0.4192708333333333 0.0068359375 0.0078125
0 0.6787109375 0.4283854166666667 0.005859375 0.006510416666666667
0 0.6865234375 0.4518229166666667 0.0166015625 0.028645833333333332
0 0.673828125 0.4505208333333333 0.0087890625 0.015625
0 0.66796875 0.4375 0.0087890625 0.015625
0 0.658203125 0.4244791666666667 0.0078125 0.009114583333333334
0 0.6572265625 0.4440104166666667 0.009765625 0.018229166666666668
0 0.6435546875 0.4375 0.0078125 0.015625
0 0.634765625 0.44921875 0.0126953125 0.02734375
0 0.6259765625 0.4010416666666667 0.0029296875 0.005208333333333333
0 0.62890625 0.4270833333333333 0.015625 0.014322916666666666
0 0.720703125 0.3763020833333333 0.00390625 0.005208333333333333
0 0.6728515625 0.3697916666666667 0.0029296875 0.00390625
0 0.708984375 0.3658854166666667 0.00390625 0.005208333333333333
0 0.716796875 0.390625 0.0048828125 0.005208333333333333
0 0.755859375 0.37890625 0.00390625 0.005208333333333333
0 0.76953125 0.3932291666666667 0.005859375 0.010416666666666666
0 0.7705078125 0.46875 0.017578125 0.032552083333333336
0 0.7802734375 0.42578125 0.01171875 0.022135416666666668
0 0.7958984375 0.4427083333333333 0.013671875 0.0234375
0 0.787109375 0.4401041666666667 0.009765625 0.016927083333333332
0 0.826171875 0.4544270833333333 0.01171875 0.014322916666666666
0 0.8212890625 0.4348958333333333 0.0126953125 0.015625
0 0.8154296875 0.4153645833333333 0.013671875 0.016927083333333332
0 0.8408203125 0.4244791666666667 0.01171875 0.01953125
0 0.8505859375 0.4140625 0.0068359375 0.013020833333333334
0 0.8583984375 0.41796875 0.0068359375 0.01171875
0 0.8671875 0.4244791666666667 0.0107421875 0.016927083333333332
0 0.8828125 0.4348958333333333 0.0166015625 0.024739583333333332
0 0.873046875 0.4049479166666667 0.0107421875 0.015625
0 0.828125 0.4075520833333333 0.0068359375 0.01171875
0 0.80078125 0.41015625 0.009765625 0.013020833333333334
0 0.80859375 0.39453125 0.005859375 0.009114583333333334
0 0.8203125 0.390625 0.0029296875 0.009114583333333334
0 0.7919921875 0.375 0.00390625 0.0078125
0 0.7958984375 0.3658854166666667 0.0029296875 0.00390625
0 0.8017578125 0.3671875 0.001953125 0.00390625
0 0.79296875 0.3880208333333333 0.00390625 0.00390625
0 0.80078125 0.39453125 0.0078125 0.009114583333333334
0 0.81640625 0.3697916666666667 0.0048828125 0.006510416666666667
0 0.822265625 0.3671875 0.00390625 0.006510416666666667
0 0.8193359375 0.3854166666666667 0.00390625 0.005208333333333333
0 0.82421875 0.37890625 0.0048828125 0.0078125
0 0.8349609375 0.3697916666666667 0.00390625 0.006510416666666667
0 0.8447265625 0.3645833333333333 0.0029296875 0.0078125
0 0.857421875 0.38671875 0.0029296875 0.005208333333333333
0 0.8662109375 0.3815104166666667 0.0029296875 0.005208333333333333
0 0.8779296875 0.3828125 0.0048828125 0.005208333333333333
0 0.865234375 0.3932291666666667 0.0087890625 0.014322916666666666
0 0.8388671875 0.39453125 0.005859375 0.010416666666666666
0 0.896484375 0.39453125 0.0078125 0.014322916666666666
0 0.90234375 0.4075520833333333 0.009765625 0.010416666666666666
0 0.9130859375 0.4049479166666667 0.0068359375 0.015625
0 0.900390625 0.3958333333333333 0.005859375 0.009114583333333334
0 0.9267578125 0.4270833333333333 0.01171875 0.018229166666666668
0 0.904296875 0.4231770833333333 0.0078125 0.010416666666666666
0 0.91015625 0.4361979166666667 0.009765625 0.014322916666666666
0 0.890625 0.4166666666666667 0.0107421875 0.013020833333333334
0 0.896484375 0.44140625 0.0126953125 0.02734375
0 0.912109375 0.4596354166666667 0.0166015625 0.01953125
0 0.8779296875 0.3645833333333333 0.0029296875 0.00390625
0 0.8857421875 0.375 0.0029296875 0.0026041666666666665
0 0.8759765625 0.3919270833333333 0.0029296875 0.005208333333333333
0 0.84375 0.3958333333333333 0.0029296875 0.0026041666666666665
0 0.8466796875 0.40234375 0.005859375 0.0078125
0 0.9140625 0.3567708333333333 0.0029296875 0.00390625
0 0.939453125 0.3971354166666667 0.0078125 0.015625
0 0.9365234375 0.3841145833333333 0.005859375 0.009114583333333334
0 0.9345703125 0.3684895833333333 0.0029296875 0.00390625
0 0.9482421875 0.3984375 0.005859375 0.010416666666666666
0 0.9345703125 0.4752604166666667 0.0185546875 0.03125
0 0.861328125 0.3736979166666667 0.001953125 0.0026041666666666665
0 0.9638671875 0.3619791666666667 0.0029296875 0.005208333333333333
0 0.9677734375 0.3932291666666667 0.0048828125 0.009114583333333334
0 0.9560546875 0.3697916666666667 0.0029296875 0.00390625
0 0.9541015625 0.359375 0.0048828125 0.006510416666666667
0 0.970703125 0.37109375 0.00390625 0.006510416666666667
0 0.966796875 0.3763020833333333 0.00390625 0.005208333333333333
0 0.9375 0.4309895833333333 0.0078125 0.010416666666666666
0 0.92578125 0.38671875 0.0029296875 0.0078125
0 0.91015625 0.3776041666666667 0.0068359375 0.009114583333333334
0 0.96484375 0.40625 0.0029296875 0.00390625
0 0.9404296875 0.4127604166666667 0.0078125 0.013020833333333334
0 0.9638671875 0.4674479166666667 0.0224609375 0.0390625
0 0.953125 0.4270833333333333 0.0146484375 0.022135416666666668
0 0.9560546875 0.4518229166666667 0.0166015625 0.02734375
0 0.9736328125 0.4244791666666667 0.0068359375 0.016927083333333332
0 0.9736328125 0.4075520833333333 0.0048828125 0.013020833333333334
0 0.9150390625 0.4869791666666667 0.01953125 0.03515625
0 0.8427734375 0.4700520833333333 0.01953125 0.03515625
0 0.828125 0.4856770833333333 0.0234375 0.0390625
0 0.79296875 0.4075520833333333 0.00390625 0.0078125
0 0.662109375 0.484375 0.01953125 0.037760416666666664
0 0.666015625 0.4505208333333333 0.005859375 0.0078125
0 0.578125 0.4791666666666667 0.01953125 0.040364583333333336
0 0.5927734375 0.4700520833333333 0.0107421875 0.01953125
0 0.599609375 0.4609375 0.0107421875 0.016927083333333332
0 0.5732421875 0.44921875 0.0146484375 0.015625
0 0.541015625 0.4361979166666667 0.0107421875 0.014322916666666666
0 0.5419921875 0.4518229166666667 0.01171875 0.014322916666666666
0 0.556640625 0.4700520833333333 0.013671875 0.024739583333333332
0 0.533203125 0.4752604166666667 0.0146484375 0.01953125
0 0.529296875 0.4427083333333333 0.0068359375 0.016927083333333332
0 0.51953125 0.4622395833333333 0.015625 0.026041666666666668
0 0.4951171875 0.46484375 0.013671875 0.0234375
0 0.505859375 0.453125 0.0087890625 0.018229166666666668
0 0.5029296875 0.5026041666666666 0.0234375 0.037760416666666664
0 0.5048828125 0.47265625 0.009765625 0.013020833333333334
0 0.474609375 0.484375 0.015625 0.022135416666666668
0 0.4638671875 0.4622395833333333 0.0126953125 0.016927083333333332
0 0.4833984375 0.44921875 0.009765625 0.013020833333333334
0 0.4892578125 0.4322916666666667 0.009765625 0.01171875
0 0.5029296875 0.4322916666666667 0.0107421875 0.015625
0 0.5126953125 0.4283854166666667 0.0078125 0.01171875
0 0.4970703125 0.40625 0.0068359375 0.0078125
0 0.443359375 0.4622395833333333 0.01171875 0.014322916666666666
0 0.455078125 0.4140625 0.009765625 0.014322916666666666
0 0.46875 0.375 0.0048828125 0.005208333333333333
0 0.46875 0.3841145833333333 0.0048828125 0.010416666666666666
0 0.48046875 0.37109375 0.0029296875 0.00390625
0 0.4814453125 0.3854166666666667 0.00390625 0.005208333333333333
0 0.484375 0.3880208333333333 0.0029296875 0.005208333333333333
0 0.4814453125 0.39453125 0.0078125 0.010416666666666666
0 0.521484375 0.3828125 0.005859375 0.006510416666666667
0 0.498046875 0.3971354166666667 0.00390625 0.005208333333333333
0 0.462890625 0.3958333333333333 0.00390625 0.009114583333333334
0 0.42578125 0.5130208333333334 0.01953125 0.037760416666666664
0 0.2841796875 0.4388020833333333 0.0048828125 0.0078125
0 0.353515625 0.4401041666666667 0.0146484375 0.015625
0 0.388671875 0.4778645833333333 0.0146484375 0.022135416666666668
0 0.439453125 0.4205729166666667 0.0087890625 0.01171875
0 0.3935546875 0.4309895833333333 0.0087890625 0.010416666666666666
0 0.32421875 0.4296875 0.005859375 0.010416666666666666
0 0.328125 0.4270833333333333 0.005859375 0.009114583333333334
0 0.4140625 0.203125 0.00390625 0.00390625
0 0.40234375 0.21484375 0.00390625 0.005208333333333333
0 0.482421875 0.203125 0.0048828125 0.006510416666666667
0 0.4658203125 0.21223958333333334 0.0029296875 0.005208333333333333
0 0.4912109375 0.20442708333333334 0.0029296875 0.005208333333333333
0 0.498046875 0.19921875 0.0029296875 0.005208333333333333
0 0.5087890625 0.20442708333333334 0.0029296875 0.005208333333333333
0 0.5576171875 0.19921875 0.0029296875 0.005208333333333333
0 0.5634765625 0.20442708333333334 0.0029296875 0.005208333333333333
0 0.58203125 0.20442708333333334 0.00390625 0.006510416666666667
0 0.6220703125 0.20572916666666666 0.00390625 0.005208333333333333
0 0.75 0.4947916666666667 0.021484375 0.03515625