0 0.84375 0.6573529411764706 0.0888671875 0.15441176470588236
0 0.8408203125 0.47058823529411764 0.05859375 0.09117647058823529
0 0.958984375 0.4823529411764706 0.0634765625 0.09852941176470588
0 0.986328125 0.5691176470588235 0.02734375 0.11323529411764706
0 0.943359375 0.4411764705882353 0.0400390625 0.0838235294117647
0 0.8876953125 0.4426470588235294 0.015625 0.04264705882352941
0 0.7490234375 0.4632352941176471 0.044921875 0.07647058823529412
0 0.6826171875 0.4970588235294118 0.0625 0.09117647058823529
0 0.57421875 0.5779411764705882 0.0703125 0.10882352941176471
0 0.4248046875 0.6897058823529412 0.087890625 0.1411764705882353
0 0.2978515625 0.3735294117647059 0.0693359375 0.11764705882352941
0 0.3818359375 0.38676470588235295 0.0234375 0.039705882352941174
0 0.0341796875 0.5691176470588235 0.0439453125 0.08088235294117647
0 0.130859375 0.5602941176470588 0.046875 0.07352941176470588
0 0.2275390625 0.39705882352941174 0.017578125 0.030882352941176472
0 0.1953125 0.4161764705882353 0.017578125 0.027941176470588237
0 0.076171875 0.45588235294117646 0.0244140625 0.03823529411764706
0 0.0908203125 0.4411764705882353 0.013671875 0.026470588235294117
0 0.1064453125 0.45588235294117646 0.0185546875 0.03529411764705882
0 0.033203125 0.4441176470588235 0.0205078125 0.030882352941176472
0 0.130859375 0.4485294117647059 0.0166015625 0.03235294117647059
0 0.328125 0.42058823529411765 0.029296875 0.047058823529411764
0 0.076171875 0.41323529411764703 0.015625 0.027941176470588237