0 0.5439453125 0.6701388888888888 0.0126953125 0.03298611111111111
0 0.486328125 0.6805555555555556 0.0146484375 0.027777777777777776
0 0.4375 0.6753472222222222 0.0126953125 0.024305555555555556
0 0.4013671875 0.6892361111111112 0.013671875 0.027777777777777776
0 0.76171875 0.7430555555555556 0.0048828125 0.010416666666666666
0 0.77734375 0.7465277777777778 0.005859375 0.013888888888888888
0 0.8017578125 0.7482638888888888 0.0068359375 0.013888888888888888
0 0.82421875 0.7482638888888888 0.0068359375 0.013888888888888888
0 0.8388671875 0.7430555555555556 0.00390625 0.008680555555555556
0 0.8701171875 0.7100694444444444 0.009765625 0.019097222222222224
0 0.2216796875 0.7100694444444444 0.009765625 0.024305555555555556
0 0.341796875 0.7309027777777778 0.0068359375 0.015625
0 0.3837890625 0.6961805555555556 0.01171875 0.026041666666666668