0 0.9873046875 0.21483375959079284 0.0244140625 0.04603580562659847
0 0.966796875 0.05754475703324808 0.044921875 0.06649616368286446
0 0.90234375 0.07161125319693094 0.041015625 0.061381074168797956
0 0.9140625 0.19309462915601022 0.05859375 0.10358056265984655
0 0.962890625 0.1815856777493606 0.02734375 0.04859335038363171
0 0.818359375 0.06777493606138107 0.0302734375 0.05754475703324808
0 0.8427734375 0.16751918158567775 0.0537109375 0.10358056265984655
0 0.7685546875 0.09207161125319693 0.0361328125 0.06521739130434782
0 0.7978515625 0.20460358056265984 0.044921875 0.06265984654731457
0 0.6669921875 0.08951406649616368 0.0615234375 0.10997442455242967
0 0.5732421875 0.017902813299232736 0.0341796875 0.03580562659846547
0 0.5908203125 0.08056265984654731 0.0390625 0.058823529411764705
0 0.458984375 0.10358056265984655 0.052734375 0.08567774936061381
0 0.5205078125 0.11508951406649616 0.0458984375 0.08823529411764706
0 0.4892578125 0.017902813299232736 0.03515625 0.0370843989769821
0 0.435546875 0.016624040920716114 0.03125 0.034526854219948847
0 0.458984375 0.23529411764705882 0.0576171875 0.07544757033248081
0 0.3759765625 0.015345268542199489 0.03515625 0.0319693094629156
0 0.279296875 0.030690537084398978 0.0439453125 0.06265984654731457
0 0.3134765625 0.05754475703324808 0.0439453125 0.05370843989769821
0 0.3134765625 0.14066496163682865 0.0439453125 0.08312020460358056
0 0.267578125 0.16112531969309463 0.052734375 0.09207161125319693
0 0.1865234375 0.17263427109974425 0.0419921875 0.0639386189258312
0 0.205078125 0.01918158567774936 0.0390625 0.03964194373401535
0 0.140625 0.034526854219948847 0.03125 0.056265984654731455
0 0.115234375 0.06521739130434782 0.0390625 0.054987212276214836
0 0.134765625 0.1445012787723785 0.0439453125 0.08951406649616368
0 0.044921875 0.13682864450127877 0.0546875 0.08439897698209718
0 0.65234375 0.4475703324808184 0.0400390625 0.06777493606138107
0 0.369140625 0.44501278772378516 0.0078125 0.015345268542199489