0 0.0185546875 0.4652777777777778 0.0126953125 0.029513888888888888
0 0.09765625 0.4166666666666667 0.013671875 0.03125
0 0.1533203125 0.3854166666666667 0.0146484375 0.03298611111111111
0 0.244140625 0.3315972222222222 0.0166015625 0.03298611111111111
0 0.29296875 0.2934027777777778 0.013671875 0.03125
0 0.83984375 0.4930555555555556 0.0166015625 0.03125
0 0.85546875 0.546875 0.0166015625 0.03819444444444445
0 0.8701171875 0.578125 0.015625 0.034722222222222224
0 0.79296875 0.4583333333333333 0.0126953125 0.03298611111111111
0 0.79296875 0.4149305555555556 0.0126953125 0.027777777777777776
0 0.765625 0.3767361111111111 0.0126953125 0.034722222222222224
0 0.765625 0.3177083333333333 0.01171875 0.03125
0 0.7685546875 0.2690972222222222 0.01171875 0.029513888888888888
0 0.9248046875 0.3038194444444444 0.0146484375 0.03298611111111111