0 0.220703125 0.22175141242937854 0.04296875 0.07909604519774012
0 0.35546875 0.3121468926553672 0.0390625 0.062146892655367235
0 0.2998046875 0.18361581920903955 0.0302734375 0.07768361581920905
0 0.3408203125 0.08898305084745763 0.0419921875 0.08898305084745763
0 0.4931640625 0.2556497175141243 0.04296875 0.0847457627118644
0 0.580078125 0.1963276836158192 0.0361328125 0.0748587570621469
0 0.67578125 0.17231638418079095 0.0400390625 0.07909604519774012
0 0.572265625 0.09180790960451977 0.0419921875 0.08333333333333333
0 0.3427734375 0.02401129943502825 0.0400390625 0.0480225988700565
0 0.435546875 0.03531073446327684 0.0380859375 0.07062146892655367
0 0.4609375 0.043785310734463276 0.0439453125 0.07627118644067797
0 0.6474609375 0.0423728813559322 0.0390625 0.0847457627118644
0 0.7021484375 0.01977401129943503 0.01953125 0.03672316384180791
0 0.98046875 0.026836158192090395 0.025390625 0.046610169491525424
0 0.9072265625 0.0635593220338983 0.017578125 0.03672316384180791
0 0.8037109375 0.018361581920903956 0.0234375 0.038135593220338986