0 0.03125 0.08638360175695461 0.0185546875 0.03513909224011713
0 0.1142578125 0.09077598828696926 0.0107421875 0.016105417276720352
0 0.1513671875 0.08638360175695461 0.0244140625 0.0424597364568082
0 0.1826171875 0.08784773060029283 0.0107421875 0.01903367496339678
0 0.2099609375 0.10102489019033675 0.0244140625 0.043923865300146414
0 0.2451171875 0.07906295754026355 0.0224609375 0.0424597364568082
0 0.2744140625 0.08784773060029283 0.0283203125 0.04685212298682284
0 0.3115234375 0.10248901903367497 0.009765625 0.024890190336749635
0 0.3203125 0.08638360175695461 0.0126953125 0.024890190336749635
0 0.310546875 0.06442166910688141 0.013671875 0.029282576866764276
0 0.3466796875 0.16251830161054173 0.0185546875 0.03367496339677892
0 0.3837890625 0.07174231332357248 0.037109375 0.06588579795021962
0 0.42578125 0.09370424597364568 0.0244140625 0.048316251830161056
0 0.5283203125 0.17862371888726208 0.0341796875 0.0951683748169839
0 0.548828125 0.2005856515373353 0.044921875 0.09956076134699854
0 0.5830078125 0.19472913616398244 0.021484375 0.0629575402635432
0 0.5966796875 0.1595900439238653 0.033203125 0.06734992679355783
0 0.6005859375 0.2240117130307467 0.04296875 0.06734992679355783
0 0.66796875 0.17423133235724744 0.03515625 0.07027818448023426
0 0.7001953125 0.16691068814055637 0.0283203125 0.0629575402635432
0 0.7578125 0.1698389458272328 0.02734375 0.060029282576866766
0 0.7822265625 0.17276720351390923 0.033203125 0.05417276720351391
0 0.86328125 0.17862371888726208 0.0400390625 0.07759882869692533
0 0.8388671875 0.23718887262079064 0.0283203125 0.048316251830161056
0 0.7578125 0.28989751098096633 0.0419921875 0.05856515373352855
0 0.9140625 0.1259150805270864 0.072265625 0.12298682284040996
0 0.970703125 0.1171303074670571 0.025390625 0.040995607613469986
0 0.994140625 0.13177159590043924 0.0107421875 0.032210834553440704
0 0.9931640625 0.1683748169838946 0.0107421875 0.03074670571010249