0 0.0390625 0.030791788856304986 0.0380859375 0.06158357771260997
0 0.1142578125 0.05571847507331378 0.037109375 0.060117302052785926
0 0.16796875 0.08797653958944282 0.0419921875 0.08651026392961877
0 0.2255859375 0.039589442815249266 0.0263671875 0.05571847507331378
0 0.2734375 0.0689149560117302 0.0166015625 0.039589442815249266
0 0.3603515625 0.04105571847507331 0.0517578125 0.08357771260997067
0 0.2001953125 0.24193548387096775 0.1181640625 0.23607038123167157
0 0.59375 0.25806451612903225 0.1201171875 0.25806451612903225
0 0.7978515625 0.14809384164222875 0.1298828125 0.2434017595307918
0 0.900390625 0.1217008797653959 0.0537109375 0.09970674486803519
0 0.931640625 0.15249266862170088 0.0283203125 0.06158357771260997
0 0.966796875 0.1348973607038123 0.0224609375 0.0469208211143695
0 0.98828125 0.1466275659824047 0.0234375 0.06304985337243402
0 0.9677734375 0.06744868035190615 0.0234375 0.039589442815249266
0 0.8505859375 0.045454545454545456 0.029296875 0.07917888563049853
0 0.697265625 0.0718475073313783 0.0263671875 0.04985337243401759
0 0.6708984375 0.07331378299120235 0.0224609375 0.039589442815249266
0 0.7109375 0.024926686217008796 0.0361328125 0.04838709677419355
0 0.6162109375 0.10997067448680352 0.0859375 0.14809384164222875
0 0.5458984375 0.05718475073313783 0.033203125 0.07038123167155426
0 0.51953125 0.04985337243401759 0.013671875 0.02785923753665689
0 0.4033203125 0.045454545454545456 0.037109375 0.07771260997067449