0 0.31640625 0.4444444444444444 0.0439453125 0.06818181818181818
0 0.4326171875 0.46085858585858586 0.04296875 0.06944444444444445
0 0.3955078125 0.4444444444444444 0.0322265625 0.06186868686868687
0 0.3359375 0.3952020202020202 0.021484375 0.03409090909090909
0 0.546875 0.4393939393939394 0.041015625 0.059343434343434344
0 0.1708984375 0.39646464646464646 0.0263671875 0.06565656565656566
0 0.5556640625 0.3472222222222222 0.041015625 0.07954545454545454
0 0.5888671875 0.3787878787878788 0.0185546875 0.03409090909090909
0 0.6298828125 0.4090909090909091 0.021484375 0.04040404040404041
0 0.6943359375 0.3686868686868687 0.017578125 0.027777777777777776
0 0.7841796875 0.398989898989899 0.0263671875 0.06818181818181818
0 0.7705078125 0.3446969696969697 0.013671875 0.023989898989898988
0 0.3837890625 0.3611111111111111 0.0234375 0.04040404040404041