0 0.1865234375 0.7013177159590044 0.02734375 0.040995607613469986
0 0.205078125 0.5051244509516838 0.0224609375 0.03513909224011713
0 0.09765625 0.48755490483162517 0.0224609375 0.03513909224011713
0 0.044921875 0.4128843338213763 0.0205078125 0.043923865300146414
0 0.0302734375 0.3557833089311859 0.013671875 0.03367496339677892
0 0.1015625 0.3850658857979502 0.0244140625 0.04978038067349927
0 0.1767578125 0.4158125915080527 0.021484375 0.0424597364568082
0 0.2646484375 0.40995607613469986 0.021484375 0.04685212298682284
0 0.2626953125 0.3323572474377745 0.021484375 0.0424597364568082
0 0.17578125 0.30161054172767204 0.021484375 0.043923865300146414
0 0.197265625 0.3191800878477306 0.017578125 0.03367496339677892
0 0.1884765625 0.25768667642752563 0.0185546875 0.036603221083455345
0 0.197265625 0.22840409956076135 0.0166015625 0.032210834553440704
0 0.2705078125 0.25329428989751096 0.021484375 0.03953147877013177
0 0.125 0.2957540263543192 0.01953125 0.03806734992679356
0 0.09375 0.3308931185944363 0.0224609375 0.036603221083455345
0 0.044921875 0.29282576866764276 0.021484375 0.043923865300146414
0 0.048828125 0.2635431918008785 0.0185546875 0.024890190336749635
0 0.068359375 0.2240117130307467 0.017578125 0.03953147877013177
0 0.083984375 0.17569546120058566 0.0185546875 0.03367496339677892
0 0.1396484375 0.22108345534407028 0.015625 0.02342606149341142
0 0.234375 0.20790629575402636 0.0166015625 0.03074670571010249
0 0.2890625 0.23572474377745242 0.017578125 0.03806734992679356
0 0.291015625 0.19326500732064422 0.0205078125 0.036603221083455345
0 0.3466796875 0.42020497803806733 0.0205078125 0.03513909224011713
0 0.4306640625 0.3718887262079063 0.0224609375 0.04978038067349927
0 0.4453125 0.2986822840409956 0.0205078125 0.040995607613469986
0 0.3466796875 0.34553440702781846 0.01953125 0.04538799414348463
0 0.357421875 0.3118594436310395 0.017578125 0.03367496339677892
0 0.3515625 0.27379209370424595 0.017578125 0.029282576866764276
0 0.421875 0.2547584187408492 0.017578125 0.036603221083455345
0 0.427734375 0.212298682284041 0.0185546875 0.03367496339677892
0 0.3486328125 0.2108345534407028 0.0185546875 0.03953147877013177
0 0.4365234375 0.17715959004392387 0.0166015625 0.036603221083455345
0 0.3681640625 0.16251830161054173 0.015625 0.03806734992679356
0 0.4931640625 0.1683748169838946 0.017578125 0.029282576866764276
0 0.294921875 0.12445095168374817 0.0166015625 0.03513909224011713
0 0.2890625 0.09956076134699854 0.013671875 0.03074670571010249
0 0.3056640625 0.10248901903367497 0.013671875 0.03074670571010249
0 0.30078125 0.07613469985358712 0.0107421875 0.017569546120058566
0 0.298828125 0.04978038067349927 0.013671875 0.02342606149341142
0 0.3037109375 0.02635431918008785 0.0107421875 0.01903367496339678
0 0.302734375 0.005856515373352855 0.0126953125 0.01171303074670571
0 0.3134765625 0.008784773060029283 0.009765625 0.014641288433382138
0 0.3076171875 0.02635431918008785 0.0068359375 0.020497803806734993
0 0.25390625 0.010248901903367497 0.013671875 0.020497803806734993
0 0.2470703125 0.036603221083455345 0.0126953125 0.020497803806734993
0 0.236328125 0.0527086383601757 0.0107421875 0.020497803806734993
0 0.25 0.07613469985358712 0.0146484375 0.03074670571010249
0 0.23046875 0.08638360175695461 0.0146484375 0.032210834553440704
0 0.1982421875 0.03513909224011713 0.013671875 0.02342606149341142
0 0.15625 0.029282576866764276 0.013671875 0.024890190336749635
0 0.138671875 0.04538799414348463 0.0146484375 0.029282576866764276
0 0.1142578125 0.05124450951683748 0.009765625 0.029282576866764276
0 0.17578125 0.07613469985358712 0.0146484375 0.029282576866764276
0 0.1962890625 0.07320644216691069 0.0126953125 0.027818448023426062
0 0.2158203125 0.1478770131771596 0.015625 0.027818448023426062
0 0.1611328125 0.15226939970717424 0.017578125 0.03074670571010249
0 0.1416015625 0.16251830161054173 0.0146484375 0.02342606149341142
0 0.1513671875 0.15519765739385066 0.0107421875 0.02342606149341142
0 0.224609375 0.13616398243045388 0.0146484375 0.036603221083455345
0 0.3515625 0.11127379209370425 0.015625 0.029282576866764276
0 0.36328125 0.08638360175695461 0.013671875 0.02635431918008785
0 0.3681640625 0.060029282576866766 0.015625 0.03074670571010249
0 0.349609375 0.043923865300146414 0.0146484375 0.03074670571010249
0 0.361328125 0.013177159590043924 0.0107421875 0.027818448023426062
0 0.4169921875 0.013177159590043924 0.01171875 0.02635431918008785
0 0.4248046875 0.01171303074670571 0.0078125 0.020497803806734993
0 0.408203125 0.05710102489019034 0.0126953125 0.02635431918008785
0 0.419921875 0.07613469985358712 0.0146484375 0.024890190336749635
0 0.4140625 0.11127379209370425 0.0126953125 0.032210834553440704
0 0.3671875 0.016105417276720352 0.005859375 0.014641288433382138
0 0.4326171875 0.12005856515373353 0.0166015625 0.036603221083455345
0 0.46875 0.005856515373352855 0.0126953125 0.01171303074670571
0 0.494140625 0.04538799414348463 0.0126953125 0.02635431918008785
0 0.49609375 0.09224011713030747 0.0185546875 0.03074670571010249
0 0.5498046875 0.010248901903367497 0.0146484375 0.020497803806734993
0 0.51171875 0.004392386530014641 0.01171875 0.010248901903367497
0 0.61328125 0.005856515373352855 0.01171875 0.013177159590043924
0 0.599609375 0.036603221083455345 0.0126953125 0.024890190336749635
0 0.5751953125 0.03953147877013177 0.013671875 0.029282576866764276
0 0.552734375 0.0849194729136164 0.013671875 0.03074670571010249
0 0.537109375 0.12152269399707175 0.0126953125 0.02635431918008785
0 0.564453125 0.14641288433382138 0.015625 0.032210834553440704
0 0.5927734375 0.07027818448023426 0.0126953125 0.02635431918008785
0 0.5947265625 0.12884333821376281 0.0146484375 0.03367496339677892
0 0.5771484375 0.15373352855051245 0.0146484375 0.027818448023426062
0 0.5703125 0.18740849194729137 0.017578125 0.03953147877013177
0 0.6318359375 0.05417276720351391 0.01171875 0.020497803806734993
0 0.6484375 0.024890190336749635 0.013671875 0.017569546120058566
0 0.6513671875 0.05417276720351391 0.0166015625 0.029282576866764276
0 0.6513671875 0.07906295754026355 0.015625 0.03074670571010249
0 0.666015625 0.024890190336749635 0.009765625 0.010248901903367497
0 0.677734375 0.021961932650073207 0.0107421875 0.017569546120058566
0 0.666015625 0.11273792093704246 0.0146484375 0.03367496339677892
0 0.62890625 0.17423133235724744 0.0107421875 0.027818448023426062
0 0.64453125 0.17276720351390923 0.0166015625 0.032210834553440704
0 0.6474609375 0.1376281112737921 0.01171875 0.016105417276720352
0 0.5771484375 0.2547584187408492 0.0185546875 0.03074670571010249
0 0.6484375 0.23133235724743778 0.0166015625 0.03513909224011713
0 0.6630859375 0.24597364568081992 0.017578125 0.03513909224011713
0 0.6865234375 0.3074670571010249 0.0185546875 0.036603221083455345
0 0.6953125 0.3440702781844802 0.021484375 0.0424597364568082
0 0.5771484375 0.2913616398243045 0.015625 0.032210834553440704
0 0.5966796875 0.3294289897510981 0.0224609375 0.03806734992679356
0 0.60546875 0.34553440702781846 0.0234375 0.03806734992679356
0 0.626953125 0.46266471449487556 0.021484375 0.03367496339677892
0 0.7255859375 0.404099560761347 0.021484375 0.036603221083455345
0 0.7978515625 0.41142020497803805 0.01953125 0.043923865300146414
0 0.7900390625 0.34699853587115664 0.021484375 0.036603221083455345
0 0.76171875 0.3294289897510981 0.01953125 0.0424597364568082
0 0.7421875 0.30307467057101023 0.0185546875 0.03513909224011713
0 0.7373046875 0.23865300146412885 0.021484375 0.03806734992679356
0 0.72265625 0.2225475841874085 0.017578125 0.03513909224011713
0 0.837890625 0.5065885797950219 0.0205078125 0.032210834553440704
0 0.904296875 0.6661786237188873 0.0341796875 0.04978038067349927
0 0.986328125 0.6207906295754027 0.013671875 0.11566617862371889
0 0.955078125 0.5783308931185944 0.0107421875 0.1171303074670571
0 0.9765625 0.5812591508052709 0.0146484375 0.10248901903367497
0 0.8857421875 0.4055636896046852 0.01953125 0.04538799414348463
0 0.9609375 0.383601756954612 0.01953125 0.03953147877013177
0 0.984375 0.3953147877013177 0.01953125 0.0424597364568082
0 0.984375 0.32210834553440704 0.0166015625 0.03367496339677892
0 0.9091796875 0.34553440702781846 0.0185546875 0.03513909224011713
0 0.91015625 0.28550512445095166 0.0185546875 0.03513909224011713
0 0.9677734375 0.27379209370424595 0.0146484375 0.032210834553440704
0 0.990234375 0.28111273792093705 0.0166015625 0.032210834553440704
0 0.8408203125 0.3323572474377745 0.0166015625 0.03367496339677892
0 0.8271484375 0.2884333821376281 0.01953125 0.032210834553440704
0 0.9970703125 0.22693997071742314 0.0029296875 0.021961932650073207
0 0.9326171875 0.2445095168374817 0.0185546875 0.03513909224011713
0 0.896484375 0.28257686676427524 0.013671875 0.032210834553440704
0 0.8583984375 0.24011713030746706 0.0166015625 0.032210834553440704
0 0.8251953125 0.22547584187408493 0.01953125 0.036603221083455345
0 0.927734375 0.20497803806734993 0.015625 0.032210834553440704
0 0.904296875 0.18594436310395315 0.0146484375 0.027818448023426062
0 0.85546875 0.17423133235724744 0.017578125 0.03513909224011713
0 0.8408203125 0.1581259150805271 0.0146484375 0.032210834553440704
0 0.80078125 0.22108345534407028 0.0185546875 0.024890190336749635
0 0.7646484375 0.1815519765739385 0.017578125 0.03513909224011713
0 0.7607421875 0.15373352855051245 0.015625 0.027818448023426062
0 0.7412109375 0.12884333821376281 0.0126953125 0.029282576866764276
0 0.798828125 0.1259150805270864 0.015625 0.029282576866764276
0 0.8623046875 0.11420204978038068 0.015625 0.03513909224011713
0 0.9208984375 0.1390922401171303 0.015625 0.03367496339677892
0 0.7138671875 0.11127379209370425 0.0146484375 0.02635431918008785
0 0.7177734375 0.0629575402635432 0.015625 0.02635431918008785
0 0.70703125 0.048316251830161056 0.013671875 0.03367496339677892
0 0.6953125 0.05417276720351391 0.0087890625 0.024890190336749635
0 0.66015625 0.05710102489019034 0.0107421875 0.021961932650073207
0 0.6982421875 0.020497803806734993 0.013671875 0.024890190336749635
0 0.75390625 0.03513909224011713 0.013671875 0.02635431918008785
0 0.7607421875 0.048316251830161056 0.0146484375 0.03367496339677892
0 0.806640625 0.021961932650073207 0.0126953125 0.027818448023426062
0 0.8203125 0.01903367496339678 0.0107421875 0.024890190336749635
0 0.849609375 0.01171303074670571 0.0146484375 0.024890190336749635
0 0.853515625 0.05124450951683748 0.013671875 0.020497803806734993
0 0.8369140625 0.07027818448023426 0.013671875 0.03074670571010249
0 0.8193359375 0.06442166910688141 0.0126953125 0.02635431918008785
0 0.7958984375 0.07759882869692533 0.013671875 0.021961932650073207
0 0.796875 0.10248901903367497 0.0146484375 0.021961932650073207
0 0.85546875 0.09956076134699854 0.013671875 0.027818448023426062
0 0.876953125 0.07759882869692533 0.015625 0.027818448023426062
0 0.6845703125 0.1171303074670571 0.009765625 0.020497803806734993
0 0.8857421875 0.008784773060029283 0.015625 0.01903367496339678
0 0.912109375 0.0951683748169839 0.015625 0.03074670571010249
0 0.9287109375 0.043923865300146414 0.015625 0.029282576866764276
0 0.9658203125 0.12005856515373353 0.0146484375 0.032210834553440704
0 0.951171875 0.15373352855051245 0.0146484375 0.032210834553440704
0 0.9697265625 0.05856515373352855 0.01171875 0.02635431918008785
0 0.96484375 0.013177159590043924 0.0078125 0.013177159590043924
0 0.8798828125 0.3616398243045388 0.0224609375 0.040995607613469986
0 0.6376953125 0.3806734992679356 0.0146484375 0.03367496339677892
0 0.119140625 0.2635431918008785 0.01953125 0.036603221083455345