0 0.0947265625 0.31149927219796214 0.0556640625 0.0975254730713246
0 0.1533203125 0.27365356622998543 0.048828125 0.09606986899563319
0 0.181640625 0.2328966521106259 0.0400390625 0.08151382823871907
0 0.20703125 0.2590975254730713 0.02734375 0.053857350800582245
0 0.255859375 0.25181950509461426 0.0244140625 0.05822416302765648
0 0.310546875 0.2328966521106259 0.06640625 0.11062590975254731
0 0.4150390625 0.2576419213973799 0.02734375 0.053857350800582245
0 0.4677734375 0.2954876273653566 0.048828125 0.08733624454148471
0 0.4833984375 0.2052401746724891 0.0439453125 0.08005822416302766
0 0.5615234375 0.2445414847161572 0.0361328125 0.06841339155749636
0 0.568359375 0.19068413391557495 0.046875 0.08005822416302766
0 0.6865234375 0.22998544395924309 0.03125 0.056768558951965066
0 0.7421875 0.16593886462882096 0.0458984375 0.09315866084425037
0 0.79296875 0.21251819505094613 0.0380859375 0.07132459970887918
0 0.8408203125 0.22707423580786026 0.03515625 0.05967976710334789
0 0.8349609375 0.16302765647743814 0.025390625 0.039301310043668124
0 0.9267578125 0.1703056768558952 0.029296875 0.07132459970887918
0 0.9501953125 0.1615720524017467 0.05078125 0.08879184861717612
0 0.9921875 0.1586608442503639 0.0146484375 0.056768558951965066
0 0.060546875 0.2794759825327511 0.0537109375 0.08442503639010189