0 0.8671875 0.25220458553791886 0.0576171875 0.12169312169312169
0 0.943359375 0.5079365079365079 0.0693359375 0.13051146384479717
0 0.7900390625 0.36684303350970016 0.0546875 0.13227513227513227
0 0.7060546875 0.3562610229276896 0.0615234375 0.13756613756613756
0 0.6083984375 0.2839506172839506 0.056640625 0.12874779541446207
0 0.52734375 0.3562610229276896 0.0556640625 0.12522045855379188
0 0.412109375 0.31040564373897706 0.060546875 0.13756613756613756
0 0.283203125 0.4109347442680776 0.0546875 0.13403880070546736
0 0.326171875 0.3544973544973545 0.0458984375 0.12345679012345678
0 0.1396484375 0.41622574955908287 0.0556640625 0.12169312169312169
0 0.126953125 0.2962962962962963 0.06640625 0.14638447971781304
0 0.04296875 0.37213403880070545 0.056640625 0.13403880070546736
0 0.6630859375 0.32098765432098764 0.052734375 0.1128747795414462