0 0.1064453125 0.24413145539906103 0.0205078125 0.03755868544600939
0 0.0439453125 0.18779342723004694 0.0458984375 0.10485133020344288
0 0.1953125 0.1564945226917058 0.052734375 0.07511737089201878
0 0.2998046875 0.24100156494522693 0.076171875 0.09389671361502347
0 0.306640625 0.10328638497652583 0.0478515625 0.081377151799687
0 0.4072265625 0.1643192488262911 0.0400390625 0.07981220657276995
0 0.443359375 0.19405320813771518 0.017578125 0.0297339593114241
0 0.498046875 0.15023474178403756 0.0146484375 0.03599374021909233
0 0.5361328125 0.16588419405320814 0.0556640625 0.09389671361502347
0 0.5859375 0.1298904538341158 0.0234375 0.053208137715179966
0 0.609375 0.11737089201877934 0.015625 0.03599374021909233
0 0.6669921875 0.19092331768388107 0.0576171875 0.07198748043818466
0 0.7216796875 0.15492957746478872 0.0205078125 0.03912363067292645
0 0.75 0.1596244131455399 0.0458984375 0.09233176838810642
0 0.8134765625 0.1564945226917058 0.021484375 0.053208137715179966
0 0.8564453125 0.10954616588419405 0.02734375 0.054773082942097026
0 0.873046875 0.11424100156494522 0.009765625 0.026604068857589983
0 0.8994140625 0.10485133020344288 0.009765625 0.026604068857589983
0 0.890625 0.1643192488262911 0.0263671875 0.053208137715179966
0 0.8447265625 0.12206572769953052 0.009765625 0.026604068857589983
0 0.951171875 0.15179968701095461 0.041015625 0.09702660406885759
0 0.951171875 0.08294209702660407 0.0185546875 0.03599374021909233
0 0.0078125 0.21283255086071987 0.0166015625 0.0406885758998435