0 0.376953125 0.2635431918008785 0.04296875 0.0629575402635432
0 0.4130859375 0.23572474377745242 0.0400390625 0.08052708638360176
0 0.4677734375 0.23133235724743778 0.0419921875 0.0746705710102489
0 0.51953125 0.21522693997071743 0.05859375 0.09224011713030747
0 0.595703125 0.19326500732064422 0.052734375 0.10248901903367497
0 0.6669921875 0.18887262079062958 0.0615234375 0.09956076134699854
0 0.7470703125 0.22693997071742314 0.0625 0.10688140556368961
0 0.791015625 0.20644216691068815 0.037109375 0.06442166910688141
0 0.84765625 0.19326500732064422 0.068359375 0.10834553440702782
0 0.943359375 0.16544655929721816 0.052734375 0.09224011713030747
0 0.3291015625 0.26500732064421667 0.041015625 0.07759882869692533
0 0.080078125 0.27379209370424595 0.041015625 0.06588579795021962