0 0.08984375 0.22786458333333334 0.05078125 0.051432291666666664
0 0.203125 0.20052083333333334 0.0546875 0.050130208333333336
0 0.326171875 0.20703125 0.052734375 0.059244791666666664
0 0.4208984375 0.21419270833333334 0.0478515625 0.050130208333333336
0 0.505859375 0.24674479166666666 0.0595703125 0.061848958333333336
0 0.837890625 0.22265625 0.0595703125 0.052734375
0 0.751953125 0.25 0.0546875 0.049479166666666664
0 0.671875 0.2109375 0.052734375 0.049479166666666664
0 0.5771484375 0.22135416666666666 0.0517578125 0.048828125
0 0.0966796875 0.3287760416666667 0.0537109375 0.051432291666666664
0 0.2041015625 0.408203125 0.0576171875 0.055989583333333336
0 0.927734375 0.3958333333333333 0.056640625 0.044921875