0 0.98046875 0.5995449374288965 0.013671875 0.022753128555176336
0 0.9638671875 0.6222980659840728 0.0146484375 0.023890784982935155
0 0.9453125 0.646188850967008 0.0185546875 0.02957906712172924
0 0.9189453125 0.5290102389078498 0.0166015625 0.022753128555176336
0 0.900390625 0.5426621160409556 0.017578125 0.01820250284414107
0 0.8046875 0.46871444823663255 0.015625 0.015927189988623434
0 0.8466796875 0.571103526734926 0.0146484375 0.022753128555176336
0 0.833984375 0.5858930602957907 0.0185546875 0.02502844141069397
0 0.8310546875 0.6120591581342435 0.0185546875 0.023890784982935155
0 0.794921875 0.6279863481228669 0.0185546875 0.02502844141069397
0 0.6845703125 0.45733788395904434 0.0126953125 0.01820250284414107
0 0.560546875 0.4482366325369738 0.015625 0.017064846416382253
0 0.552734375 0.6848691695108078 0.0205078125 0.02502844141069397
0 0.384765625 0.6405005688282139 0.0224609375 0.030716723549488054
0 0.4609375 0.44141069397042093 0.0126953125 0.01820250284414107
0 0.3662109375 0.4402730375426621 0.013671875 0.020477815699658702
0 0.291015625 0.4334470989761092 0.01171875 0.017064846416382253
0 0.2412109375 0.621160409556314 0.021484375 0.026166097838452786
0 0.109375 0.6097838452787259 0.021484375 0.02161547212741752
0 0.2060546875 0.4391353811149033 0.0146484375 0.015927189988623434
0 0.19140625 0.4254835039817975 0.013671875 0.01478953356086462
0 0.185546875 0.45847554038680316 0.013671875 0.01820250284414107
0 0.1513671875 0.4653014789533561 0.0126953125 0.01820250284414107
0 0.13671875 0.44368600682593856 0.015625 0.01478953356086462
0 0.0986328125 0.447098976109215 0.0146484375 0.01820250284414107
0 0.1181640625 0.41751990898748575 0.0146484375 0.01820250284414107
0 0.1181640625 0.47667804323094426 0.013671875 0.02161547212741752
0 0.078125 0.4869169510807736 0.017578125 0.019340159271899887
0 0.05078125 0.4948805460750853 0.0166015625 0.020477815699658702
0 0.0615234375 0.45620022753128553 0.015625 0.022753128555176336
0 0.048828125 0.4118316268486917 0.0146484375 0.015927189988623434
0 0.0830078125 0.3845278725824801 0.0126953125 0.015927189988623434
0 0.025390625 0.4653014789533561 0.0126953125 0.019340159271899887
0 0.7158203125 0.6700796359499431 0.0244140625 0.038680318543799774
0 0.0185546875 0.5017064846416383 0.015625 0.02161547212741752
0 0.0107421875 0.43572241183162685 0.013671875 0.019340159271899887