0 0.03515625 0.4055636896046852 0.01953125 0.03806734992679356
0 0.07421875 0.3953147877013177 0.0205078125 0.03074670571010249
0 0.1083984375 0.40263543191800877 0.01953125 0.03074670571010249
0 0.1474609375 0.38799414348462663 0.01953125 0.029282576866764276
0 0.171875 0.37920937042459735 0.0283203125 0.05710102489019034
0 0.212890625 0.404099560761347 0.015625 0.03367496339677892
0 0.2421875 0.37774524158125916 0.0205078125 0.036603221083455345
0 0.0078125 0.37774524158125916 0.0078125 0.017569546120058566
0 0.263671875 0.3938506588579795 0.0146484375 0.024890190336749635
0 0.283203125 0.3953147877013177 0.021484375 0.03953147877013177
0 0.3310546875 0.3967789165446559 0.015625 0.03513909224011713
0 0.3505859375 0.38799414348462663 0.021484375 0.040995607613469986
0 0.47265625 0.38799414348462663 0.0224609375 0.048316251830161056
0 0.5048828125 0.3938506588579795 0.01953125 0.036603221083455345
0 0.5283203125 0.3967789165446559 0.0205078125 0.040995607613469986
0 0.4912109375 0.3923865300146413 0.01171875 0.03367496339677892
0 0.5517578125 0.40995607613469986 0.0146484375 0.027818448023426062
0 0.5732421875 0.3953147877013177 0.0146484375 0.024890190336749635
0 0.576171875 0.37774524158125916 0.0126953125 0.020497803806734993
0 0.6044921875 0.3733528550512445 0.0234375 0.04685212298682284
0 0.62890625 0.39970717423133234 0.0205078125 0.03806734992679356
0 0.6513671875 0.3850658857979502 0.0185546875 0.032210834553440704
0 0.6630859375 0.39824304538799415 0.0185546875 0.03953147877013177
0 0.71484375 0.4158125915080527 0.015625 0.029282576866764276
0 0.7275390625 0.4084919472913616 0.013671875 0.029282576866764276
0 0.775390625 0.38799414348462663 0.0146484375 0.03074670571010249
0 0.8056640625 0.3967789165446559 0.0146484375 0.03074670571010249
0 0.8203125 0.4011713030746706 0.015625 0.029282576866764276
0 0.845703125 0.39824304538799415 0.015625 0.027818448023426062