0 0.9462890625 0.25 0.0400390625 0.07396449704142012
0 0.92578125 0.3062130177514793 0.041015625 0.07988165680473373
0 0.8095703125 0.28106508875739644 0.03125 0.0695266272189349
0 0.7705078125 0.3165680473372781 0.0400390625 0.07100591715976332
0 0.6962890625 0.2943786982248521 0.0341796875 0.0695266272189349
0 0.5830078125 0.2618343195266272 0.044921875 0.08136094674556213
0 0.373046875 0.2603550295857988 0.04296875 0.08431952662721894
0 0.337890625 0.2440828402366864 0.0380859375 0.07840236686390532
0 0.24609375 0.3254437869822485 0.0390625 0.07396449704142012
0 0.10546875 0.29289940828402367 0.0458984375 0.08284023668639054
0 0.1279296875 0.2455621301775148 0.033203125 0.07248520710059171
0 0.5537109375 0.25 0.0322265625 0.0621301775147929
0 0.9482421875 0.05029585798816568 0.029296875 0.06804733727810651
0 0.904296875 0.04437869822485207 0.037109375 0.06804733727810651
0 0.78125 0.07396449704142012 0.0361328125 0.07100591715976332
0 0.7080078125 0.03254437869822485 0.0322265625 0.06360946745562131
0 0.6494140625 0.10207100591715976 0.0400390625 0.06360946745562131
0 0.677734375 0.01775147928994083 0.033203125 0.03698224852071006
0 0.5771484375 0.034023668639053255 0.03515625 0.0621301775147929
0 0.62890625 0.023668639053254437 0.025390625 0.04881656804733728
0 0.5087890625 0.1301775147928994 0.0380859375 0.07840236686390532
0 0.4384765625 0.09171597633136094 0.029296875 0.05917159763313609
0 0.46484375 0.022189349112426034 0.0322265625 0.04142011834319527
0 0.37109375 0.04585798816568047 0.0400390625 0.07248520710059171
0 0.3125 0.0621301775147929 0.0361328125 0.0650887573964497
0 0.2158203125 0.020710059171597635 0.03125 0.04142011834319527
0 0.2353515625 0.1227810650887574 0.0302734375 0.05621301775147929
0 0.1533203125 0.10207100591715976 0.0361328125 0.06656804733727811
0 0.0595703125 0.0621301775147929 0.0322265625 0.0650887573964497
0 0.630859375 0.8062130177514792 0.0986328125 0.1908284023668639
0 0.7568359375 0.03698224852071006 0.025390625 0.05029585798816568