0 0.978515625 0.15373563218390804 0.025390625 0.04885057471264368
0 0.8544921875 0.1724137931034483 0.0458984375 0.08189655172413793
0 0.8203125 0.2959770114942529 0.0419921875 0.05459770114942529
0 0.71875 0.1307471264367816 0.0224609375 0.05603448275862069
0 0.685546875 0.15373563218390804 0.029296875 0.05603448275862069
0 0.615234375 0.09339080459770115 0.037109375 0.06465517241379311
0 0.72265625 0.28879310344827586 0.037109375 0.05459770114942529
0 0.611328125 0.2672413793103448 0.041015625 0.06465517241379311
0 0.5634765625 0.12931034482758622 0.0224609375 0.05028735632183908
0 0.4599609375 0.1925287356321839 0.0341796875 0.07471264367816093
0 0.4033203125 0.14367816091954022 0.041015625 0.07758620689655173
0 0.3828125 0.13505747126436782 0.0380859375 0.07183908045977011
0 0.3662109375 0.23132183908045978 0.0390625 0.07327586206896551
0 0.5546875 0.3089080459770115 0.041015625 0.06465517241379311
0 0.1123046875 0.1968390804597701 0.0419921875 0.08045977011494253
0 0.216796875 0.17672413793103448 0.044921875 0.09339080459770115
0 0.265625 0.14224137931034483 0.0400390625 0.07614942528735633
0 0.80078125 0.5014367816091954 0.0224609375 0.031609195402298854