0 0.099609375 0.2139588100686499 0.05078125 0.06292906178489703
0 0.2919921875 0.2231121281464531 0.0576171875 0.08810068649885583
0 0.26953125 0.10640732265446225 0.04296875 0.06636155606407322
0 0.3798828125 0.09382151029748284 0.0458984375 0.07322654462242563
0 0.4609375 0.08924485125858124 0.0517578125 0.07437070938215103
0 0.494140625 0.14073226544622425 0.0478515625 0.05835240274599542
0 0.4833984375 0.2929061784897025 0.05859375 0.07437070938215103
0 0.6533203125 0.3180778032036613 0.0498046875 0.06864988558352403
0 0.6806640625 0.10869565217391304 0.052734375 0.08237986270022883
0 0.759765625 0.30320366132723114 0.0517578125 0.07208237986270023
0 0.8046875 0.02745995423340961 0.0390625 0.05606407322654462
0 0.830078125 0.11327231121281464 0.0458984375 0.08123569794050343
0 0.884765625 0.13386727688787187 0.0517578125 0.07322654462242563
0 0.990234375 0.14645308924485126 0.01953125 0.06292906178489703
0 0.9892578125 0.036613272311212815 0.0205078125 0.05377574370709382