0 0.0107421875 0.039651837524177946 0.021484375 0.037717601547388784
0 0.0517578125 0.033849129593810444 0.046875 0.04932301740812379
0 0.1123046875 0.02127659574468085 0.03515625 0.03288201160541586
0 0.1494140625 0.04448742746615087 0.041015625 0.0367504835589942
0 0.1884765625 0.031914893617021274 0.033203125 0.030947775628626693
0 0.2236328125 0.06286266924564797 0.0322265625 0.035783365570599614
0 0.2763671875 0.04061895551257253 0.0283203125 0.030947775628626693
0 0.318359375 0.03481624758220503 0.03515625 0.03481624758220503
0 0.353515625 0.03868471953578337 0.037109375 0.03481624758220503
0 0.904296875 0.08220502901353965 0.005859375 0.006769825918762089
0 0.654296875 0.2379110251450677 0.08984375 0.1286266924564797
0 0.2734375 0.24758220502901354 0.0908203125 0.1218568665377176
0 0.4404296875 0.097678916827853 0.009765625 0.012572533849129593
0 0.419921875 0.10251450676982592 0.0087890625 0.01160541586073501
0 0.650390625 0.0851063829787234 0.01171875 0.01160541586073501
0 0.7216796875 0.09187620889748549 0.0078125 0.010638297872340425
0 0.958984375 0.009671179883945842 0.0244140625 0.020309477756286266