0 0.451171875 0.15135834411384216 0.0576171875 0.05304010349288486
0 0.2890625 0.3169469598965071 0.0439453125 0.07373868046571798
0 0.1240234375 0.0646830530401035 0.0927734375 0.13065976714100905
0 0.7822265625 0.19404915912031048 0.0341796875 0.05821474773609314
0 0.8974609375 0.14877102199223805 0.0458984375 0.08279430789133248
0 0.970703125 0.19534282018111254 0.0576171875 0.17076326002587322
0 0.8505859375 0.19922380336351875 0.033203125 0.055627425614489
0 0.5458984375 0.34152652005174644 0.03515625 0.0685640362225097
0 0.396484375 0.48641655886157825 0.0419921875 0.03363518758085381
0 0.7216796875 0.7089262613195343 0.064453125 0.0685640362225097
0 0.611328125 0.47347994825355755 0.0517578125 0.055627425614489
0 0.21875 0.0517464424320828 0.013671875 0.02199223803363519