0 0.017578125 0.1015625 0.0126953125 0.0234375
0 0.1220703125 0.11067708333333333 0.0068359375 0.015625
0 0.427734375 0.1171875 0.0068359375 0.013020833333333334
0 0.4658203125 0.12239583333333333 0.005859375 0.010416666666666666
0 0.1171875 0.3880208333333333 0.0615234375 0.10286458333333333
0 0.3984375 0.4388020833333333 0.044921875 0.09895833333333333
0 0.544921875 0.4466145833333333 0.021484375 0.059895833333333336
0 0.5859375 0.3580729166666667 0.0537109375 0.09244791666666667
0 0.82421875 0.10026041666666667 0.0126953125 0.022135416666666668
0 0.9599609375 0.10026041666666667 0.01171875 0.022135416666666668
0 0.923828125 0.3841145833333333 0.029296875 0.09375
0 0.349609375 0.11979166666666667 0.0078125 0.013020833333333334