0 0.01171875 0.03515625 0.0078125 0.010416666666666666
0 0.0654296875 0.09895833333333333 0.01171875 0.018229166666666668
0 0.10546875 0.08072916666666667 0.009765625 0.015625
0 0.0673828125 0.044270833333333336 0.009765625 0.014322916666666666
0 0.052734375 0.037760416666666664 0.0087890625 0.010416666666666666
0 0.0390625 0.16015625 0.0078125 0.015625
0 0.0244140625 0.078125 0.009765625 0.015625
0 0.04296875 0.07682291666666667 0.0068359375 0.013020833333333334
0 0.0654296875 0.032552083333333336 0.009765625 0.014322916666666666
0 0.095703125 0.022135416666666668 0.009765625 0.016927083333333332
0 0.1298828125 0.037760416666666664 0.01171875 0.01953125
0 0.126953125 0.016927083333333332 0.0107421875 0.014322916666666666
0 0.1474609375 0.01953125 0.0087890625 0.013020833333333334
0 0.1572265625 0.029947916666666668 0.0078125 0.014322916666666666
0 0.169921875 0.06770833333333333 0.009765625 0.016927083333333332
0 0.13671875 0.061197916666666664 0.0078125 0.013020833333333334
0 0.1416015625 0.08072916666666667 0.009765625 0.018229166666666668
0 0.138671875 0.1171875 0.0107421875 0.01953125
0 0.1728515625 0.12890625 0.01171875 0.01953125
0 0.140625 0.15885416666666666 0.0146484375 0.01953125
0 0.0966796875 0.11067708333333333 0.01171875 0.01953125
0 0.111328125 0.14583333333333334 0.015625 0.020833333333333332
0 0.0947265625 0.13932291666666666 0.0107421875 0.016927083333333332
0 0.0380859375 0.140625 0.0126953125 0.013020833333333334
0 0.10546875 0.061197916666666664 0.0087890625 0.014322916666666666
0 0.169921875 0.015625 0.0087890625 0.01171875
0 0.1787109375 0.16145833333333334 0.0126953125 0.020833333333333332
0 0.1796875 0.10416666666666667 0.009765625 0.020833333333333332
0 0.181640625 0.078125 0.0087890625 0.022135416666666668
0 0.0048828125 0.07291666666666667 0.009765625 0.018229166666666668
0 0.0205078125 0.033854166666666664 0.0078125 0.013020833333333334
0 0.02734375 0.0390625 0.005859375 0.013020833333333334
0 0.0380859375 0.06640625 0.0068359375 0.013020833333333334
0 0.0869140625 0.14583333333333334 0.009765625 0.016927083333333332
0 0.0751953125 0.14192708333333334 0.0087890625 0.01953125
0 0.029296875 0.18880208333333334 0.013671875 0.024739583333333332
0 0.02734375 0.21354166666666666 0.015625 0.0234375
0 0.0712890625 0.21354166666666666 0.0146484375 0.022135416666666668
0 0.0595703125 0.17578125 0.01171875 0.014322916666666666
0 0.078125 0.18880208333333334 0.0126953125 0.0234375
0 0.0859375 0.1875 0.0087890625 0.015625
0 0.1162109375 0.17708333333333334 0.01171875 0.01953125
0 0.044921875 0.23958333333333334 0.013671875 0.024739583333333332
0 0.0390625 0.2578125 0.0185546875 0.024739583333333332
0 0.0048828125 0.2890625 0.0107421875 0.026041666666666668
0 0.0107421875 0.2747395833333333 0.0126953125 0.020833333333333332
0 0.09375 0.2682291666666667 0.0146484375 0.024739583333333332
0 0.107421875 0.23177083333333334 0.017578125 0.026041666666666668
0 0.150390625 0.22265625 0.0126953125 0.028645833333333332
0 0.171875 0.1796875 0.0146484375 0.0234375
0 0.1689453125 0.24479166666666666 0.015625 0.028645833333333332
0 0.1884765625 0.24869791666666666 0.0126953125 0.020833333333333332
0 0.1884765625 0.203125 0.0087890625 0.014322916666666666
0 0.2451171875 0.1484375 0.013671875 0.01953125
0 0.2431640625 0.17447916666666666 0.0126953125 0.016927083333333332
0 0.2265625 0.2708333333333333 0.0166015625 0.028645833333333332
0 0.23828125 0.2682291666666667 0.0107421875 0.03125
0 0.2177734375 0.20572916666666666 0.009765625 0.024739583333333332
0 0.208984375 0.21484375 0.0146484375 0.029947916666666668
0 0.173828125 0.3190104166666667 0.01953125 0.03125
0 0.1064453125 0.33203125 0.0185546875 0.03125
0 0.1259765625 0.3606770833333333 0.0126953125 0.01953125
0 0.0048828125 0.3372395833333333 0.009765625 0.026041666666666668
0 0.0654296875 0.3216145833333333 0.015625 0.01953125
0 0.068359375 0.2916666666666667 0.013671875 0.01953125
0 0.0322265625 0.2981770833333333 0.013671875 0.020833333333333332
0 0.1318359375 0.265625 0.0146484375 0.02734375
0 0.2001953125 0.015625 0.009765625 0.018229166666666668
0 0.18359375 0.0078125 0.0068359375 0.014322916666666666
0 0.23046875 0.06510416666666667 0.0087890625 0.014322916666666666
0 0.21875 0.024739583333333332 0.009765625 0.01171875
0 0.2138671875 0.12760416666666666 0.0126953125 0.022135416666666668
0 0.240234375 0.11328125 0.009765625 0.015625
0 0.255859375 0.11067708333333333 0.0107421875 0.01953125
0 0.2509765625 0.08203125 0.01171875 0.014322916666666666
0 0.240234375 0.044270833333333336 0.0087890625 0.015625
0 0.25390625 0.046875 0.0107421875 0.01953125
0 0.2548828125 0.024739583333333332 0.0078125 0.015625
0 0.267578125 0.01953125 0.0078125 0.013020833333333334
0 0.283203125 0.0234375 0.0087890625 0.015625
0 0.2939453125 0.015625 0.0068359375 0.01171875
0 0.2978515625 0.0390625 0.0087890625 0.016927083333333332
0 0.3076171875 0.048177083333333336 0.0087890625 0.015625
0 0.3115234375 0.029947916666666668 0.0068359375 0.01171875
0 0.3359375 0.024739583333333332 0.0107421875 0.020833333333333332
0 0.3544921875 0.0234375 0.009765625 0.016927083333333332
0 0.3564453125 0.036458333333333336 0.009765625 0.016927083333333332
0 0.337890625 0.061197916666666664 0.0068359375 0.016927083333333332
0 0.345703125 0.059895833333333336 0.0048828125 0.01953125
0 0.3251953125 0.05859375 0.0048828125 0.01171875
0 0.30859375 0.06901041666666667 0.0107421875 0.015625
0 0.2802734375 0.09635416666666667 0.009765625 0.01953125
0 0.27734375 0.14192708333333334 0.01171875 0.0234375
0 0.33984375 0.1328125 0.0107421875 0.020833333333333332
0 0.361328125 0.13151041666666666 0.0146484375 0.026041666666666668
0 0.2421875 0.0078125 0.0078125 0.01171875
0 0.30859375 0.15885416666666666 0.0107421875 0.022135416666666668
0 0.330078125 0.16536458333333334 0.013671875 0.01953125
0 0.3359375 0.11197916666666667 0.009765625 0.018229166666666668
0 0.271484375 0.06901041666666667 0.0087890625 0.016927083333333332
0 0.3740234375 0.01953125 0.0126953125 0.01953125
0 0.396484375 0.015625 0.0107421875 0.014322916666666666
0 0.3876953125 0.0390625 0.0087890625 0.016927083333333332
0 0.39453125 0.033854166666666664 0.009765625 0.015625
0 0.4384765625 0.018229166666666668 0.009765625 0.016927083333333332
0 0.4560546875 0.04296875 0.009765625 0.014322916666666666
0 0.35546875 0.10026041666666667 0.009765625 0.014322916666666666
0 0.392578125 0.14322916666666666 0.015625 0.020833333333333332
0 0.384765625 0.18229166666666666 0.017578125 0.024739583333333332
0 0.416015625 0.171875 0.013671875 0.024739583333333332
0 0.4404296875 0.07942708333333333 0.009765625 0.018229166666666668
0 0.4423828125 0.10677083333333333 0.01171875 0.020833333333333332
0 0.4619140625 0.1171875 0.017578125 0.026041666666666668
0 0.4482421875 0.13411458333333334 0.01171875 0.020833333333333332
0 0.4609375 0.07161458333333333 0.01171875 0.01953125
0 0.4716796875 0.05078125 0.009765625 0.01953125
0 0.5146484375 0.040364583333333336 0.01171875 0.01953125
0 0.5087890625 0.06640625 0.01171875 0.02734375
0 0.5263671875 0.09765625 0.0126953125 0.026041666666666668
0 0.52734375 0.15234375 0.0126953125 0.026041666666666668
0 0.5126953125 0.15494791666666666 0.015625 0.028645833333333332
0 0.5009765625 0.11848958333333333 0.0146484375 0.0234375
0 0.4990234375 0.10677083333333333 0.0166015625 0.018229166666666668
0 0.4619140625 0.19270833333333334 0.0166015625 0.018229166666666668
0 0.416015625 0.09635416666666667 0.0107421875 0.01953125
0 0.5478515625 0.04296875 0.009765625 0.018229166666666668
0 0.54296875 0.0625 0.0107421875 0.01953125
0 0.552734375 0.06901041666666667 0.0146484375 0.02734375
0 0.5947265625 0.05859375 0.0126953125 0.01953125
0 0.5888671875 0.03125 0.0126953125 0.022135416666666668
0 0.6015625 0.053385416666666664 0.009765625 0.022135416666666668
0 0.619140625 0.03125 0.01171875 0.01953125
0 0.6298828125 0.03515625 0.0107421875 0.018229166666666668
0 0.646484375 0.024739583333333332 0.0126953125 0.0234375
0 0.681640625 0.037760416666666664 0.013671875 0.016927083333333332
0 0.6982421875 0.06901041666666667 0.0166015625 0.026041666666666668
0 0.6904296875 0.08984375 0.015625 0.02734375
0 0.662109375 0.09765625 0.015625 0.0234375
0 0.640625 0.08854166666666667 0.01171875 0.024739583333333332
0 0.6552734375 0.0703125 0.0126953125 0.018229166666666668
0 0.62890625 0.05859375 0.0126953125 0.020833333333333332
0 0.5791015625 0.07552083333333333 0.009765625 0.016927083333333332
0 0.5869140625 0.09635416666666667 0.01171875 0.026041666666666668
0 0.607421875 0.11979166666666667 0.01171875 0.024739583333333332
0 0.552734375 0.11458333333333333 0.009765625 0.018229166666666668
0 0.56640625 0.13541666666666666 0.0126953125 0.018229166666666668
0 0.568359375 0.18098958333333334 0.0166015625 0.028645833333333332
0 0.6142578125 0.171875 0.0166015625 0.0234375
0 0.6015625 0.16796875 0.013671875 0.026041666666666668
0 0.640625 0.14453125 0.017578125 0.024739583333333332
0 0.650390625 0.12109375 0.015625 0.028645833333333332
0 0.65625 0.16796875 0.013671875 0.0234375
0 0.67578125 0.171875 0.013671875 0.0234375
0 0.697265625 0.14713541666666666 0.015625 0.02734375
0 0.7275390625 0.0234375 0.009765625 0.016927083333333332
0 0.759765625 0.022135416666666668 0.0087890625 0.018229166666666668
0 0.74609375 0.037760416666666664 0.0146484375 0.0234375
0 0.76171875 0.044270833333333336 0.013671875 0.020833333333333332
0 0.7451171875 0.06380208333333333 0.013671875 0.0234375
0 0.740234375 0.08333333333333333 0.015625 0.024739583333333332
0 0.7333984375 0.13802083333333334 0.017578125 0.03125
0 0.7646484375 0.10546875 0.013671875 0.024739583333333332
0 0.7783203125 0.10807291666666667 0.015625 0.029947916666666668
0 0.798828125 0.07161458333333333 0.015625 0.026041666666666668
0 0.7978515625 0.041666666666666664 0.0107421875 0.01953125
0 0.830078125 0.044270833333333336 0.009765625 0.016927083333333332
0 0.83203125 0.029947916666666668 0.009765625 0.020833333333333332
0 0.810546875 0.029947916666666668 0.0087890625 0.01171875
0 0.8203125 0.09635416666666667 0.0146484375 0.026041666666666668
0 0.8349609375 0.11328125 0.0185546875 0.029947916666666668
0 0.857421875 0.08203125 0.0146484375 0.0234375
0 0.8671875 0.055989583333333336 0.013671875 0.036458333333333336
0 0.8740234375 0.09635416666666667 0.013671875 0.024739583333333332
0 0.8994140625 0.09765625 0.0166015625 0.024739583333333332
0 0.9072265625 0.0625 0.015625 0.0234375
0 0.89453125 0.024739583333333332 0.0146484375 0.024739583333333332
0 0.9375 0.07421875 0.01171875 0.016927083333333332
0 0.96875 0.041666666666666664 0.015625 0.02734375
0 0.9638671875 0.061197916666666664 0.013671875 0.0234375
0 0.98046875 0.05859375 0.01171875 0.0234375
0 0.9560546875 0.13151041666666666 0.0185546875 0.033854166666666664
0 0.9794921875 0.13020833333333334 0.0166015625 0.032552083333333336
0 0.9384765625 0.10416666666666667 0.015625 0.026041666666666668
0 0.814453125 0.15755208333333334 0.017578125 0.028645833333333332
0 0.9208984375 0.17838541666666666 0.0146484375 0.028645833333333332
0 0.8955078125 0.20703125 0.01953125 0.036458333333333336
0 0.716796875 0.25 0.017578125 0.022135416666666668
0 0.80078125 0.24609375 0.017578125 0.028645833333333332
0 0.8740234375 0.265625 0.0185546875 0.036458333333333336
0 0.9375 0.24739583333333334 0.015625 0.032552083333333336
0 0.9541015625 0.21484375 0.0166015625 0.032552083333333336
0 0.9599609375 0.26171875 0.015625 0.036458333333333336
0 0.9912109375 0.19661458333333334 0.0146484375 0.02734375
0 0.0263671875 0.3736979166666667 0.0166015625 0.03125
0 0.0419921875 0.4921875 0.017578125 0.033854166666666664
0 0.04296875 0.5299479166666666 0.0244140625 0.040364583333333336
0 0.076171875 0.5377604166666666 0.0244140625 0.037760416666666664
0 0.095703125 0.4440104166666667 0.0224609375 0.0390625
0 0.0556640625 0.4153645833333333 0.0224609375 0.029947916666666668
0 0.1357421875 0.3958333333333333 0.021484375 0.037760416666666664
0 0.1982421875 0.3854166666666667 0.015625 0.029947916666666668
0 0.232421875 0.4049479166666667 0.0185546875 0.03515625
0 0.154296875 0.5247395833333334 0.0234375 0.0390625
0 0.1572265625 0.4908854166666667 0.01953125 0.036458333333333336
0 0.1806640625 0.5625 0.0234375 0.037760416666666664
0 0.2275390625 0.53515625 0.025390625 0.0390625
0 0.251953125 0.5651041666666666 0.0234375 0.036458333333333336
0 0.3046875 0.5690104166666666 0.01953125 0.037760416666666664
0 0.2998046875 0.4830729166666667 0.0244140625 0.040364583333333336
0 0.328125 0.4036458333333333 0.0205078125 0.0390625
0 0.3154296875 0.3723958333333333 0.0166015625 0.032552083333333336
0 0.771484375 0.6263020833333334 0.025390625 0.046875
0 0.1318359375 0.6796875 0.0283203125 0.040364583333333336
0 0.03125 0.7721354166666666 0.02734375 0.0390625
0 0.03515625 0.8203125 0.029296875 0.045572916666666664
0 0.12109375 0.8671875 0.0224609375 0.045572916666666664
0 0.0498046875 0.9309895833333334 0.0322265625 0.0390625
0 0.0966796875 0.9778645833333334 0.025390625 0.04296875
0 0.21484375 0.6354166666666666 0.025390625 0.033854166666666664
0 0.265625 0.6731770833333334 0.02734375 0.046875
0 0.3681640625 0.6861979166666666 0.03125 0.049479166666666664
0 0.31640625 0.7786458333333334 0.02734375 0.041666666666666664
0 0.2802734375 0.8893229166666666 0.04296875 0.0625
0 0.421875 0.85546875 0.0390625 0.045572916666666664
0 0.20703125 0.9752604166666666 0.029296875 0.041666666666666664
0 0.22265625 0.8450520833333334 0.021484375 0.04296875
0 0.1455078125 0.8255208333333334 0.0166015625 0.032552083333333336
0 0.1259765625 0.84765625 0.0185546875 0.032552083333333336
0 0.6162109375 0.015625 0.0126953125 0.018229166666666668
0 0.81640625 0.022135416666666668 0.013671875 0.028645833333333332
0 0.677734375 0.21614583333333334 0.0166015625 0.033854166666666664
0 0.65625 0.2708333333333333 0.01953125 0.03125
0 0.8291015625 0.061197916666666664 0.0126953125 0.024739583333333332
0 0.81640625 0.06510416666666667 0.01171875 0.020833333333333332
0 0.8447265625 0.061197916666666664 0.0078125 0.020833333333333332
0 0.8564453125 0.05859375 0.0078125 0.020833333333333332
0 0.7939453125 0.024739583333333332 0.009765625 0.022135416666666668
0 0.7890625 0.0234375 0.01171875 0.029947916666666668
0 0.2900390625 0.18229166666666666 0.009765625 0.0234375
0 0.2705078125 0.17838541666666666 0.0107421875 0.024739583333333332
0 0.251953125 0.21223958333333334 0.0126953125 0.01953125
0 0.2275390625 0.22395833333333334 0.0107421875 0.024739583333333332
0 0.2431640625 0.22526041666666666 0.009765625 0.020833333333333332
0 0.2958984375 0.23567708333333334 0.0146484375 0.028645833333333332
0 0.3095703125 0.22005208333333334 0.017578125 0.02734375
0 0.322265625 0.20703125 0.01171875 0.018229166666666668
0 0.3330078125 0.1953125 0.0146484375 0.0234375
0 0.3544921875 0.20703125 0.015625 0.02734375
0 0.3505859375 0.18098958333333334 0.009765625 0.016927083333333332
0 0.3818359375 0.23046875 0.0107421875 0.020833333333333332
0 0.3935546875 0.2265625 0.0107421875 0.024739583333333332
0 0.333984375 0.2513020833333333 0.017578125 0.028645833333333332
0 0.30859375 0.2864583333333333 0.0185546875 0.032552083333333336
0 0.2822265625 0.2916666666666667 0.0166015625 0.026041666666666668
0 0.2587890625 0.3098958333333333 0.0166015625 0.02734375
0 0.2373046875 0.3111979166666667 0.0185546875 0.024739583333333332
0 0.3515625 0.2994791666666667 0.0166015625 0.029947916666666668
0 0.361328125 0.3033854166666667 0.009765625 0.0234375
0 0.3828125 0.328125 0.0205078125 0.033854166666666664
0 0.41796875 0.2877604166666667 0.015625 0.029947916666666668
0 0.3974609375 0.26171875 0.0166015625 0.03125
0 0.435546875 0.2578125 0.017578125 0.028645833333333332
0 0.453125 0.2591145833333333 0.013671875 0.0234375
0 0.4658203125 0.2721354166666667 0.0146484375 0.026041666666666668
0 0.4521484375 0.2916666666666667 0.0185546875 0.033854166666666664
0 0.423828125 0.3255208333333333 0.013671875 0.024739583333333332
0 0.4853515625 0.23046875 0.01171875 0.026041666666666668
0 0.4453125 0.3971354166666667 0.0244140625 0.028645833333333332
0 0.3974609375 0.4231770833333333 0.01953125 0.02734375
0 0.373046875 0.43359375 0.013671875 0.03125
0 0.38671875 0.44921875 0.0166015625 0.0390625
0 0.41015625 0.4557291666666667 0.0185546875 0.024739583333333332
0 0.4248046875 0.4934895833333333 0.0234375 0.037760416666666664
0 0.4150390625 0.5442708333333334 0.03125 0.045572916666666664
0 0.357421875 0.5299479166666666 0.0185546875 0.03515625
0 0.4365234375 0.6223958333333334 0.0302734375 0.04296875
0 0.4873046875 0.5572916666666666 0.0283203125 0.0390625
0 0.4912109375 0.47265625 0.0234375 0.029947916666666668
0 0.5517578125 0.4075520833333333 0.0244140625 0.03515625
0 0.537109375 0.3619791666666667 0.0224609375 0.033854166666666664
0 0.611328125 0.3802083333333333 0.0205078125 0.03515625
0 0.58984375 0.48046875 0.0244140625 0.03515625
0 0.572265625 0.5143229166666666 0.01953125 0.041666666666666664
0 0.4755859375 0.4283854166666667 0.0205078125 0.033854166666666664
0 0.537109375 0.21875 0.013671875 0.0234375
0 0.505859375 0.2421875 0.017578125 0.03125
0 0.5556640625 0.24088541666666666 0.0205078125 0.029947916666666668
0 0.57421875 0.22135416666666666 0.0166015625 0.0234375
0 0.533203125 0.2825520833333333 0.0185546875 0.033854166666666664
0 0.51171875 0.3346354166666667 0.0146484375 0.026041666666666668
0 0.64453125 0.3255208333333333 0.0234375 0.040364583333333336
0 0.6337890625 0.2838541666666667 0.0146484375 0.03125
0 0.7158203125 0.359375 0.0224609375 0.03515625
0 0.701171875 0.41015625 0.015625 0.041666666666666664
0 0.7373046875 0.4075520833333333 0.017578125 0.036458333333333336
0 0.7919921875 0.3502604166666667 0.0244140625 0.041666666666666664
0 0.7978515625 0.3046875 0.01171875 0.03125
0 0.8955078125 0.2916666666666667 0.0224609375 0.040364583333333336
0 0.9169921875 0.3606770833333333 0.0224609375 0.03125
0 0.9765625 0.3658854166666667 0.0185546875 0.029947916666666668
0 0.953125 0.3997395833333333 0.0205078125 0.036458333333333336
0 0.9091796875 0.4596354166666667 0.0166015625 0.045572916666666664
0 0.8759765625 0.4270833333333333 0.01953125 0.036458333333333336
0 0.84765625 0.47265625 0.025390625 0.046875
0 0.7490234375 0.4830729166666667 0.0146484375 0.04296875
0 0.6630859375 0.50390625 0.0205078125 0.037760416666666664
0 0.8369140625 0.5364583333333334 0.01953125 0.046875
0 0.873046875 0.6028645833333334 0.0244140625 0.041666666666666664
0 0.916015625 0.6041666666666666 0.0263671875 0.044270833333333336
0 0.9482421875 0.51171875 0.0205078125 0.029947916666666668
0 0.9765625 0.6041666666666666 0.0380859375 0.055989583333333336
0 0.982421875 0.7278645833333334 0.03125 0.055989583333333336
0 0.8720703125 0.6692708333333334 0.025390625 0.044270833333333336
0 0.875 0.9205729166666666 0.0263671875 0.0546875
0 0.986328125 0.953125 0.02734375 0.06640625
0 0.751953125 0.80859375 0.03125 0.06380208333333333
0 0.4541015625 0.7161458333333334 0.03515625 0.048177083333333336
0 0.3984375 0.6901041666666666 0.0244140625 0.036458333333333336
0 0.587890625 0.74609375 0.0234375 0.049479166666666664
0 0.630859375 0.6966145833333334 0.0224609375 0.052083333333333336
0 0.6640625 0.7734375 0.0205078125 0.048177083333333336
0 0.6171875 0.83984375 0.017578125 0.049479166666666664
0 0.58203125 0.62109375 0.021484375 0.04296875
0 0.0927734375 0.6067708333333334 0.025390625 0.04296875
0 0.5849609375 0.9661458333333334 0.0478515625 0.0546875