0 0.4794921875 0.4306930693069307 0.02734375 0.06105610561056106
0 0.5341796875 0.4141914191419142 0.0244140625 0.0594059405940594
0 0.4794921875 0.2953795379537954 0.0224609375 0.05115511551155116
0 0.5439453125 0.31518151815181517 0.0185546875 0.056105610561056105
0 0.59765625 0.32673267326732675 0.0224609375 0.04950495049504951
0 0.5673828125 0.4207920792079208 0.025390625 0.06435643564356436
0 0.5830078125 0.3811881188118812 0.017578125 0.056105610561056105
0 0.6728515625 0.3795379537953795 0.01953125 0.039603960396039604
0 0.7001953125 0.35313531353135313 0.01953125 0.054455445544554455
0 0.7265625 0.32673267326732675 0.017578125 0.0462046204620462
0 0.7578125 0.4075907590759076 0.0224609375 0.052805280528052806
0 0.798828125 0.4801980198019802 0.021484375 0.039603960396039604
0 0.7880859375 0.367986798679868 0.0146484375 0.034653465346534656
0 0.8447265625 0.4042904290429043 0.0166015625 0.033003300330033
0 0.859375 0.41089108910891087 0.015625 0.0297029702970297
0 0.90625 0.3778877887788779 0.0146484375 0.037953795379537955
0 0.9189453125 0.4141914191419142 0.01171875 0.0231023102310231
0 0.9462890625 0.45874587458745875 0.017578125 0.0297029702970297
0 0.96484375 0.41914191419141916 0.017578125 0.0462046204620462
0 0.931640625 0.5165016501650165 0.01953125 0.034653465346534656
0 0.9921875 0.4735973597359736 0.0126953125 0.0297029702970297
0 0.9892578125 0.4042904290429043 0.0146484375 0.03135313531353135
0 0.9541015625 0.38943894389438943 0.0166015625 0.028052805280528052
0 0.5361328125 0.264026402640264 0.021484375 0.052805280528052806
0 0.4443359375 0.24422442244224424 0.0185546875 0.052805280528052806
0 0.275390625 0.16831683168316833 0.02734375 0.06765676567656766
0 0.689453125 0.28052805280528054 0.0107421875 0.028052805280528052
0 0.0166015625 0.4636963696369637 0.0322265625 0.07260726072607261
0 0.0810546875 0.37293729372937295 0.0400390625 0.08415841584158416
0 0.0966796875 0.28217821782178215 0.0341796875 0.07095709570957096
0 0.09765625 0.19801980198019803 0.0361328125 0.07095709570957096
0 0.15625 0.024752475247524754 0.025390625 0.04455445544554455
0 0.1689453125 0.33828382838283827 0.0283203125 0.0462046204620462
0 0.224609375 0.30528052805280526 0.0244140625 0.0627062706270627
0 0.220703125 0.24092409240924093 0.021484375 0.054455445544554455
0 0.26953125 0.21287128712871287 0.021484375 0.057755775577557754
0 0.294921875 0.38613861386138615 0.037109375 0.07590759075907591
0 0.3291015625 0.3465346534653465 0.03125 0.057755775577557754
0 0.3310546875 0.2508250825082508 0.0263671875 0.04950495049504951
0 0.302734375 0.5693069306930693 0.0380859375 0.10561056105610561
0 0.4150390625 0.42574257425742573 0.029296875 0.06765676567656766