0 0.2021484375 0.20182291666666666 0.0400390625 0.06770833333333333
0 0.2841796875 0.12890625 0.0205078125 0.045572916666666664
0 0.318359375 0.12760416666666666 0.025390625 0.049479166666666664
0 0.4267578125 0.12630208333333334 0.01953125 0.0390625
0 0.46484375 0.19140625 0.021484375 0.033854166666666664
0 0.50390625 0.3671875 0.0400390625 0.061197916666666664
0 0.4658203125 0.4036458333333333 0.0322265625 0.059895833333333336
0 0.623046875 0.3450520833333333 0.0205078125 0.046875
0 0.6435546875 0.33203125 0.0244140625 0.0390625
0 0.7265625 0.2864583333333333 0.0185546875 0.0390625
0 0.912109375 0.1640625 0.009765625 0.014322916666666666
0 0.9501953125 0.15885416666666666 0.001953125 0.00390625
0 0.7158203125 0.32421875 0.0166015625 0.032552083333333336