0 0.138671875 0.015256588072122053 0.0234375 0.0319001386962552
0 0.15625 0.06102635228848821 0.0244140625 0.05131761442441054
0 0.13671875 0.13453536754507628 0.0263671875 0.04854368932038835
0 0.08203125 0.20804438280166435 0.0244140625 0.04576976421636616
0 0.1455078125 0.26490984743411927 0.0244140625 0.05409153952843273
0 0.1650390625 0.34396671289875175 0.0263671875 0.04299583911234397
0 0.0546875 0.33980582524271846 0.0244140625 0.044382801664355064
0 0.1025390625 0.40499306518723993 0.0283203125 0.04854368932038835
0 0.1123046875 0.4646324549237171 0.0234375 0.04576976421636616
0 0.1572265625 0.42441054091539526 0.0263671875 0.05131761442441054
0 0.1962890625 0.4077669902912621 0.0283203125 0.04854368932038835
0 0.2373046875 0.07073509015256588 0.0244140625 0.04299583911234397
0 0.2294921875 0.1636615811373093 0.0234375 0.044382801664355064
0 0.228515625 0.26490984743411927 0.02734375 0.05131761442441054
0 0.2421875 0.34119278779472956 0.0244140625 0.04576976421636616
0 0.275390625 0.4521497919556172 0.02734375 0.056865464632454926
0 0.3017578125 0.4119278779472954 0.0263671875 0.056865464632454926
0 0.28515625 0.024965325936199722 0.0263671875 0.049930651872399444
0 0.265625 0.13730929264909847 0.0244140625 0.052704576976421634
0 0.3095703125 0.07350901525658807 0.025390625 0.04854368932038835
0 0.34765625 0.12066574202496533 0.0244140625 0.05131761442441054
0 0.373046875 0.08876560332871013 0.0263671875 0.049930651872399444
0 0.373046875 0.019417475728155338 0.0244140625 0.038834951456310676
0 0.4697265625 0.022191400832177532 0.0244140625 0.04576976421636616
0 0.462890625 0.07350901525658807 0.0234375 0.04854368932038835
0 0.4072265625 0.11927877947295423 0.0234375 0.049930651872399444
0 0.3720703125 0.17891816920943135 0.0244140625 0.049930651872399444
0 0.462890625 0.18030513176144244 0.025390625 0.04299583911234397
0 0.484375 0.14424410540915394 0.025390625 0.04299583911234397
0 0.517578125 0.10124826629680998 0.01953125 0.04854368932038835
0 0.541015625 0.013869625520110958 0.0263671875 0.02912621359223301
0 0.5712890625 0.06796116504854369 0.0244140625 0.05547850208044383
0 0.560546875 0.15672676837725383 0.0244140625 0.05131761442441054
0 0.548828125 0.2815533980582524 0.0234375 0.047156726768377254
0 0.3330078125 0.33980582524271846 0.0263671875 0.049930651872399444
0 0.3828125 0.3828016643550624 0.0263671875 0.04299583911234397
0 0.4599609375 0.44382801664355065 0.0234375 0.056865464632454926
0 0.462890625 0.36754507628294036 0.015625 0.04576976421636616
0 0.478515625 0.39667128987517336 0.0244140625 0.049930651872399444
0 0.5595703125 0.3564493758668516 0.0263671875 0.04854368932038835
0 0.55078125 0.42302357836338417 0.017578125 0.049930651872399444
0 0.5595703125 0.42579750346740636 0.0166015625 0.038834951456310676
0 0.546875 0.4826629680998613 0.0224609375 0.04854368932038835
0 0.498046875 0.4549237170596394 0.0234375 0.04299583911234397
0 0.6611328125 0.016643550624133148 0.02734375 0.03467406380027739
0 0.6181640625 0.09153952843273232 0.01953125 0.04576976421636616
0 0.6513671875 0.1276005547850208 0.0263671875 0.056865464632454926
0 0.7353515625 0.08599167822468794 0.025390625 0.04576976421636616
0 0.771484375 0.11927877947295423 0.02734375 0.05409153952843273
0 0.837890625 0.08599167822468794 0.0244140625 0.05409153952843273
0 0.89453125 0.056865464632454926 0.0244140625 0.04854368932038835
0 0.8623046875 0.09431345353675451 0.0166015625 0.036061026352288486
0 0.8212890625 0.15950069348127602 0.02734375 0.049930651872399444
0 0.7265625 0.17475728155339806 0.0244140625 0.044382801664355064
0 0.6533203125 0.2510402219140083 0.029296875 0.04576976421636616
0 0.6123046875 0.3814147018030513 0.02734375 0.049930651872399444
0 0.634765625 0.3633841886269071 0.0205078125 0.04576976421636616
0 0.6904296875 0.40499306518723993 0.0263671875 0.04576976421636616
0 0.6748046875 0.435506241331484 0.0263671875 0.05131761442441054
0 0.5625 0.5090152565880721 0.0263671875 0.052704576976421634
0 0.6396484375 0.5201109570041609 0.02734375 0.052704576976421634
0 0.73828125 0.5006934812760055 0.0244140625 0.05409153952843273
0 0.75390625 0.42579750346740636 0.02734375 0.04854368932038835
0 0.7607421875 0.22468793342579751 0.0263671875 0.047156726768377254
0 0.7919921875 0.2884882108183079 0.025390625 0.056865464632454926
0 0.7939453125 0.36615811373092927 0.029296875 0.04854368932038835
0 0.90625 0.15950069348127602 0.025390625 0.044382801664355064
0 0.8642578125 0.24133148404993066 0.029296875 0.05409153952843273
0 0.8935546875 0.27461858529819694 0.009765625 0.05547850208044383
0 0.888671875 0.3647711511789182 0.0263671875 0.05131761442441054
0 0.873046875 0.4188626907073509 0.0263671875 0.056865464632454926
0 0.9638671875 0.4604715672676838 0.0263671875 0.04576976421636616
0 0.95703125 0.10818307905686546 0.029296875 0.05825242718446602
0 0.9853515625 0.036061026352288486 0.0234375 0.044382801664355064
0 0.9931640625 0.31761442441054094 0.013671875 0.047156726768377254
0 0.986328125 0.37031900138696255 0.0234375 0.05825242718446602
0 0.9306640625 0.5298196948682385 0.021484375 0.052704576976421634
0 0.9375 0.5977808599167822 0.0263671875 0.049930651872399444
0 0.9462890625 0.6934812760055479 0.025390625 0.04854368932038835
0 0.9326171875 0.8848821081830791 0.0234375 0.05409153952843273
0 0.876953125 0.8876560332871013 0.029296875 0.056865464632454926
0 0.8759765625 0.9680998613037448 0.025390625 0.04299583911234397
0 0.8193359375 0.8904299583911235 0.021484375 0.06241331484049931
0 0.74609375 0.8945908460471568 0.025390625 0.05409153952843273
0 0.7314453125 0.8058252427184466 0.02734375 0.05825242718446602
0 0.7568359375 0.782246879334258 0.025390625 0.047156726768377254
0 0.7822265625 0.7614424410540915 0.015625 0.05409153952843273
0 0.802734375 0.6768377253814147 0.029296875 0.05131761442441054
0 0.8505859375 0.6282940360610264 0.021484375 0.052704576976421634
0 0.8388671875 0.5644937586685159 0.0244140625 0.05547850208044383
0 0.77734375 0.6213592233009708 0.013671875 0.05547850208044383
0 0.7099609375 0.6740638002773925 0.02734375 0.05409153952843273
0 0.6513671875 0.5755894590846047 0.009765625 0.04022191400832178
0 0.6806640625 0.7364771151178918 0.021484375 0.05131761442441054
0 0.6689453125 0.7988904299583911 0.02734375 0.05409153952843273
0 0.677734375 0.9334257975034674 0.0234375 0.06241331484049931
0 0.5791015625 0.7087378640776699 0.02734375 0.06241331484049931
0 0.58984375 0.6282940360610264 0.02734375 0.052704576976421634
0 0.03125 0.420249653259362 0.02734375 0.044382801664355064
0 0.0244140625 0.4868238557558946 0.021484375 0.04160887656033287
0 0.0419921875 0.5159500693481276 0.02734375 0.049930651872399444
0 0.048828125 0.5880721220527045 0.03125 0.04854368932038835
0 0.0087890625 0.7503467406380028 0.017578125 0.06657420249653259
0 0.0927734375 0.6837725381414702 0.0263671875 0.04576976421636616
0 0.119140625 0.7226074895977809 0.03125 0.049930651872399444
0 0.0263671875 0.8918169209431346 0.0234375 0.04576976421636616
0 0.0166015625 0.9334257975034674 0.0244140625 0.05547850208044383
0 0.0849609375 0.9542302357836339 0.02734375 0.047156726768377254
0 0.1318359375 0.9778085991678225 0.0283203125 0.04299583911234397
0 0.0966796875 0.8668515950069348 0.0234375 0.03467406380027739
0 0.1396484375 0.811373092926491 0.02734375 0.052704576976421634
0 0.2138671875 0.8044382801664355 0.0283203125 0.04299583911234397
0 0.2041015625 0.8987517337031901 0.025390625 0.04160887656033287
0 0.2041015625 0.9375866851595007 0.02734375 0.056865464632454926
0 0.2080078125 0.986130374479889 0.0263671875 0.027739251040221916
0 0.2841796875 0.9431345353675451 0.0283203125 0.05131761442441054
0 0.296875 0.883495145631068 0.025390625 0.049930651872399444
0 0.1552734375 0.6061026352288488 0.0263671875 0.05547850208044383
0 0.2177734375 0.6643550624133149 0.0283203125 0.05409153952843273
0 0.2275390625 0.5547850208044383 0.025390625 0.04576976421636616
0 0.271484375 0.624133148404993 0.025390625 0.05409153952843273
0 0.294921875 0.5381414701803051 0.025390625 0.044382801664355064
0 0.40625 0.5298196948682385 0.025390625 0.052704576976421634
0 0.375 0.6144244105409153 0.0283203125 0.05131761442441054
0 0.3447265625 0.6893203883495146 0.025390625 0.049930651872399444
0 0.361328125 0.7489597780859917 0.01171875 0.06102635228848821
0 0.3759765625 0.9778085991678225 0.029296875 0.044382801664355064
0 0.38671875 0.9459084604715673 0.0263671875 0.04854368932038835
0 0.4150390625 0.680998613037448 0.0283203125 0.047156726768377254
0 0.447265625 0.608876560332871 0.0234375 0.05131761442441054
0 0.482421875 0.5339805825242718 0.0244140625 0.05547850208044383
0 0.474609375 0.6754507628294036 0.0146484375 0.056865464632454926
0 0.482421875 0.9445214979195562 0.03125 0.059639389736477116
0 0.703125 0.9889042995839112 0.0263671875 0.022191400832177532
0 0.0361328125 0.016643550624133148 0.021484375 0.033287101248266296
0 0.0107421875 0.36754507628294036 0.021484375 0.044382801664355064
0 0.9619140625 0.710124826629681 0.02734375 0.05131761442441054