0 0.1376953125 0.47569955817378495 0.0478515625 0.09720176730486009
0 0.1982421875 0.5257731958762887 0.03125 0.06480117820324006
0 0.119140625 0.678939617083947 0.0517578125 0.09572901325478646
0 0.140625 0.7687776141384389 0.052734375 0.10014727540500737
0 0.1328125 0.8306332842415317 0.03515625 0.07511045655375552
0 0.20703125 0.8291605301914581 0.046875 0.11487481590574374
0 0.3212890625 0.6848306332842415 0.0439453125 0.07658321060382917
0 0.2236328125 0.6023564064801178 0.0302734375 0.101620029455081
0 0.2919921875 0.5390279823269514 0.0498046875 0.08247422680412371
0 0.30078125 0.27540500736377027 0.037109375 0.05891016200294551
0 0.361328125 0.5802650957290133 0.0400390625 0.07511045655375552
0 0.3896484375 0.7260677466863034 0.0537109375 0.10456553755522828
0 0.466796875 0.7687776141384389 0.0615234375 0.12812960235640647
0 0.5146484375 0.6023564064801178 0.0498046875 0.10309278350515463
0 0.55078125 0.6833578792341679 0.0419921875 0.0780559646539028
0 0.5810546875 0.5920471281296024 0.0498046875 0.12223858615611193
0 0.603515625 0.6450662739322534 0.0498046875 0.11487481590574374
0 0.681640625 0.7172312223858616 0.0556640625 0.11045655375552282
0 0.7080078125 0.30927835051546393 0.0458984375 0.07658321060382917
0 0.6552734375 0.49189985272459497 0.0458984375 0.0780559646539028
0 0.728515625 0.4963181148748159 0.0595703125 0.13107511045655376
0 0.7783203125 0.5949926362297496 0.048828125 0.11782032400589101
0 0.9892578125 0.24300441826215022 0.021484375 0.11192930780559647
0 0.9013671875 0.29455081001472755 0.0517578125 0.09720176730486009
0 0.95703125 0.6273932253313697 0.0546875 0.10456553755522828
0 0.9384765625 0.6642120765832106 0.0361328125 0.09720176730486009
0 0.9736328125 0.8954344624447718 0.048828125 0.10898379970544919
0 0.8271484375 0.8851251840942562 0.0537109375 0.12665684830633284
0 0.85546875 0.6126656848306333 0.0517578125 0.11782032400589101
0 0.2705078125 0.8114874815905744 0.03125 0.10014727540500737
0 0.3056640625 0.12812960235640647 0.0322265625 0.055964653902798235
0 0.4306640625 0.6421207658321061 0.03515625 0.07511045655375552
0 0.1474609375 0.9410898379970545 0.0283203125 0.060382916053019146
0 0.6328125 0.8394698085419735 0.03515625 0.08247422680412371