0 0.0830078125 0.5258019525801952 0.03125 0.06555090655509066
0 0.166015625 0.5592747559274756 0.0361328125 0.07670850767085077
0 0.2265625 0.5146443514644351 0.0390625 0.07391910739191074
0 0.3173828125 0.5648535564853556 0.0380859375 0.08089260808926081
0 0.37890625 0.5941422594142259 0.0380859375 0.07391910739191074
0 0.4462890625 0.5829846582984658 0.0322265625 0.07810320781032078
0 0.5078125 0.5132496513249651 0.02734375 0.043235704323570434
0 0.548828125 0.49511854951185497 0.0400390625 0.07252440725244072
0 0.5205078125 0.5885634588563459 0.0380859375 0.061366806136680614
0 0.5654296875 0.5871687587168759 0.03515625 0.044630404463040445
0 0.6640625 0.5536959553695955 0.0244140625 0.04881450488145049
0 0.74609375 0.5857740585774058 0.0400390625 0.0697350069735007
0 0.791015625 0.5467224546722455 0.03515625 0.06555090655509066