0 0.021484375 0.0078125 0.0166015625 0.017578125
0 0.134765625 0.0078125 0.0146484375 0.017578125
0 0.2060546875 0.005859375 0.0146484375 0.013671875
0 0.271484375 0.013671875 0.017578125 0.029296875
0 0.3359375 0.009765625 0.0166015625 0.021484375
0 0.0146484375 0.064453125 0.0185546875 0.052734375
0 0.0859375 0.05859375 0.01953125 0.056640625
0 0.1513671875 0.080078125 0.0166015625 0.05078125
0 0.21484375 0.0703125 0.01953125 0.048828125
0 0.2744140625 0.080078125 0.017578125 0.04296875
0 0.33203125 0.08203125 0.0185546875 0.04296875
0 0.40234375 0.046875 0.0185546875 0.046875
0 0.0341796875 0.162109375 0.0205078125 0.044921875
0 0.0966796875 0.16015625 0.01953125 0.0546875
0 0.1513671875 0.1640625 0.01953125 0.044921875
0 0.2294921875 0.166015625 0.0224609375 0.056640625
0 0.3046875 0.15625 0.021484375 0.056640625
0 0.3740234375 0.158203125 0.01953125 0.0625
0 0.44921875 0.15234375 0.01953125 0.05859375
0 0.4248046875 0.271484375 0.01953125 0.048828125
0 0.3642578125 0.2734375 0.021484375 0.060546875
0 0.2890625 0.263671875 0.0205078125 0.0546875
0 0.2158203125 0.263671875 0.0185546875 0.056640625
0 0.1552734375 0.26953125 0.01953125 0.0546875
0 0.0859375 0.26171875 0.0166015625 0.05859375
0 0.11328125 0.357421875 0.01953125 0.048828125
0 0.0185546875 0.37890625 0.0205078125 0.046875
0 0.0419921875 0.498046875 0.021484375 0.064453125
0 0.1025390625 0.517578125 0.0205078125 0.0546875
0 0.162109375 0.474609375 0.021484375 0.06640625
0 0.1953125 0.400390625 0.0185546875 0.0546875
0 0.275390625 0.369140625 0.0205078125 0.06640625
0 0.3623046875 0.361328125 0.0244140625 0.060546875
0 0.4462890625 0.365234375 0.0205078125 0.0546875
0 0.365234375 0.490234375 0.021484375 0.05859375
0 0.3076171875 0.525390625 0.0244140625 0.05859375
0 0.2392578125 0.509765625 0.0224609375 0.064453125
0 0.1806640625 0.6015625 0.0234375 0.056640625
0 0.4365234375 0.51171875 0.0224609375 0.060546875
0 0.037109375 0.65234375 0.0224609375 0.056640625
0 0.103515625 0.646484375 0.01953125 0.05859375
0 0.265625 0.6484375 0.02734375 0.064453125
0 0.3310546875 0.6484375 0.0234375 0.072265625
0 0.4150390625 0.646484375 0.0244140625 0.080078125
0 0.0087890625 0.796875 0.0185546875 0.07421875
0 0.08203125 0.7890625 0.025390625 0.068359375
0 0.1708984375 0.8203125 0.02734375 0.052734375
0 0.251953125 0.78125 0.0302734375 0.078125
0 0.3505859375 0.798828125 0.025390625 0.072265625
0 0.4189453125 0.822265625 0.0244140625 0.07421875
0 0.0224609375 0.9765625 0.02734375 0.044921875
0 0.1015625 0.962890625 0.03125 0.072265625
0 0.2001953125 0.9765625 0.0263671875 0.046875
0 0.302734375 0.98046875 0.0283203125 0.037109375
0 0.3837890625 0.984375 0.02734375 0.03125
0 0.462890625 0.97265625 0.0283203125 0.0546875
0 0.5205078125 0.005859375 0.009765625 0.01171875
0 0.572265625 0.015625 0.015625 0.03125
0 0.619140625 0.017578125 0.0146484375 0.03515625
0 0.7373046875 0.0078125 0.0166015625 0.017578125
0 0.8037109375 0.01171875 0.017578125 0.0234375
0 0.8779296875 0.009765625 0.0146484375 0.021484375
0 0.94921875 0.0078125 0.015625 0.015625
0 0.568359375 0.078125 0.0166015625 0.041015625
0 0.5 0.103515625 0.017578125 0.0390625
0 0.525390625 0.15234375 0.01953125 0.052734375
0 0.5849609375 0.171875 0.0185546875 0.0546875
0 0.6298828125 0.08203125 0.0205078125 0.04296875
0 0.6806640625 0.095703125 0.0166015625 0.048828125
0 0.7353515625 0.076171875 0.015625 0.044921875
0 0.7919921875 0.072265625 0.0185546875 0.044921875
0 0.849609375 0.08203125 0.01953125 0.0546875
0 0.8896484375 0.0546875 0.0185546875 0.044921875
0 0.9580078125 0.0859375 0.0166015625 0.044921875
0 0.955078125 0.154296875 0.01953125 0.041015625
0 0.8896484375 0.1796875 0.017578125 0.048828125
0 0.8505859375 0.1640625 0.01953125 0.056640625
0 0.7744140625 0.17578125 0.01953125 0.044921875
0 0.7333984375 0.189453125 0.0166015625 0.048828125
0 0.6650390625 0.16796875 0.0205078125 0.05859375
0 0.62109375 0.24609375 0.0205078125 0.064453125
0 0.5458984375 0.275390625 0.0185546875 0.0390625
0 0.4853515625 0.26171875 0.0205078125 0.0625
0 0.689453125 0.26953125 0.0224609375 0.05859375
0 0.7490234375 0.2578125 0.0205078125 0.056640625
0 0.818359375 0.26953125 0.01953125 0.052734375
0 0.8916015625 0.255859375 0.0205078125 0.056640625
0 0.9677734375 0.2734375 0.0224609375 0.052734375
0 0.9560546875 0.380859375 0.01953125 0.046875
0 0.88671875 0.365234375 0.0205078125 0.078125
0 0.8251953125 0.373046875 0.0234375 0.06640625
0 0.75390625 0.376953125 0.01953125 0.056640625
0 0.7021484375 0.3359375 0.0205078125 0.0546875
0 0.6337890625 0.376953125 0.0205078125 0.056640625
0 0.572265625 0.384765625 0.0205078125 0.05078125
0 0.5126953125 0.384765625 0.0205078125 0.0390625
0 0.5029296875 0.521484375 0.0224609375 0.052734375
0 0.5712890625 0.48046875 0.0244140625 0.064453125
0 0.6650390625 0.517578125 0.0263671875 0.078125
0 0.751953125 0.505859375 0.01953125 0.05078125
0 0.830078125 0.5 0.021484375 0.0625
0 0.9248046875 0.501953125 0.0244140625 0.072265625
0 0.9833984375 0.51953125 0.0234375 0.0703125
0 0.9306640625 0.669921875 0.0224609375 0.05859375
0 0.8642578125 0.65234375 0.0244140625 0.0703125
0 0.9921875 0.642578125 0.0146484375 0.056640625
0 0.7861328125 0.666015625 0.0234375 0.05859375
0 0.7275390625 0.650390625 0.0263671875 0.0703125
0 0.6416015625 0.65234375 0.0244140625 0.064453125
0 0.560546875 0.6484375 0.0263671875 0.0703125
0 0.4921875 0.66015625 0.0224609375 0.064453125
0 0.4931640625 0.818359375 0.02734375 0.072265625
0 0.5546875 0.82421875 0.021484375 0.0546875
0 0.6328125 0.783203125 0.0283203125 0.072265625
0 0.7041015625 0.82421875 0.02734375 0.076171875
0 0.7861328125 0.80078125 0.0263671875 0.072265625
0 0.873046875 0.8125 0.02734375 0.080078125
0 0.943359375 0.828125 0.0244140625 0.064453125
0 0.978515625 0.9765625 0.029296875 0.046875
0 0.9033203125 0.986328125 0.0302734375 0.025390625
0 0.8125 0.974609375 0.02734375 0.048828125
0 0.728515625 0.978515625 0.0302734375 0.041015625
0 0.6455078125 0.9765625 0.02734375 0.046875