0 0.037109375 0.8661971830985915 0.0751953125 0.15492957746478872
0 0.0390625 0.7577464788732394 0.0576171875 0.10845070422535211
0 0.15234375 0.7732394366197183 0.0556640625 0.09859154929577464
0 0.224609375 0.8042253521126761 0.07421875 0.1352112676056338
0 0.310546875 0.704225352112676 0.0703125 0.12535211267605634
0 0.3232421875 0.9098591549295775 0.1181640625 0.09577464788732394
0 0.3662109375 0.8788732394366198 0.0791015625 0.13380281690140844
0 0.5283203125 0.4084507042253521 0.0908203125 0.16619718309859155
0 0.6943359375 0.7577464788732394 0.1025390625 0.19154929577464788
0 0.8837890625 0.8323943661971831 0.15234375 0.2535211267605634
0 0.8388671875 0.676056338028169 0.0556640625 0.08732394366197183
0 0.982421875 0.752112676056338 0.0341796875 0.10985915492957747