0 0.1005859375 0.35240572171651496 0.0322265625 0.055916775032509754
0 0.1826171875 0.34850455136540964 0.025390625 0.045513654096228866
0 0.103515625 0.5786736020806242 0.03515625 0.05201560468140442
0 0.1259765625 0.659297789336801 0.0390625 0.06631989596879063
0 0.1474609375 0.5214564369310793 0.0341796875 0.054616384915474644
0 0.1904296875 0.5318595578673602 0.03515625 0.053315994798439535
0 0.2060546875 0.42912873862158646 0.033203125 0.04811443433029909
0 0.2822265625 0.31729518855656696 0.03125 0.04811443433029909
0 0.2734375 0.5136540962288687 0.0400390625 0.05851755526657997
0 0.2900390625 0.6410923276983095 0.037109375 0.05851755526657997
0 0.3544921875 0.3433029908972692 0.03125 0.04681404421326398
0 0.310546875 0.4070221066319896 0.0341796875 0.0494148244473342
0 0.3583984375 0.5370611183355006 0.0390625 0.05851755526657997
0 0.4052734375 0.6176853055916776 0.0400390625 0.05981794538361508
0 0.4140625 0.34070221066319895 0.029296875 0.05201560468140442
0 0.4755859375 0.37711313394018203 0.0341796875 0.0377113133940182
0 0.4892578125 0.5006501950585176 0.0439453125 0.05851755526657997
0 0.5078125 0.6293888166449935 0.04296875 0.06892067620286085
0 0.4970703125 0.33029908972691807 0.029296875 0.0494148244473342
0 0.533203125 0.3342002600780234 0.03515625 0.03901170351105332
0 0.5439453125 0.3784135240572172 0.0302734375 0.04811443433029909
0 0.55078125 0.4967490247074122 0.0400390625 0.06892067620286085
0 0.6005859375 0.6163849154746424 0.0478515625 0.06762028608582575
0 0.6123046875 0.328998699609883 0.0341796875 0.053315994798439535
0 0.630859375 0.42522756827048114 0.0380859375 0.05721716514954486
0 0.8447265625 0.3511053315994798 0.0380859375 0.06371911573472042
0 0.7568359375 0.2808842652795839 0.0341796875 0.053315994798439535
0 0.9140625 0.34980494148244473 0.0439453125 0.053315994798439535
0 0.73828125 0.435630689206762 0.0478515625 0.0741222366710013
0 0.75 0.5708712613784135 0.046875 0.06631989596879063
0 0.68359375 0.3094928478543563 0.03125 0.05981794538361508
0 0.7568359375 0.36540962288686607 0.029296875 0.04161248374512354
0 0.80078125 0.32769830949284784 0.03515625 0.055916775032509754