0 0.373046875 0.26918075422626786 0.0322265625 0.06762028608582575
0 0.826171875 0.036410923276983094 0.029296875 0.05071521456436931
0 0.5908203125 0.33550065019505854 0.0361328125 0.06762028608582575
0 0.595703125 0.08842652795838751 0.025390625 0.04681404421326398
0 0.6240234375 0.1599479843953186 0.0341796875 0.0494148244473342
0 0.671875 0.16384915474642392 0.0341796875 0.05071521456436931
0 0.705078125 0.39791937581274384 0.0341796875 0.05071521456436931
0 0.736328125 0.31859557867360205 0.02734375 0.045513654096228866
0 0.734375 0.517555266579974 0.0361328125 0.06892067620286085
0 0.79296875 0.49154746423927176 0.0390625 0.07802340702210664
0 0.7919921875 0.4083224967490247 0.033203125 0.06631989596879063
0 0.82421875 0.20286085825747724 0.033203125 0.055916775032509754
0 0.94921875 0.3511053315994798 0.0322265625 0.06501950585175553
0 0.912109375 0.13394018205461639 0.029296875 0.05721716514954486
0 0.95703125 0.08842652795838751 0.0244140625 0.04811443433029909
0 0.89453125 0.05851755526657997 0.0244140625 0.04161248374512354
0 0.4775390625 0.38491547464239273 0.03515625 0.06371911573472042
0 0.4658203125 0.31729518855656696 0.0322265625 0.0377113133940182
0 0.568359375 0.4213263979193758 0.0361328125 0.0611183355006502
0 0.0107421875 0.8660598179453837 0.021484375 0.09362808842652796
0 0.138671875 0.8140442132639792 0.048828125 0.10143042912873862
0 0.3349609375 0.8660598179453837 0.048828125 0.09362808842652796
0 0.4111328125 0.8608582574772432 0.0634765625 0.11963589076723016
0 0.5205078125 0.694408322496749 0.0517578125 0.10143042912873862
0 0.525390625 0.9466840052015605 0.0439453125 0.10533159947984395
0 0.6875 0.94148244473342 0.0517578125 0.10273081924577374
0 0.662109375 0.6801040312093628 0.052734375 0.11053315994798439
0 0.9365234375 0.8088426527958388 0.048828125 0.08842652795838751
0 0.625 0.5201560468140443 0.033203125 0.05851755526657997
0 0.9462890625 0.694408322496749 0.04296875 0.08972691807542263
0 0.2978515625 0.4460338101430429 0.037109375 0.08712613784135241
0 0.515625 0.5799739921976593 0.044921875 0.07932379713914174
0 0.7001953125 0.45253576072821844 0.03515625 0.0611183355006502
0 0.4990234375 0.1625487646293888 0.03515625 0.05981794538361508
0 0.859375 0.46293888166449937 0.0322265625 0.06631989596879063
0 0.9013671875 0.5565669700910273 0.0390625 0.05981794538361508
0 0.98828125 0.2795838751625488 0.0224609375 0.05851755526657997
0 0.9892578125 0.11833550065019506 0.021484375 0.0377113133940182
0 0.177734375 0.31729518855656696 0.0390625 0.07282184655396619
0 0.0859375 0.022106631989596878 0.0302734375 0.045513654096228866
0 0.17578125 0.027308192457737322 0.0244140625 0.04161248374512354
0 0.171875 0.16124837451235371 0.0302734375 0.05201560468140442
0 0.2275390625 0.053315994798439535 0.0302734375 0.05851755526657997
0 0.28125 0.24967490247074123 0.03515625 0.06371911573472042
0 0.3271484375 0.08062418725617686 0.025390625 0.045513654096228866
0 0.0185546875 0.18855656697009102 0.0322265625 0.05851755526657997
0 0.0791015625 0.3836150845253576 0.0380859375 0.05721716514954486
0 0.1318359375 0.2808842652795839 0.0341796875 0.05201560468140442
0 0.1533203125 0.22496749024707413 0.029296875 0.04031209362808843
0 0.017578125 0.64629388816645 0.0322265625 0.09102730819245773
0 0.1005859375 0.5019505851755527 0.041015625 0.08712613784135241
0 0.1455078125 0.611183355006502 0.046875 0.07802340702210664
0 0.3515625 0.647594278283485 0.060546875 0.10533159947984395
0 0.3994140625 0.5240572171651495 0.04296875 0.06762028608582575
0 0.427734375 0.6397919375812744 0.0419921875 0.0741222366710013
0 0.4111328125 0.706111833550065 0.03125 0.04811443433029909
0 0.2568359375 0.035110533159947985 0.0322265625 0.0494148244473342
0 0.4091796875 0.06631989596879063 0.0244140625 0.05851755526657997
0 0.314453125 0.23797139141742524 0.0224609375 0.044213263979193757
0 0.40234375 0.18725617685305593 0.02734375 0.044213263979193757
0 0.5263671875 0.05201560468140442 0.0263671875 0.04291287386215865
0 0.6669921875 0.02340702210663199 0.0341796875 0.04681404421326398
0 0.51171875 0.016905071521456438 0.029296875 0.033810143042912875
0 0.091796875 0.8647594278283485 0.037109375 0.055916775032509754