0 0.02734375 0.365625 0.0283203125 0.0515625
0 0.0048828125 0.346875 0.009765625 0.0265625
0 0.0458984375 0.3796875 0.0126953125 0.0265625
0 0.0908203125 0.3375 0.015625 0.03125
0 0.1708984375 0.2796875 0.0224609375 0.0625
0 0.1884765625 0.3484375 0.01953125 0.04375
0 0.2373046875 0.3453125 0.0185546875 0.0625
0 0.283203125 0.3625 0.0185546875 0.0453125
0 0.3232421875 0.3734375 0.0283203125 0.0671875
0 0.4189453125 0.3578125 0.03515625 0.0671875
0 0.322265625 0.3109375 0.0107421875 0.021875
0 0.3369140625 0.328125 0.0107421875 0.015625
0 0.2626953125 0.3421875 0.0126953125 0.0359375
0 0.4560546875 0.1734375 0.0078125 0.0171875
0 0.4677734375 0.1609375 0.0068359375 0.0140625
0 0.5419921875 0.134375 0.0068359375 0.015625
0 0.630859375 0.096875 0.0078125 0.0171875
0 0.4580078125 0.3859375 0.0205078125 0.034375
0 0.484375 0.396875 0.0224609375 0.040625
0 0.5146484375 0.4015625 0.0205078125 0.03125
0 0.5517578125 0.365625 0.0302734375 0.06875
0 0.5869140625 0.4109375 0.01953125 0.05
0 0.5703125 0.3765625 0.015625 0.03125
0 0.6474609375 0.403125 0.0244140625 0.046875
0 0.6630859375 0.4625 0.0244140625 0.0546875
0 0.6904296875 0.490625 0.0302734375 0.059375
0 0.7021484375 0.453125 0.021484375 0.040625
0 0.71484375 0.43125 0.017578125 0.0328125
0 0.7392578125 0.4125 0.025390625 0.046875
0 0.6142578125 0.4234375 0.017578125 0.0375
0 0.8134765625 0.3953125 0.029296875 0.0640625
0 0.7861328125 0.403125 0.0166015625 0.0359375
0 0.8505859375 0.378125 0.0107421875 0.0203125
0 0.9697265625 0.365625 0.013671875 0.0265625
0 0.88671875 0.3921875 0.0107421875 0.028125
0 0.890625 0.4515625 0.0166015625 0.0328125
0 0.8662109375 0.3890625 0.0107421875 0.0265625
0 0.82421875 0.3375 0.0048828125 0.0125