0 0.044921875 0.22324966974900926 0.0126953125 0.019815059445178335
0 0.111328125 0.21136063408190225 0.01171875 0.01453104359313078
0 0.0625 0.46499339498018494 0.015625 0.026420079260237782
0 0.0830078125 0.44121532364597094 0.0146484375 0.022457067371202115
0 0.048828125 0.512549537648613 0.015625 0.02774108322324967
0 0.177734375 0.44517833553500663 0.0146484375 0.02774108322324967
0 0.1953125 0.4610303830911493 0.0185546875 0.031704095112285335
0 0.158203125 0.4914134742404227 0.0185546875 0.026420079260237782
0 0.1357421875 0.512549537648613 0.0185546875 0.031704095112285335
0 0.1142578125 0.4676354029062087 0.015625 0.021136063408190225
0 0.0654296875 0.5561426684280053 0.0185546875 0.02774108322324967
0 0.0830078125 0.5442536327608983 0.01953125 0.02509907529722589
0 0.1484375 0.5429326287978864 0.017578125 0.03038309114927345
0 0.23828125 0.35402906208718626 0.0185546875 0.02774108322324967
0 0.3818359375 0.4623513870541612 0.0234375 0.03302509907529723
0 0.45703125 0.4002642007926024 0.0205078125 0.03963011889035667
0 0.5478515625 0.380449141347424 0.025390625 0.03830911492734478
0 0.4794921875 0.582562747688243 0.0185546875 0.035667107001321
0 0.4970703125 0.5733157199471598 0.021484375 0.03830911492734478
0 0.3447265625 0.583883751651255 0.0234375 0.03830911492734478
0 0.1953125 0.6036988110964333 0.0185546875 0.03038309114927345
0 0.703125 0.10435931307793923 0.0166015625 0.026420079260237782
0 0.5595703125 0.17173051519154559 0.017578125 0.02906208718626156
0 0.7841796875 0.13870541611624834 0.01953125 0.021136063408190225
0 0.890625 0.21400264200792601 0.0166015625 0.02509907529722589
0 0.7626953125 0.22324966974900926 0.0166015625 0.026420079260237782
0 0.671875 0.45178335535006603 0.021484375 0.035667107001321
0 0.66015625 0.4385733157199472 0.021484375 0.031704095112285335
0 0.8251953125 0.4200792602377807 0.021484375 0.03038309114927345
0 0.8681640625 0.4081902245706737 0.025390625 0.031704095112285335
0 0.888671875 0.40686922060766184 0.0224609375 0.03038309114927345
0 0.96484375 0.4478203434610304 0.0244140625 0.031704095112285335
0 0.990234375 0.47820343461030385 0.0185546875 0.03038309114927345
0 0.8916015625 0.3143989431968296 0.013671875 0.023778071334214
0 0.8701171875 0.4966974900924703 0.0234375 0.035667107001321
0 0.876953125 0.5548216644649934 0.0234375 0.04227212681638045
0 0.767578125 0.5297225891677675 0.021484375 0.03830911492734478
0 0.7685546875 0.726552179656539 0.0263671875 0.047556142668428
0 0.6787109375 0.523117569352708 0.0205078125 0.035667107001321
0 0.62890625 0.5667107001321003 0.0234375 0.036988110964332896
0 0.572265625 0.618229854689564 0.021484375 0.031704095112285335
0 0.5791015625 0.5468956406869221 0.0205078125 0.031704095112285335
0 0.5166015625 0.6644649933949802 0.0224609375 0.03830911492734478
0 0.482421875 0.6208718626155878 0.017578125 0.02906208718626156
0 0.4384765625 0.6842800528401585 0.0205078125 0.03302509907529723
0 0.4140625 0.619550858652576 0.021484375 0.034346103038309116
0 0.357421875 0.6393659180977543 0.021484375 0.03302509907529723
0 0.3291015625 0.6591809775429326 0.0185546875 0.034346103038309116
0 0.275390625 0.6737120211360634 0.0234375 0.03830911492734478
0 0.2958984375 0.631439894319683 0.0234375 0.036988110964332896
0 0.23046875 0.7212681638044914 0.021484375 0.03830911492734478
0 0.1669921875 0.714663143989432 0.01953125 0.031704095112285335
0 0.1396484375 0.7476882430647291 0.0224609375 0.03830911492734478
0 0.11328125 0.6565389696169088 0.0205078125 0.036988110964332896
0 0.1318359375 0.6274768824306473 0.017578125 0.035667107001321
0 0.0810546875 0.6287978863936592 0.0205078125 0.034346103038309116
0 0.0458984375 0.6697490092470277 0.0205078125 0.02906208718626156
0 0.06640625 0.7080581241743725 0.0205078125 0.031704095112285335
0 0.0205078125 0.7542932628797886 0.0234375 0.03963011889035667
0 0.0107421875 0.665785997357992 0.017578125 0.03038309114927345
0 0.2431640625 0.6393659180977543 0.017578125 0.031704095112285335
0 0.01953125 0.5310435931307794 0.0146484375 0.018494055482166448
0 0.7041015625 0.3051519154557464 0.013671875 0.022457067371202115
0 0.65234375 0.08718626155878467 0.0126953125 0.023778071334214
0 0.6826171875 0.32100396301188905 0.013671875 0.023778071334214