0 0.6611328125 0.8111979166666666 0.0224609375 0.06510416666666667
0 0.0947265625 0.87890625 0.0771484375 0.16145833333333334
0 0.1416015625 0.7513020833333334 0.0458984375 0.09635416666666667
0 0.19921875 0.7122395833333334 0.0166015625 0.036458333333333336
0 0.3515625 0.8893229166666666 0.0302734375 0.05859375
0 0.24609375 0.5911458333333334 0.0068359375 0.015625
0 0.26953125 0.5859375 0.0068359375 0.013020833333333334
0 0.5419921875 0.74609375 0.0087890625 0.02734375
0 0.71875 0.7942708333333334 0.009765625 0.03125
0 0.708984375 0.75390625 0.009765625 0.022135416666666668
0 0.7998046875 0.7747395833333334 0.00390625 0.010416666666666666
0 0.068359375 0.4713541666666667 0.015625 0.036458333333333336