0 0.455078125 0.037481259370314844 0.0087890625 0.013493253373313344
0 0.46484375 0.035982008995502246 0.0078125 0.01649175412293853
0 0.44921875 0.06446776611694154 0.005859375 0.01649175412293853
0 0.4658203125 0.06896551724137931 0.0068359375 0.014992503748125937
0 0.4638671875 0.08395802098950525 0.0068359375 0.01649175412293853
0 0.4775390625 0.037481259370314844 0.0068359375 0.010494752623688156
0 0.501953125 0.044977511244377814 0.0078125 0.014992503748125937
0 0.4853515625 0.07946026986506746 0.009765625 0.01649175412293853
0 0.478515625 0.09745127436281859 0.0087890625 0.01649175412293853
0 0.484375 0.11544227886056972 0.009765625 0.019490254872563718
0 0.462890625 0.136431784107946 0.009765625 0.019490254872563718
0 0.4853515625 0.1634182908545727 0.009765625 0.022488755622188907
0 0.525390625 0.047976011994003 0.0048828125 0.01649175412293853
0 0.525390625 0.07196401799100449 0.0078125 0.019490254872563718
0 0.5556640625 0.05547226386806597 0.0087890625 0.019490254872563718
0 0.5537109375 0.09745127436281859 0.0087890625 0.022488755622188907
0 0.5185546875 0.09145427286356822 0.0068359375 0.013493253373313344
0 0.5205078125 0.10944527736131934 0.0087890625 0.017991004497751123
0 0.5263671875 0.13493253373313344 0.0087890625 0.014992503748125937
0 0.5283203125 0.1619190404797601 0.0107421875 0.020989505247376312
0 0.5595703125 0.1409295352323838 0.0078125 0.019490254872563718
0 0.0078125 0.05247376311844078 0.015625 0.01649175412293853
0 0.037109375 0.05997001499250375 0.0087890625 0.014992503748125937
0 0.0302734375 0.10044977511244378 0.0087890625 0.017991004497751123
0 0.0166015625 0.10494752623688156 0.009765625 0.01649175412293853
0 0.005859375 0.12293853073463268 0.0078125 0.017991004497751123
0 0.05859375 0.08395802098950525 0.0087890625 0.01649175412293853
0 0.0625 0.06446776611694154 0.0078125 0.013493253373313344
0 0.072265625 0.0944527736131934 0.0078125 0.01649175412293853
0 0.0927734375 0.06446776611694154 0.005859375 0.01199400299850075
0 0.1015625 0.06746626686656672 0.005859375 0.017991004497751123
0 0.1083984375 0.06146926536731634 0.0068359375 0.01649175412293853
0 0.1044921875 0.09295352323838081 0.0078125 0.017991004497751123
0 0.115234375 0.08845577211394302 0.0068359375 0.01649175412293853
0 0.0927734375 0.12593703148425786 0.009765625 0.019490254872563718
0 0.107421875 0.136431784107946 0.0107421875 0.020989505247376312
0 0.130859375 0.12893553223388307 0.0087890625 0.019490254872563718
0 0.1376953125 0.15742128935532235 0.009765625 0.019490254872563718
0 0.1103515625 0.16941529235382308 0.0087890625 0.020989505247376312
0 0.060546875 0.13793103448275862 0.009765625 0.022488755622188907
0 0.0673828125 0.18440779610194902 0.0087890625 0.020989505247376312
0 0.0673828125 0.20689655172413793 0.0126953125 0.020989505247376312
0 0.03125 0.20839580209895053 0.0107421875 0.025487256371814093
0 0.2578125 0.21139430284857572 0.0107421875 0.022488755622188907
0 0.2509765625 0.12293853073463268 0.0087890625 0.020989505247376312
0 0.2939453125 0.10644677661169415 0.0087890625 0.020989505247376312
0 0.2998046875 0.06596701649175413 0.0078125 0.022488755622188907
0 0.3251953125 0.07196401799100449 0.0068359375 0.017991004497751123
0 0.30859375 0.020989505247376312 0.0107421875 0.022488755622188907
0 0.3759765625 0.038980509745127435 0.0087890625 0.017991004497751123
0 0.3916015625 0.005997001499250375 0.0087890625 0.013493253373313344
0 0.384765625 0.026986506746626688 0.0087890625 0.017991004497751123
0 0.4052734375 0.04047976011994003 0.0087890625 0.025487256371814093
0 0.359375 0.0704647676161919 0.009765625 0.017991004497751123
0 0.34765625 0.08695652173913043 0.009765625 0.017991004497751123
0 0.3486328125 0.12143928035982009 0.0068359375 0.022488755622188907
0 0.2705078125 0.136431784107946 0.0078125 0.022488755622188907
0 0.3203125 0.1454272863568216 0.0078125 0.01649175412293853
0 0.3125 0.16941529235382308 0.0087890625 0.019490254872563718
0 0.302734375 0.17991004497751126 0.0107421875 0.017991004497751123
0 0.30859375 0.20389805097451275 0.0087890625 0.022488755622188907
0 0.3017578125 0.21739130434782608 0.0107421875 0.019490254872563718
0 0.337890625 0.1874062968515742 0.01171875 0.022488755622188907
0 0.345703125 0.17391304347826086 0.0107421875 0.017991004497751123
0 0.3408203125 0.15442278860569716 0.0087890625 0.013493253373313344
0 0.3564453125 0.1454272863568216 0.0107421875 0.017991004497751123
0 0.373046875 0.17841079460269865 0.01171875 0.020989505247376312
0 0.38671875 0.16491754122938532 0.0126953125 0.019490254872563718
0 0.392578125 0.20089955022488756 0.009765625 0.020989505247376312
0 0.34765625 0.22338830584707647 0.0078125 0.022488755622188907
0 0.3740234375 0.23388305847076463 0.009765625 0.022488755622188907
0 0.3857421875 0.22638680659670166 0.0087890625 0.017991004497751123
0 0.3232421875 0.25037481259370314 0.01171875 0.022488755622188907
0 0.3564453125 0.272863568215892 0.009765625 0.020989505247376312
0 0.33984375 0.2683658170914543 0.0107421875 0.019490254872563718
0 0.30078125 0.2653673163418291 0.0107421875 0.025487256371814093
0 0.341796875 0.31334332833583206 0.01171875 0.014992503748125937
0 0.35546875 0.34782608695652173 0.0107421875 0.019490254872563718
0 0.3857421875 0.29685157421289354 0.01171875 0.02848575712143928
0 0.41015625 0.29535232383808097 0.0107421875 0.020989505247376312
0 0.40625 0.328335832083958 0.0126953125 0.0239880059970015
0 0.427734375 0.2518740629685157 0.01171875 0.022488755622188907
0 0.4150390625 0.13793103448275862 0.01171875 0.0239880059970015
0 0.4365234375 0.14992503748125938 0.01171875 0.019490254872563718
0 0.453125 0.18290854572713644 0.009765625 0.025487256371814093
0 0.447265625 0.21139430284857572 0.0107421875 0.025487256371814093
0 0.453125 0.2683658170914543 0.0126953125 0.025487256371814093
0 0.4580078125 0.2413793103448276 0.01171875 0.022488755622188907
0 0.4462890625 0.328335832083958 0.0126953125 0.031484257871064465
0 0.47265625 0.2638680659670165 0.01171875 0.0239880059970015
0 0.4833984375 0.2773613193403298 0.0107421875 0.029985007496251874
0 0.5185546875 0.013493253373313344 0.0126953125 0.013493253373313344
0 0.48828125 0.005997001499250375 0.0107421875 0.01199400299850075
0 0.4931640625 0.0239880059970015 0.0078125 0.013493253373313344
0 0.4306640625 0.034482758620689655 0.0107421875 0.014992503748125937
0 0.41796875 0.07196401799100449 0.0087890625 0.017991004497751123
0 0.4287109375 0.06146926536731634 0.0087890625 0.017991004497751123
0 0.4326171875 0.08545727136431784 0.0078125 0.019490254872563718
0 0.4091796875 0.09895052473763119 0.0078125 0.01649175412293853
0 0.427734375 0.12593703148425786 0.009765625 0.019490254872563718
0 0.541015625 0.013493253373313344 0.0078125 0.019490254872563718
0 0.6044921875 0.019490254872563718 0.0068359375 0.01649175412293853
0 0.5869140625 0.04047976011994003 0.0078125 0.019490254872563718
0 0.56640625 0.07796101949025487 0.0087890625 0.019490254872563718
0 0.572265625 0.11094452773613193 0.009765625 0.019490254872563718
0 0.587890625 0.1199400299850075 0.0087890625 0.017991004497751123
0 0.5986328125 0.09745127436281859 0.009765625 0.014992503748125937
0 0.599609375 0.06296851574212893 0.0087890625 0.019490254872563718
0 0.6123046875 0.07946026986506746 0.0078125 0.019490254872563718
0 0.625 0.06296851574212893 0.0087890625 0.014992503748125937
0 0.6240234375 0.037481259370314844 0.005859375 0.013493253373313344
0 0.6494140625 0.07196401799100449 0.0078125 0.017991004497751123
0 0.640625 0.08095952023988005 0.0087890625 0.020989505247376312
0 0.63671875 0.08845577211394302 0.0107421875 0.0239880059970015
0 0.6298828125 0.10044977511244378 0.0078125 0.017991004497751123
0 0.6259765625 0.13493253373313344 0.0107421875 0.017991004497751123
0 0.6015625 0.14392803598200898 0.01171875 0.022488755622188907
0 0.5791015625 0.1679160419790105 0.0107421875 0.022488755622188907
0 0.6171875 0.17091454272863568 0.009765625 0.020989505247376312
0 0.666015625 0.11394302848575712 0.0087890625 0.017991004497751123
0 0.6572265625 0.10794602698650675 0.0078125 0.01649175412293853
0 0.66796875 0.08845577211394302 0.0087890625 0.017991004497751123
0 0.67578125 0.06446776611694154 0.0078125 0.014992503748125937
0 0.7783203125 0.06746626686656672 0.01171875 0.025487256371814093
0 0.7529296875 0.08845577211394302 0.005859375 0.017991004497751123
0 0.7216796875 0.041979010494752625 0.0078125 0.019490254872563718
0 0.71875 0.12143928035982009 0.0107421875 0.019490254872563718
0 0.7314453125 0.14392803598200898 0.0126953125 0.025487256371814093
0 0.7607421875 0.14392803598200898 0.0107421875 0.020989505247376312
0 0.7744140625 0.136431784107946 0.0087890625 0.020989505247376312
0 0.7734375 0.15442278860569716 0.009765625 0.022488755622188907
0 0.78515625 0.19640179910044978 0.013671875 0.022488755622188907
0 0.8056640625 0.1664167916041979 0.0126953125 0.025487256371814093
0 0.8076171875 0.19490254872563717 0.0107421875 0.0239880059970015
0 0.7998046875 0.24587706146926536 0.015625 0.026986506746626688
0 0.759765625 0.21889055472263869 0.01171875 0.0239880059970015
0 0.75 0.23238380809595202 0.0126953125 0.025487256371814093
0 0.7216796875 0.1889055472263868 0.0078125 0.017991004497751123
0 0.6904296875 0.12893553223388307 0.00390625 0.013493253373313344
0 0.697265625 0.1679160419790105 0.0087890625 0.019490254872563718
0 0.6708984375 0.15142428785607195 0.01171875 0.0239880059970015
0 0.69921875 0.24437781109445278 0.0107421875 0.029985007496251874
0 0.669921875 0.21889055472263869 0.0126953125 0.0239880059970015
0 0.6796875 0.20239880059970014 0.0107421875 0.020989505247376312
0 0.65625 0.19490254872563717 0.0126953125 0.0239880059970015
0 0.62890625 0.20389805097451275 0.0126953125 0.02848575712143928
0 0.6357421875 0.24737631184407796 0.0107421875 0.0239880059970015
0 0.6474609375 0.2638680659670165 0.0126953125 0.019490254872563718
0 0.650390625 0.28785607196401797 0.0146484375 0.0239880059970015
0 0.6201171875 0.27886056971514245 0.0126953125 0.020989505247376312
0 0.6015625 0.25487256371814093 0.01171875 0.0239880059970015
0 0.5888671875 0.21889055472263869 0.0107421875 0.0239880059970015
0 0.5732421875 0.2128935532233883 0.0107421875 0.019490254872563718
0 0.591796875 0.2818590704647676 0.0126953125 0.022488755622188907
0 0.39453125 0.0734632683658171 0.009765625 0.019490254872563718
0 0.3828125 0.08695652173913043 0.009765625 0.019490254872563718
0 0.390625 0.10494752623688156 0.0087890625 0.025487256371814093
0 0.369140625 0.11394302848575712 0.009765625 0.019490254872563718
0 0.3623046875 0.12143928035982009 0.009765625 0.01649175412293853
0 0.40234375 0.12893553223388307 0.01171875 0.017991004497751123
0 0.50390625 0.17841079460269865 0.0126953125 0.026986506746626688
0 0.498046875 0.2128935532233883 0.013671875 0.025487256371814093
0 0.5224609375 0.26686656671664166 0.009765625 0.025487256371814093
0 0.5400390625 0.2383808095952024 0.0146484375 0.025487256371814093
0 0.5380859375 0.2653673163418291 0.01171875 0.022488755622188907
0 0.5390625 0.29685157421289354 0.0166015625 0.025487256371814093
0 0.55859375 0.2863568215892054 0.0146484375 0.026986506746626688
0 0.494140625 0.31784107946026985 0.0146484375 0.03298350824587706
0 0.51953125 0.3598200899550225 0.0146484375 0.026986506746626688
0 0.548828125 0.3538230884557721 0.0146484375 0.029985007496251874
0 0.5908203125 0.32983508245877063 0.0146484375 0.02848575712143928
0 0.66796875 0.3193403298350825 0.013671875 0.02848575712143928
0 0.46875 0.383808095952024 0.0126953125 0.025487256371814093
0 0.423828125 0.4077961019490255 0.013671875 0.034482758620689655
0 0.3642578125 0.37031484257871067 0.0146484375 0.029985007496251874
0 0.3427734375 0.43778110944527737 0.0126953125 0.03298350824587706
0 0.3544921875 0.4782608695652174 0.0126953125 0.0239880059970015
0 0.3720703125 0.4707646176911544 0.0107421875 0.03298350824587706
0 0.3935546875 0.4512743628185907 0.013671875 0.022488755622188907
0 0.4033203125 0.47976011994003 0.0068359375 0.017991004497751123
0 0.4052734375 0.48125937031484256 0.0107421875 0.022488755622188907
0 0.40625 0.48125937031484256 0.01171875 0.022488755622188907
0 0.4072265625 0.48125937031484256 0.013671875 0.022488755622188907
0 0.388671875 0.48125937031484256 0.0107421875 0.0239880059970015
0 0.458984375 0.4482758620689655 0.0126953125 0.03298350824587706
0 0.49609375 0.44377811094452774 0.0126953125 0.02848575712143928
0 0.48828125 0.48575712143928035 0.0146484375 0.029985007496251874
0 0.5263671875 0.46926536731634183 0.015625 0.029985007496251874
0 0.546875 0.4452773613193403 0.015625 0.03298350824587706
0 0.5654296875 0.39730134932533734 0.0146484375 0.031484257871064465
0 0.634765625 0.4002998500749625 0.0146484375 0.029985007496251874
0 0.62890625 0.4662668665667166 0.0126953125 0.031484257871064465
0 0.6787109375 0.3868065967016492 0.01171875 0.031484257871064465
0 0.6953125 0.43478260869565216 0.0146484375 0.037481259370314844
0 0.2802734375 0.22038980509745126 0.009765625 0.019490254872563718
0 0.3896484375 0.52023988005997 0.015625 0.031484257871064465
0 0.0087890625 0.5997001499250375 0.0146484375 0.029985007496251874
0 0.0615234375 0.6116941529235382 0.01953125 0.038980509745127435
0 0.083984375 0.6041979010494752 0.0166015625 0.03298350824587706
0 0.0830078125 0.5427286356821589 0.0146484375 0.025487256371814093
0 0.1103515625 0.553223388305847 0.015625 0.031484257871064465
0 0.1279296875 0.6131934032983508 0.017578125 0.034482758620689655
0 0.14453125 0.6401799100449775 0.0205078125 0.035982008995502246
0 0.1533203125 0.5967016491754122 0.017578125 0.031484257871064465
0 0.1708984375 0.5592203898050975 0.0146484375 0.029985007496251874
0 0.2041015625 0.5352323838080959 0.0126953125 0.026986506746626688
0 0.1201171875 0.6926536731634183 0.017578125 0.037481259370314844
0 0.1904296875 0.7316341829085458 0.0146484375 0.04047976011994003
0 0.2197265625 0.6806596701649176 0.0146484375 0.035982008995502246
0 0.0283203125 0.679160419790105 0.01171875 0.026986506746626688
0 0.0126953125 0.6896551724137931 0.009765625 0.022488755622188907
0 0.0400390625 0.7736131934032984 0.0185546875 0.034482758620689655
0 0.087890625 0.8140929535232384 0.015625 0.03298350824587706
0 0.1005859375 0.889055472263868 0.0205078125 0.043478260869565216
0 0.0224609375 0.9115442278860569 0.01953125 0.035982008995502246
0 0.0439453125 0.9400299850074962 0.015625 0.04047976011994003
0 0.12890625 0.9580209895052474 0.0146484375 0.043478260869565216
0 0.1630859375 0.9835082458770614 0.01953125 0.031484257871064465
0 0.1787109375 0.8470764617691154 0.0185546875 0.035982008995502246
0 0.26171875 0.9490254872563718 0.0166015625 0.043478260869565216
0 0.3125 0.9280359820089955 0.0185546875 0.044977511244377814
0 0.3955078125 0.95952023988006 0.0205078125 0.050974512743628186
0 0.3857421875 0.800599700149925 0.01953125 0.034482758620689655
0 0.3818359375 0.7646176911544228 0.0126953125 0.029985007496251874
0 0.4140625 0.7001499250374813 0.015625 0.035982008995502246
0 0.37890625 0.704647676161919 0.0126953125 0.038980509745127435
0 0.3681640625 0.6491754122938531 0.0126953125 0.031484257871064465
0 0.4130859375 0.6251874062968515 0.0166015625 0.026986506746626688
0 0.3115234375 0.8515742128935532 0.015625 0.04047976011994003
0 0.2763671875 0.631184407796102 0.015625 0.034482758620689655
0 0.267578125 0.5787106446776612 0.01171875 0.031484257871064465
0 0.341796875 0.5592203898050975 0.0185546875 0.035982008995502246
0 0.291015625 0.5187406296851574 0.01171875 0.03298350824587706
0 0.451171875 0.512743628185907 0.015625 0.031484257871064465
0 0.4375 0.56071964017991 0.013671875 0.035982008995502246
0 0.4765625 0.5742128935532234 0.013671875 0.029985007496251874
0 0.51171875 0.6026986506746627 0.0224609375 0.020989505247376312
0 0.56640625 0.5667166416791605 0.01171875 0.03298350824587706
0 0.5126953125 0.6701649175412294 0.0146484375 0.043478260869565216
0 0.4482421875 0.6446776611694153 0.017578125 0.031484257871064465
0 0.470703125 0.6341829085457271 0.017578125 0.035982008995502246
0 0.515625 0.7511244377811095 0.013671875 0.034482758620689655
0 0.529296875 0.8110944527736131 0.0185546875 0.038980509745127435
0 0.5078125 0.8320839580209896 0.0185546875 0.044977511244377814
0 0.3056640625 0.3793103448275862 0.013671875 0.029985007496251874
0 0.2939453125 0.32533733133433285 0.0078125 0.0239880059970015
0 0.201171875 0.043478260869565216 0.0048828125 0.01199400299850075
0 0.232421875 0.034482758620689655 0.0068359375 0.017991004497751123
0 0.4482421875 0.9790104947526237 0.0224609375 0.041979010494752625
0 0.5361328125 0.904047976011994 0.015625 0.041979010494752625
0 0.9677734375 0.004497751124437781 0.0068359375 0.010494752623688156
0 0.978515625 0.026986506746626688 0.0087890625 0.017991004497751123
0 0.9140625 0.038980509745127435 0.0078125 0.014992503748125937
0 0.919921875 0.06296851574212893 0.0107421875 0.019490254872563718
0 0.9306640625 0.047976011994003 0.0078125 0.019490254872563718
0 0.9912109375 0.05697151424287856 0.0068359375 0.01649175412293853
0 0.982421875 0.06296851574212893 0.0068359375 0.017991004497751123
0 0.98046875 0.07496251874062969 0.0107421875 0.022488755622188907
0 0.966796875 0.08545727136431784 0.009765625 0.022488755622188907
0 0.9521484375 0.07496251874062969 0.0078125 0.020989505247376312
0 0.951171875 0.10644677661169415 0.009765625 0.020989505247376312
0 0.9306640625 0.09145427286356822 0.0087890625 0.022488755622188907
0 0.9365234375 0.12743628185907047 0.0087890625 0.020989505247376312
0 0.8984375 0.08695652173913043 0.009765625 0.0239880059970015
0 0.91015625 0.1409295352323838 0.0126953125 0.0239880059970015
0 0.8583984375 0.05847076461769116 0.0078125 0.019490254872563718
0 0.8955078125 0.06146926536731634 0.0068359375 0.019490254872563718
0 0.8857421875 0.15742128935532235 0.0107421875 0.022488755622188907
0 0.8671875 0.17541229385307347 0.0078125 0.017991004497751123
0 0.859375 0.17841079460269865 0.0087890625 0.019490254872563718
0 0.8173828125 0.13793103448275862 0.009765625 0.020989505247376312
0 0.85546875 0.10944527736131934 0.0068359375 0.014992503748125937
0 0.818359375 0.10494752623688156 0.009765625 0.014992503748125937
0 0.814453125 0.22938530734632684 0.0087890625 0.01649175412293853
0 0.853515625 0.22788605697151423 0.01171875 0.019490254872563718
0 0.8369140625 0.25037481259370314 0.01171875 0.019490254872563718
0 0.8544921875 0.2593703148425787 0.0107421875 0.022488755622188907
0 0.8876953125 0.22338830584707647 0.0087890625 0.019490254872563718
0 0.9091796875 0.24587706146926536 0.0126953125 0.025487256371814093
0 0.9580078125 0.2593703148425787 0.009765625 0.022488755622188907
0 0.9755859375 0.2143928035982009 0.01171875 0.022488755622188907
0 0.9921875 0.15142428785607195 0.0107421875 0.020989505247376312
0 0.998046875 0.18140929535232383 0.0029296875 0.014992503748125937
0 0.91015625 0.17541229385307347 0.009765625 0.025487256371814093
0 0.91796875 0.1724137931034483 0.0078125 0.022488755622188907
0 0.8779296875 0.06446776611694154 0.0087890625 0.01649175412293853
0 0.916015625 0.1934032983508246 0.009765625 0.01649175412293853
0 0.9814453125 0.1409295352323838 0.009765625 0.022488755622188907
0 0.603515625 0.5187406296851574 0.0146484375 0.031484257871064465
0 0.68359375 0.5247376311844077 0.01171875 0.031484257871064465
0 0.7470703125 0.46026986506746626 0.0146484375 0.031484257871064465
0 0.720703125 0.4107946026986507 0.0166015625 0.035982008995502246
0 0.599609375 0.6536731634182908 0.01171875 0.038980509745127435
0 0.5859375 0.6911544227886057 0.013671875 0.02848575712143928
0 0.6923828125 0.6656671664167916 0.0185546875 0.037481259370314844
0 0.759765625 0.31334332833583206 0.01171875 0.03298350824587706
0 0.8271484375 0.32233883058470764 0.0126953125 0.025487256371814093
0 0.83984375 0.29685157421289354 0.0087890625 0.020989505247376312
0 0.84375 0.3613193403298351 0.0126953125 0.025487256371814093
0 0.7919921875 0.3553223388305847 0.015625 0.037481259370314844
0 0.80078125 0.4257871064467766 0.0146484375 0.029985007496251874
0 0.8115234375 0.42278860569715143 0.01171875 0.025487256371814093
0 0.828125 0.4062968515742129 0.013671875 0.029985007496251874
0 0.8662109375 0.43928035982008995 0.01171875 0.031484257871064465
0 0.7451171875 0.34332833583208394 0.0146484375 0.025487256371814093
0 0.7353515625 0.3658170914542729 0.015625 0.031484257871064465
0 0.693359375 0.3193403298350825 0.0078125 0.026986506746626688
0 0.8935546875 0.2863568215892054 0.0107421875 0.0239880059970015
0 0.91796875 0.27436281859070466 0.009765625 0.0239880059970015
0 0.9345703125 0.2683658170914543 0.0048828125 0.01649175412293853
0 0.875 0.3313343328335832 0.0087890625 0.022488755622188907
0 0.8876953125 0.40929535232383807 0.0107421875 0.026986506746626688
0 0.890625 0.46326836581709147 0.0166015625 0.034482758620689655
0 0.912109375 0.4752623688155922 0.0146484375 0.031484257871064465
0 0.83203125 0.4992503748125937 0.0126953125 0.031484257871064465
0 0.9326171875 0.3658170914542729 0.0107421875 0.020989505247376312
0 0.97265625 0.3658170914542729 0.0126953125 0.022488755622188907
0 0.974609375 0.4737631184407796 0.0126953125 0.026986506746626688
0 0.9931640625 0.5697151424287856 0.01171875 0.029985007496251874
0 0.9697265625 0.5412293853073463 0.0126953125 0.02848575712143928
0 0.9072265625 0.5352323838080959 0.0146484375 0.034482758620689655
0 0.822265625 0.5667166416791605 0.017578125 0.038980509745127435
0 0.7763671875 0.5397301349325337 0.017578125 0.026986506746626688
0 0.8486328125 0.6221889055472264 0.017578125 0.04047976011994003
0 0.7939453125 0.6581709145427287 0.015625 0.03298350824587706
0 0.869140625 0.6806596701649176 0.0166015625 0.035982008995502246
0 0.8857421875 0.5742128935532234 0.013671875 0.031484257871064465
0 0.9365234375 0.616191904047976 0.0126953125 0.02848575712143928
0 0.95703125 0.6881559220389805 0.0146484375 0.034482758620689655
0 0.939453125 0.6956521739130435 0.017578125 0.041979010494752625
0 0.9033203125 0.7181409295352323 0.01953125 0.04047976011994003
0 0.8369140625 0.7226386806596702 0.0126953125 0.035982008995502246
0 0.8193359375 0.7556221889055472 0.0146484375 0.037481259370314844
0 0.91796875 0.8020989505247377 0.01171875 0.044977511244377814
0 0.90625 0.8260869565217391 0.017578125 0.03298350824587706
0 0.74609375 0.6896551724137931 0.0107421875 0.03298350824587706
0 0.994140625 0.671664167916042 0.0107421875 0.031484257871064465
0 0.6171875 0.8320839580209896 0.009765625 0.037481259370314844
0 0.671875 0.896551724137931 0.0126953125 0.041979010494752625
0 0.6630859375 0.9715142428785607 0.01953125 0.038980509745127435
0 0.71875 0.9490254872563718 0.01953125 0.041979010494752625
0 0.6494140625 0.6806596701649176 0.009765625 0.03298350824587706
0 0.798828125 0.8995502248875562 0.0146484375 0.043478260869565216
0 0.8154296875 0.8515742128935532 0.0166015625 0.046476761619190406
0 0.7578125 0.9820089955022488 0.0185546875 0.034482758620689655
0 0.8720703125 0.9460269865067467 0.0205078125 0.043478260869565216
0 0.9580078125 0.8950524737631185 0.013671875 0.02848575712143928
0 0.1005859375 0.24587706146926536 0.0078125 0.014992503748125937
0 0.0166015625 0.19640179910044978 0.01171875 0.019490254872563718
0 0.0234375 0.037481259370314844 0.0068359375 0.014992503748125937
0 0.0439453125 0.037481259370314844 0.0087890625 0.013493253373313344
0 0.0 0.010494752623688156 0.0 0.0074962518740629685
0 0.044921875 0.01649175412293853 0.0068359375 0.013493253373313344
0 0.02734375 0.01649175412293853 0.0087890625 0.013493253373313344
0 0.0166015625 0.019490254872563718 0.0087890625 0.01649175412293853
0 0.01171875 0.2368815592203898 0.009765625 0.022488755622188907
0 0.1123046875 0.29235382308845576 0.01171875 0.026986506746626688
0 0.13671875 0.24437781109445278 0.01171875 0.022488755622188907
0 0.14453125 0.2773613193403298 0.01171875 0.0239880059970015
0 0.1669921875 0.2158920539730135 0.0087890625 0.017991004497751123
0 0.1591796875 0.26686656671664166 0.0107421875 0.020989505247376312
0 0.1494140625 0.19490254872563717 0.009765625 0.020989505247376312
0 0.150390625 0.17841079460269865 0.0107421875 0.017991004497751123
0 0.1640625 0.16491754122938532 0.0087890625 0.020989505247376312
0 0.1875 0.15292353823088456 0.009765625 0.019490254872563718
0 0.1943359375 0.1904047976011994 0.01171875 0.022488755622188907
0 0.19921875 0.16941529235382308 0.0107421875 0.025487256371814093
0 0.1982421875 0.2143928035982009 0.0126953125 0.025487256371814093
0 0.2080078125 0.13793103448275862 0.0107421875 0.022488755622188907
0 0.2314453125 0.18290854572713644 0.013671875 0.0239880059970015
0 0.2294921875 0.13943028485757122 0.01171875 0.0239880059970015
0 0.19921875 0.005997001499250375 0.0087890625 0.013493253373313344
0 0.2109375 0.004497751124437781 0.0068359375 0.010494752623688156
0 0.0341796875 0.15292353823088456 0.0126953125 0.026986506746626688
0 0.0517578125 0.2773613193403298 0.0146484375 0.029985007496251874
0 0.03515625 0.3313343328335832 0.017578125 0.026986506746626688
0 0.0234375 0.36731634182908546 0.013671875 0.025487256371814093
0 0.0634765625 0.32233883058470764 0.0107421875 0.020989505247376312
0 0.0771484375 0.3748125937031484 0.017578125 0.029985007496251874
0 0.0390625 0.41379310344827586 0.0107421875 0.026986506746626688
0 0.0615234375 0.47226386806596704 0.015625 0.034482758620689655
0 0.078125 0.44677661169415295 0.013671875 0.031484257871064465
0 0.087890625 0.4767616191904048 0.0146484375 0.038980509745127435
0 0.0205078125 0.5097451274362819 0.0126953125 0.026986506746626688
0 0.1162109375 0.4122938530734633 0.013671875 0.0239880059970015
0 0.1279296875 0.3568215892053973 0.0146484375 0.022488755622188907
0 0.1728515625 0.3373313343328336 0.0126953125 0.026986506746626688
0 0.169921875 0.3868065967016492 0.0126953125 0.02848575712143928
0 0.1826171875 0.41529235382308843 0.0146484375 0.02848575712143928
0 0.1396484375 0.48125937031484256 0.0126953125 0.02848575712143928
0 0.2197265625 0.4662668665667166 0.0146484375 0.029985007496251874
0 0.2451171875 0.4527736131934033 0.0126953125 0.0239880059970015
0 0.2373046875 0.5067466266866567 0.0126953125 0.029985007496251874
0 0.236328125 0.39730134932533734 0.0166015625 0.02848575712143928
0 0.2431640625 0.37631184407796103 0.0107421875 0.0239880059970015
0 0.205078125 0.328335832083958 0.013671875 0.0239880059970015
0 0.23046875 0.31784107946026985 0.01171875 0.031484257871064465
0 0.2412109375 0.29685157421289354 0.0078125 0.020989505247376312
0 0.251953125 0.2698650674662669 0.0126953125 0.025487256371814093
0 0.2724609375 0.3988005997001499 0.01171875 0.026986506746626688
0 0.2744140625 0.3598200899550225 0.0107421875 0.0239880059970015
0 0.255859375 0.1874062968515742 0.01171875 0.022488755622188907
0 0.2138671875 0.10794602698650675 0.009765625 0.019490254872563718
0 0.1689453125 0.13193403298350825 0.009765625 0.014992503748125937
0 0.1806640625 0.095952023988006 0.009765625 0.020989505247376312
0 0.154296875 0.11244377811094453 0.0087890625 0.019490254872563718
0 0.1337890625 0.11244377811094453 0.0068359375 0.01649175412293853
0 0.1474609375 0.0944527736131934 0.009765625 0.0239880059970015
0 0.158203125 0.07646176911544228 0.01171875 0.019490254872563718
0 0.1650390625 0.05247376311844078 0.0087890625 0.020989505247376312
0 0.1787109375 0.05847076461769116 0.01171875 0.019490254872563718
0 0.1923828125 0.041979010494752625 0.0087890625 0.01649175412293853
0 0.2099609375 0.07796101949025487 0.0068359375 0.019490254872563718
0 0.2236328125 0.05997001499250375 0.0087890625 0.019490254872563718
0 0.1484375 0.026986506746626688 0.0068359375 0.013493253373313344
0 0.140625 0.019490254872563718 0.009765625 0.017991004497751123
0 0.1318359375 0.01649175412293853 0.0078125 0.01199400299850075
0 0.1748046875 0.0239880059970015 0.0087890625 0.019490254872563718
0 0.1923828125 0.01649175412293853 0.0078125 0.013493253373313344
0 0.0986328125 0.035982008995502246 0.0087890625 0.013493253373313344
0 0.046875 0.239880059970015 0.0107421875 0.025487256371814093
0 0.16796875 0.3118440779610195 0.0126953125 0.0239880059970015
0 0.1904296875 0.30134932533733133 0.0107421875 0.020989505247376312
0 0.2001953125 0.280359820089955 0.009765625 0.020989505247376312
0 0.232421875 0.2518740629685157 0.0107421875 0.019490254872563718
0 0.228515625 0.23238380809595202 0.0087890625 0.01649175412293853
0 0.0029296875 0.022488755622188907 0.0068359375 0.01649175412293853
0 0.0048828125 0.005997001499250375 0.0068359375 0.010494752623688156
0 0.0703125 0.035982008995502246 0.009765625 0.013493253373313344
0 0.0732421875 0.010494752623688156 0.009765625 0.019490254872563718
0 0.095703125 0.010494752623688156 0.0087890625 0.022488755622188907
0 0.162109375 0.020989505247376312 0.0068359375 0.01199400299850075
0 0.5859375 0.9655172413793104 0.017578125 0.04047976011994003
0 0.8994140625 0.17991004497751126 0.0107421875 0.020989505247376312
0 0.7138671875 0.21889055472263869 0.0087890625 0.01649175412293853