0 0.0224609375 0.16666666666666666 0.017578125 0.0390625
0 0.083984375 0.15234375 0.0244140625 0.0390625
0 0.1611328125 0.18098958333333334 0.0205078125 0.04296875
0 0.01953125 0.2864583333333333 0.02734375 0.0546875
0 0.0458984375 0.3515625 0.0244140625 0.046875
0 0.12109375 0.3606770833333333 0.0244140625 0.040364583333333336
0 0.1708984375 0.5169270833333334 0.0166015625 0.052083333333333336
0 0.126953125 0.22526041666666666 0.0185546875 0.04296875
0 0.162109375 0.24739583333333334 0.0302734375 0.045572916666666664
0 0.2080078125 0.3880208333333333 0.02734375 0.044270833333333336
0 0.2666015625 0.4765625 0.0322265625 0.052083333333333336
0 0.2666015625 0.3854166666666667 0.0322265625 0.048177083333333336
0 0.2578125 0.24609375 0.025390625 0.044270833333333336
0 0.29296875 0.265625 0.0244140625 0.046875
0 0.384765625 0.22395833333333334 0.0263671875 0.044270833333333336
0 0.4384765625 0.3932291666666667 0.029296875 0.041666666666666664
0 0.4736328125 0.25 0.0263671875 0.04296875
0 0.240234375 0.14453125 0.0244140625 0.046875
0 0.2998046875 0.18619791666666666 0.021484375 0.046875
0 0.3798828125 0.16536458333333334 0.0234375 0.044270833333333336
0 0.4638671875 0.15494791666666666 0.01953125 0.036458333333333336
0 0.529296875 0.17317708333333334 0.01953125 0.033854166666666664
0 0.71484375 0.4739583333333333 0.029296875 0.048177083333333336
0 0.6748046875 0.3645833333333333 0.0224609375 0.044270833333333336
0 0.72265625 0.359375 0.0244140625 0.0390625
0 0.701171875 0.2721354166666667 0.0224609375 0.0390625
0 0.6826171875 0.1875 0.021484375 0.0390625
0 0.75390625 0.4778645833333333 0.0283203125 0.052083333333333336
0 0.8310546875 0.50390625 0.025390625 0.041666666666666664
0 0.5654296875 0.23697916666666666 0.0224609375 0.052083333333333336
0 0.60546875 0.14583333333333334 0.0263671875 0.041666666666666664
0 0.517578125 0.3854166666666667 0.0283203125 0.049479166666666664
0 0.505859375 0.4934895833333333 0.025390625 0.044270833333333336
0 0.3212890625 0.4739583333333333 0.01953125 0.033854166666666664
0 0.6376953125 0.27734375 0.0234375 0.041666666666666664
0 0.6015625 0.4036458333333333 0.0244140625 0.046875
0 0.6259765625 0.4752604166666667 0.0322265625 0.053385416666666664
0 0.357421875 0.39453125 0.0283203125 0.04296875