0 0.0576171875 0.38872620790629575 0.0068359375 0.007320644216691069
0 0.1552734375 0.3762811127379209 0.0068359375 0.006588579795021962
0 0.330078125 0.3784773060029283 0.005859375 0.006588579795021962
0 0.435546875 0.4084919472913616 0.046875 0.050512445095168376
0 0.568359375 0.431185944363104 0.03515625 0.040995607613469986
0 0.552734375 0.4084919472913616 0.009765625 0.008784773060029283
0 0.6806640625 0.3726207906295754 0.0087890625 0.007320644216691069
0 0.7998046875 0.3733528550512445 0.0087890625 0.008784773060029283
0 0.76171875 0.37994143484626647 0.0068359375 0.006588579795021962
0 0.69921875 0.4055636896046852 0.0068359375 0.005856515373352855
0 0.20703125 0.383601756954612 0.0048828125 0.005856515373352855
0 0.8818359375 0.7210834553440703 0.10546875 0.1281112737920937