0 0.26171875 0.20632911392405062 0.04296875 0.07468354430379746
0 0.3876953125 0.23291139240506328 0.0361328125 0.07341772151898734
0 0.5009765625 0.2291139240506329 0.0400390625 0.0670886075949367
0 0.611328125 0.23291139240506328 0.0400390625 0.06582278481012659
0 0.70703125 0.20759493670886076 0.041015625 0.07088607594936709
0 0.15234375 0.3911392405063291 0.04296875 0.07215189873417721
0 0.265625 0.4151898734177215 0.0419921875 0.0759493670886076
0 0.36328125 0.4430379746835443 0.044921875 0.0759493670886076
0 0.4853515625 0.4417721518987342 0.037109375 0.07341772151898734
0 0.2705078125 0.5911392405063292 0.0419921875 0.07341772151898734
0 0.435546875 0.5784810126582278 0.044921875 0.07088607594936709
0 0.580078125 0.4316455696202532 0.0419921875 0.07088607594936709
0 0.68359375 0.4278481012658228 0.04296875 0.06455696202531645
0 0.7958984375 0.4189873417721519 0.041015625 0.07341772151898734
0 0.7509765625 0.6012658227848101 0.0419921875 0.06835443037974684
0 0.5673828125 0.5835443037974684 0.0478515625 0.07468354430379746