0 0.060546875 0.2708638360175695 0.025390625 0.05417276720351391
0 0.0126953125 0.3989751098096633 0.025390625 0.03733528550512445
0 0.12109375 0.3308931185944363 0.0126953125 0.015373352855051245
0 0.26171875 0.2664714494875549 0.04296875 0.0424597364568082
0 0.177734375 0.27159590043923865 0.015625 0.020497803806734993
0 0.28125 0.31771595900439237 0.0322265625 0.024890190336749635
0 0.34765625 0.363103953147877 0.0166015625 0.0212298682284041
0 0.4658203125 0.28330893118594436 0.0126953125 0.01903367496339678
0 0.4736328125 0.34992679355783307 0.01171875 0.016105417276720352
0 0.56640625 0.3330893118594436 0.0244140625 0.022693997071742314
0 0.591796875 0.2891654465592972 0.0166015625 0.0212298682284041
0 0.634765625 0.3008784773060029 0.0107421875 0.012445095168374817
0 0.7705078125 0.26939970717423134 0.021484375 0.02342606149341142
0 0.7734375 0.287701317715959 0.0126953125 0.01171303074670571
0 0.8935546875 0.2796486090775988 0.0146484375 0.017569546120058566
0 0.9111328125 0.32430453879941434 0.005859375 0.010980966325036604
0 0.9697265625 0.28330893118594436 0.013671875 0.014641288433382138
0 0.986328125 0.2884333821376281 0.009765625 0.010248901903367497
0 0.482421875 0.38653001464128844 0.0234375 0.020497803806734993
0 0.515625 0.3623718887262079 0.015625 0.022693997071742314
0 0.056640625 0.3718887262079063 0.0185546875 0.02562225475841874