0 0.166015625 0.3185840707964602 0.0283203125 0.05457227138643068
0 0.2236328125 0.3480825958702065 0.0283203125 0.05309734513274336
0 0.29296875 0.2669616519174041 0.02734375 0.05309734513274336
0 0.3291015625 0.3392330383480826 0.0244140625 0.05752212389380531
0 0.400390625 0.29056047197640117 0.0263671875 0.051622418879056046
0 0.4716796875 0.3008849557522124 0.0263671875 0.0471976401179941
0 0.240234375 0.5471976401179941 0.029296875 0.05309734513274336
0 0.3193359375 0.5221238938053098 0.0302734375 0.05457227138643068
0 0.38671875 0.5339233038348082 0.0302734375 0.05014749262536873
0 0.5322265625 0.3053097345132743 0.025390625 0.051622418879056046
0 0.462890625 0.5353982300884956 0.0283203125 0.051622418879056046
0 0.60546875 0.29056047197640117 0.025390625 0.04424778761061947
0 0.666015625 0.29056047197640117 0.02734375 0.05014749262536873
0 0.7470703125 0.2610619469026549 0.0263671875 0.05014749262536873
0 0.7490234375 0.33775811209439527 0.0302734375 0.05604719764011799
0 0.837890625 0.3141592920353982 0.02734375 0.05309734513274336
0 0.8818359375 0.28466076696165193 0.0302734375 0.05457227138643068
0 0.5400390625 0.5383480825958702 0.025390625 0.05309734513274336
0 0.58984375 0.5353982300884956 0.0263671875 0.05014749262536873
0 0.6533203125 0.5427728613569321 0.02734375 0.05014749262536873
0 0.7802734375 0.5412979351032449 0.029296875 0.05309734513274336
0 0.8916015625 0.5412979351032449 0.033203125 0.05604719764011799