0 0.0244140625 0.19184652278177458 0.0185546875 0.05995203836930456
0 0.0419921875 0.2685851318944844 0.0205078125 0.050359712230215826
0 0.05859375 0.11990407673860912 0.0234375 0.047961630695443645
0 0.1015625 0.06954436450839328 0.01953125 0.03597122302158273
0 0.146484375 0.0815347721822542 0.013671875 0.03836930455635491
0 0.130859375 0.2182254196642686 0.0166015625 0.045563549160671464
0 0.134765625 0.3333333333333333 0.0224609375 0.06474820143884892
0 0.1533203125 0.4460431654676259 0.02734375 0.07913669064748201
0 0.2041015625 0.045563549160671464 0.0166015625 0.03836930455635491
0 0.2373046875 0.08633093525179857 0.017578125 0.045563549160671464
0 0.173828125 0.2853717026378897 0.0205078125 0.06235011990407674
0 0.1865234375 0.4196642685851319 0.025390625 0.07194244604316546
0 0.2021484375 0.5035971223021583 0.0234375 0.0671462829736211
0 0.181640625 0.6498800959232613 0.03515625 0.08393285371702638
0 0.2509765625 0.41007194244604317 0.029296875 0.09112709832134293
0 0.294921875 0.41247002398081534 0.021484375 0.06235011990407674
0 0.3232421875 0.42206235011990406 0.0263671875 0.08633093525179857
0 0.3193359375 0.5443645083932853 0.0263671875 0.06474820143884892
0 0.3515625 0.4580335731414868 0.0283203125 0.07913669064748201
0 0.3798828125 0.3645083932853717 0.0224609375 0.06954436450839328
0 0.431640625 0.5323741007194245 0.025390625 0.07673860911270983
0 0.4189453125 0.302158273381295 0.021484375 0.05995203836930456
0 0.3623046875 0.2973621103117506 0.0146484375 0.045563549160671464
0 0.443359375 0.3501199040767386 0.0166015625 0.03597122302158273
0 0.1044921875 0.290167865707434 0.0224609375 0.06235011990407674
0 0.013671875 0.6019184652278178 0.0283203125 0.10311750599520383
0 0.0751953125 0.6498800959232613 0.03125 0.09112709832134293
0 0.0419921875 0.5683453237410072 0.015625 0.07194244604316546
0 0.0087890625 0.4844124700239808 0.015625 0.050359712230215826
0 0.076171875 0.49160671462829736 0.021484375 0.07913669064748201
0 0.109375 0.6091127098321343 0.0263671875 0.07434052757793765
0 0.375 0.565947242206235 0.0380859375 0.0815347721822542
0 0.361328125 0.1774580335731415 0.0224609375 0.06474820143884892
0 0.447265625 0.06235011990407674 0.01171875 0.050359712230215826
0 0.3720703125 0.11031175059952038 0.0185546875 0.07194244604316546
0 0.4072265625 0.10311750599520383 0.013671875 0.03117505995203837
0 0.513671875 0.13908872901678657 0.0166015625 0.05275779376498801
0 0.49609375 0.15347721822541965 0.0126953125 0.04316546762589928
0 0.546875 0.11750599520383694 0.0126953125 0.03597122302158273
0 0.53515625 0.1630695443645084 0.0107421875 0.03836930455635491
0 0.638671875 0.2589928057553957 0.0244140625 0.07434052757793765
0 0.7265625 0.2182254196642686 0.02734375 0.0671462829736211
0 0.6181640625 0.15587529976019185 0.015625 0.04316546762589928
0 0.6875 0.10071942446043165 0.01953125 0.05275779376498801
0 0.7197265625 0.05755395683453238 0.01171875 0.03357314148681055
0 0.4775390625 0.27577937649880097 0.021484375 0.050359712230215826
0 0.5166015625 0.23501199040767387 0.0234375 0.06235011990407674
0 0.5693359375 0.26139088729016785 0.0166015625 0.05275779376498801
0 0.6181640625 0.302158273381295 0.0166015625 0.047961630695443645
0 0.4990234375 0.7913669064748201 0.025390625 0.06474820143884892
0 0.609375 0.4364508393285372 0.0458984375 0.14148681055155876
0 0.671875 0.4172661870503597 0.0302734375 0.09832134292565947
0 0.771484375 0.49640287769784175 0.03515625 0.12709832134292565
0 0.7734375 0.34532374100719426 0.029296875 0.09832134292565947
0 0.822265625 0.2949640287769784 0.0224609375 0.07673860911270983
0 0.87890625 0.42685851318944845 0.017578125 0.08393285371702638
0 0.6591796875 0.10311750599520383 0.015625 0.03836930455635491
0 0.6376953125 0.18465227817745802 0.017578125 0.0407673860911271
0 0.5966796875 0.14628297362110312 0.0107421875 0.03597122302158273
0 0.7666015625 0.2158273381294964 0.025390625 0.07194244604316546
0 0.884765625 0.21103117505995203 0.025390625 0.05755395683453238
0 0.8251953125 0.2302158273381295 0.01953125 0.02877697841726619
0 0.9072265625 0.2517985611510791 0.0263671875 0.08872901678657075
0 0.8759765625 0.14628297362110312 0.021484375 0.06474820143884892
0 0.76953125 0.09592326139088729 0.0146484375 0.047961630695443645
0 0.8017578125 0.10551558752997602 0.017578125 0.05275779376498801
0 0.8701171875 0.07673860911270983 0.0224609375 0.050359712230215826
0 0.912109375 0.38609112709832133 0.0322265625 0.10071942446043165
0 0.9755859375 0.27577937649880097 0.02734375 0.07434052757793765
0 0.9384765625 0.2446043165467626 0.0234375 0.07434052757793765
0 0.9228515625 0.1774580335731415 0.0166015625 0.047961630695443645
0 0.9765625 0.10071942446043165 0.0263671875 0.06954436450839328
0 0.9267578125 0.05995203836930456 0.0166015625 0.050359712230215826
0 0.8134765625 0.07194244604316546 0.0146484375 0.04316546762589928
0 0.837890625 0.02877697841726619 0.013671875 0.026378896882494004
0 0.8916015625 0.019184652278177457 0.0146484375 0.03836930455635491
0 0.7861328125 0.05515587529976019 0.0107421875 0.03597122302158273
0 0.8095703125 0.02158273381294964 0.013671875 0.03117505995203837
0 0.57421875 0.22062350119904076 0.021484375 0.05275779376498801
0 0.548828125 0.21342925659472423 0.021484375 0.05995203836930456
0 0.578125 0.1510791366906475 0.017578125 0.0407673860911271
0 0.560546875 0.14628297362110312 0.0185546875 0.045563549160671464
0 0.7216796875 0.37889688249400477 0.0283203125 0.09592326139088729