0 0.078125 0.013761467889908258 0.0224609375 0.027522935779816515
0 0.0751953125 0.07033639143730887 0.03125 0.0672782874617737
0 0.05859375 0.1636085626911315 0.0224609375 0.0581039755351682
0 0.0224609375 0.28440366972477066 0.0341796875 0.07951070336391437
0 0.1201171875 0.3348623853211009 0.048828125 0.11467889908256881
0 0.1591796875 0.27522935779816515 0.0419921875 0.08103975535168195
0 0.14453125 0.15137614678899083 0.029296875 0.07492354740061162
0 0.1875 0.11314984709480122 0.0224609375 0.05045871559633028
0 0.1396484375 0.03363914373088685 0.02734375 0.05198776758409786
0 0.197265625 0.019877675840978593 0.0146484375 0.03211009174311927
0 0.2626953125 0.019877675840978593 0.0302734375 0.04128440366972477
0 0.2685546875 0.09327217125382263 0.0361328125 0.06269113149847094
0 0.3359375 0.10550458715596331 0.021484375 0.04434250764525994
0 0.298828125 0.13608562691131498 0.0166015625 0.03363914373088685
0 0.296875 0.23547400611620795 0.0302734375 0.05657492354740061
0 0.3486328125 0.3318042813455658 0.0390625 0.08409785932721713
0 0.322265625 0.3746177370030581 0.0390625 0.0581039755351682
0 0.03125 0.4648318042813456 0.05859375 0.13608562691131498
0 0.205078125 0.463302752293578 0.060546875 0.10703363914373089
0 0.06640625 0.6559633027522935 0.0615234375 0.13608562691131498
0 0.15625 0.9525993883792049 0.0810546875 0.08868501529051988
0 0.4501953125 0.3470948012232416 0.0361328125 0.08409785932721713
0 0.3642578125 0.5321100917431193 0.05078125 0.11009174311926606
0 0.46875 0.6299694189602446 0.06640625 0.14220183486238533
0 0.3720703125 0.016819571865443424 0.025390625 0.03211009174311927
0 0.5234375 0.01529051987767584 0.015625 0.0290519877675841
0 0.41796875 0.24311926605504589 0.037109375 0.07492354740061162
0 0.5078125 0.27675840978593275 0.0263671875 0.05504587155963303
0 0.5546875 0.09785932721712538 0.025390625 0.06269113149847094
0 0.5771484375 0.0581039755351682 0.0185546875 0.05045871559633028
0 0.5625 0.04434250764525994 0.013671875 0.03669724770642202
0 0.5986328125 0.021406727828746176 0.0146484375 0.03669724770642202
0 0.6103515625 0.06574923547400612 0.02734375 0.04281345565749235
0 0.591796875 0.22629969418960244 0.0361328125 0.06574923547400612
0 0.5732421875 0.27370030581039756 0.025390625 0.06116207951070336
0 0.3974609375 0.01834862385321101 0.0166015625 0.03363914373088685
0 0.73046875 0.06116207951070336 0.021484375 0.04128440366972477
0 0.7138671875 0.0856269113149847 0.0234375 0.039755351681957186
0 0.6923828125 0.1437308868501529 0.0234375 0.04434250764525994
0 0.830078125 0.14220183486238533 0.025390625 0.05045871559633028
0 0.810546875 0.17889908256880735 0.0234375 0.05198776758409786
0 0.69140625 0.2996941896024465 0.0380859375 0.08409785932721713
0 0.75 0.3012232415902141 0.0224609375 0.04892966360856269
0 0.857421875 0.3669724770642202 0.037109375 0.08256880733944955
0 0.8837890625 0.3103975535168196 0.0341796875 0.07492354740061162
0 0.671875 0.40978593272171254 0.041015625 0.0856269113149847
0 0.556640625 0.5688073394495413 0.0595703125 0.0963302752293578
0 0.896484375 0.5091743119266054 0.0458984375 0.09480122324159021
0 0.9326171875 0.6483180428134556 0.0361328125 0.10244648318042814
0 0.6083984375 0.9174311926605505 0.072265625 0.14984709480122324
0 0.6044921875 0.5397553516819572 0.04296875 0.0871559633027523
0 0.890625 0.17584097859327216 0.0283203125 0.05198776758409786
0 0.9228515625 0.17889908256880735 0.0234375 0.05198776758409786
0 0.96484375 0.13914373088685014 0.0185546875 0.0382262996941896
0 0.9296875 0.08409785932721713 0.021484375 0.04434250764525994
0 0.970703125 0.09174311926605505 0.0146484375 0.03058103975535168
0 0.9462890625 0.06880733944954129 0.017578125 0.0382262996941896
0 0.90234375 0.05198776758409786 0.017578125 0.03363914373088685
0 0.896484375 0.10244648318042814 0.0185546875 0.04281345565749235
0 0.7294921875 0.13608562691131498 0.0263671875 0.05198776758409786
0 0.654296875 0.053516819571865444 0.0234375 0.035168195718654434
0 0.4892578125 0.02599388379204893 0.0234375 0.04434250764525994
0 0.169921875 0.10397553516819572 0.0263671875 0.05657492354740061
0 0.439453125 0.22477064220183487 0.0302734375 0.06880733944954129
0 0.5546875 0.18042813455657492 0.02734375 0.053516819571865444
0 0.9580078125 0.9357798165137615 0.0634765625 0.12844036697247707
0 0.9033203125 0.7798165137614679 0.0498046875 0.0963302752293578
0 0.9912109375 0.7171253822629969 0.017578125 0.12079510703363915