0 0.1123046875 0.12779552715654952 0.044921875 0.09744408945686901
0 0.1962890625 0.16134185303514376 0.041015625 0.0463258785942492
0 0.203125 0.2507987220447284 0.0517578125 0.11022364217252396
0 0.12109375 0.4504792332268371 0.0556640625 0.10702875399361023
0 0.255859375 0.46166134185303515 0.052734375 0.10223642172523961
0 0.2900390625 0.2012779552715655 0.0361328125 0.07188498402555911
0 0.9091796875 0.23322683706070288 0.041015625 0.0878594249201278
0 0.8974609375 0.43929712460063897 0.0537109375 0.10223642172523961
0 0.3330078125 0.2795527156549521 0.0498046875 0.09904153354632587
0 0.3984375 0.16293929712460065 0.0341796875 0.0670926517571885
0 0.4580078125 0.3274760383386581 0.0439453125 0.09424920127795527
0 0.3984375 0.4680511182108626 0.0556640625 0.10862619808306709
0 0.728515625 0.09904153354632587 0.0341796875 0.07667731629392971
0 0.7158203125 0.25878594249201275 0.0419921875 0.08306709265175719
0 0.7998046875 0.2380191693290735 0.0419921875 0.07987220447284345
0 0.806640625 0.4792332268370607 0.0498046875 0.10223642172523961
0 0.50390625 0.1182108626198083 0.0361328125 0.07667731629392971
0 0.6103515625 0.14696485623003194 0.03515625 0.07667731629392971
0 0.625 0.28753993610223644 0.046875 0.10543130990415335
0 0.6748046875 0.45527156549520764 0.046875 0.10223642172523961
0 0.5390625 0.4472843450479233 0.0498046875 0.10543130990415335
0 0.5126953125 0.24121405750798722 0.044921875 0.09744408945686901