0 0.0830078125 0.09062003179650238 0.04296875 0.08426073131955485
0 0.0439453125 0.012718600953895072 0.03515625 0.025437201907790145
0 0.158203125 0.0794912559618442 0.0400390625 0.07154213036565978
0 0.126953125 0.16375198728139906 0.0390625 0.08426073131955485
0 0.1279296875 0.2655007949125596 0.044921875 0.0985691573926868
0 0.04296875 0.38950715421303655 0.0478515625 0.08744038155802862
0 0.1884765625 0.028616852146263912 0.04296875 0.058823529411764705
0 0.2529296875 0.1987281399046105 0.04296875 0.0985691573926868
0 0.302734375 0.057233704292527825 0.0400390625 0.09062003179650238
0 0.369140625 0.21621621621621623 0.04296875 0.07631160572337042
0 0.427734375 0.08267090620031796 0.0419921875 0.07313195548489666
0 0.2216796875 0.41812400635930047 0.0458984375 0.08744038155802862
0 0.255859375 0.4276629570747218 0.037109375 0.10015898251192369
0 0.330078125 0.3815580286168522 0.0283203125 0.08108108108108109
0 0.3662109375 0.37360890302066774 0.04296875 0.0794912559618442
0 0.416015625 0.38791732909379967 0.0400390625 0.08108108108108109
0 0.40625 0.246422893481717 0.0380859375 0.06200317965023847
0 0.4892578125 0.10174880763116058 0.0458984375 0.08108108108108109
0 0.5927734375 0.05087440381558029 0.041015625 0.07154213036565978
0 0.603515625 0.13672496025437203 0.044921875 0.07790143084260731
0 0.6181640625 0.19395866454689983 0.04296875 0.0794912559618442
0 0.736328125 0.04451510333863275 0.0390625 0.06518282988871224
0 0.7861328125 0.0397456279809221 0.041015625 0.07154213036565978
0 0.912109375 0.03815580286168521 0.0380859375 0.07631160572337042
0 0.828125 0.21621621621621623 0.04296875 0.0890302066772655
0 0.8046875 0.17488076311605724 0.037109375 0.07313195548489666
0 0.5625 0.35771065182829886 0.04296875 0.09062003179650238
0 0.53515625 0.32114467408585057 0.0419921875 0.06041335453100159
0 0.68359375 0.3036565977742448 0.04296875 0.07472178060413355
0 0.6142578125 0.47217806041335453 0.048828125 0.08267090620031796
0 0.791015625 0.356120826709062 0.044921875 0.08108108108108109
0 0.9482421875 0.1478537360890302 0.037109375 0.08744038155802862
0 0.951171875 0.4753577106518283 0.0478515625 0.0985691573926868
0 0.8212890625 0.5087440381558028 0.048828125 0.0985691573926868
0 0.6787109375 0.5453100158982512 0.052734375 0.08108108108108109
0 0.0966796875 0.5182829888712241 0.0380859375 0.07790143084260731
0 0.267578125 0.5977742448330684 0.0458984375 0.07790143084260731
0 0.4072265625 0.5627980922098569 0.0439453125 0.09220985691573927
0 0.017578125 0.6534181240063593 0.0341796875 0.08426073131955485
0 0.109375 0.6645468998410174 0.0439453125 0.07472178060413355
0 0.126953125 0.5659777424483307 0.0341796875 0.07154213036565978
0 0.18359375 0.5103338632750397 0.029296875 0.06359300476947535
0 0.1591796875 0.6724960254372019 0.04296875 0.08267090620031796
0 0.22265625 0.753577106518283 0.0498046875 0.0985691573926868
0 0.306640625 0.7742448330683624 0.041015625 0.0794912559618442
0 0.345703125 0.8823529411764706 0.0498046875 0.08744038155802862
0 0.2373046875 0.9697933227344993 0.056640625 0.058823529411764705
0 0.484375 0.8362480127186009 0.0400390625 0.08744038155802862
0 0.4580078125 0.6788553259141494 0.0458984375 0.09379968203497616
0 0.4541015625 0.5643879173290938 0.033203125 0.0794912559618442
0 0.984375 0.6025437201907791 0.03125 0.0985691573926868
0 0.9375 0.7201907790143084 0.044921875 0.07154213036565978
0 0.943359375 0.8982511923688394 0.0517578125 0.08108108108108109
0 0.876953125 0.7281399046104928 0.046875 0.08426073131955485
0 0.8232421875 0.6899841017488076 0.044921875 0.08267090620031796
0 0.5927734375 0.6868044515103339 0.037109375 0.0985691573926868
0 0.734375 0.7710651828298887 0.052734375 0.09697933227344992
0 0.77734375 0.8569157392686805 0.048828125 0.08267090620031796
0 0.6865234375 0.8998410174880763 0.0478515625 0.08744038155802862
0 0.6103515625 0.9062003179650239 0.0322265625 0.06518282988871224
0 0.5546875 0.9570747217806042 0.0478515625 0.08426073131955485
0 0.9765625 0.23211446740858505 0.03515625 0.06836248012718601