0 0.1298828125 0.42752562225475843 0.0556640625 0.10980966325036604
0 0.19140625 0.4494875549048316 0.0498046875 0.10102489019033675
0 0.20703125 0.1698389458272328 0.04296875 0.07906295754026355
0 0.3115234375 0.16691068814055637 0.0458984375 0.07027818448023426
0 0.3349609375 0.4289897510980966 0.046875 0.09809663250366032
0 0.451171875 0.4465592972181552 0.0478515625 0.09077598828696926
0 0.4951171875 0.31332357247437775 0.056640625 0.08931185944363104
0 0.6015625 0.23718887262079064 0.0458984375 0.08931185944363104
0 0.7197265625 0.17276720351390923 0.0458984375 0.07759882869692533
0 0.7919921875 0.36749633967789164 0.0478515625 0.08784773060029283
0 0.681640625 0.43484626647144947 0.0478515625 0.09224011713030747
0 0.5302734375 0.5153733528550513 0.0419921875 0.09077598828696926