0 0.015625 0.4329446064139942 0.0126953125 0.02040816326530612
0 0.0205078125 0.45043731778425655 0.015625 0.030612244897959183
0 0.0361328125 0.44752186588921283 0.01171875 0.02478134110787172
0 0.0634765625 0.4620991253644315 0.021484375 0.04081632653061224
0 0.109375 0.45481049562682213 0.0185546875 0.037900874635568516
0 0.1181640625 0.4271137026239067 0.009765625 0.016034985422740525
0 0.1279296875 0.4198250728862974 0.01171875 0.02478134110787172
0 0.1484375 0.3979591836734694 0.0087890625 0.01749271137026239
0 0.1533203125 0.4227405247813411 0.009765625 0.021865889212827987
0 0.1689453125 0.45043731778425655 0.015625 0.029154518950437316
0 0.1689453125 0.40233236151603496 0.0107421875 0.026239067055393587
0 0.1845703125 0.3848396501457726 0.0107421875 0.02040816326530612
0 0.220703125 0.3454810495626822 0.0068359375 0.013119533527696793
0 0.2265625 0.3454810495626822 0.0087890625 0.01749271137026239
0 0.244140625 0.43002915451895046 0.0146484375 0.023323615160349854
0 0.2763671875 0.3688046647230321 0.0107421875 0.021865889212827987
0 0.2255859375 0.4606413994169096 0.0185546875 0.027696793002915453
0 0.30859375 0.38338192419825073 0.0126953125 0.021865889212827987
0 0.3251953125 0.3717201166180758 0.0107421875 0.021865889212827987
0 0.3076171875 0.4139941690962099 0.01171875 0.023323615160349854
0 0.3193359375 0.43440233236151604 0.0166015625 0.029154518950437316
0 0.33984375 0.4096209912536443 0.0146484375 0.02478134110787172
0 0.365234375 0.46647230320699706 0.017578125 0.030612244897959183
0 0.353515625 0.4577259475218659 0.0166015625 0.027696793002915453
0 0.3857421875 0.37026239067055394 0.0107421875 0.016034985422740525
0 0.3955078125 0.39067055393586003 0.0107421875 0.021865889212827987
0 0.3515625 0.5 0.0244140625 0.03935860058309038
0 0.2998046875 0.5131195335276968 0.03125 0.06268221574344024
0 0.259765625 0.619533527696793 0.0205078125 0.03498542274052478
0 0.2158203125 0.5962099125364432 0.0302734375 0.05102040816326531
0 0.1748046875 0.5903790087463557 0.03125 0.052478134110787174
0 0.072265625 0.5641399416909622 0.0458984375 0.06997084548104957
0 0.0166015625 0.5495626822157434 0.033203125 0.08163265306122448
0 0.421875 0.3673469387755102 0.009765625 0.02040816326530612
0 0.4033203125 0.4139941690962099 0.0126953125 0.02040816326530612
0 0.4228515625 0.4198250728862974 0.013671875 0.023323615160349854
0 0.44140625 0.39504373177842567 0.013671875 0.02040816326530612
0 0.455078125 0.42128279883381925 0.017578125 0.02478134110787172
0 0.4697265625 0.4489795918367347 0.01953125 0.029154518950437316
0 0.478515625 0.4139941690962099 0.015625 0.030612244897959183
0 0.46484375 0.3717201166180758 0.0126953125 0.023323615160349854
0 0.4873046875 0.39504373177842567 0.0146484375 0.02478134110787172
0 0.521484375 0.4139941690962099 0.015625 0.029154518950437316
0 0.5126953125 0.37026239067055394 0.01171875 0.021865889212827987
0 0.5400390625 0.37317784256559766 0.01171875 0.023323615160349854
0 0.5849609375 0.3498542274052478 0.0107421875 0.023323615160349854
0 0.55859375 0.31486880466472306 0.0087890625 0.013119533527696793
0 0.5703125 0.30903790087463556 0.0078125 0.01749271137026239
0 0.5966796875 0.3075801749271137 0.01171875 0.018950437317784258
0 0.62109375 0.3454810495626822 0.01171875 0.021865889212827987
0 0.6435546875 0.36005830903790087 0.0126953125 0.026239067055393587
0 0.609375 0.3892128279883382 0.015625 0.027696793002915453
0 0.615234375 0.4067055393586006 0.015625 0.029154518950437316
0 0.5888671875 0.4227405247813411 0.015625 0.027696793002915453
0 0.57421875 0.4752186588921283 0.0234375 0.043731778425655975
0 0.619140625 0.478134110787172 0.0234375 0.052478134110787174
0 0.6708984375 0.44314868804664725 0.021484375 0.03498542274052478
0 0.6435546875 0.4198250728862974 0.017578125 0.03498542274052478
0 0.6630859375 0.40233236151603496 0.015625 0.029154518950437316
0 0.6806640625 0.3556851311953353 0.0126953125 0.027696793002915453
0 0.67578125 0.30174927113702626 0.0107421875 0.02040816326530612
0 0.654296875 0.2434402332361516 0.0078125 0.02040816326530612
0 0.6748046875 0.24052478134110788 0.0087890625 0.016034985422740525
0 0.736328125 0.239067055393586 0.0087890625 0.01749271137026239
0 0.716796875 0.3104956268221574 0.009765625 0.01749271137026239
0 0.7041015625 0.3177842565597668 0.01171875 0.013119533527696793
0 0.7001953125 0.3294460641399417 0.0087890625 0.016034985422740525
0 0.71484375 0.3396501457725947 0.009765625 0.02040816326530612
0 0.7197265625 0.35714285714285715 0.0146484375 0.021865889212827987
0 0.7021484375 0.39504373177842567 0.015625 0.03206997084548105
0 0.693359375 0.4271137026239067 0.0185546875 0.033527696793002916
0 0.7109375 0.4708454810495627 0.0263671875 0.04227405247813411
0 0.7509765625 0.41545189504373176 0.01953125 0.03498542274052478
0 0.7431640625 0.3892128279883382 0.0166015625 0.033527696793002916
0 0.73828125 0.358600583090379 0.015625 0.029154518950437316
0 0.7509765625 0.33090379008746357 0.009765625 0.02478134110787172
0 0.765625 0.36005830903790087 0.013671875 0.02478134110787172
0 0.7939453125 0.3338192419825073 0.01171875 0.02040816326530612
0 0.806640625 0.34839650145772594 0.013671875 0.029154518950437316
0 0.8310546875 0.35422740524781343 0.0166015625 0.027696793002915453
0 0.8115234375 0.3338192419825073 0.0087890625 0.014577259475218658
0 0.82421875 0.3323615160349854 0.0087890625 0.016034985422740525
0 0.802734375 0.41836734693877553 0.0146484375 0.029154518950437316
0 0.8271484375 0.4329446064139942 0.01953125 0.03935860058309038
0 0.84765625 0.41253644314868804 0.013671875 0.027696793002915453
0 0.841796875 0.39067055393586003 0.0146484375 0.026239067055393587
0 0.8896484375 0.3877551020408163 0.0166015625 0.02478134110787172
0 0.900390625 0.33819241982507287 0.0146484375 0.027696793002915453
0 0.9208984375 0.3236151603498542 0.0126953125 0.02040816326530612
0 0.931640625 0.3498542274052478 0.0146484375 0.026239067055393587
0 0.9384765625 0.3294460641399417 0.0107421875 0.018950437317784258
0 0.96875 0.3119533527696793 0.01171875 0.021865889212827987
0 0.94921875 0.23469387755102042 0.01171875 0.023323615160349854
0 0.923828125 0.3935860058309038 0.0205078125 0.037900874635568516
0 0.9228515625 0.5349854227405247 0.037109375 0.061224489795918366
0 0.76171875 0.4737609329446064 0.015625 0.021865889212827987
0 0.2529296875 0.4737609329446064 0.0224609375 0.04664723032069971
0 0.1376953125 0.446064139941691 0.0087890625 0.018950437317784258
0 0.1552734375 0.3965014577259475 0.005859375 0.014577259475218658
0 0.6328125 0.4008746355685131 0.0107421875 0.02040816326530612