0 0.10546875 0.2942708333333333 0.0703125 0.12109375
0 0.2109375 0.2981770833333333 0.0576171875 0.08984375
0 0.240234375 0.21354166666666666 0.017578125 0.032552083333333336
0 0.28515625 0.234375 0.029296875 0.037760416666666664
0 0.337890625 0.2526041666666667 0.05859375 0.08203125
0 0.423828125 0.22135416666666666 0.052734375 0.08203125
0 0.4873046875 0.22786458333333334 0.046875 0.07682291666666667
0 0.5224609375 0.21484375 0.0517578125 0.08463541666666667
0 0.64453125 0.24348958333333334 0.046875 0.07421875
0 0.6884765625 0.19401041666666666 0.0341796875 0.046875
0 0.70703125 0.2565104166666667 0.0517578125 0.08072916666666667
0 0.783203125 0.3190104166666667 0.0556640625 0.08463541666666667
0 0.8798828125 0.20963541666666666 0.0537109375 0.08463541666666667
0 0.8046875 0.22916666666666666 0.0322265625 0.053385416666666664
0 0.9375 0.24869791666666666 0.02734375 0.026041666666666668