0 0.0146484375 0.1454248366013072 0.029296875 0.08986928104575163
0 0.021484375 0.2696078431372549 0.0400390625 0.07352941176470588
0 0.1123046875 0.22712418300653595 0.0458984375 0.11601307189542484
0 0.1533203125 0.18137254901960784 0.0439453125 0.09967320261437909
0 0.2294921875 0.20098039215686275 0.044921875 0.09803921568627451
0 0.2265625 0.3872549019607843 0.0380859375 0.09803921568627451
0 0.306640625 0.3055555555555556 0.0439453125 0.09313725490196079
0 0.3232421875 0.43790849673202614 0.0439453125 0.08333333333333333
0 0.1552734375 0.04411764705882353 0.0419921875 0.08006535947712418
0 0.35546875 0.014705882352941176 0.0302734375 0.029411764705882353
0 0.421875 0.021241830065359478 0.0361328125 0.04411764705882353
0 0.6123046875 0.08986928104575163 0.048828125 0.08496732026143791
0 0.6689453125 0.14052287581699346 0.0390625 0.07352941176470588
0 0.7197265625 0.20588235294117646 0.0361328125 0.08823529411764706
0 0.6015625 0.25326797385620914 0.041015625 0.08006535947712418
0 0.5859375 0.3300653594771242 0.0419921875 0.08333333333333333
0 0.625 0.3627450980392157 0.0439453125 0.08496732026143791
0 0.44140625 0.3006535947712418 0.0390625 0.0784313725490196
0 0.4091796875 0.34477124183006536 0.033203125 0.06862745098039216
0 0.4873046875 0.3088235294117647 0.033203125 0.0784313725490196
0 0.50390625 0.5310457516339869 0.0458984375 0.07026143790849673
0 0.3671875 0.5277777777777778 0.0546875 0.08986928104575163
0 0.806640625 0.05228758169934641 0.0498046875 0.07679738562091504
0 0.978515625 0.08660130718954248 0.041015625 0.08006535947712418
0 0.9658203125 0.16176470588235295 0.0498046875 0.11437908496732026
0 0.990234375 0.32516339869281047 0.01953125 0.0915032679738562
0 0.9765625 0.4591503267973856 0.03515625 0.08169934640522876
0 0.9609375 0.44281045751633985 0.0244140625 0.06209150326797386
0 0.896484375 0.5 0.0380859375 0.10294117647058823
0 0.884765625 0.4624183006535948 0.037109375 0.08823529411764706
0 0.88671875 0.2369281045751634 0.02734375 0.06372549019607843
0 0.8203125 0.3480392156862745 0.03515625 0.08823529411764706
0 0.7646484375 0.34477124183006536 0.0361328125 0.09477124183006536
0 0.681640625 0.4526143790849673 0.0341796875 0.08333333333333333
0 0.091796875 0.5163398692810458 0.0498046875 0.07352941176470588
0 0.078125 0.6470588235294118 0.037109375 0.10130718954248366
0 0.1142578125 0.7761437908496732 0.025390625 0.09640522875816994
0 0.328125 0.7189542483660131 0.02734375 0.08660130718954248
0 0.1982421875 0.4869281045751634 0.04296875 0.09313725490196079
0 0.8779296875 0.8300653594771242 0.02734375 0.08496732026143791
0 0.794921875 0.7483660130718954 0.0390625 0.04411764705882353
0 0.7587890625 0.6519607843137255 0.0419921875 0.04738562091503268
0 0.7041015625 0.6993464052287581 0.056640625 0.0718954248366013
0 0.7177734375 0.5375816993464052 0.02734375 0.08660130718954248
0 0.484375 0.9379084967320261 0.0458984375 0.08496732026143791
0 0.380859375 0.9705882352941176 0.015625 0.05392156862745098
0 0.205078125 0.9052287581699346 0.03125 0.06045751633986928
0 0.2177734375 0.9607843137254902 0.0341796875 0.0718954248366013