0 0.0302734375 0.07309941520467836 0.015625 0.038011695906432746
0 0.091796875 0.01608187134502924 0.0166015625 0.029239766081871343
0 0.15625 0.011695906432748537 0.021484375 0.024853801169590642
0 0.205078125 0.01608187134502924 0.01953125 0.033625730994152045
0 0.2470703125 0.01608187134502924 0.0166015625 0.027777777777777776
0 0.0634765625 0.12719298245614036 0.01953125 0.04093567251461988
0 0.134765625 0.1739766081871345 0.0205078125 0.03654970760233918
0 0.140625 0.08187134502923976 0.0185546875 0.03654970760233918
0 0.197265625 0.14473684210526316 0.017578125 0.03070175438596491
0 0.013671875 0.1608187134502924 0.0146484375 0.03508771929824561
0 0.0556640625 0.29239766081871343 0.021484375 0.03216374269005848
0 0.126953125 0.2982456140350877 0.01953125 0.038011695906432746
0 0.1982421875 0.2807017543859649 0.0185546875 0.04093567251461988
0 0.1923828125 0.3362573099415205 0.017578125 0.03654970760233918
0 0.123046875 0.3815789473684211 0.017578125 0.03654970760233918
0 0.0693359375 0.37719298245614036 0.01953125 0.03654970760233918
0 0.2568359375 0.36403508771929827 0.0185546875 0.03216374269005848
0 0.0048828125 0.35964912280701755 0.009765625 0.033625730994152045
0 0.0380859375 0.44298245614035087 0.021484375 0.038011695906432746
0 0.109375 0.44590643274853803 0.021484375 0.038011695906432746
0 0.177734375 0.44590643274853803 0.01953125 0.033625730994152045
0 0.2490234375 0.4371345029239766 0.021484375 0.039473684210526314
0 0.0390625 0.5233918128654971 0.015625 0.02631578947368421
0 0.111328125 0.5862573099415205 0.0205078125 0.03654970760233918
0 0.1787109375 0.5847953216374269 0.01953125 0.03654970760233918
0 0.234375 0.5891812865497076 0.0185546875 0.03216374269005848
0 0.2509765625 0.5131578947368421 0.021484375 0.033625730994152045
0 0.0107421875 0.5964912280701754 0.0185546875 0.03070175438596491
0 0.0390625 0.6871345029239766 0.0185546875 0.03216374269005848
0 0.0439453125 0.7383040935672515 0.021484375 0.03508771929824561
0 0.0185546875 0.8991228070175439 0.0205078125 0.02631578947368421
0 0.0849609375 0.8318713450292398 0.015625 0.03654970760233918
0 0.1357421875 0.6695906432748538 0.0146484375 0.029239766081871343
0 0.1474609375 0.75 0.0205078125 0.038011695906432746
0 0.1650390625 0.6681286549707602 0.0185546875 0.038011695906432746
0 0.1669921875 0.8187134502923976 0.021484375 0.043859649122807015
0 0.234375 0.8976608187134503 0.01953125 0.03654970760233918
0 0.23046875 0.8011695906432749 0.01953125 0.038011695906432746
0 0.228515625 0.7441520467836257 0.0234375 0.038011695906432746
0 0.24609375 0.7192982456140351 0.015625 0.033625730994152045
0 0.2744140625 0.8450292397660819 0.0185546875 0.03508771929824561
0 0.0732421875 0.9400584795321637 0.01953125 0.029239766081871343
0 0.0634765625 0.9809941520467836 0.0185546875 0.03216374269005848
0 0.22265625 0.9897660818713451 0.01953125 0.013157894736842105
0 0.2861328125 0.9166666666666666 0.01953125 0.03508771929824561
0 0.3203125 0.97953216374269 0.017578125 0.033625730994152045
0 0.349609375 0.9868421052631579 0.0185546875 0.01608187134502924
0 0.3486328125 0.03654970760233918 0.017578125 0.02631578947368421
0 0.4150390625 0.007309941520467836 0.01953125 0.011695906432748537
0 0.4677734375 0.01023391812865497 0.01953125 0.019005847953216373
0 0.333984375 0.14035087719298245 0.0185546875 0.033625730994152045
0 0.4697265625 0.1301169590643275 0.01953125 0.03508771929824561
0 0.482421875 0.1023391812865497 0.01171875 0.03216374269005848
0 0.458984375 0.22660818713450293 0.01953125 0.033625730994152045
0 0.3984375 0.2046783625730994 0.0185546875 0.03070175438596491
0 0.3251953125 0.23538011695906433 0.017578125 0.029239766081871343
0 0.328125 0.3538011695906433 0.017578125 0.03216374269005848
0 0.3232421875 0.4371345029239766 0.021484375 0.039473684210526314
0 0.3173828125 0.5087719298245614 0.0224609375 0.03508771929824561
0 0.326171875 0.5891812865497076 0.0205078125 0.03508771929824561
0 0.3759765625 0.5935672514619883 0.021484375 0.033625730994152045
0 0.3994140625 0.5190058479532164 0.01953125 0.03508771929824561
0 0.40625 0.41812865497076024 0.0205078125 0.03654970760233918
0 0.4833984375 0.5087719298245614 0.0205078125 0.03508771929824561
0 0.46484375 0.35233918128654973 0.017578125 0.03654970760233918
0 0.505859375 0.42105263157894735 0.01953125 0.03508771929824561
0 0.5439453125 0.3435672514619883 0.017578125 0.033625730994152045
0 0.5859375 0.4371345029239766 0.01953125 0.03508771929824561
0 0.5634765625 0.5891812865497076 0.017578125 0.03654970760233918
0 0.494140625 0.6447368421052632 0.01953125 0.04093567251461988
0 0.443359375 0.6564327485380117 0.0205078125 0.03508771929824561
0 0.3212890625 0.6900584795321637 0.01953125 0.03508771929824561
0 0.322265625 0.7646198830409356 0.0126953125 0.03070175438596491
0 0.359375 0.8230994152046783 0.0205078125 0.033625730994152045
0 0.3740234375 0.9195906432748538 0.0205078125 0.03216374269005848
0 0.4111328125 0.8932748538011696 0.0185546875 0.04239766081871345
0 0.4326171875 0.827485380116959 0.01953125 0.03508771929824561
0 0.501953125 0.7119883040935673 0.017578125 0.04093567251461988
0 0.4970703125 0.8055555555555556 0.01953125 0.038011695906432746
0 0.5634765625 0.7470760233918129 0.017578125 0.03654970760233918
0 0.55859375 0.8099415204678363 0.0224609375 0.039473684210526314
0 0.5576171875 0.8757309941520468 0.01953125 0.038011695906432746
0 0.50390625 0.9546783625730995 0.0205078125 0.03654970760233918
0 0.4228515625 0.9707602339181286 0.021484375 0.02631578947368421
0 0.5751953125 0.9824561403508771 0.01953125 0.03216374269005848
0 0.63671875 0.9853801169590644 0.0185546875 0.023391812865497075
0 0.7607421875 0.01608187134502924 0.015625 0.029239766081871343
0 0.6162109375 0.06871345029239766 0.01953125 0.03216374269005848
0 0.7236328125 0.07309941520467836 0.01953125 0.02631578947368421
0 0.8125 0.08187134502923976 0.013671875 0.029239766081871343
0 0.677734375 0.1476608187134503 0.017578125 0.033625730994152045
0 0.658203125 0.17105263157894737 0.0166015625 0.03508771929824561
0 0.65625 0.195906432748538 0.013671875 0.029239766081871343
0 0.7314453125 0.1608187134502924 0.013671875 0.03070175438596491
0 0.7412109375 0.21637426900584794 0.01953125 0.03654970760233918
0 0.5400390625 0.09502923976608187 0.0205078125 0.03508771929824561
0 0.5439453125 0.1652046783625731 0.0166015625 0.03216374269005848
0 0.53515625 0.2222222222222222 0.0185546875 0.03070175438596491
0 0.5634765625 0.21783625730994152 0.01953125 0.03216374269005848
0 0.5244140625 0.2807017543859649 0.0205078125 0.03216374269005848
0 0.5888671875 0.25146198830409355 0.0166015625 0.03654970760233918
0 0.666015625 0.260233918128655 0.0205078125 0.03654970760233918
0 0.927734375 0.03654970760233918 0.0146484375 0.021929824561403508
0 0.8603515625 0.07456140350877193 0.01953125 0.03654970760233918
0 0.8759765625 0.12134502923976608 0.0185546875 0.03508771929824561
0 0.9404296875 0.06578947368421052 0.0185546875 0.03070175438596491
0 0.9375 0.18567251461988304 0.017578125 0.03070175438596491
0 0.9833984375 0.07748538011695906 0.01953125 0.033625730994152045
0 0.990234375 0.2222222222222222 0.0146484375 0.03216374269005848
0 0.80859375 0.3026315789473684 0.0146484375 0.03070175438596491
0 0.861328125 0.29678362573099415 0.017578125 0.03216374269005848
0 0.8759765625 0.3084795321637427 0.0126953125 0.03216374269005848
0 0.876953125 0.3713450292397661 0.0166015625 0.03070175438596491
0 0.916015625 0.36403508771929827 0.01953125 0.033625730994152045
0 0.73046875 0.3391812865497076 0.0205078125 0.02631578947368421
0 0.744140625 0.42105263157894735 0.0205078125 0.03654970760233918
0 0.8095703125 0.4415204678362573 0.017578125 0.03654970760233918
0 0.8544921875 0.44005847953216376 0.0185546875 0.033625730994152045
0 0.9228515625 0.4108187134502924 0.01171875 0.03508771929824561
0 0.9931640625 0.3026315789473684 0.0107421875 0.03070175438596491
0 0.9912109375 0.4239766081871345 0.015625 0.03508771929824561
0 0.6650390625 0.4064327485380117 0.0185546875 0.039473684210526314
0 0.6552734375 0.5029239766081871 0.0166015625 0.02631578947368421
0 0.724609375 0.52046783625731 0.0185546875 0.02631578947368421
0 0.7421875 0.5730994152046783 0.021484375 0.033625730994152045
0 0.6474609375 0.5789473684210527 0.021484375 0.03508771929824561
0 0.705078125 0.672514619883041 0.013671875 0.03070175438596491
0 0.7958984375 0.4926900584795322 0.017578125 0.03070175438596491
0 0.7861328125 0.5906432748538012 0.0185546875 0.033625730994152045
0 0.802734375 0.6622807017543859 0.01953125 0.03070175438596491
0 0.869140625 0.5029239766081871 0.0205078125 0.03654970760233918
0 0.8984375 0.6286549707602339 0.0205078125 0.03508771929824561
0 0.9384765625 0.5219298245614035 0.015625 0.03216374269005848
0 0.990234375 0.5730994152046783 0.015625 0.038011695906432746
0 0.9814453125 0.6359649122807017 0.0205078125 0.033625730994152045
0 0.6357421875 0.7646198830409356 0.017578125 0.033625730994152045
0 0.642578125 0.8114035087719298 0.0205078125 0.03508771929824561
0 0.703125 0.8187134502923976 0.01953125 0.033625730994152045
0 0.6611328125 0.8947368421052632 0.01171875 0.03070175438596491
0 0.6982421875 0.9502923976608187 0.0205078125 0.038011695906432746
0 0.7109375 0.9195906432748538 0.0166015625 0.033625730994152045
0 0.7705078125 0.8932748538011696 0.0205078125 0.039473684210526314
0 0.78125 0.7850877192982456 0.0205078125 0.038011695906432746
0 0.8525390625 0.97953216374269 0.01953125 0.03070175438596491
0 0.904296875 0.9488304093567251 0.017578125 0.039473684210526314
0 0.912109375 0.8976608187134503 0.01953125 0.039473684210526314
0 0.841796875 0.8918128654970761 0.025390625 0.05555555555555555
0 0.9267578125 0.7266081871345029 0.01953125 0.03508771929824561
0 0.970703125 0.9678362573099415 0.0224609375 0.03070175438596491
0 0.7841796875 0.2982456140350877 0.0166015625 0.03216374269005848
0 0.748046875 0.29385964912280704 0.0185546875 0.038011695906432746
0 0.869140625 0.7573099415204678 0.0166015625 0.029239766081871343
0 0.5810546875 0.6564327485380117 0.0185546875 0.04239766081871345
0 0.3623046875 0.6710526315789473 0.01953125 0.03216374269005848
0 0.4296875 0.6549707602339181 0.017578125 0.03654970760233918
0 0.482421875 0.5906432748538012 0.01953125 0.029239766081871343
0 0.564453125 0.5307017543859649 0.017578125 0.033625730994152045
0 0.09375 0.77046783625731 0.01953125 0.03216374269005848
0 0.1298828125 0.9342105263157895 0.01953125 0.04678362573099415
0 0.6162109375 0.38596491228070173 0.017578125 0.03654970760233918
0 0.0166015625 0.8318713450292398 0.0205078125 0.03654970760233918