0 0.0146484375 0.03074670571010249 0.0283203125 0.06149341142020498
0 0.0986328125 0.032210834553440704 0.0341796875 0.060029282576866766
0 0.212890625 0.048316251830161056 0.0244140625 0.0629575402635432
0 0.00390625 0.08931185944363104 0.0087890625 0.05856515373352855
0 0.056640625 0.13323572474377746 0.0361328125 0.055636896046852125
0 0.2958984375 0.16691068814055637 0.03125 0.05710102489019034
0 0.3740234375 0.14494875549048317 0.03515625 0.07759882869692533
0 0.2783203125 0.30453879941434847 0.0361328125 0.06881405563689605
0 0.1162109375 0.37042459736456806 0.041015625 0.08052708638360176
0 0.2236328125 0.3923865300146413 0.033203125 0.06588579795021962
0 0.384765625 0.27232796486090777 0.0322265625 0.06734992679355783
0 0.4912109375 0.2547584187408492 0.037109375 0.07320644216691069
0 0.4658203125 0.383601756954612 0.0361328125 0.06442166910688141
0 0.5322265625 0.47144948755490484 0.0400390625 0.0746705710102489
0 0.51171875 0.4685212298682284 0.0341796875 0.06442166910688141
0 0.451171875 0.49633967789165445 0.0341796875 0.06881405563689605
0 0.3544921875 0.43484626647144947 0.0380859375 0.0746705710102489
0 0.1943359375 0.48755490483162517 0.0341796875 0.07613469985358712
0 0.08984375 0.49194729136163984 0.0390625 0.09224011713030747
0 0.056640625 0.5988286969253295 0.041015625 0.06881405563689605
0 0.1611328125 0.6090775988286969 0.037109375 0.06734992679355783
0 0.021484375 0.746705710102489 0.029296875 0.08638360175695461
0 0.25390625 0.7291361639824304 0.037109375 0.08199121522693997
0 0.3818359375 0.7525622254758418 0.0390625 0.07320644216691069
0 0.62890625 0.5021961932650073 0.03515625 0.07027818448023426
0 0.65234375 0.6120058565153733 0.0390625 0.08345534407027819
0 0.658203125 0.7320644216691069 0.0322265625 0.05417276720351391
0 0.70703125 0.17276720351390923 0.03515625 0.06881405563689605
0 0.814453125 0.1595900439238653 0.03125 0.06734992679355783
0 0.9296875 0.040995607613469986 0.0380859375 0.048316251830161056
0 0.9404296875 0.15080527086383602 0.0380859375 0.06588579795021962
0 0.9091796875 0.25329428989751096 0.0361328125 0.06881405563689605
0 0.8095703125 0.2547584187408492 0.0322265625 0.05710102489019034
0 0.890625 0.47584187408491946 0.03515625 0.07906295754026355
0 0.9736328125 0.5578330893118595 0.033203125 0.06442166910688141
0 0.9892578125 0.5856515373352855 0.021484375 0.07613469985358712
0 0.8525390625 0.7247437774524158 0.041015625 0.07613469985358712
0 0.7529296875 0.6149341142020498 0.03515625 0.0746705710102489
0 0.7353515625 0.739385065885798 0.041015625 0.07906295754026355
0 0.734375 0.8696925329428989 0.0390625 0.07174231332357248
0 0.92578125 0.8521229868228404 0.0390625 0.07174231332357248
0 0.017578125 0.972181551976574 0.0361328125 0.0527086383601757
0 0.1328125 0.91800878477306 0.0390625 0.0629575402635432
0 0.234375 0.8960468521229868 0.0419921875 0.06588579795021962
0 0.365234375 0.8960468521229868 0.041015625 0.0746705710102489
0 0.462890625 0.9033674963396779 0.0400390625 0.06734992679355783
0 0.630859375 0.8872620790629575 0.037109375 0.08638360175695461
0 0.2841796875 0.03367496339677892 0.0302734375 0.04978038067349927
0 0.0869140625 0.2884333821376281 0.0302734375 0.05710102489019034