0 0.865234375 0.036637931034482756 0.03125 0.07543103448275862
0 0.9736328125 0.05603448275862069 0.0224609375 0.06465517241379311
0 0.7939453125 0.23706896551724138 0.0166015625 0.040948275862068964
0 0.701171875 0.23922413793103448 0.0361328125 0.09482758620689655
0 0.654296875 0.375 0.0224609375 0.07327586206896551
0 0.791015625 0.5818965517241379 0.0546875 0.13793103448275862
0 0.5576171875 0.6228448275862069 0.0146484375 0.04956896551724138
0 0.494140625 0.5818965517241379 0.0283203125 0.08189655172413793
0 0.5234375 0.7844827586206896 0.0283203125 0.09051724137931035
0 0.5283203125 0.5646551724137931 0.0126953125 0.04956896551724138
0 0.2705078125 0.6767241379310345 0.005859375 0.021551724137931036
0 0.0595703125 0.8081896551724138 0.0419921875 0.17672413793103448
0 0.3642578125 0.7693965517241379 0.0205078125 0.05172413793103448