0 0.1083984375 0.15538847117794485 0.0439453125 0.06390977443609022
0 0.279296875 0.19548872180451127 0.04296875 0.07017543859649122
0 0.0634765625 0.38847117794486213 0.0595703125 0.08020050125313283
0 0.21875 0.40977443609022557 0.060546875 0.09398496240601503
0 0.3095703125 0.5050125313283208 0.0390625 0.06516290726817042
0 0.37890625 0.5476190476190477 0.0478515625 0.08646616541353383
0 0.5 0.5350877192982456 0.0478515625 0.07894736842105263
0 0.5576171875 0.5125313283208021 0.0439453125 0.06892230576441102
0 0.85546875 0.15789473684210525 0.05078125 0.05639097744360902
0 0.857421875 0.4548872180451128 0.0625 0.10902255639097744
0 0.796875 0.48621553884711777 0.0361328125 0.07142857142857142
0 0.7431640625 0.48872180451127817 0.046875 0.08646616541353383
0 0.650390625 0.4649122807017544 0.0498046875 0.07894736842105263
0 0.0625 0.39473684210526316 0.056640625 0.09273182957393483