0 0.5537109375 0.3190104166666667 0.056640625 0.08854166666666667
0 0.47265625 0.3372395833333333 0.060546875 0.09114583333333333
0 0.375 0.3046875 0.08203125 0.11979166666666667
0 0.4072265625 0.20963541666666666 0.044921875 0.07161458333333333
0 0.4345703125 0.16536458333333334 0.041015625 0.06380208333333333
0 0.9208984375 0.3541666666666667 0.0771484375 0.11067708333333333
0 0.88671875 0.25 0.0390625 0.053385416666666664
0 0.8447265625 0.2578125 0.044921875 0.06770833333333333
0 0.9013671875 0.16927083333333334 0.0205078125 0.037760416666666664
0 0.8662109375 0.1484375 0.01953125 0.037760416666666664
0 0.7626953125 0.1640625 0.033203125 0.05078125
0 0.919921875 0.09375 0.0703125 0.09114583333333333
0 0.650390625 0.24739583333333334 0.0458984375 0.07942708333333333
0 0.7119140625 0.234375 0.0322265625 0.059895833333333336
0 0.794921875 0.12109375 0.021484375 0.032552083333333336
0 0.6826171875 0.109375 0.01953125 0.037760416666666664
0 0.64453125 0.02734375 0.0107421875 0.016927083333333332
0 0.4208984375 0.6354166666666666 0.1279296875 0.15234375
0 0.037109375 0.6627604166666666 0.07421875 0.17838541666666666
0 0.2978515625 0.13802083333333334 0.041015625 0.06380208333333333
0 0.33203125 0.09635416666666667 0.0185546875 0.03515625
0 0.1181640625 0.23046875 0.0498046875 0.078125
0 0.029296875 0.18098958333333334 0.03515625 0.057291666666666664
0 0.0634765625 0.11848958333333333 0.029296875 0.055989583333333336
0 0.232421875 0.11067708333333333 0.0322265625 0.05078125
0 0.0771484375 0.07421875 0.0224609375 0.037760416666666664
0 0.0517578125 0.026041666666666668 0.013671875 0.020833333333333332
0 0.14453125 0.07161458333333333 0.0166015625 0.02734375
0 0.4384765625 0.078125 0.0126953125 0.020833333333333332
0 0.3955078125 0.06770833333333333 0.013671875 0.0234375
0 0.5634765625 0.125 0.017578125 0.02734375
0 0.50390625 0.16276041666666666 0.0302734375 0.041666666666666664
0 0.515625 0.07942708333333333 0.017578125 0.029947916666666668
0 0.5537109375 0.02734375 0.0126953125 0.016927083333333332
0 0.6103515625 0.0234375 0.033203125 0.044270833333333336
0 0.5458984375 0.125 0.021484375 0.03515625
0 0.1201171875 0.0703125 0.0126953125 0.022135416666666668
0 0.2421875 0.0859375 0.013671875 0.0234375
0 0.029296875 0.0234375 0.013671875 0.022135416666666668
0 0.205078125 0.2578125 0.072265625 0.09114583333333333
0 0.9931640625 0.18489583333333334 0.0126953125 0.036458333333333336
0 0.3671875 0.026041666666666668 0.0087890625 0.013020833333333334
0 0.009765625 0.2799479166666667 0.0205078125 0.08984375