0 0.5 0.4846029173419773 0.044921875 0.0940032414910859
0 0.2861328125 0.5008103727714749 0.025390625 0.04538087520259319
0 0.3330078125 0.5056726094003241 0.021484375 0.04213938411669368
0 0.376953125 0.3824959481361426 0.021484375 0.03889789303079417
0 0.33203125 0.37439222042139386 0.0224609375 0.04213938411669368
0 0.28515625 0.3727714748784441 0.0205078125 0.03565640194489465
0 0.5 0.40032414910858993 0.01953125 0.03727714748784441
0 0.5400390625 0.3987034035656402 0.0166015625 0.03727714748784441
0 0.7607421875 0.419773095623987 0.017578125 0.03565640194489465
0 0.7919921875 0.42301458670988656 0.0185546875 0.03403565640194489
0 0.826171875 0.4246353322528363 0.0126953125 0.03241491085899514
0 0.724609375 0.4181523500810373 0.0166015625 0.03241491085899514
0 0.6884765625 0.4181523500810373 0.0185546875 0.03403565640194489
0 0.654296875 0.413290113452188 0.01953125 0.03889789303079417
0 0.6171875 0.41166936790923825 0.0185546875 0.03565640194489465
0 0.578125 0.4100486223662885 0.017578125 0.03241491085899514
0 0.8544921875 0.6418152350081038 0.01953125 0.03727714748784441
0 0.8203125 0.646677471636953 0.0205078125 0.03889789303079417
0 0.787109375 0.6418152350081038 0.01953125 0.04051863857374392
0 0.7490234375 0.6418152350081038 0.021484375 0.04051863857374392
0 0.712890625 0.6450567260940032 0.01953125 0.04213938411669368
0 0.673828125 0.6434359805510534 0.0205078125 0.03727714748784441
0 0.6357421875 0.6434359805510534 0.0224609375 0.04213938411669368
0 0.5966796875 0.646677471636953 0.0234375 0.04376012965964344
0 0.607421875 0.7763371150729336 0.01953125 0.04538087520259319
0 0.5654296875 0.7779578606158833 0.0244140625 0.04862236628849271
0 0.5546875 0.646677471636953 0.021484375 0.04376012965964344
0 0.513671875 0.640194489465154 0.0205078125 0.04538087520259319
0 0.6171875 0.9173419773095624 0.0224609375 0.04862236628849271
0 0.57421875 0.9189627228525121 0.025390625 0.05186385737439222
0 0.5263671875 0.9173419773095624 0.025390625 0.05348460291734198
0 0.4833984375 0.9270664505672609 0.0263671875 0.05186385737439222
0 0.5205078125 0.7747163695299838 0.025390625 0.04700162074554295
0 0.4775390625 0.7779578606158833 0.0234375 0.04213938411669368
0 0.4296875 0.7811993517017828 0.0244140625 0.04376012965964344
0 0.4345703125 0.9351701782820098 0.0263671875 0.04538087520259319
0 0.42578125 0.6369529983792545 0.0244140625 0.04376012965964344
0 0.474609375 0.6320907617504052 0.0244140625 0.04538087520259319
0 0.380859375 0.6320907617504052 0.0244140625 0.04213938411669368
0 0.3818359375 0.779578606158833 0.0283203125 0.050243111831442464
0 0.384765625 0.9432739059967585 0.02734375 0.04862236628849271
0 0.3330078125 0.9448946515397083 0.03125 0.059967585089141004
0 0.2802734375 0.9448946515397083 0.03125 0.055105348460291734
0 0.33203125 0.7844408427876823 0.0302734375 0.05186385737439222
0 0.28125 0.7828200972447326 0.0283203125 0.05348460291734198
0 0.3330078125 0.6369529983792545 0.025390625 0.04700162074554295
0 0.283203125 0.6418152350081038 0.0234375 0.050243111831442464
0 0.8740234375 0.7601296596434359 0.01953125 0.03727714748784441
0 0.8369140625 0.7617504051863857 0.0234375 0.04051863857374392
0 0.818359375 0.8897893030794165 0.01953125 0.03727714748784441
0 0.783203125 0.899513776337115 0.021484375 0.04538087520259319
0 0.73828125 0.9043760129659644 0.0224609375 0.04700162074554295
0 0.7001953125 0.9076175040518638 0.021484375 0.04700162074554295
0 0.6591796875 0.9076175040518638 0.0244140625 0.05186385737439222
0 0.80078125 0.7601296596434359 0.01953125 0.04376012965964344
0 0.765625 0.7698541329011345 0.021484375 0.04376012965964344
0 0.7265625 0.7649918962722853 0.01953125 0.03727714748784441
0 0.685546875 0.7682333873581848 0.0205078125 0.03727714748784441
0 0.6494140625 0.7698541329011345 0.021484375 0.04213938411669368
0 0.0869140625 0.5429497568881686 0.0283203125 0.04700162074554295