0 0.79296875 0.4816983894582723 0.0283203125 0.05710102489019034
0 0.689453125 0.4816983894582723 0.029296875 0.048316251830161056
0 0.5810546875 0.4816983894582723 0.029296875 0.048316251830161056
0 0.44140625 0.4890190336749634 0.0322265625 0.048316251830161056
0 0.3310546875 0.4890190336749634 0.0322265625 0.0527086383601757
0 0.177734375 0.4816983894582723 0.0322265625 0.0527086383601757
0 0.04296875 0.4787701317715959 0.029296875 0.03953147877013177
0 0.7548828125 0.08052708638360176 0.0244140625 0.04978038067349927
0 0.66796875 0.07174231332357248 0.0244140625 0.04538799414348463
0 0.55859375 0.07759882869692533 0.029296875 0.04538799414348463
0 0.439453125 0.09077598828696926 0.0283203125 0.04978038067349927
0 0.3212890625 0.07759882869692533 0.029296875 0.04685212298682284
0 0.2060546875 0.07613469985358712 0.0283203125 0.05417276720351391
0 0.0673828125 0.08052708638360176 0.0283203125 0.04685212298682284