0 0.19140625 0.34084880636604775 0.0537109375 0.11007957559681697
0 0.5654296875 0.870026525198939 0.0263671875 0.03183023872679045
0 0.57421875 0.7493368700265252 0.017578125 0.011936339522546418
0 0.5791015625 0.7068965517241379 0.015625 0.014588859416445624
0 0.59375 0.4297082228116711 0.017578125 0.023872679045092837
0 0.607421875 0.3421750663129973 0.0185546875 0.01856763925729443
0 0.5361328125 0.3753315649867374 0.0048828125 0.007957559681697613
0 0.5625 0.3859416445623342 0.00390625 0.009283819628647215
0 0.9501953125 0.6087533156498673 0.0224609375 0.027851458885941646
0 0.9140625 0.4350132625994695 0.0126953125 0.017241379310344827
0 0.77734375 0.3328912466843501 0.013671875 0.03580901856763926
0 0.5849609375 0.29310344827586204 0.005859375 0.010610079575596816
0 0.88671875 0.8368700265251989 0.021484375 0.013262599469496022