0 0.6787109375 0.11859443631039532 0.041015625 0.09224011713030747
0 0.60546875 0.11859443631039532 0.0380859375 0.0746705710102489
0 0.541015625 0.10248901903367497 0.0341796875 0.06734992679355783
0 0.4716796875 0.10248901903367497 0.0498046875 0.0849194729136164
0 0.4013671875 0.09663250366032211 0.037109375 0.07027818448023426
0 0.3408203125 0.08931185944363104 0.0361328125 0.07174231332357248
0 0.2783203125 0.08784773060029283 0.037109375 0.07174231332357248
0 0.2109375 0.09809663250366032 0.0478515625 0.08784773060029283
0 0.1376953125 0.10102489019033675 0.041015625 0.06734992679355783
0 0.068359375 0.0951683748169839 0.0361328125 0.07174231332357248
0 0.009765625 0.07613469985358712 0.01953125 0.07613469985358712
0 0.9677734375 0.39824304538799415 0.0341796875 0.06734992679355783
0 0.9248046875 0.40995607613469986 0.0361328125 0.060029282576866766
0 0.8623046875 0.4128843338213763 0.0361328125 0.055636896046852125
0 0.7607421875 0.3733528550512445 0.0380859375 0.0629575402635432
0 0.6865234375 0.3850658857979502 0.0390625 0.05710102489019034
0 0.56640625 0.5973645680819912 0.037109375 0.06149341142020498
0 0.5693359375 0.4685212298682284 0.029296875 0.06149341142020498
0 0.525390625 0.4216691068814056 0.0341796875 0.06442166910688141
0 0.453125 0.43045387994143486 0.0302734375 0.0629575402635432
0 0.4287109375 0.42313323572474376 0.0302734375 0.04685212298682284
0 0.34375 0.38653001464128844 0.0380859375 0.06881405563689605
0 0.263671875 0.37481698389458273 0.0400390625 0.06881405563689605
0 0.2919921875 0.40702781844802344 0.0283203125 0.05417276720351391
0 0.1767578125 0.3762811127379209 0.0390625 0.06881405563689605
0 0.19921875 0.38945827232796487 0.033203125 0.05417276720351391
0 0.0625 0.32503660322108346 0.0458984375 0.06734992679355783
0 0.82421875 0.3718887262079063 0.2265625 0.4612005856515373