0 0.9326171875 0.259946949602122 0.134765625 0.3726790450928382
0 0.041015625 0.4946949602122016 0.0234375 0.027851458885941646
0 0.0634765625 0.5092838196286472 0.0224609375 0.03183023872679045
0 0.107421875 0.48938992042440316 0.0146484375 0.027851458885941646
0 0.130859375 0.4986737400530504 0.0185546875 0.026525198938992044
0 0.1953125 0.48408488063660476 0.021484375 0.03183023872679045
0 0.2255859375 0.48010610079575594 0.0234375 0.03580901856763926
0 0.3056640625 0.4880636604774536 0.021484375 0.027851458885941646
0 0.3408203125 0.47214854111405835 0.01953125 0.033156498673740056
0 0.35546875 0.48938992042440316 0.0224609375 0.03183023872679045
0 0.3994140625 0.473474801061008 0.0205078125 0.025198938992042442
0 0.404296875 0.5026525198938993 0.0166015625 0.026525198938992044
0 0.4521484375 0.48010610079575594 0.0185546875 0.03183023872679045
0 0.4638671875 0.473474801061008 0.0166015625 0.034482758620689655
0 0.5048828125 0.47214854111405835 0.0205078125 0.03183023872679045
0 0.5400390625 0.47214854111405835 0.0205078125 0.03050397877984085
0 0.509765625 0.5623342175066313 0.0224609375 0.029177718832891247
0 0.294921875 0.616710875331565 0.017578125 0.03580901856763926
0 0.0537109375 0.669761273209549 0.0234375 0.038461538461538464
0 0.0322265625 0.6803713527851459 0.0234375 0.034482758620689655
0 0.0732421875 0.7188328912466844 0.013671875 0.038461538461538464
0 0.20703125 0.6976127320954907 0.013671875 0.042440318302387266
0 0.53125 0.8567639257294429 0.0361328125 0.05570291777188329
0 0.1025390625 0.8992042440318302 0.025390625 0.0649867374005305
0 0.568359375 0.47214854111405835 0.021484375 0.034482758620689655
0 0.6142578125 0.47214854111405835 0.01953125 0.03050397877984085
0 0.626953125 0.46153846153846156 0.01953125 0.027851458885941646
0 0.6357421875 0.46684350132625996 0.01953125 0.033156498673740056
0 0.6806640625 0.4350132625994695 0.0205078125 0.03183023872679045
0 0.6875 0.46419098143236076 0.0224609375 0.03050397877984085
0 0.7451171875 0.44562334217506633 0.01953125 0.027851458885941646
0 0.76953125 0.4496021220159151 0.017578125 0.03050397877984085
0 0.802734375 0.4496021220159151 0.0205078125 0.033156498673740056
0 0.849609375 0.44562334217506633 0.017578125 0.033156498673740056
0 0.85546875 0.4535809018567639 0.0146484375 0.033156498673740056
0 0.8828125 0.4562334217506631 0.0166015625 0.027851458885941646
0 0.890625 0.46021220159151194 0.0205078125 0.03183023872679045
0 0.9619140625 0.45490716180371354 0.0166015625 0.034482758620689655
0 0.9853515625 0.46286472148541113 0.017578125 0.033156498673740056
0 0.966796875 0.7095490716180372 0.0244140625 0.050397877984084884