0 0.6259765625 0.22693997071742314 0.0595703125 0.1390922401171303
0 0.369140625 0.14348462664714495 0.0615234375 0.1493411420204978
0 0.0419921875 0.6251830161054173 0.0205078125 0.03806734992679356
0 0.1044921875 0.6120058565153733 0.021484375 0.036603221083455345
0 0.0517578125 0.6017569546120058 0.021484375 0.03367496339677892
0 0.060546875 0.5885797950219619 0.0166015625 0.03513909224011713
0 0.1025390625 0.5783308931185944 0.01953125 0.03074670571010249
0 0.0947265625 0.5519765739385066 0.0185546875 0.032210834553440704
0 0.1328125 0.5475841874084919 0.0146484375 0.024890190336749635
0 0.1474609375 0.5856515373352855 0.01953125 0.027818448023426062
0 0.1572265625 0.5607613469985359 0.0185546875 0.032210834553440704
0 0.408203125 0.5358711566617862 0.0185546875 0.024890190336749635
0 0.427734375 0.6295754026354319 0.0244140625 0.03513909224011713
0 0.4072265625 0.6486090775988287 0.025390625 0.0424597364568082
0 0.443359375 0.6090775988286969 0.0185546875 0.03074670571010249
0 0.4833984375 0.6002928257686676 0.0234375 0.040995607613469986
0 0.44140625 0.5578330893118595 0.0234375 0.03953147877013177
0 0.501953125 0.5358711566617862 0.0185546875 0.03513909224011713
0 0.5078125 0.5973645680819912 0.0185546875 0.03513909224011713
0 0.5654296875 0.6046852122986823 0.0263671875 0.043923865300146414
0 0.5537109375 0.5666178623718887 0.0146484375 0.027818448023426062
0 0.576171875 0.575402635431918 0.0205078125 0.02635431918008785
0 0.5966796875 0.554904831625183 0.01953125 0.03367496339677892
0 0.7646484375 0.5153733528550513 0.021484375 0.03806734992679356
0 0.7529296875 0.6076134699853587 0.0234375 0.043923865300146414
0 0.7783203125 0.6207906295754027 0.025390625 0.03806734992679356
0 0.810546875 0.623718887262079 0.0205078125 0.03806734992679356
0 0.8359375 0.5563689604685212 0.0205078125 0.03074670571010249
0 0.85546875 0.6310395314787701 0.0341796875 0.04538799414348463
0 0.865234375 0.5768667642752562 0.02734375 0.0424597364568082
0 0.8740234375 0.5300146412884333 0.021484375 0.032210834553440704
0 0.892578125 0.5431918008784773 0.0224609375 0.036603221083455345
0 0.9130859375 0.6310395314787701 0.02734375 0.036603221083455345
0 0.94921875 0.5768667642752562 0.021484375 0.043923865300146414
0 0.9609375 0.5534407027818448 0.0185546875 0.03953147877013177
0 0.9755859375 0.6661786237188873 0.025390625 0.04685212298682284
0 0.9892578125 0.6295754026354319 0.0205078125 0.0424597364568082
0 0.970703125 0.5300146412884333 0.013671875 0.02635431918008785