0 0.126953125 0.31892697466467956 0.029296875 0.06408345752608048
0 0.248046875 0.6005961251862891 0.015625 0.028315946348733235
0 0.046875 0.5290611028315947 0.009765625 0.01788375558867362
0 0.0537109375 0.5752608047690015 0.0078125 0.01639344262295082
0 0.26953125 0.6318926974664679 0.0185546875 0.03427719821162444
0 0.3115234375 0.61698956780924 0.015625 0.03278688524590164
0 0.2939453125 0.6080476900149031 0.0087890625 0.02384500745156483
0 0.33203125 0.5991058122205664 0.0146484375 0.028315946348733235
0 0.353515625 0.6110283159463488 0.0146484375 0.028315946348733235
0 0.388671875 0.5931445603576752 0.013671875 0.028315946348733235
0 0.0693359375 0.5737704918032787 0.0107421875 0.019374068554396422
0 0.2607421875 0.5737704918032787 0.0126953125 0.02533532041728763
0 0.279296875 0.5976154992548435 0.0126953125 0.03278688524590164
0 0.2861328125 0.5603576751117735 0.0126953125 0.019374068554396422
0 0.31640625 0.5529061102831595 0.013671875 0.02384500745156483
0 0.263671875 0.518628912071535 0.009765625 0.020864381520119227
0 0.27734375 0.4947839046199702 0.0078125 0.014903129657228018
0 0.2939453125 0.4977645305514158 0.0048828125 0.011922503725782414
0 0.3017578125 0.5007451564828614 0.005859375 0.013412816691505217
0 0.2919921875 0.481371087928465 0.0048828125 0.00894187779433681
0 0.3359375 0.46795827123695977 0.0078125 0.013412816691505217
0 0.28125 0.5305514157973175 0.0087890625 0.014903129657228018
0 0.2978515625 0.5245901639344263 0.0068359375 0.011922503725782414
0 0.3076171875 0.5201192250372578 0.0078125 0.011922503725782414
0 0.3154296875 0.5275707898658718 0.0078125 0.01639344262295082
0 0.3212890625 0.5171385991058122 0.0078125 0.014903129657228018
0 0.333984375 0.5394932935916542 0.0107421875 0.014903129657228018
0 0.33984375 0.503725782414307 0.0068359375 0.011922503725782414
0 0.3447265625 0.4798807749627422 0.0048828125 0.013412816691505217
0 0.36328125 0.4873323397913562 0.0078125 0.01788375558867362
0 0.3876953125 0.4873323397913562 0.0078125 0.014903129657228018
0 0.33984375 0.5722801788375559 0.01171875 0.01639344262295082
0 0.3525390625 0.5454545454545454 0.0087890625 0.01639344262295082
0 0.400390625 0.47391952309985097 0.009765625 0.014903129657228018
0 0.4189453125 0.4798807749627422 0.0107421875 0.01639344262295082
0 0.427734375 0.5290611028315947 0.0107421875 0.01788375558867362
0 0.3984375 0.5529061102831595 0.0107421875 0.026825633383010434
0 0.4775390625 0.47391952309985097 0.005859375 0.014903129657228018
0 0.490234375 0.47093889716840537 0.0068359375 0.011922503725782414
0 0.46875 0.47242921013412814 0.0078125 0.011922503725782414
0 0.498046875 0.5394932935916542 0.0126953125 0.02533532041728763
0 0.5078125 0.47093889716840537 0.005859375 0.01639344262295082
0 0.5859375 0.44113263785394935 0.009765625 0.022354694485842028
0 0.564453125 0.4366616989567809 0.0048828125 0.014903129657228018
0 0.6396484375 0.43815201192250375 0.0078125 0.028315946348733235
0 0.4404296875 0.45007451564828616 0.0068359375 0.02533532041728763
0 0.5205078125 0.46497764530551416 0.005859375 0.011922503725782414
0 0.5380859375 0.47093889716840537 0.005859375 0.011922503725782414
0 0.5546875 0.46795827123695977 0.0048828125 0.010432190760059613
0 0.5654296875 0.639344262295082 0.0166015625 0.026825633383010434
0 0.392578125 0.5067064083457526 0.0087890625 0.01639344262295082
0 0.5166015625 0.5380029806259314 0.0107421875 0.022354694485842028
0 0.515625 0.563338301043219 0.013671875 0.022354694485842028
0 0.509765625 0.5931445603576752 0.015625 0.028315946348733235
0 0.4921875 0.5782414307004471 0.01171875 0.019374068554396422
0 0.5390625 0.5409836065573771 0.0107421875 0.01639344262295082
0 0.5283203125 0.5156482861400894 0.0107421875 0.01788375558867362
0 0.548828125 0.5588673621460507 0.013671875 0.028315946348733235
0 0.5048828125 0.5007451564828614 0.0078125 0.01639344262295082
0 0.853515625 0.5394932935916542 0.0107421875 0.022354694485842028
0 0.81640625 0.5320417287630402 0.01171875 0.020864381520119227
0 0.8310546875 0.5216095380029806 0.0107421875 0.01788375558867362
0 0.732421875 0.5439642324888226 0.01171875 0.01788375558867362
0 0.75390625 0.5275707898658718 0.009765625 0.022354694485842028
0 0.783203125 0.5156482861400894 0.0087890625 0.020864381520119227
0 0.7705078125 0.518628912071535 0.0107421875 0.02384500745156483
0 0.806640625 0.5096870342771982 0.009765625 0.019374068554396422
0 0.8173828125 0.4992548435171386 0.009765625 0.01788375558867362
0 0.71484375 0.5350223546944859 0.009765625 0.019374068554396422
0 0.6943359375 0.526080476900149 0.0107421875 0.020864381520119227
0 0.6689453125 0.5320417287630402 0.01171875 0.020864381520119227
0 0.6494140625 0.5320417287630402 0.0126953125 0.020864381520119227
0 0.70703125 0.5156482861400894 0.0107421875 0.019374068554396422
0 0.673828125 0.5156482861400894 0.01171875 0.01788375558867362
0 0.6533203125 0.45752608047690013 0.005859375 0.010432190760059613
0 0.6953125 0.45752608047690013 0.00390625 0.007451564828614009
0 0.5869140625 0.46348733233979134 0.0068359375 0.010432190760059613
0 0.810546875 0.4485842026825633 0.005859375 0.010432190760059613
0 0.7412109375 0.46199701937406856 0.005859375 0.007451564828614009
0 0.7529296875 0.4873323397913562 0.0078125 0.01639344262295082
0 0.59375 0.5126676602086438 0.009765625 0.01639344262295082
0 0.734375 0.526080476900149 0.0107421875 0.022354694485842028
0 0.6484375 0.5096870342771982 0.0087890625 0.01788375558867362
0 0.6884765625 0.5081967213114754 0.0107421875 0.019374068554396422
0 0.71875 0.5022354694485842 0.009765625 0.014903129657228018
0 0.9658203125 0.5454545454545454 0.0126953125 0.028315946348733235
0 0.912109375 0.5394932935916542 0.01171875 0.020864381520119227
0 0.755859375 0.44411326378539495 0.0048828125 0.00894187779433681
0 0.611328125 0.5096870342771982 0.0068359375 0.014903129657228018
0 0.9794921875 0.5052160953800298 0.0146484375 0.02533532041728763
0 0.3740234375 0.47242921013412814 0.0078125 0.010432190760059613
0 0.37890625 0.47690014903129657 0.005859375 0.01639344262295082
0 0.421875 0.5946348733233979 0.01171875 0.02384500745156483
0 0.552734375 0.6080476900149031 0.017578125 0.026825633383010434
0 0.4912109375 0.5171385991058122 0.0126953125 0.019374068554396422
0 0.478515625 0.5275707898658718 0.0087890625 0.019374068554396422
0 0.5634765625 0.5171385991058122 0.0087890625 0.014903129657228018
0 0.5556640625 0.5290611028315947 0.009765625 0.01788375558867362
0 0.58203125 0.5350223546944859 0.009765625 0.01639344262295082
0 0.623046875 0.5067064083457526 0.0068359375 0.014903129657228018
0 0.65234375 0.4947839046199702 0.0068359375 0.011922503725782414
0 0.6337890625 0.5007451564828614 0.0068359375 0.011922503725782414
0 0.6923828125 0.4873323397913562 0.0087890625 0.013412816691505217
0 0.703125 0.5007451564828614 0.0087890625 0.013412816691505217
0 0.736328125 0.4903129657228018 0.0078125 0.01639344262295082
0 0.736328125 0.5081967213114754 0.0078125 0.01639344262295082
0 0.6337890625 0.4873323397913562 0.0087890625 0.011922503725782414
0 0.396484375 0.5380029806259314 0.0078125 0.013412816691505217
0 0.4052734375 0.5275707898658718 0.01171875 0.011922503725782414
0 0.4345703125 0.4798807749627422 0.009765625 0.014903129657228018
0 0.453125 0.47690014903129657 0.009765625 0.014903129657228018
0 0.576171875 0.4903129657228018 0.0078125 0.011922503725782414
0 0.541015625 0.587183308494784 0.009765625 0.01639344262295082
0 0.384765625 0.533532041728763 0.01171875 0.014903129657228018
0 0.5732421875 0.563338301043219 0.0185546875 0.029806259314456036
0 0.58203125 0.6184798807749627 0.013671875 0.03427719821162444
0 0.59765625 0.46348733233979134 0.0068359375 0.010432190760059613
0 0.431640625 0.33979135618479883 0.0068359375 0.011922503725782414
0 0.5224609375 0.6080476900149031 0.0126953125 0.02384500745156483
0 0.728515625 0.4903129657228018 0.0078125 0.013412816691505217
0 0.5146484375 0.4828614008941878 0.005859375 0.013412816691505217
0 0.376953125 0.4336810730253353 0.005859375 0.01639344262295082
0 0.3818359375 0.44113263785394935 0.0068359375 0.013412816691505217
0 0.8466796875 0.5156482861400894 0.0087890625 0.01639344262295082
0 0.7734375 0.5007451564828614 0.0078125 0.014903129657228018
0 0.791015625 0.503725782414307 0.0078125 0.014903129657228018
0 0.7978515625 0.4918032786885246 0.0078125 0.013412816691505217
0 0.8291015625 0.44411326378539495 0.0048828125 0.007451564828614009
0 0.8017578125 0.44411326378539495 0.0048828125 0.007451564828614009
0 0.83984375 0.4828614008941878 0.0068359375 0.011922503725782414
0 0.830078125 0.46646795827123694 0.005859375 0.011922503725782414
0 0.7763671875 0.46050670640834573 0.0048828125 0.00894187779433681
0 0.7490234375 0.511177347242921 0.0078125 0.010432190760059613
0 0.021484375 0.45752608047690013 0.009765625 0.01639344262295082