0 0.9228515625 0.6900129701686122 0.05078125 0.08430609597924774
0 0.013671875 0.6212710765239948 0.013671875 0.04928664072632944
0 0.0849609375 0.6342412451361867 0.029296875 0.058365758754863814
0 0.16015625 0.6666666666666666 0.0244140625 0.07782101167315175
0 0.24609375 0.6147859922178989 0.0263671875 0.054474708171206226
0 0.341796875 0.6394293125810635 0.029296875 0.057068741893644616
0 0.3408203125 0.5901426718547341 0.0234375 0.04928664072632944
0 0.376953125 0.6134889753566797 0.029296875 0.05188067444876784
0 0.4267578125 0.5745784695201037 0.01953125 0.038910505836575876
0 0.44140625 0.6212710765239948 0.0361328125 0.0622568093385214
0 0.5673828125 0.6549935149156939 0.0341796875 0.0609597924773022
0 0.513671875 0.6277561608300908 0.029296875 0.058365758754863814
0 0.546875 0.5914396887159533 0.0283203125 0.038910505836575876
0 0.6845703125 0.6134889753566797 0.0361328125 0.07263294422827497
0 0.7158203125 0.582360570687419 0.021484375 0.040207522697795074
0 0.7734375 0.6108949416342413 0.02734375 0.05188067444876784
0 0.810546875 0.6044098573281452 0.0341796875 0.0609597924773022
0 0.7939453125 0.562905317769131 0.0224609375 0.03761348897535668
0 0.8388671875 0.5797665369649806 0.025390625 0.042801556420233464
0 0.8857421875 0.5901426718547341 0.0224609375 0.040207522697795074
0 0.96875 0.603112840466926 0.017578125 0.027237354085603113
0 0.9287109375 0.5512321660181583 0.017578125 0.03372243839169909
0 0.982421875 0.562905317769131 0.0166015625 0.03372243839169909
0 0.9296875 0.6121919584954605 0.033203125 0.06355382619974059