0 0.990234375 0.38934426229508196 0.0185546875 0.07103825136612021
0 0.9912109375 0.30601092896174864 0.017578125 0.05191256830601093
0 0.9755859375 0.29098360655737704 0.0166015625 0.030054644808743168
0 0.9375 0.36065573770491804 0.048828125 0.07240437158469945
0 0.912109375 0.33469945355191255 0.0361328125 0.06147540983606557
0 0.9365234375 0.273224043715847 0.0126953125 0.01912568306010929
0 0.892578125 0.29918032786885246 0.0283203125 0.04644808743169399
0 0.8291015625 0.2718579234972678 0.02734375 0.045081967213114756
0 0.796875 0.3442622950819672 0.0400390625 0.06147540983606557
0 0.7734375 0.28688524590163933 0.029296875 0.045081967213114756
0 0.732421875 0.32786885245901637 0.03515625 0.056010928961748634
0 0.7080078125 0.2896174863387978 0.0234375 0.04234972677595628
0 0.681640625 0.26229508196721313 0.0263671875 0.04371584699453552
0 0.642578125 0.3087431693989071 0.0302734375 0.05191256830601093
0 0.5751953125 0.2691256830601093 0.021484375 0.03415300546448088
0 0.5400390625 0.24180327868852458 0.0322265625 0.05327868852459016
0 0.4970703125 0.27595628415300544 0.029296875 0.05874316939890711
0 0.4560546875 0.28688524590163933 0.03515625 0.060109289617486336
0 0.4140625 0.2855191256830601 0.0341796875 0.05737704918032787
0 0.369140625 0.3046448087431694 0.0341796875 0.06147540983606557
0 0.3115234375 0.28688524590163933 0.0419921875 0.06557377049180328
0 0.19921875 0.32650273224043713 0.0419921875 0.07513661202185792
0 0.166015625 0.15710382513661203 0.0068359375 0.012295081967213115
0 0.37109375 0.1994535519125683 0.0068359375 0.01092896174863388
0 0.3486328125 0.1885245901639344 0.005859375 0.01092896174863388
0 0.35546875 0.17486338797814208 0.005859375 0.01092896174863388
0 0.0126953125 0.3114754098360656 0.025390625 0.05874316939890711
0 0.08984375 0.1598360655737705 0.0087890625 0.01639344262295082
0 0.9560546875 0.31830601092896177 0.01171875 0.017759562841530054
0 0.8154296875 0.31010928961748635 0.0107421875 0.017759562841530054
0 0.7724609375 0.24453551912568305 0.009765625 0.01912568306010929
0 0.33203125 0.2827868852459016 0.025390625 0.04781420765027322
0 0.2314453125 0.28005464480874315 0.0185546875 0.03825136612021858