0 0.5087890625 0.30600292825768666 0.0546875 0.10248901903367497
0 0.5859375 0.232796486090776 0.052734375 0.10102489019033675
0 0.5107421875 0.1273792093704246 0.0498046875 0.08638360175695461
0 0.6318359375 0.1376281112737921 0.0400390625 0.0849194729136164
0 0.6220703125 0.16251830161054173 0.0361328125 0.05856515373352855
0 0.5751953125 0.12884333821376281 0.033203125 0.05417276720351391
0 0.6865234375 0.1478770131771596 0.029296875 0.06149341142020498
0 0.70703125 0.13177159590043924 0.0283203125 0.04685212298682284
0 0.7236328125 0.10395314787701318 0.0263671875 0.04538799414348463
0 0.73046875 0.07174231332357248 0.0205078125 0.03513909224011713
0 0.76953125 0.0629575402635432 0.025390625 0.03806734992679356
0 0.80859375 0.1259150805270864 0.01953125 0.03513909224011713
0 0.8583984375 0.08052708638360176 0.0224609375 0.03953147877013177
0 0.9326171875 0.07906295754026355 0.0224609375 0.03074670571010249
0 0.986328125 0.03953147877013177 0.0263671875 0.04685212298682284
0 0.05859375 0.5314787701317716 0.11328125 0.212298682284041
0 0.2509765625 0.2767203513909224 0.1005859375 0.20937042459736457
0 0.509765625 0.383601756954612 0.072265625 0.13616398243045388
0 0.31640625 0.191800878477306 0.0751953125 0.17130307467057102