0 0.8046875 0.3463768115942029 0.05859375 0.13478260869565217
0 0.71484375 0.43478260869565216 0.0546875 0.09710144927536232
0 0.0537109375 0.5623188405797102 0.07421875 0.12753623188405797
0 0.1640625 0.5985507246376811 0.037109375 0.12173913043478261
0 0.2578125 0.6028985507246377 0.052734375 0.1
0 0.244140625 0.5260869565217391 0.0380859375 0.07971014492753623
0 0.17578125 0.4260869565217391 0.03515625 0.08260869565217391
0 0.2666015625 0.4028985507246377 0.0458984375 0.08115942028985507
0 0.521484375 0.5376811594202898 0.0439453125 0.07681159420289856
0 0.53515625 0.44782608695652176 0.0458984375 0.07536231884057971
0 0.5869140625 0.4579710144927536 0.0419921875 0.07246376811594203
0 0.45703125 0.39710144927536234 0.0400390625 0.07101449275362319
0 0.0458984375 0.23623188405797102 0.015625 0.03333333333333333
0 0.59375 0.36376811594202896 0.0341796875 0.06811594202898551
0 0.3017578125 0.36376811594202896 0.03515625 0.06811594202898551
0 0.2666015625 0.2971014492753623 0.037109375 0.0782608695652174
0 0.6328125 0.3855072463768116 0.02734375 0.0536231884057971
0 0.650390625 0.37681159420289856 0.025390625 0.05652173913043478
0 0.982421875 0.6681159420289855 0.03515625 0.11304347826086956
0 0.9072265625 0.40144927536231884 0.0263671875 0.034782608695652174
0 0.533203125 0.15072463768115943 0.0224609375 0.04057971014492753
0 0.28515625 0.0536231884057971 0.015625 0.02753623188405797
0 0.2529296875 0.07971014492753623 0.013671875 0.020289855072463767
0 0.22265625 0.1927536231884058 0.03125 0.05652173913043478
0 0.13671875 0.20434782608695654 0.021484375 0.02753623188405797
0 0.119140625 0.1927536231884058 0.0166015625 0.03768115942028986
0 0.337890625 0.2594202898550725 0.0205078125 0.034782608695652174
0 0.3740234375 0.25072463768115943 0.0224609375 0.0391304347826087
0 0.2470703125 0.20434782608695654 0.01953125 0.034782608695652174
0 0.2626953125 0.21304347826086956 0.0146484375 0.034782608695652174
0 0.3251953125 0.20434782608695654 0.0205078125 0.034782608695652174
0 0.341796875 0.21159420289855072 0.0166015625 0.030434782608695653
0 0.38671875 0.21739130434782608 0.013671875 0.02608695652173913
0 0.4013671875 0.19420289855072465 0.013671875 0.030434782608695653
0 0.2783203125 0.18695652173913044 0.0166015625 0.02463768115942029
0 0.173828125 0.13478260869565217 0.0185546875 0.034782608695652174
0 0.1923828125 0.12028985507246377 0.0166015625 0.028985507246376812
0 0.166015625 0.10434782608695652 0.0126953125 0.02463768115942029
0 0.1220703125 0.06956521739130435 0.0126953125 0.02463768115942029
0 0.10546875 0.08550724637681159 0.0126953125 0.03188405797101449
0 0.5498046875 0.28405797101449276 0.02734375 0.05217391304347826
0 0.74609375 0.33043478260869563 0.029296875 0.04782608695652174
0 0.7138671875 0.2956521739130435 0.0244140625 0.04057971014492753
0 0.6884765625 0.32463768115942027 0.0205078125 0.04057971014492753
0 0.658203125 0.3318840579710145 0.0244140625 0.06666666666666667
0 0.615234375 0.24492753623188407 0.017578125 0.034782608695652174
0 0.6416015625 0.23478260869565218 0.015625 0.02608695652173913
0 0.6279296875 0.21159420289855072 0.017578125 0.02608695652173913
0 0.6708984375 0.24782608695652175 0.0166015625 0.02753623188405797
0 0.681640625 0.23768115942028986 0.013671875 0.028985507246376812
0 0.6923828125 0.2536231884057971 0.0126953125 0.03333333333333333
0 0.560546875 0.22608695652173913 0.013671875 0.01884057971014493
0 0.708984375 0.2318840579710145 0.015625 0.02753623188405797
0 0.7119140625 0.21304347826086956 0.013671875 0.02753623188405797
0 0.724609375 0.2579710144927536 0.0166015625 0.02608695652173913
0 0.7431640625 0.26666666666666666 0.0166015625 0.030434782608695653
0 0.7724609375 0.2594202898550725 0.0185546875 0.03768115942028986
0 0.7353515625 0.23768115942028986 0.0146484375 0.02463768115942029
0 0.755859375 0.24492753623188407 0.0126953125 0.028985507246376812
0 0.75 0.21014492753623187 0.0126953125 0.02463768115942029
0 0.802734375 0.22318840579710145 0.0146484375 0.02463768115942029
0 0.4521484375 0.22318840579710145 0.01953125 0.03188405797101449
0 0.880859375 0.2956521739130435 0.0185546875 0.034782608695652174
0 0.8984375 0.2217391304347826 0.0107421875 0.014492753623188406
0 0.85546875 0.26231884057971017 0.0126953125 0.02318840579710145
0 0.232421875 0.22608695652173913 0.0146484375 0.030434782608695653
0 0.22265625 0.3507246376811594 0.0390625 0.07536231884057971