0 0.1591796875 0.28366013071895424 0.0068359375 0.0058823529411764705
0 0.1005859375 0.3509803921568627 0.0341796875 0.03398692810457516
0 0.30859375 0.28366013071895424 0.009765625 0.00849673202614379
0 0.1943359375 0.2830065359477124 0.0048828125 0.00392156862745098
0 0.1845703125 0.296078431372549 0.009765625 0.006535947712418301
0 0.205078125 0.2980392156862745 0.0126953125 0.009150326797385621
0 0.0849609375 0.2830065359477124 0.005859375 0.00522875816993464
0 0.8564453125 0.16862745098039217 0.0869140625 0.06143790849673202
0 0.5927734375 0.16601307189542483 0.1103515625 0.07908496732026143
0 0.2900390625 0.3934640522875817 0.041015625 0.024183006535947713
0 0.2998046875 0.338562091503268 0.04296875 0.03137254901960784
0 0.4052734375 0.3065359477124183 0.0302734375 0.024183006535947713
0 0.4248046875 0.3111111111111111 0.01953125 0.01764705882352941
0 0.435546875 0.2954248366013072 0.017578125 0.015032679738562092
0 0.439453125 0.269281045751634 0.013671875 0.011111111111111112
0 0.412109375 0.2797385620915033 0.0146484375 0.011764705882352941
0 0.400390625 0.27320261437908494 0.01171875 0.00718954248366013
0 0.3623046875 0.3137254901960784 0.01953125 0.01764705882352941
0 0.3818359375 0.3045751633986928 0.0166015625 0.011111111111111112
0 0.31640625 0.31176470588235294 0.0234375 0.0196078431372549
0 0.333984375 0.30130718954248364 0.015625 0.011764705882352941
0 0.318359375 0.2973856209150327 0.0146484375 0.011111111111111112
0 0.33984375 0.27647058823529413 0.0087890625 0.006535947712418301
0 0.26953125 0.30980392156862746 0.0244140625 0.022222222222222223
0 0.294921875 0.29215686274509806 0.013671875 0.00980392156862745
0 0.3056640625 0.27320261437908494 0.0087890625 0.00718954248366013
0 0.2861328125 0.27647058823529413 0.009765625 0.006535947712418301
0 0.2705078125 0.2928104575163399 0.0087890625 0.006535947712418301
0 0.2578125 0.29411764705882354 0.0126953125 0.006535947712418301
0 0.267578125 0.3535947712418301 0.0166015625 0.015032679738562092
0 0.103515625 0.3803921568627451 0.0439453125 0.03725490196078431
0 0.1884765625 0.3483660130718954 0.0283203125 0.018300653594771243
0 0.1962890625 0.32287581699346407 0.01953125 0.016339869281045753
0 0.21484375 0.3111111111111111 0.0224609375 0.01437908496732026
0 0.1953125 0.30980392156862746 0.0234375 0.016339869281045753
0 0.1728515625 0.31895424836601305 0.0341796875 0.022222222222222223
0 0.2451171875 0.2973856209150327 0.013671875 0.00784313725490196
0 0.251953125 0.3058823529411765 0.0107421875 0.011764705882352941
0 0.234375 0.29673202614379085 0.0126953125 0.00849673202614379
0 0.2236328125 0.2973856209150327 0.013671875 0.00849673202614379
0 0.228515625 0.28823529411764703 0.0087890625 0.00718954248366013
0 0.2431640625 0.2901960784313726 0.0078125 0.0058823529411764705
0 0.0546875 0.3431372549019608 0.0302734375 0.02287581699346405
0 0.0302734375 0.26601307189542484 0.0234375 0.018300653594771243
0 0.1279296875 0.33986928104575165 0.0361328125 0.025490196078431372
0 0.125 0.31176470588235294 0.0263671875 0.015032679738562092
0 0.13671875 0.3084967320261438 0.0185546875 0.013071895424836602
0 0.1474609375 0.3045751633986928 0.015625 0.01241830065359477
0 0.1650390625 0.30196078431372547 0.01953125 0.01437908496732026
0 0.1005859375 0.3130718954248366 0.0146484375 0.011111111111111112
0 0.078125 0.3104575163398693 0.0166015625 0.011111111111111112
0 0.091796875 0.30522875816993467 0.0126953125 0.009150326797385621
0 0.0791015625 0.30130718954248364 0.009765625 0.00718954248366013
0 0.0966796875 0.3006535947712418 0.0126953125 0.006535947712418301
0 0.1083984375 0.29869281045751633 0.0087890625 0.00718954248366013
0 0.1259765625 0.2823529411764706 0.0078125 0.00718954248366013