0 0.8603515625 0.3873239436619718 0.0263671875 0.03380281690140845
0 0.763671875 0.36901408450704226 0.0244140625 0.04647887323943662
0 0.67578125 0.3971830985915493 0.02734375 0.04084507042253521
0 0.9091796875 0.45211267605633804 0.0068359375 0.009859154929577466
0 0.9365234375 0.44929577464788734 0.01953125 0.0323943661971831
0 0.904296875 0.4563380281690141 0.0068359375 0.009859154929577466
0 0.9912109375 0.43802816901408453 0.0078125 0.014084507042253521
0 0.7265625 0.3845070422535211 0.015625 0.029577464788732393
0 0.65625 0.4140845070422535 0.0263671875 0.04084507042253521
0 0.625 0.44084507042253523 0.01171875 0.015492957746478873
0 0.5712890625 0.3816901408450704 0.029296875 0.05070422535211268
0 0.50390625 0.4295774647887324 0.025390625 0.05070422535211268
0 0.474609375 0.4098591549295775 0.01953125 0.03943661971830986
0 0.515625 0.4450704225352113 0.0107421875 0.023943661971830985
0 0.4482421875 0.44366197183098594 0.0146484375 0.023943661971830985
0 0.4189453125 0.4450704225352113 0.02734375 0.04507042253521127
0 0.380859375 0.43661971830985913 0.013671875 0.01971830985915493
0 0.3564453125 0.4014084507042254 0.0234375 0.02676056338028169
0 0.322265625 0.447887323943662 0.0244140625 0.04084507042253521
0 0.2939453125 0.4352112676056338 0.021484375 0.03380281690140845
0 0.28125 0.44647887323943664 0.017578125 0.028169014084507043
0 0.27734375 0.44366197183098594 0.0205078125 0.02535211267605634
0 0.2431640625 0.4507042253521127 0.0166015625 0.02535211267605634
0 0.23046875 0.4309859154929577 0.029296875 0.04788732394366197
0 0.203125 0.4323943661971831 0.021484375 0.03380281690140845
0 0.1796875 0.4507042253521127 0.0087890625 0.014084507042253521
0 0.1650390625 0.45492957746478874 0.017578125 0.028169014084507043
0 0.1357421875 0.4422535211267606 0.0234375 0.04225352112676056
0 0.1201171875 0.4647887323943662 0.017578125 0.02535211267605634
0 0.0732421875 0.4507042253521127 0.0205078125 0.03380281690140845
0 0.0400390625 0.4267605633802817 0.0283203125 0.04788732394366197