0 0.62890625 0.5371352785145889 0.044921875 0.07427055702917772
0 0.5859375 0.8050397877984085 0.0341796875 0.05702917771883289
0 0.654296875 0.7838196286472149 0.0322265625 0.050397877984084884
0 0.494140625 0.33554376657824936 0.0830078125 0.11936339522546419
0 0.1943359375 0.6379310344827587 0.0361328125 0.046419098143236075
0 0.052734375 0.46419098143236076 0.0224609375 0.027851458885941646
0 0.2734375 0.3806366047745358 0.0224609375 0.04774535809018567
0 0.3017578125 0.2692307692307692 0.0234375 0.03183023872679045
0 0.3583984375 0.35013262599469497 0.025390625 0.03580901856763926
0 0.4189453125 0.2838196286472148 0.01953125 0.03580901856763926
0 0.4560546875 0.259946949602122 0.017578125 0.027851458885941646
0 0.4580078125 0.38992042440318303 0.0234375 0.042440318302387266
0 0.7578125 0.5238726790450928 0.0400390625 0.0610079575596817