0 0.119140625 0.5885416666666666 0.0244140625 0.05381944444444445
0 0.189453125 0.5885416666666666 0.025390625 0.04861111111111111
0 0.2744140625 0.5850694444444444 0.025390625 0.052083333333333336
0 0.333984375 0.5711805555555556 0.0283203125 0.059027777777777776
0 0.5849609375 0.4600694444444444 0.0380859375 0.08159722222222222
0 0.4150390625 0.6024305555555556 0.0380859375 0.08680555555555555
0 0.6181640625 0.6145833333333334 0.033203125 0.0798611111111111
0 0.6806640625 0.5138888888888888 0.044921875 0.08506944444444445
0 0.0107421875 0.8958333333333334 0.0205078125 0.050347222222222224
0 0.091796875 0.8958333333333334 0.0244140625 0.059027777777777776
0 0.748046875 0.890625 0.0224609375 0.057291666666666664
0 0.0712890625 0.2725694444444444 0.02734375 0.05555555555555555
0 0.0361328125 0.2951388888888889 0.0185546875 0.03819444444444445
0 0.1103515625 0.3159722222222222 0.021484375 0.046875
0 0.0078125 0.2673611111111111 0.0166015625 0.041666666666666664
0 0.0380859375 0.22395833333333334 0.015625 0.03125
0 0.087890625 0.2517361111111111 0.0166015625 0.03819444444444445
0 0.1845703125 0.28125 0.0283203125 0.0642361111111111
0 0.21484375 0.234375 0.0185546875 0.03298611111111111
0 0.240234375 0.2847222222222222 0.0205078125 0.041666666666666664
0 0.2998046875 0.328125 0.02734375 0.04513888888888889
0 0.3369140625 0.3611111111111111 0.0205078125 0.03819444444444445
0 0.3681640625 0.3333333333333333 0.0283203125 0.04513888888888889
0 0.3291015625 0.2621527777777778 0.01953125 0.03819444444444445
0 0.275390625 0.2708333333333333 0.015625 0.027777777777777776
0 0.23828125 0.24305555555555555 0.013671875 0.024305555555555556
0 0.251953125 0.25 0.0126953125 0.024305555555555556
0 0.2744140625 0.3420138888888889 0.0185546875 0.034722222222222224
0 0.3447265625 0.2569444444444444 0.01171875 0.029513888888888888
0 0.279296875 0.19444444444444445 0.013671875 0.027777777777777776
0 0.32421875 0.19270833333333334 0.013671875 0.027777777777777776
0 0.3681640625 0.203125 0.015625 0.024305555555555556
0 0.2998046875 0.13541666666666666 0.013671875 0.026041666666666668
0 0.2431640625 0.13020833333333334 0.01171875 0.026041666666666668
0 0.1513671875 0.10590277777777778 0.0185546875 0.04513888888888889
0 0.087890625 0.1892361111111111 0.0166015625 0.024305555555555556
0 0.052734375 0.15104166666666666 0.013671875 0.026041666666666668
0 0.1015625 0.15104166666666666 0.0087890625 0.020833333333333332
0 0.107421875 0.125 0.009765625 0.022569444444444444
0 0.0869140625 0.140625 0.0107421875 0.019097222222222224
0 0.0634765625 0.15104166666666666 0.01171875 0.020833333333333332
0 0.033203125 0.07291666666666667 0.0048828125 0.010416666666666666
0 0.2158203125 0.11979166666666667 0.005859375 0.013888888888888888
0 0.203125 0.17708333333333334 0.01171875 0.020833333333333332
0 0.1923828125 0.1371527777777778 0.0078125 0.015625
0 0.169921875 0.0625 0.0048828125 0.010416666666666666
0 0.2626953125 0.10243055555555555 0.0068359375 0.013888888888888888
0 0.2333984375 0.07118055555555555 0.0048828125 0.010416666666666666
0 0.2919921875 0.10069444444444445 0.005859375 0.010416666666666666
0 0.3154296875 0.1232638888888889 0.005859375 0.012152777777777778
0 0.30859375 0.078125 0.0048828125 0.012152777777777778
0 0.369140625 0.059027777777777776 0.005859375 0.012152777777777778
0 0.3544921875 0.13194444444444445 0.01171875 0.027777777777777776
0 0.4365234375 0.2517361111111111 0.02734375 0.050347222222222224
0 0.4189453125 0.22916666666666666 0.0205078125 0.03819444444444445
0 0.4453125 0.15625 0.009765625 0.020833333333333332
0 0.3896484375 0.2708333333333333 0.0166015625 0.03298611111111111
0 0.4140625 0.09027777777777778 0.009765625 0.017361111111111112
0 0.4306640625 0.19444444444444445 0.009765625 0.017361111111111112
0 0.38671875 0.059027777777777776 0.0048828125 0.012152777777777778
0 0.3818359375 0.15625 0.009765625 0.020833333333333332
0 0.3671875 0.11458333333333333 0.0087890625 0.013888888888888888
0 0.283203125 0.08333333333333333 0.005859375 0.012152777777777778
0 0.4501953125 0.07291666666666667 0.0087890625 0.015625
0 0.4296875 0.06770833333333333 0.005859375 0.008680555555555556
0 0.4228515625 0.12152777777777778 0.0068359375 0.012152777777777778
0 0.435546875 0.0954861111111111 0.0078125 0.015625
0 0.18359375 0.06597222222222222 0.0068359375 0.013888888888888888
0 0.4560546875 0.125 0.009765625 0.020833333333333332
0 0.439453125 0.043402777777777776 0.0048828125 0.010416666666666666
0 0.349609375 0.09722222222222222 0.005859375 0.012152777777777778
0 0.3251953125 0.125 0.005859375 0.010416666666666666
0 0.4013671875 0.16145833333333334 0.009765625 0.024305555555555556
0 0.1630859375 0.2690972222222222 0.01953125 0.04861111111111111
0 0.0048828125 0.1371527777777778 0.0107421875 0.03125
0 0.80078125 0.5277777777777778 0.0302734375 0.0625
0 0.9482421875 0.5451388888888888 0.052734375 0.11805555555555555
0 0.890625 0.5190972222222222 0.029296875 0.0642361111111111
0 0.763671875 0.2673611111111111 0.029296875 0.057291666666666664
0 0.693359375 0.3003472222222222 0.025390625 0.052083333333333336
0 0.732421875 0.2864583333333333 0.0244140625 0.03819444444444445
0 0.6669921875 0.3159722222222222 0.0205078125 0.036458333333333336
0 0.619140625 0.328125 0.0283203125 0.050347222222222224
0 0.57421875 0.2604166666666667 0.0283203125 0.052083333333333336
0 0.4794921875 0.2708333333333333 0.0224609375 0.052083333333333336
0 0.494140625 0.24131944444444445 0.0224609375 0.03993055555555555
0 0.5224609375 0.24131944444444445 0.0224609375 0.046875
0 0.6318359375 0.296875 0.0224609375 0.04513888888888889
0 0.6708984375 0.24305555555555555 0.0224609375 0.046875
0 0.6455078125 0.22395833333333334 0.015625 0.043402777777777776
0 0.814453125 0.2361111111111111 0.02734375 0.04861111111111111
0 0.8486328125 0.2586805555555556 0.029296875 0.05381944444444445
0 0.927734375 0.3038194444444444 0.0224609375 0.046875
0 0.96875 0.2690972222222222 0.025390625 0.052083333333333336
0 0.9140625 0.2482638888888889 0.0234375 0.03298611111111111
0 0.9619140625 0.19444444444444445 0.0205078125 0.04861111111111111
0 0.5625 0.18229166666666666 0.0146484375 0.027777777777777776
0 0.5927734375 0.1753472222222222 0.0107421875 0.027777777777777776
0 0.515625 0.1840277777777778 0.0087890625 0.020833333333333332
0 0.484375 0.11458333333333333 0.009765625 0.015625
0 0.5419921875 0.11284722222222222 0.0078125 0.017361111111111112
0 0.5615234375 0.1423611111111111 0.009765625 0.024305555555555556
0 0.57421875 0.14930555555555555 0.009765625 0.019097222222222224
0 0.734375 0.17881944444444445 0.01171875 0.022569444444444444
0 0.6396484375 0.1857638888888889 0.0107421875 0.020833333333333332
0 0.630859375 0.13020833333333334 0.0068359375 0.017361111111111112
0 0.8740234375 0.19618055555555555 0.0107421875 0.019097222222222224
0 0.8271484375 0.1892361111111111 0.0107421875 0.022569444444444444
0 0.759765625 0.1996527777777778 0.009765625 0.019097222222222224
0 0.7431640625 0.22916666666666666 0.01171875 0.026041666666666668
0 0.693359375 0.1892361111111111 0.005859375 0.015625
0 0.5927734375 0.2378472222222222 0.0146484375 0.027777777777777776
0 0.8896484375 0.19444444444444445 0.0107421875 0.019097222222222224
0 0.8515625 0.18055555555555555 0.009765625 0.017361111111111112
0 0.923828125 0.125 0.0087890625 0.020833333333333332
0 0.8818359375 0.125 0.009765625 0.017361111111111112
0 0.9619140625 0.1388888888888889 0.009765625 0.017361111111111112
0 0.9873046875 0.1232638888888889 0.0078125 0.015625
0 0.994140625 0.09895833333333333 0.0087890625 0.020833333333333332
0 0.9453125 0.08506944444444445 0.0048828125 0.013888888888888888
0 0.9404296875 0.03819444444444445 0.0068359375 0.019097222222222224
0 0.744140625 0.1111111111111111 0.0068359375 0.015625
0 0.826171875 0.09722222222222222 0.0078125 0.015625
0 0.5830078125 0.050347222222222224 0.0068359375 0.015625
0 0.6435546875 0.09375 0.0078125 0.013888888888888888
0 0.6103515625 0.059027777777777776 0.005859375 0.012152777777777778
0 0.6865234375 0.08159722222222222 0.005859375 0.013888888888888888
0 0.78125 0.23958333333333334 0.0146484375 0.03993055555555555
0 0.8798828125 0.046875 0.0068359375 0.010416666666666666
0 0.841796875 0.0763888888888889 0.0068359375 0.012152777777777778
0 0.9228515625 0.07291666666666667 0.0078125 0.017361111111111112
0 0.8466796875 0.13194444444444445 0.0087890625 0.020833333333333332
0 0.9052734375 0.06076388888888889 0.0078125 0.015625
0 0.978515625 0.04861111111111111 0.005859375 0.012152777777777778
0 0.9833984375 0.08506944444444445 0.0078125 0.020833333333333332
0 0.8486328125 0.024305555555555556 0.0068359375 0.010416666666666666
0 0.8447265625 0.06597222222222222 0.0068359375 0.010416666666666666
0 0.873046875 0.027777777777777776 0.005859375 0.012152777777777778
0 0.962890625 0.0954861111111111 0.0087890625 0.017361111111111112
0 0.8876953125 0.1753472222222222 0.0126953125 0.024305555555555556
0 0.9462890625 0.1857638888888889 0.015625 0.036458333333333336
0 0.787109375 0.043402777777777776 0.005859375 0.010416666666666666
0 0.87109375 0.1701388888888889 0.009765625 0.022569444444444444
0 0.8115234375 0.13368055555555555 0.013671875 0.027777777777777776
0 0.7197265625 0.5451388888888888 0.0283203125 0.0763888888888889
0 0.630859375 0.078125 0.0048828125 0.010416666666666666
0 0.0361328125 0.5729166666666666 0.02734375 0.0625
0 0.5048828125 0.5121527777777778 0.0234375 0.09027777777777778
0 0.728515625 0.12152777777777778 0.0078125 0.019097222222222224