0 0.923828125 0.2708638360175695 0.0546875 0.08931185944363104
0 0.9833984375 0.3162518301610542 0.0244140625 0.03513909224011713
0 0.86328125 0.36603221083455345 0.017578125 0.024890190336749635
0 0.8427734375 0.41142020497803805 0.025390625 0.03513909224011713
0 0.8125 0.40995607613469986 0.017578125 0.03074670571010249
0 0.84375 0.3294289897510981 0.0185546875 0.032210834553440704
0 0.775390625 0.35724743777452417 0.025390625 0.036603221083455345
0 0.818359375 0.3206442166910688 0.009765625 0.01903367496339678
0 0.70703125 0.3440702781844802 0.0390625 0.06734992679355783
0 0.5361328125 0.2591508052708638 0.08984375 0.15519765739385066
0 0.677734375 0.36749633967789164 0.0322265625 0.05417276720351391
0 0.6044921875 0.28257686676427524 0.0439453125 0.07320644216691069
0 0.65234375 0.3484626647144949 0.0185546875 0.029282576866764276
0 0.62890625 0.5900439238653001 0.1083984375 0.17715959004392387
0 0.4462890625 0.36603221083455345 0.0390625 0.07320644216691069
0 0.38671875 0.30307467057101023 0.04296875 0.09663250366032211
0 0.33984375 0.3235724743777452 0.0966796875 0.17715959004392387
0 0.169921875 0.4289897510980966 0.025390625 0.05417276720351391
0 0.03515625 0.4465592972181552 0.0380859375 0.0424597364568082
0 0.2138671875 0.4260614934114202 0.015625 0.02635431918008785
0 0.0791015625 0.20644216691068815 0.0302734375 0.05417276720351391
0 0.130859375 0.3235724743777452 0.009765625 0.017569546120058566
0 0.1474609375 0.43191800878477304 0.0126953125 0.024890190336749635
0 0.1923828125 0.4172767203513909 0.0146484375 0.020497803806734993
0 0.80859375 0.39092240117130306 0.0185546875 0.02635431918008785
0 0.0087890625 0.2913616398243045 0.01171875 0.020497803806734993
0 0.1044921875 0.31478770131771594 0.0107421875 0.013177159590043924
0 0.107421875 0.34699853587115664 0.0263671875 0.03953147877013177