0 0.0478515625 0.3869426751592357 0.0927734375 0.18949044585987262
0 0.0498046875 0.30254777070063693 0.060546875 0.12101910828025478
0 0.16796875 0.29777070063694266 0.0595703125 0.11305732484076433
0 0.2373046875 0.32643312101910826 0.046875 0.09076433121019108
0 0.330078125 0.3073248407643312 0.0654296875 0.14171974522292993
0 0.4130859375 0.22452229299363058 0.056640625 0.09554140127388536
0 0.546875 0.2898089171974522 0.0673828125 0.13694267515923567
0 0.646484375 0.2898089171974522 0.0556640625 0.12898089171974522
0 0.76171875 0.4140127388535032 0.05859375 0.1305732484076433
0 0.8154296875 0.4124203821656051 0.0478515625 0.10987261146496816
0 0.759765625 0.304140127388535 0.046875 0.09076433121019108
0 0.8876953125 0.43630573248407645 0.06640625 0.1735668789808917
0 0.935546875 0.31528662420382164 0.0546875 0.11305732484076433
0 0.2646484375 0.3535031847133758 0.0126953125 0.022292993630573247
0 0.986328125 0.35828025477707004 0.0146484375 0.03662420382165605