0 0.8974609375 0.9075520833333334 0.04296875 0.07682291666666667
0 0.662109375 0.7278645833333334 0.0419921875 0.05859375
0 0.3740234375 0.80078125 0.033203125 0.059895833333333336
0 0.5869140625 0.71875 0.0322265625 0.049479166666666664
0 0.615234375 0.62890625 0.029296875 0.03515625
0 0.5244140625 0.6614583333333334 0.0166015625 0.026041666666666668
0 0.2470703125 0.8372395833333334 0.033203125 0.06770833333333333
0 0.2978515625 0.7903645833333334 0.0302734375 0.06770833333333333
0 0.13671875 0.83203125 0.0390625 0.052083333333333336
0 0.173828125 0.7591145833333334 0.0341796875 0.0546875
0 0.2509765625 0.6888020833333334 0.0322265625 0.037760416666666664
0 0.29296875 0.7122395833333334 0.0205078125 0.03125
0 0.2587890625 0.4869791666666667 0.0185546875 0.0234375
0 0.1884765625 0.4921875 0.01953125 0.0234375
0 0.01171875 0.6471354166666666 0.017578125 0.028645833333333332
0 0.01953125 0.6106770833333334 0.0185546875 0.026041666666666668
0 0.1376953125 0.5390625 0.0126953125 0.01953125
0 0.03515625 0.578125 0.0126953125 0.022135416666666668
0 0.6494140625 0.6315104166666666 0.0185546875 0.028645833333333332
0 0.466796875 0.9140625 0.033203125 0.0625
0 0.7177734375 0.7473958333333334 0.0322265625 0.0546875
0 0.6279296875 0.8385416666666666 0.037109375 0.06901041666666667
0 0.05859375 0.9140625 0.03515625 0.0703125
0 0.4306640625 0.7057291666666666 0.0341796875 0.046875
0 0.48046875 0.6731770833333334 0.0185546875 0.03515625
0 0.798828125 0.6015625 0.021484375 0.032552083333333336
0 0.9365234375 0.78125 0.0283203125 0.0390625
0 0.720703125 0.51171875 0.0087890625 0.020833333333333332
0 0.76953125 0.5026041666666666 0.0126953125 0.0234375
0 0.6611328125 0.5052083333333334 0.005859375 0.015625
0 0.1220703125 0.5872395833333334 0.0087890625 0.016927083333333332
0 0.0615234375 0.5598958333333334 0.009765625 0.020833333333333332
0 0.48046875 0.4596354166666667 0.005859375 0.016927083333333332
0 0.509765625 0.4544270833333333 0.0048828125 0.010416666666666666
0 0.4130859375 0.4713541666666667 0.0078125 0.013020833333333334
0 0.3720703125 0.6614583333333334 0.009765625 0.015625
0 0.3974609375 0.70703125 0.0166015625 0.02734375