0 0.85546875 0.16398243045387995 0.0546875 0.10980966325036604
0 0.3173828125 0.16398243045387995 0.0185546875 0.029282576866764276
0 0.296875 0.21815519765739386 0.044921875 0.07906295754026355
0 0.025390625 0.25036603221083453 0.0419921875 0.0951683748169839
0 0.2216796875 0.32650073206442165 0.0068359375 0.01171303074670571
0 0.208984375 0.30307467057101023 0.0048828125 0.008784773060029283
0 0.2119140625 0.28989751098096633 0.00390625 0.008784773060029283
0 0.6748046875 0.5021961932650073 0.025390625 0.04978038067349927
0 0.728515625 0.45973645680819913 0.0390625 0.040995607613469986
0 0.58203125 0.44216691068814057 0.0126953125 0.02342606149341142
0 0.5576171875 0.4465592972181552 0.0068359375 0.013177159590043924
0 0.61328125 0.4612005856515373 0.0068359375 0.013177159590043924
0 0.5126953125 0.5007320644216691 0.03125 0.04978038067349927
0 0.4873046875 0.5358711566617862 0.0361328125 0.06149341142020498
0 0.5146484375 0.4377745241581259 0.0146484375 0.020497803806734993
0 0.4951171875 0.4333821376281113 0.0146484375 0.02635431918008785
0 0.48046875 0.46412884333821375 0.0205078125 0.03513909224011713
0 0.4638671875 0.45095168374816985 0.0166015625 0.02635431918008785
0 0.453125 0.4289897510980966 0.0107421875 0.017569546120058566
0 0.9453125 0.5109809663250366 0.0439453125 0.06881405563689605
0 0.84765625 0.6398243045387995 0.0712890625 0.12152269399707175
0 0.765625 0.5578330893118595 0.0419921875 0.09663250366032211
0 0.6103515625 0.7759882869692533 0.0615234375 0.13616398243045388
0 0.431640625 0.6325036603221084 0.0419921875 0.07906295754026355
0 0.2734375 0.636896046852123 0.0419921875 0.12152269399707175
0 0.40234375 0.5183016105417276 0.0185546875 0.05124450951683748
0 0.3447265625 0.5183016105417276 0.0244140625 0.043923865300146414
0 0.333984375 0.48316251830161056 0.01953125 0.03806734992679356
0 0.255859375 0.5124450951683748 0.0341796875 0.04978038067349927
0 0.2841796875 0.5402635431918009 0.0390625 0.06442166910688141
0 0.4287109375 0.4143484626647145 0.0107421875 0.020497803806734993
0 0.3505859375 0.46266471449487556 0.01171875 0.02342606149341142
0 0.5556640625 0.9707174231332357 0.142578125 0.05856515373352855
0 0.220703125 0.6193265007320644 0.0478515625 0.07320644216691069
0 0.169921875 0.5768667642752562 0.03515625 0.05124450951683748
0 0.2041015625 0.49633967789165445 0.0244140625 0.043923865300146414
0 0.1826171875 0.5226939970717424 0.02734375 0.04685212298682284
0 0.13671875 0.5607613469985359 0.0302734375 0.055636896046852125
0 0.1396484375 0.48462664714494874 0.0146484375 0.029282576866764276
0 0.1708984375 0.4787701317715959 0.0166015625 0.029282576866764276
0 0.0458984375 0.5592972181551976 0.0341796875 0.05417276720351391
0 0.0458984375 0.5153733528550513 0.0283203125 0.055636896046852125
0 0.0478515625 0.4816983894582723 0.017578125 0.03074670571010249
0 0.0576171875 0.4802342606149341 0.0126953125 0.02342606149341142
0 0.060546875 0.4670571010248902 0.0107421875 0.01903367496339678
0 0.0673828125 0.7130307467057101 0.0341796875 0.08199121522693997
0 0.078125 0.5256222547584187 0.015625 0.043923865300146414
0 0.0087890625 0.5051244509516838 0.017578125 0.04538799414348463
0 0.19140625 0.4582723279648609 0.013671875 0.02342606149341142
0 0.2255859375 0.43045387994143486 0.0087890625 0.014641288433382138
0 0.2314453125 0.4377745241581259 0.0068359375 0.013177159590043924
0 0.2099609375 0.4289897510980966 0.0078125 0.013177159590043924
0 0.1708984375 0.4612005856515373 0.0126953125 0.020497803806734993
0 0.1494140625 0.46412884333821375 0.0126953125 0.020497803806734993
0 0.517578125 0.3850658857979502 0.0078125 0.016105417276720352
0 0.0947265625 0.45095168374816985 0.0068359375 0.010248901903367497
0 0.40234375 0.48316251830161056 0.0166015625 0.03074670571010249
0 0.34375 0.43191800878477304 0.0087890625 0.013177159590043924
0 0.4443359375 0.41142020497803805 0.009765625 0.01903367496339678
0 0.4326171875 0.42752562225475843 0.0078125 0.014641288433382138
0 0.3916015625 0.45241581259150804 0.0087890625 0.014641288433382138
0 0.669921875 0.38945827232796487 0.0078125 0.014641288433382138
0 0.0732421875 0.8740849194729137 0.0341796875 0.12152269399707175
0 0.623046875 0.4289897510980966 0.0078125 0.02342606149341142