0 0.416015625 0.5906821963394343 0.060546875 0.10981697171381032
0 0.0458984375 0.7853577371048253 0.080078125 0.1314475873544093
0 0.2021484375 0.5490848585690515 0.0166015625 0.06655574043261231
0 0.2060546875 0.46921797004991683 0.0361328125 0.07653910149750416
0 0.279296875 0.43760399334442596 0.0302734375 0.064891846921797
0 0.3544921875 0.40266222961730447 0.0361328125 0.07154742096505824
0 0.1044921875 0.480865224625624 0.0380859375 0.07986688851913477
0 0.04296875 0.5640599001663894 0.0439453125 0.08485856905158069
0 0.046875 0.43594009983361065 0.03125 0.05324459234608985
0 0.1259765625 0.43760399334442596 0.03125 0.0632279534109817
0 0.146484375 0.43427620632279534 0.0224609375 0.03993344425956739
0 0.1669921875 0.37271214642262895 0.025390625 0.033277870216306155
0 0.0888671875 0.3826955074875208 0.01953125 0.033277870216306155
0 0.015625 0.3910149750415973 0.0166015625 0.04492512479201331
0 0.0087890625 0.324459234608985 0.013671875 0.03161397670549085
0 0.0263671875 0.40099833610648916 0.0185546875 0.036605657237936774
0 0.234375 0.43427620632279534 0.021484375 0.051580698835274545
0 0.216796875 0.30782029950083195 0.013671875 0.026622296173044926
0 0.1494140625 0.32945091514143093 0.0126953125 0.02329450915141431
0 0.1171875 0.33444259567387685 0.01953125 0.033277870216306155
0 0.2099609375 0.35108153078202997 0.015625 0.029950083194675542
0 0.4716796875 0.3777038269550749 0.02734375 0.048252911813643926
0 0.412109375 0.39267886855241263 0.0322265625 0.06156405990016639
0 0.310546875 0.36938435940099834 0.0244140625 0.051580698835274545
0 0.5068359375 0.3560732113144759 0.0234375 0.048252911813643926
0 0.3564453125 0.3227953410981697 0.01953125 0.036605657237936774
0 0.4521484375 0.3410981697171381 0.0224609375 0.04326123128119801
0 0.5107421875 0.24792013311148087 0.009765625 0.019966722129783693
0 0.3994140625 0.2945091514143095 0.01171875 0.02329450915141431
0 0.333984375 0.31114808652246256 0.0126953125 0.026622296173044926
0 0.5361328125 0.3876871880199667 0.029296875 0.056572379367720464
0 0.3642578125 0.3560732113144759 0.0224609375 0.03993344425956739
0 0.3251953125 0.2895174708818636 0.0068359375 0.014975041597337771
0 0.40625 0.27287853577371046 0.0078125 0.016638935108153077
0 0.724609375 0.826955074875208 0.0849609375 0.1480865224625624
0 0.7021484375 0.5740432612312812 0.0625 0.11148086522462562
0 0.5322265625 0.6555740432612313 0.072265625 0.1464226289517471
0 0.9501953125 0.4559068219633943 0.05078125 0.08319467554076539
0 0.98828125 0.3843594009983361 0.0234375 0.0632279534109817
0 0.88671875 0.3860232945091514 0.0341796875 0.06821963394342762
0 0.822265625 0.3860232945091514 0.0234375 0.056572379367720464
0 0.9423828125 0.30449251247920134 0.0205078125 0.04326123128119801
0 0.8955078125 0.22462562396006655 0.0146484375 0.028286189683860232
0 0.8388671875 0.20299500831946754 0.0126953125 0.024958402662229616
0 0.8330078125 0.35108153078202997 0.0244140625 0.048252911813643926
0 0.78125 0.2129783693843594 0.01171875 0.021630615640599003
0 0.7724609375 0.33943427620632277 0.0166015625 0.03494176372712146
0 0.734375 0.37104825291181365 0.0244140625 0.04326123128119801
0 0.6826171875 0.3793677204658902 0.029296875 0.04991680532445923
0 0.59765625 0.37603993344425957 0.03125 0.05490848585690516
0 0.662109375 0.3194675540765391 0.0166015625 0.033277870216306155
0 0.6953125 0.33777038269550747 0.0224609375 0.04159733777038269
0 0.75390625 0.2762063227953411 0.0107421875 0.019966722129783693
0 0.57421875 0.40931780366056575 0.025390625 0.06156405990016639
0 0.6982421875 0.46921797004991683 0.0361328125 0.07321131447587355
0 0.720703125 0.28618968386023297 0.01171875 0.021630615640599003
0 0.6875 0.28618968386023297 0.01171875 0.021630615640599003
0 0.6513671875 0.26455906821963393 0.0087890625 0.018302828618968387
0 0.646484375 0.24126455906821964 0.005859375 0.011647254575707155
0 0.658203125 0.22795341098169716 0.0087890625 0.014975041597337771
0 0.7060546875 0.31281198003327787 0.0107421875 0.019966722129783693
0 0.7158203125 0.24126455906821964 0.0087890625 0.018302828618968387
0 0.7509765625 0.1930116472545757 0.0078125 0.016638935108153077
0 0.1220703125 0.10981697171381032 0.00390625 0.009983361064891847
0 0.580078125 0.24126455906821964 0.017578125 0.036605657237936774
0 0.5546875 0.11647254575707154 0.017578125 0.033277870216306155
0 0.5732421875 0.09983361064891846 0.01171875 0.02329450915141431
0 0.587890625 0.12312811980033278 0.0166015625 0.03826955074875208
0 0.5302734375 0.08652246256239601 0.0166015625 0.033277870216306155
0 0.5048828125 0.12479201331114809 0.0166015625 0.029950083194675542
0 0.4833984375 0.10316139767054909 0.017578125 0.03161397670549085
0 0.4599609375 0.10815307820299501 0.0166015625 0.033277870216306155
0 0.435546875 0.09650582362728785 0.017578125 0.033277870216306155
0 0.4033203125 0.15474209650582363 0.0146484375 0.024958402662229616
0 0.6005859375 0.15307820299500832 0.015625 0.03826955074875208
0 0.79296875 0.23627287853577372 0.0107421875 0.019966722129783693
0 0.783203125 0.2579034941763727 0.009765625 0.018302828618968387
0 0.2646484375 0.31281198003327787 0.0107421875 0.019966722129783693
0 0.32421875 0.34442595673876875 0.01171875 0.02329450915141431
0 0.20703125 0.3277870216306156 0.0146484375 0.033277870216306155
0 0.3134765625 0.31281198003327787 0.0087890625 0.018302828618968387
0 0.8505859375 0.34775374376039936 0.015625 0.03826955074875208