0 0.310546875 0.2643229166666667 0.0556640625 0.10677083333333333
0 0.1298828125 0.3359375 0.052734375 0.09505208333333333
0 0.36328125 0.3203125 0.0400390625 0.07161458333333333
0 0.4091796875 0.390625 0.04296875 0.07942708333333333
0 0.533203125 0.3411458333333333 0.041015625 0.08333333333333333
0 0.8388671875 0.41015625 0.025390625 0.041666666666666664
0 0.990234375 0.36328125 0.01953125 0.06770833333333333
0 0.8916015625 0.39453125 0.0322265625 0.06770833333333333
0 0.701171875 0.3997395833333333 0.0302734375 0.06640625
0 0.779296875 0.44140625 0.0185546875 0.057291666666666664
0 0.4873046875 0.2786458333333333 0.091796875 0.16276041666666666
0 0.9189453125 0.3450520833333333 0.0615234375 0.10807291666666667
0 0.7333984375 0.3971354166666667 0.048828125 0.0859375
0 0.6357421875 0.359375 0.0400390625 0.0703125