0 0.111328125 0.3034013605442177 0.0419921875 0.0707482993197279
0 0.20703125 0.2598639455782313 0.044921875 0.08027210884353742
0 0.318359375 0.272108843537415 0.04296875 0.08843537414965986
0 0.2763671875 0.24081632653061225 0.0126953125 0.01904761904761905
0 0.142578125 0.272108843537415 0.0166015625 0.024489795918367346
0 0.0361328125 0.18503401360544217 0.013671875 0.021768707482993196
0 0.0556640625 0.2163265306122449 0.015625 0.01904761904761905
0 0.2578125 0.1523809523809524 0.01171875 0.021768707482993196
0 0.318359375 0.1673469387755102 0.01171875 0.021768707482993196
0 0.296875 0.1891156462585034 0.0166015625 0.02312925170068027
0 0.265625 0.19727891156462585 0.01171875 0.01904761904761905
0 0.2373046875 0.20680272108843537 0.0126953125 0.02312925170068027
0 0.349609375 0.19183673469387755 0.0146484375 0.021768707482993196
0 0.1220703125 0.16870748299319727 0.015625 0.02312925170068027
0 0.2197265625 0.1469387755102041 0.013671875 0.02312925170068027
0 0.2939453125 0.14965986394557823 0.0126953125 0.027210884353741496
0 0.4130859375 0.12653061224489795 0.009765625 0.017687074829931974
0 0.509765625 0.16054421768707483 0.01171875 0.01904761904761905
0 0.466796875 0.18503401360544217 0.009765625 0.02040816326530612
0 0.443359375 0.22040816326530613 0.041015625 0.07755102040816327
0 0.4892578125 0.19863945578231293 0.013671875 0.021768707482993196
0 0.5615234375 0.15918367346938775 0.009765625 0.02040816326530612
0 0.5576171875 0.19591836734693877 0.0126953125 0.021768707482993196
0 0.5849609375 0.18775510204081633 0.0126953125 0.021768707482993196
0 0.61328125 0.15782312925170067 0.0087890625 0.02040816326530612
0 0.6103515625 0.24353741496598638 0.0126953125 0.02312925170068027
0 0.5810546875 0.29931972789115646 0.013671875 0.02040816326530612
0 0.552734375 0.2938775510204082 0.0400390625 0.07346938775510205
0 0.6455078125 0.3020408163265306 0.0361328125 0.06258503401360545
0 0.724609375 0.2816326530612245 0.0126953125 0.01904761904761905
0 0.7119140625 0.2503401360544218 0.01171875 0.021768707482993196
0 0.7626953125 0.28435374149659864 0.0458984375 0.07891156462585033
0 0.8193359375 0.2925170068027211 0.037109375 0.07210884353741497
0 0.9013671875 0.31700680272108844 0.0419921875 0.06258503401360545
0 0.9345703125 0.32108843537414966 0.0068359375 0.014965986394557823
0 0.6689453125 0.21496598639455783 0.0087890625 0.02040816326530612
0 0.5849609375 0.1469387755102041 0.01171875 0.01904761904761905
0 0.234375 0.09251700680272108 0.01171875 0.01904761904761905
0 0.64453125 0.20816326530612245 0.0126953125 0.02585034013605442
0 0.6103515625 0.21904761904761905 0.01171875 0.02040816326530612
0 0.0068359375 0.21904761904761905 0.0078125 0.02312925170068027
0 0.1474609375 0.22040816326530613 0.0166015625 0.027210884353741496
0 0.1630859375 0.1673469387755102 0.0146484375 0.02857142857142857
0 0.169921875 0.12108843537414966 0.015625 0.029931972789115645
0 0.0859375 0.1510204081632653 0.015625 0.02857142857142857
0 0.056640625 0.17551020408163265 0.0166015625 0.02585034013605442
0 0.2060546875 0.1727891156462585 0.017578125 0.024489795918367346
0 0.2548828125 0.2571428571428571 0.017578125 0.029931972789115645
0 0.3720703125 0.16462585034013605 0.0107421875 0.024489795918367346
0 0.3623046875 0.26666666666666666 0.0146484375 0.02585034013605442
0 0.4990234375 0.2272108843537415 0.01171875 0.021768707482993196
0 0.5390625 0.1891156462585034 0.0126953125 0.024489795918367346
0 0.515625 0.2653061224489796 0.0107421875 0.024489795918367346