0 0.6162109375 0.6412884333821376 0.0361328125 0.0951683748169839
0 0.6826171875 0.6207906295754027 0.0458984375 0.07906295754026355
0 0.73046875 0.5724743777452416 0.0380859375 0.07906295754026355
0 0.7744140625 0.5768667642752562 0.0263671875 0.055636896046852125
0 0.482421875 0.7349926793557833 0.0400390625 0.1390922401171303
0 0.185546875 0.6705710102489019 0.03515625 0.09077598828696926
0 0.2060546875 0.5710102489019033 0.03515625 0.06881405563689605
0 0.349609375 0.6149341142020498 0.0205078125 0.06734992679355783
0 0.427734375 0.6090775988286969 0.0234375 0.0527086383601757
0 0.50390625 0.5885797950219619 0.0244140625 0.055636896046852125
0 0.197265625 0.48755490483162517 0.01171875 0.027818448023426062
0 0.1103515625 0.4743777452415813 0.009765625 0.024890190336749635
0 0.087890625 0.4407027818448023 0.0107421875 0.017569546120058566
0 0.0439453125 0.43045387994143486 0.0107421875 0.01903367496339678
0 0.0087890625 0.43191800878477304 0.0126953125 0.017569546120058566
0 0.037109375 0.49487554904831627 0.0224609375 0.03806734992679356
0 0.0595703125 0.4802342606149341 0.013671875 0.01903367496339678
0 0.1494140625 0.49487554904831627 0.009765625 0.024890190336749635
0 0.1884765625 0.4612005856515373 0.0087890625 0.01903367496339678
0 0.267578125 0.4172767203513909 0.0087890625 0.01903367496339678
0 0.30078125 0.486090775988287 0.0087890625 0.021961932650073207
0 0.3291015625 0.4802342606149341 0.009765625 0.024890190336749635
0 0.349609375 0.465592972181552 0.0107421875 0.021961932650073207
0 0.3642578125 0.4612005856515373 0.0078125 0.017569546120058566
0 0.412109375 0.42020497803806733 0.005859375 0.01903367496339678
0 0.3916015625 0.4743777452415813 0.0087890625 0.01903367496339678
0 0.3330078125 0.5212298682284041 0.01953125 0.03953147877013177
0 0.4267578125 0.4802342606149341 0.0087890625 0.024890190336749635
0 0.4580078125 0.47584187408491946 0.0107421875 0.029282576866764276
0 0.4716796875 0.49487554904831627 0.01171875 0.024890190336749635
0 0.490234375 0.4670571010248902 0.009765625 0.01903367496339678
0 0.50390625 0.4582723279648609 0.0078125 0.014641288433382138
0 0.5302734375 0.4568081991215227 0.0078125 0.016105417276720352
0 0.56640625 0.4816983894582723 0.01171875 0.021961932650073207
0 0.494140625 0.5226939970717424 0.0126953125 0.032210834553440704
0 0.5908203125 0.4890190336749634 0.0166015625 0.03367496339677892
0 0.626953125 0.49487554904831627 0.0126953125 0.032210834553440704
0 0.4609375 0.42313323572474376 0.005859375 0.014641288433382138
0 0.689453125 0.5344070278184481 0.021484375 0.0527086383601757
0 0.69140625 0.4816983894582723 0.01171875 0.027818448023426062
0 0.6328125 0.4670571010248902 0.0078125 0.016105417276720352
0 0.6064453125 0.47584187408491946 0.005859375 0.014641288433382138
0 0.912109375 0.5241581259150805 0.0234375 0.05124450951683748
0 0.9296875 0.5153733528550513 0.0185546875 0.03806734992679356
0 0.9609375 0.4904831625183016 0.01953125 0.036603221083455345
0 0.970703125 0.49194729136163984 0.0087890625 0.029282576866764276
0 0.9794921875 0.493411420204978 0.009765625 0.029282576866764276
0 0.861328125 0.4890190336749634 0.015625 0.03513909224011713
0 0.8818359375 0.48755490483162517 0.0126953125 0.032210834553440704
0 0.8125 0.486090775988287 0.0126953125 0.027818448023426062
0 0.826171875 0.4787701317715959 0.01171875 0.01903367496339678
0 0.572265625 0.5387994143484627 0.0302734375 0.055636896046852125
0 0.6318359375 0.5387994143484627 0.0234375 0.04685212298682284
0 0.80859375 0.5402635431918009 0.0283203125 0.060029282576866766
0 0.13671875 0.5197657393850659 0.01953125 0.043923865300146414
0 0.234375 0.5329428989751098 0.0234375 0.04538799414348463
0 0.3994140625 0.5344070278184481 0.0224609375 0.048316251830161056
0 0.466796875 0.5344070278184481 0.0166015625 0.04685212298682284
0 0.53125 0.5124450951683748 0.0234375 0.043923865300146414
0 0.068359375 0.5490483162518301 0.0341796875 0.06734992679355783
0 0.09765625 0.5183016105417276 0.0302734375 0.05124450951683748
0 0.2353515625 0.4787701317715959 0.017578125 0.02635431918008785
0 0.2666015625 0.5007320644216691 0.015625 0.032210834553440704
0 0.2431640625 0.4216691068814056 0.0087890625 0.017569546120058566
0 0.2080078125 0.5080527086383602 0.0126953125 0.029282576866764276
0 0.21484375 0.48462664714494874 0.009765625 0.01903367496339678
0 0.7373046875 0.4787701317715959 0.0166015625 0.032210834553440704
0 0.771484375 0.4978038067349927 0.01171875 0.03953147877013177
0 0.7802734375 0.5051244509516838 0.009765625 0.0424597364568082
0 0.6533203125 0.4743777452415813 0.009765625 0.029282576866764276