0 0.197265625 0.2225475841874085 0.0234375 0.04978038067349927
0 0.2470703125 0.363103953147877 0.0068359375 0.010248901903367497
0 0.2333984375 0.38653001464128844 0.0078125 0.01171303074670571
0 0.154296875 0.3513909224011713 0.0126953125 0.024890190336749635
0 0.29296875 0.3601756954612006 0.0068359375 0.010248901903367497
0 0.2783203125 0.40263543191800877 0.0068359375 0.010248901903367497
0 0.33984375 0.3938506588579795 0.0078125 0.013177159590043924
0 0.3544921875 0.363103953147877 0.0048828125 0.013177159590043924
0 0.3486328125 0.445095168374817 0.0087890625 0.017569546120058566
0 0.3779296875 0.3923865300146413 0.005859375 0.010248901903367497
0 0.412109375 0.40263543191800877 0.009765625 0.016105417276720352
0 0.3935546875 0.3601756954612006 0.0048828125 0.008784773060029283
0 0.423828125 0.38945827232796487 0.0048828125 0.010248901903367497
0 0.3876953125 0.38945827232796487 0.0068359375 0.017569546120058566
0 0.5302734375 0.40263543191800877 0.0087890625 0.01903367496339678
0 0.5 0.39970717423133234 0.009765625 0.01903367496339678
0 0.564453125 0.4011713030746706 0.0107421875 0.016105417276720352
0 0.5517578125 0.39824304538799415 0.009765625 0.014641288433382138
0 0.53515625 0.3513909224011713 0.0078125 0.013177159590043924
0 0.5 0.35431918008784774 0.0068359375 0.013177159590043924
0 0.45703125 0.34992679355783307 0.0048828125 0.010248901903367497
0 0.5810546875 0.3616398243045388 0.005859375 0.008784773060029283
0 0.5361328125 0.38799414348462663 0.0078125 0.016105417276720352
0 0.40234375 0.37920937042459735 0.005859375 0.013177159590043924
0 0.5927734375 0.3616398243045388 0.005859375 0.01171303074670571
0 0.642578125 0.4172767203513909 0.01171875 0.020497803806734993
0 0.650390625 0.3513909224011713 0.005859375 0.014641288433382138
0 0.609375 0.39824304538799415 0.0068359375 0.01171303074670571
0 0.681640625 0.39970717423133234 0.0107421875 0.020497803806734993
0 0.6845703125 0.4333821376281113 0.01953125 0.055636896046852125
0 0.7275390625 0.6120058565153733 0.017578125 0.04685212298682284
0 0.7841796875 0.4978038067349927 0.0234375 0.027818448023426062
0 0.8095703125 0.43045387994143486 0.017578125 0.024890190336749635
0 0.7666015625 0.4084919472913616 0.01171875 0.027818448023426062
0 0.7119140625 0.39970717423133234 0.0146484375 0.024890190336749635
0 0.791015625 0.4011713030746706 0.009765625 0.021961932650073207
0 0.779296875 0.3953147877013177 0.0087890625 0.014641288433382138
0 0.8466796875 0.39970717423133234 0.0107421875 0.020497803806734993
0 0.8876953125 0.42313323572474376 0.0185546875 0.03074670571010249
0 0.8857421875 0.39824304538799415 0.0126953125 0.024890190336749635
0 0.9248046875 0.41874084919472915 0.0126953125 0.020497803806734993
0 0.9033203125 0.34260614934114203 0.009765625 0.016105417276720352
0 0.830078125 0.3162518301610542 0.0126953125 0.014641288433382138
0 0.921875 0.29282576866764276 0.0107421875 0.01903367496339678
0 0.96875 0.3367496339677892 0.009765625 0.021961932650073207
0 0.9814453125 0.42752562225475843 0.0166015625 0.032210834553440704
0 0.693359375 0.3528550512445095 0.005859375 0.01171303074670571
0 0.73828125 0.34553440702781846 0.0078125 0.016105417276720352
0 0.0146484375 0.3601756954612006 0.0087890625 0.013177159590043924