0 0.1005859375 0.39766081871345027 0.0390625 0.0847953216374269
0 0.251953125 0.3669590643274854 0.02734375 0.05701754385964912
0 0.33984375 0.3786549707602339 0.0244140625 0.04678362573099415
0 0.43359375 0.3347953216374269 0.025390625 0.05555555555555555
0 0.5439453125 0.3435672514619883 0.0283203125 0.05263157894736842
0 0.6669921875 0.3347953216374269 0.0263671875 0.043859649122807015
0 0.7861328125 0.3128654970760234 0.029296875 0.05555555555555555
0 0.9599609375 0.3742690058479532 0.0263671875 0.08333333333333333
0 0.2392578125 0.18859649122807018 0.0205078125 0.033625730994152045
0 0.2978515625 0.2412280701754386 0.0146484375 0.027777777777777776
0 0.3623046875 0.21052631578947367 0.0244140625 0.04093567251461988
0 0.4814453125 0.21637426900584794 0.017578125 0.03070175438596491
0 0.4228515625 0.2631578947368421 0.0126953125 0.02046783625730994
0 0.3544921875 0.3084795321637427 0.009765625 0.011695906432748537
0 0.619140625 0.17251461988304093 0.017578125 0.038011695906432746
0 0.5537109375 0.24853801169590642 0.0126953125 0.021929824561403508