0 0.9091796875 0.5007320644216691 0.0439453125 0.07759882869692533
0 0.9306640625 0.4363103953147877 0.0244140625 0.07027818448023426
0 0.736328125 0.3528550512445095 0.013671875 0.036603221083455345
0 0.8115234375 0.35431918008784774 0.0146484375 0.03367496339677892
0 0.8447265625 0.3616398243045388 0.0107421875 0.029282576866764276
0 0.85546875 0.3279648609077599 0.0126953125 0.024890190336749635
0 0.5654296875 0.42313323572474376 0.0126953125 0.02342606149341142
0 0.2197265625 0.8111273792093704 0.0439453125 0.0527086383601757
0 0.0439453125 0.3733528550512445 0.025390625 0.0527086383601757
0 0.142578125 0.35724743777452417 0.0146484375 0.0424597364568082
0 0.1806640625 0.4084919472913616 0.01953125 0.036603221083455345
0 0.2529296875 0.43045387994143486 0.01953125 0.060029282576866766
0 0.333984375 0.383601756954612 0.0205078125 0.043923865300146414
0 0.30078125 0.34553440702781846 0.0126953125 0.036603221083455345
0 0.2744140625 0.33821376281112736 0.013671875 0.027818448023426062
0 0.3779296875 0.363103953147877 0.009765625 0.024890190336749635
0 0.4287109375 0.3440702781844802 0.0126953125 0.021961932650073207
0 0.3857421875 0.31478770131771594 0.0078125 0.017569546120058566
0 0.4072265625 0.3308931185944363 0.009765625 0.027818448023426062
0 0.4150390625 0.3206442166910688 0.0087890625 0.020497803806734993
0 0.49609375 0.3001464128843338 0.0087890625 0.01903367496339678
0 0.431640625 0.3162518301610542 0.005859375 0.01903367496339678
0 0.4423828125 0.30600292825768666 0.0068359375 0.013177159590043924
0 0.447265625 0.3118594436310395 0.0048828125 0.017569546120058566
0 0.474609375 0.29282576866764276 0.00390625 0.01171303074670571
0 0.5087890625 0.29428989751098095 0.005859375 0.013177159590043924
0 0.712890625 0.31332357247437775 0.009765625 0.020497803806734993
0 0.7001953125 0.3162518301610542 0.0087890625 0.01903367496339678
0 0.55859375 0.2884333821376281 0.00390625 0.008784773060029283
0 0.7744140625 0.32210834553440704 0.0068359375 0.01903367496339678
0 0.7919921875 0.3484626647144949 0.0126953125 0.024890190336749635
0 0.8291015625 0.28989751098096633 0.005859375 0.013177159590043924
0 0.62890625 0.39970717423133234 0.013671875 0.03367496339677892