0 0.1240234375 0.4310850439882698 0.0302734375 0.060117302052785926
0 0.25 0.3782991202346041 0.0234375 0.04105571847507331
0 0.3359375 0.3782991202346041 0.0234375 0.04105571847507331
0 0.2568359375 0.44574780058651026 0.025390625 0.045454545454545456
0 0.376953125 0.4208211143695015 0.029296875 0.05718475073313783
0 0.4384765625 0.3709677419354839 0.021484375 0.04398826979472141
0 0.5322265625 0.3680351906158358 0.0205078125 0.04105571847507331
0 0.5029296875 0.42961876832844575 0.0283203125 0.05865102639296188
0 0.630859375 0.3563049853372434 0.01953125 0.039589442815249266
0 0.6435546875 0.4222873900293255 0.029296875 0.06304985337243402
0 0.7138671875 0.3680351906158358 0.021484375 0.03372434017595308
0 0.767578125 0.42961876832844575 0.0283203125 0.054252199413489736
0 0.7939453125 0.3914956011730205 0.021484375 0.03225806451612903
0 0.8974609375 0.43255131964809385 0.0283203125 0.054252199413489736